/*--------------------------------*- C++ -*----------------------------------*\
| =========                 |                                                 |
| \\      /  F ield         | OpenFOAM: The Open Source CFD Toolbox           |
|  \\    /   O peration     | Version:  v2106                                 |
|   \\  /    A nd           | Website:  www.openfoam.com                      |
|    \\/     M anipulation  |                                                 |
\*---------------------------------------------------------------------------*/
FoamFile
{
    version     2.0;
    format      ascii;
    arch        "LSB;label=32;scalar=64";
    class       volScalarField;
    location    "4";
    object      Mo;
}
// * * * * * * * * * * * * * * * * * * * * * * * * * * * * * * * * * * * * * //

dimensions      [0 0 0 0 0 0 0];

internalField   nonuniform List<scalar> 
5250
(
3.01265
3.01265
3.01265
3.01265
3.01265
3.01265
3.01265
3.01264
3.01264
3.01233
3.01089
2.98993
2.8852
2.46148
1.4667
0.407123
0.34259
0.343725
0.306941
0.260739
0.2254
0.178854
0.134221
0.0843375
0.0392266
3.01265
3.01265
3.01265
3.01265
3.01265
3.01265
3.01265
3.01264
3.01264
3.01234
3.01094
2.99054
2.88773
2.46996
1.47627
0.418624
0.337192
0.343499
0.306747
0.261779
0.228648
0.184761
0.143349
0.100799
0.0729853
3.01265
3.01265
3.01265
3.01265
3.01265
3.01265
3.01265
3.01264
3.01264
3.01234
3.01111
2.99083
2.89539
2.49119
1.50272
0.456725
0.33085
0.349182
0.312296
0.268524
0.237913
0.198177
0.163994
0.132083
0.116024
3.01265
3.01265
3.01265
3.01265
3.01265
3.01265
3.01265
3.01265
3.01263
3.0124
3.01103
2.994
2.89879
2.51918
1.53636
0.507159
0.319784
0.358695
0.321692
0.278985
0.25278
0.219394
0.192579
0.170064
0.159866
3.01265
3.01265
3.01265
3.01265
3.01265
3.01265
3.01265
3.01265
3.01263
3.01246
3.01099
2.99799
2.9054
2.56579
1.60894
0.57517
0.302909
0.365727
0.329993
0.293022
0.272171
0.246051
0.227753
0.211493
0.207825
3.01265
3.01265
3.01265
3.01265
3.01265
3.01265
3.01265
3.01265
3.01263
3.01249
3.01125
3.00038
2.92029
2.6218
1.73994
0.677135
0.282886
0.371324
0.332424
0.306881
0.293119
0.275497
0.266036
0.259586
0.258755
3.01265
3.01265
3.01265
3.01265
3.01265
3.01265
3.01265
3.01265
3.01264
3.01253
3.01156
3.00382
2.9386
2.69387
1.94716
0.83664
0.291139
0.392396
0.348604
0.324112
0.315169
0.308874
0.307184
0.308973
0.317212
3.01265
3.01265
3.01265
3.01265
3.01265
3.01265
3.01265
3.01265
3.01264
3.01256
3.01186
3.00614
2.9533
2.74726
2.06414
1.04752
0.333363
0.425717
0.381635
0.346041
0.344814
0.344868
0.354034
0.367071
0.390052
3.01265
3.01265
3.01265
3.01265
3.01265
3.01265
3.01265
3.01265
3.01264
3.0126
3.01206
3.00828
2.96609
2.79719
2.17695
1.2456
0.430247
0.478151
0.434893
0.383889
0.387293
0.387859
0.408995
0.428137
0.485281
3.01265
3.01265
3.01265
3.01265
3.01265
3.01265
3.01265
3.01265
3.01264
3.01262
3.01213
3.00961
2.97569
2.83498
2.2805
1.34779
0.529226
0.537503
0.498041
0.446243
0.438044
0.440877
0.470067
0.514826
0.650518
3.01265
3.01265
3.01265
3.01265
3.01265
3.01265
3.01265
3.01265
3.01264
3.01264
3.0122
3.01075
2.982
2.87812
2.40405
1.46173
0.62353
0.585215
0.557455
0.523024
0.500374
0.509278
0.543963
0.635902
0.867097
3.01265
3.01265
3.01265
3.01265
3.01265
3.01265
3.01265
3.01265
3.01265
3.01264
3.0124
3.0111
2.99412
2.9026
2.51907
1.5944
0.739984
0.573332
0.605274
0.600624
0.573303
0.588171
0.618757
0.736751
0.906954
3.01265
3.01265
3.01265
3.01265
3.01265
3.01265
3.01265
3.01265
3.01265
3.01262
3.01261
3.01108
3.00582
2.92395
2.65137
1.78534
0.915998
0.54376
0.60461
0.652241
0.647835
0.660214
0.69003
0.789863
0.915033
3.01265
3.01265
3.01265
3.01265
3.01265
3.01265
3.01265
3.01265
3.01265
3.01264
3.01257
3.01187
3.00667
2.95687
2.76248
2.12018
1.20278
0.56559
0.615707
0.658799
0.681623
0.716745
0.750987
0.82799
0.935135
3.01265
3.01265
3.01265
3.01265
3.01265
3.01265
3.01265
3.01265
3.01265
3.01265
3.0126
3.01232
3.00909
2.97465
2.82809
2.29167
1.43841
0.68586
0.660652
0.675983
0.70542
0.747728
0.795158
0.863848
0.955722
3.01265
3.01265
3.01265
3.01265
3.01265
3.01265
3.01265
3.01265
3.01265
3.01264
3.01264
3.01229
3.01083
2.98793
2.88585
2.44765
1.59047
0.854205
0.713451
0.718207
0.738226
0.776212
0.825316
0.890938
0.971848
3.01265
3.01265
3.01265
3.01265
3.01265
3.01265
3.01265
3.01265
3.01265
3.01265
3.01263
3.01248
3.01121
2.99964
2.92033
2.61524
1.7681
1.08214
0.732471
0.758609
0.77933
0.808626
0.850328
0.907482
0.977925
3.01265
3.01265
3.01265
3.01265
3.01265
3.01265
3.01265
3.01265
3.01265
3.01265
3.01264
3.01261
3.01188
3.00796
2.96025
2.78031
2.1662
1.39582
0.77231
0.792446
0.807516
0.832297
0.868452
0.91983
0.983598
3.01265
3.01265
3.01265
3.01265
3.01265
3.01265
3.01265
3.01265
3.01265
3.01265
3.01264
3.01262
3.01218
3.00998
2.98054
2.85356
2.39785
1.6295
0.940212
0.833556
0.842145
0.860406
0.89153
0.936082
0.992948
3.01265
3.01265
3.01265
3.01265
3.01265
3.01265
3.01265
3.01265
3.01265
3.01265
3.01265
3.01263
3.01244
3.01095
2.99772
2.90813
2.59984
1.80854
1.18778
0.874112
0.885046
0.898381
0.922141
0.957416
1.00508
3.01265
3.01265
3.01265
3.01265
3.01265
3.01265
3.01265
3.01265
3.01265
3.01265
3.01265
3.01264
3.01261
3.01179
3.00801
2.95683
2.78597
2.18661
1.50193
0.933273
0.92076
0.931571
0.949662
0.979572
1.02005
3.01265
3.01265
3.01265
3.01265
3.01265
3.01265
3.01265
3.01265
3.01265
3.01265
3.01265
3.01264
3.0126
3.01225
3.00942
2.98535
2.84776
2.48252
1.76602
1.13422
0.963385
0.966307
0.982044
1.00631
1.03983
3.01265
3.01265
3.01265
3.01265
3.01265
3.01265
3.01265
3.01265
3.01265
3.01265
3.01265
3.01265
3.01262
3.01258
3.01112
3.00465
2.92043
2.7013
1.95431
1.44777
1.01549
1.00236
1.01473
1.03384
1.06196
3.01265
3.01265
3.01265
3.01265
3.01265
3.01265
3.01265
3.01265
3.01265
3.01265
3.01265
3.01265
3.01264
3.01258
3.01206
3.00811
2.97465
2.81393
2.36299
1.72887
1.16445
1.04789
1.04729
1.06277
1.08599
3.01265
3.01265
3.01265
3.01265
3.01265
3.01265
3.01265
3.01265
3.01265
3.01265
3.01265
3.01265
3.01265
3.01261
3.01261
3.01026
3.0033
2.88809
2.6661
1.95297
1.43834
1.10894
1.08398
1.09401
1.11039
3.01265
3.01265
3.01265
3.01265
3.01265
3.01265
3.01265
3.01265
3.01265
3.01265
3.01265
3.01265
3.01265
3.01264
3.01256
3.01192
3.0074
2.96775
2.79943
2.35859
1.74487
1.22367
1.1283
1.12083
1.13515
3.01265
3.01265
3.01265
3.01265
3.01265
3.01265
3.01265
3.01265
3.01265
3.01265
3.01265
3.01265
3.01265
3.01265
3.0126
3.01265
3.00974
3.0022
2.87281
2.66514
1.98897
1.48756
1.1926
1.15917
1.16404
3.01265
3.01265
3.01265
3.01265
3.01265
3.01265
3.01265
3.01265
3.01265
3.01265
3.01265
3.01265
3.01265
3.01265
3.01264
3.01256
3.01185
3.00717
2.9643
2.79724
2.35321
1.79393
1.29766
1.20369
1.19071
3.01265
3.01265
3.01265
3.01265
3.01265
3.01265
3.01265
3.01265
3.01265
3.01265
3.01265
3.01265
3.01265
3.01265
3.01264
3.01259
3.01255
3.00994
3.0032
2.88247
2.69533
2.03443
1.56813
1.26389
1.22979
3.01265
3.01265
3.01265
3.01265
3.01265
3.01265
3.01265
3.01265
3.01265
3.01265
3.01265
3.01265
3.01265
3.01265
3.01265
3.01264
3.01255
3.01181
3.00655
2.96281
2.76739
2.38519
1.91899
1.41232
1.30946
3.01265
3.01265
3.01265
3.01265
3.01265
3.01265
3.01265
3.01265
3.01265
3.01265
3.01265
3.01265
3.01265
3.01265
3.01265
3.01264
3.01263
3.01247
3.01104
3.00104
2.91883
2.76386
2.13204
1.73031
1.34211
3.01265
3.01265
3.01265
3.01265
3.01265
3.01265
3.01265
3.01265
3.01265
3.01265
3.01265
3.01265
3.01265
3.01265
3.01265
3.01265
3.01264
3.01258
3.01172
3.00557
3.0033
2.7939
2.61218
2.03288
1.52817
3.01265
3.01265
3.01265
3.01265
3.01265
3.01265
3.01265
3.01265
3.01265
3.01265
3.01265
3.01265
3.01265
3.01265
3.01265
3.01265
3.01265
3.01263
3.01255
3.01114
3.00595
2.93361
2.75878
2.23835
1.87815
3.01265
3.01265
3.01265
3.01265
3.01265
3.01265
3.01265
3.01265
3.01265
3.01265
3.01265
3.01265
3.01265
3.01265
3.01265
3.01265
3.01265
3.01265
3.01258
3.01249
3.0097
3.0061
2.85017
2.65326
2.08919
3.01265
3.01265
3.01265
3.01265
3.01265
3.01265
3.01265
3.01265
3.01265
3.01265
3.01265
3.01265
3.01265
3.01265
3.01265
3.01265
3.01265
3.01265
3.01263
3.0125
3.01157
3.00485
2.95179
2.76673
2.36623
3.01265
3.01265
3.01265
3.01265
3.01265
3.01265
3.01265
3.01265
3.01265
3.01265
3.01265
3.01265
3.01265
3.01265
3.01265
3.01265
3.01265
3.01265
3.01264
3.01262
3.01245
3.01109
3.00263
2.91473
2.80956
3.01265
3.01265
3.01265
3.01265
3.01265
3.01265
3.01265
3.01265
3.01265
3.01265
3.01265
3.01265
3.01265
3.01265
3.01265
3.01265
3.01265
3.01265
3.01265
3.01262
3.01248
3.01231
3.00628
3.00787
2.83159
3.01265
3.01265
3.01265
3.01265
3.01265
3.01265
3.01265
3.01265
3.01265
3.01265
3.01265
3.01265
3.01265
3.01265
3.01265
3.01265
3.01265
3.01265
3.01265
3.01265
3.01262
3.01259
3.01131
3.0074
2.94865
3.01265
3.01265
3.01265
3.01265
3.01265
3.01265
3.01265
3.01265
3.01265
3.01265
3.01265
3.01265
3.01265
3.01265
3.01265
3.01265
3.01265
3.01265
3.01265
3.01265
3.01264
3.01262
3.01242
3.01127
3.00436
3.01265
3.01265
3.01265
3.01265
3.01265
3.01265
3.01265
3.01265
3.01265
3.01265
3.01265
3.01265
3.01265
3.01265
3.01265
3.01265
3.01265
3.01265
3.01265
3.01265
3.01265
3.01264
3.01264
3.01169
3.00741
3.01265
3.01265
3.01265
3.01265
3.01265
3.01265
3.01265
3.01265
3.01265
3.01265
3.01265
3.01265
3.01265
3.01265
3.01265
3.01265
3.01265
3.01265
3.01265
3.01265
3.01265
3.01265
3.01263
3.01257
3.0115
3.01265
3.01265
3.01265
3.01265
3.01265
3.01265
3.01265
3.01265
3.01265
3.01265
3.01265
3.01265
3.01265
3.01265
3.01265
3.01265
3.01265
3.01265
3.01265
3.01265
3.01265
3.01265
3.01264
3.01261
3.01237
3.01265
3.01265
3.01265
3.01265
3.01265
3.01265
3.01265
3.01265
3.01265
3.01265
3.01265
3.01265
3.01265
3.01265
3.01265
3.01265
3.01265
3.01265
3.01265
3.01265
3.01265
3.01265
3.01265
3.01263
3.0126
3.01265
3.01265
3.01265
3.01265
3.01265
3.01265
3.01265
3.01265
3.01265
3.01265
3.01265
3.01265
3.01265
3.01265
3.01265
3.01265
3.01265
3.01265
3.01265
3.01265
3.01265
3.01265
3.01265
3.01265
3.01262
3.01265
3.01265
3.01265
3.01265
3.01265
3.01265
3.01265
3.01265
3.01265
3.01265
3.01265
3.01265
3.01265
3.01265
3.01265
3.01265
3.01265
3.01265
3.01265
3.01265
3.01265
3.01265
3.01265
3.01265
3.01265
3.01265
3.01265
3.01265
3.01265
3.01265
3.01265
3.01265
3.01265
3.01265
3.01265
3.01265
3.01265
3.01265
3.01265
3.01265
3.01265
3.01265
3.01265
3.01265
3.01265
3.01265
3.01265
3.01265
3.01265
3.01263
3.01265
3.01265
3.01265
3.01265
3.01265
3.01265
3.01265
3.01265
3.01265
3.01265
3.01265
3.01265
3.01265
3.01265
3.01265
3.01265
3.01265
3.01265
3.01265
3.01265
3.01265
3.01265
3.01265
3.01265
3.01263
3.01265
3.01265
3.01265
3.01265
3.01265
3.01265
3.01265
3.01265
3.01265
3.01265
3.01265
3.01265
3.01265
3.01265
3.01265
3.01265
3.01265
3.01265
3.01265
3.01265
3.01265
3.01265
3.01265
3.01265
3.01263
3.01265
3.01265
3.01265
3.01265
3.01265
3.01265
3.01265
3.01265
3.01265
3.01265
3.01265
3.01265
3.01265
3.01265
3.01265
3.01265
3.01265
3.01265
3.01265
3.01265
3.01265
3.01265
3.01265
3.01265
3.01263
3.01265
3.01265
3.01265
3.01265
3.01265
3.01265
3.01265
3.01265
3.01265
3.01265
3.01265
3.01265
3.01265
3.01265
3.01265
3.01265
3.01265
3.01265
3.01265
3.01265
3.01265
3.01265
3.01265
3.01265
3.01263
1.08109
0.365155
0.37091
0.320529
0.33196
0.272997
0.471866
0.632496
0.752626
0.812507
0.832356
0.832902
0.892887
0.958635
0.99831
1.01132
1.00974
1.00555
1.00381
1.00313
1.00331
1.00493
1.00659
1.00723
1.00643
1.00522
0.999644
0.993632
0.97637
0.959035
0.926505
0.891711
0.849263
0.804719
0.762847
0.723308
0.675693
0.623324
0.569649
0.52118
0.476711
0.424094
0.369865
0.32045
0.271696
0.229429
0.199551
0.160762
0.118106
0.0746895
0.0340811
0.0157676
0.0511248
0.0850571
0.118572
0.149234
0.178389
0.20676
0.233646
0.259054
0.283623
0.307186
0.329326
0.350291
0.369894
0.388714
0.406452
0.423627
0.44007
0.455604
0.470663
0.484726
0.498472
0.511185
0.523883
0.535335
0.546369
0.556247
0.565548
0.573118
0.579678
0.585266
0.589523
0.592497
0.593426
0.593501
0.591977
0.588641
0.583495
0.576521
0.567922
0.558038
0.547444
0.53663
0.526666
0.51801
0.510938
0.506728
0.503423
0.506244
1.05735
0.837769
0.534732
0.338203
0.116054
0.198847
0.397588
0.478788
0.540884
0.554468
0.550681
0.552389
0.612329
0.666557
0.698477
0.706712
0.704155
0.702338
0.700773
0.700591
0.70077
0.708487
0.716986
0.723511
0.726241
0.726576
0.716994
0.708274
0.686468
0.664572
0.631052
0.596135
0.553187
0.509364
0.466389
0.428292
0.382781
0.333362
0.277287
0.230462
0.192912
0.12879
0.0771588
0.0549413
0.0962845
0.151752
0.222376
0.27969
0.327302
0.364792
0.39986
0.432473
0.461208
0.487752
0.512962
0.534856
0.555287
0.575397
0.593316
0.610271
0.626604
0.642459
0.65721
0.671428
0.684363
0.696916
0.708157
0.718914
0.728774
0.738248
0.746485
0.754588
0.761213
0.767503
0.773226
0.778391
0.782779
0.787102
0.79004
0.792622
0.793349
0.793495
0.792392
0.789867
0.785828
0.780359
0.773215
0.764129
0.752979
0.739847
0.724896
0.708689
0.691902
0.674479
0.659522
0.644197
0.633687
0.622808
0.61764
0.612979
1.03541
0.981248
0.85546
0.684486
0.441425
0.311566
0.306124
0.284611
0.212421
0.152333
0.0864446
0.0478473
0.137494
0.325541
0.403813
0.434444
0.421712
0.418446
0.417079
0.425563
0.431511
0.439739
0.443888
0.445557
0.44428
0.443538
0.440017
0.437853
0.421244
0.406421
0.373223
0.333432
0.286496
0.235846
0.187878
0.148487
0.0943237
0.0765699
0.138251
0.212607
0.320574
0.41138
0.487422
0.538575
0.580328
0.607778
0.633548
0.655946
0.676037
0.692286
0.707084
0.72147
0.735969
0.749934
0.76306
0.776183
0.787605
0.799502
0.811156
0.82255
0.834118
0.845685
0.856981
0.867774
0.877894
0.887973
0.897295
0.906273
0.914967
0.923059
0.931067
0.93848
0.944271
0.949963
0.954551
0.958363
0.962092
0.965032
0.967064
0.967377
0.967301
0.966642
0.964787
0.961607
0.956651
0.949967
0.941583
0.931355
0.919118
0.904876
0.888556
0.870419
0.851267
0.831165
0.812535
0.794044
0.779695
0.764929
0.756538
0.74814
1.0306
1.11331
1.0717
0.981855
0.821483
0.642725
0.534479
0.512215
0.466457
0.417212
0.353794
0.328572
0.301744
0.316344
0.248459
0.151497
0.0628387
0.0107369
0.0605357
0.103659
0.132727
0.171286
0.199811
0.2252
0.235571
0.240709
0.229165
0.221417
0.202923
0.180742
0.158067
0.113284
0.0900714
0.114826
0.179763
0.303883
0.421449
0.523067
0.62312
0.677281
0.734156
0.77391
0.804783
0.820635
0.833688
0.840195
0.850826
0.862607
0.875204
0.885551
0.893108
0.901717
0.910994
0.919827
0.92917
0.938751
0.947042
0.955891
0.964982
0.973377
0.981722
0.989992
0.998576
1.00691
1.0152
1.02315
1.03064
1.03809
1.04511
1.05185
1.05848
1.06407
1.06947
1.07435
1.07895
1.08281
1.08674
1.08847
1.09006
1.0904
1.09022
1.08932
1.08748
1.08436
1.08004
1.07413
1.06664
1.05739
1.04617
1.03294
1.01754
1.00017
0.980877
0.960593
0.939714
0.919242
0.901741
0.884449
0.873742
0.86205
1.04782
1.12873
1.18697
1.15932
1.07765
0.98408
0.862655
0.817512
0.760727
0.693449
0.617016
0.553105
0.519359
0.520182
0.506443
0.467267
0.401519
0.315675
0.254301
0.198953
0.167099
0.14383
0.125136
0.0925417
0.0617591
0.0309339
0.0184787
0.0278706
0.0550095
0.0991109
0.191383
0.285286
0.389054
0.492762
0.604933
0.716405
0.80361
0.874425
0.93027
0.957062
0.982306
0.995959
1.01086
1.01733
1.01995
1.02082
1.02215
1.02535
1.03254
1.03801
1.04002
1.0419
1.04525
1.04891
1.0535
1.05891
1.06373
1.069
1.07433
1.07955
1.08491
1.09089
1.09744
1.10337
1.10948
1.11527
1.12144
1.12791
1.13412
1.14025
1.14621
1.15162
1.15705
1.162
1.16631
1.17043
1.17325
1.17534
1.1769
1.17723
1.17759
1.17742
1.17598
1.17322
1.16923
1.16405
1.15763
1.14953
1.13943
1.12728
1.11302
1.09682
1.07863
1.05885
1.03807
1.01695
0.998622
0.980064
0.967778
0.954092
1.05592
1.13135
1.1974
1.248
1.21642
1.17478
1.13889
1.11085
1.07004
1.0076
0.932654
0.85889
0.798367
0.787692
0.769819
0.73133
0.67315
0.602411
0.540871
0.471356
0.419737
0.358172
0.32842
0.289459
0.269753
0.239207
0.212733
0.227995
0.276152
0.36172
0.473621
0.59929
0.725048
0.83691
0.94
1.00933
1.06764
1.11401
1.15059
1.16884
1.17311
1.17537
1.1772
1.17754
1.17412
1.16707
1.15888
1.14928
1.14737
1.14498
1.1416
1.13725
1.13659
1.13539
1.13408
1.13534
1.13764
1.14093
1.14386
1.14623
1.1487
1.15244
1.15738
1.16215
1.167
1.17188
1.17727
1.1831
1.18894
1.19491
1.20018
1.20515
1.21008
1.21478
1.2192
1.22303
1.22608
1.2289
1.23099
1.23174
1.2327
1.23286
1.23219
1.23015
1.22667
1.22196
1.2162
1.2091
1.20022
1.1893
1.17624
1.16121
1.14418
1.12546
1.10474
1.08369
1.06441
1.04478
1.0324
1.01862
1.06052
1.1361
1.19519
1.25782
1.26968
1.26873
1.26747
1.25948
1.25898
1.24382
1.20497
1.15951
1.1008
1.06195
1.03884
1.00356
0.955338
0.897163
0.835405
0.767381
0.708226
0.642293
0.59364
0.533781
0.494422
0.44321
0.417153
0.438726
0.506302
0.615853
0.757614
0.89737
1.01894
1.11126
1.19108
1.24008
1.28182
1.30601
1.33306
1.3418
1.33869
1.33131
1.31953
1.30681
1.2881
1.2678
1.2546
1.23877
1.22667
1.21684
1.20754
1.19879
1.1937
1.18844
1.18483
1.18108
1.18116
1.18237
1.18333
1.18519
1.1877
1.19053
1.19409
1.19755
1.20159
1.20641
1.21183
1.21711
1.22245
1.2269
1.23161
1.23664
1.24165
1.24641
1.25036
1.25406
1.25759
1.26078
1.26267
1.26449
1.26598
1.2661
1.26621
1.2651
1.26258
1.25877
1.25388
1.24774
1.23998
1.23023
1.21821
1.20396
1.18743
1.16887
1.14802
1.12591
1.10441
1.08229
1.06941
1.05501
1.05789
1.13628
1.19677
1.24612
1.28267
1.30735
1.32358
1.33968
1.35645
1.37247
1.37017
1.34454
1.32907
1.31151
1.30841
1.28664
1.24638
1.18952
1.12704
1.06083
1.00288
0.938264
0.879036
0.812193
0.75927
0.69662
0.643608
0.660418
0.735843
0.861151
1.00173
1.12675
1.22976
1.30702
1.36599
1.40585
1.43906
1.46043
1.47597
1.47948
1.47478
1.4623
1.44354
1.418
1.38527
1.35437
1.32206
1.28693
1.27683
1.26565
1.25383
1.24303
1.23094
1.22039
1.21074
1.20872
1.20938
1.20959
1.20973
1.21071
1.21259
1.21461
1.21738
1.22018
1.22386
1.22826
1.23321
1.23815
1.24244
1.24707
1.25207
1.25717
1.26191
1.26585
1.26936
1.27307
1.27685
1.2802
1.2824
1.28447
1.28595
1.28742
1.28737
1.28679
1.28498
1.28183
1.27749
1.27189
1.26476
1.25578
1.24461
1.23105
1.21485
1.19615
1.17482
1.15074
1.1268
1.1029
1.08858
1.07312
1.05804
1.13139
1.19587
1.24616
1.28575
1.31245
1.33902
1.36765
1.39467
1.41701
1.43698
1.43775
1.43659
1.44456
1.45594
1.46878
1.45277
1.42624
1.38983
1.34419
1.29418
1.23913
1.18085
1.116
1.04219
0.967827
0.877669
0.886451
0.954592
1.05727
1.16831
1.27284
1.36276
1.42944
1.47699
1.51369
1.54442
1.56341
1.57344
1.57546
1.57227
1.56045
1.54507
1.52043
1.49005
1.45263
1.4053
1.35941
1.31646
1.28984
1.28218
1.27233
1.2645
1.25352
1.24414
1.23548
1.23157
1.23238
1.23243
1.23285
1.23411
1.23515
1.23698
1.23955
1.24241
1.24551
1.24936
1.25336
1.25751
1.26179
1.26587
1.27025
1.27462
1.27881
1.28309
1.28723
1.29106
1.29482
1.29717
1.29923
1.30122
1.30255
1.30283
1.30261
1.30151
1.29914
1.29547
1.29052
1.28397
1.27552
1.2648
1.25151
1.23535
1.21616
1.19374
1.16773
1.14013
1.11329
1.09789
1.08147
1.06194
1.12342
1.18827
1.24125
1.28549
1.30888
1.33594
1.36798
1.40209
1.43269
1.461
1.48484
1.49921
1.51581
1.53417
1.55179
1.56643
1.56027
1.53911
1.51484
1.48608
1.45313
1.4132
1.36827
1.29599
1.22031
1.12956
1.06763
1.11125
1.17953
1.26201
1.34913
1.42532
1.48692
1.53722
1.57787
1.60712
1.62168
1.62788
1.63121
1.62925
1.62465
1.61512
1.59633
1.57758
1.54861
1.51104
1.46677
1.40806
1.36128
1.30914
1.29724
1.29331
1.28648
1.27844
1.2671
1.25841
1.25013
1.25122
1.25272
1.25418
1.25504
1.25605
1.25808
1.26074
1.26351
1.26677
1.26996
1.27324
1.27685
1.2809
1.28554
1.29007
1.29409
1.29815
1.30204
1.30608
1.30961
1.31174
1.31374
1.3149
1.31593
1.31662
1.31632
1.31516
1.31273
1.30904
1.30433
1.29827
1.29043
1.28027
1.26737
1.25128
1.23167
1.20818
1.18014
1.14928
1.11946
1.10231
1.08391
1.06931
1.12457
1.17961
1.23143
1.27936
1.30595
1.33393
1.3636
1.39332
1.42653
1.45821
1.48992
1.51776
1.54635
1.57369
1.60168
1.62719
1.6406
1.64369
1.62613
1.60519
1.58051
1.54953
1.50594
1.43122
1.30091
1.18502
1.15535
1.19127
1.24589
1.3178
1.38653
1.45617
1.51601
1.56188
1.59619
1.62108
1.63852
1.65356
1.65809
1.65866
1.66024
1.65708
1.6498
1.64222
1.6259
1.60553
1.57406
1.52905
1.47163
1.40139
1.34596
1.2974
1.29915
1.29646
1.29439
1.28876
1.2805
1.27451
1.27189
1.27227
1.27424
1.27608
1.27719
1.27896
1.28152
1.2838
1.28561
1.28773
1.29102
1.2952
1.29985
1.30465
1.30869
1.31248
1.31693
1.32159
1.32414
1.32673
1.32938
1.33031
1.33063
1.33134
1.33111
1.33001
1.32748
1.32343
1.31828
1.31196
1.3042
1.29442
1.28187
1.26581
1.24565
1.22081
1.19064
1.15567
1.12191
1.10185
1.08262
1.08124
1.12955
1.18021
1.22539
1.271
1.29983
1.32912
1.3578
1.38644
1.41663
1.4471
1.47776
1.50898
1.54152
1.57728
1.61291
1.64738
1.67884
1.69403
1.70194
1.68705
1.66759
1.63783
1.58219
1.4839
1.32288
1.15734
1.17898
1.21312
1.26293
1.32379
1.38061
1.43723
1.48577
1.52414
1.55818
1.58577
1.61012
1.63157
1.64842
1.66643
1.67428
1.67616
1.67924
1.68306
1.67764
1.6715
1.65319
1.62225
1.58588
1.53613
1.46247
1.39614
1.32655
1.31229
1.31829
1.31973
1.31626
1.309
1.3021
1.29562
1.29572
1.29583
1.29714
1.29732
1.29846
1.29969
1.30174
1.30448
1.30763
1.31099
1.31461
1.31793
1.32152
1.32573
1.33
1.33306
1.33485
1.33713
1.33952
1.34117
1.3417
1.34225
1.34217
1.34133
1.33934
1.33589
1.33105
1.32478
1.317
1.30739
1.29527
1.2797
1.25946
1.23345
1.20079
1.16152
1.1223
1.10026
1.07968
1.09739
1.13827
1.18322
1.22515
1.26605
1.29564
1.32351
1.34972
1.37769
1.40692
1.43772
1.46798
1.49824
1.53048
1.56549
1.6029
1.64007
1.67624
1.704
1.7325
1.72331
1.70505
1.66827
1.58972
1.45719
1.30949
1.16747
1.18628
1.21808
1.26533
1.3136
1.36278
1.4105
1.44993
1.48934
1.52123
1.55207
1.57961
1.60257
1.62344
1.64699
1.66435
1.68208
1.69842
1.70565
1.70479
1.70451
1.7013
1.69039
1.68092
1.6499
1.60504
1.54429
1.45873
1.39341
1.3255
1.3309
1.33673
1.33568
1.33252
1.32564
1.31954
1.31721
1.31831
1.32015
1.32065
1.32065
1.32146
1.32336
1.32641
1.33027
1.33376
1.33717
1.34081
1.34437
1.34755
1.34837
1.35015
1.3522
1.35315
1.35383
1.35448
1.3549
1.35496
1.35407
1.35196
1.34853
1.34394
1.33807
1.33054
1.32098
1.30885
1.2932
1.27268
1.24583
1.21103
1.16722
1.12264
1.09665
1.07445
1.11686
1.15108
1.18982
1.2279
1.26209
1.29624
1.31988
1.34352
1.3687
1.39647
1.42586
1.45501
1.48531
1.51693
1.55238
1.59121
1.62722
1.66716
1.69973
1.73604
1.72842
1.70334
1.64188
1.53054
1.35877
1.19662
1.16611
1.1858
1.21626
1.25089
1.28896
1.32895
1.37008
1.41008
1.44749
1.47995
1.51163
1.54056
1.56675
1.5949
1.62104
1.64169
1.6627
1.68059
1.69469
1.70996
1.72033
1.73101
1.73412
1.73854
1.72492
1.70953
1.67454
1.62006
1.54377
1.45517
1.37309
1.34678
1.3583
1.36527
1.36196
1.35517
1.3491
1.3423
1.34239
1.34285
1.34539
1.34697
1.3485
1.34993
1.35204
1.35471
1.35812
1.36142
1.3646
1.36623
1.36812
1.36996
1.3712
1.3719
1.37246
1.37273
1.37238
1.37147
1.37051
1.36811
1.36427
1.35938
1.35347
1.34612
1.33668
1.32434
1.3081
1.28656
1.25799
1.22018
1.17121
1.12328
1.08749
1.06768
1.13589
1.1657
1.20036
1.23446
1.26554
1.29752
1.32101
1.34257
1.36568
1.39069
1.41651
1.44458
1.47385
1.50488
1.53753
1.57479
1.61067
1.65283
1.68623
1.71711
1.69979
1.6569
1.56422
1.39682
1.27303
1.14822
1.16348
1.18106
1.20327
1.23028
1.26137
1.29726
1.33461
1.3725
1.40919
1.44351
1.47656
1.50506
1.53471
1.5624
1.58895
1.61061
1.63276
1.65645
1.68221
1.70529
1.72763
1.75096
1.7586
1.7641
1.76722
1.77241
1.7603
1.73616
1.69493
1.63284
1.5336
1.46003
1.37529
1.3816
1.38952
1.39366
1.38967
1.38258
1.37549
1.3731
1.3737
1.37529
1.37791
1.38023
1.38038
1.38121
1.38262
1.3852
1.38722
1.38765
1.38856
1.38996
1.39086
1.39151
1.39221
1.3925
1.39236
1.39117
1.38898
1.38678
1.38326
1.37819
1.37192
1.36421
1.35456
1.34209
1.32548
1.30295
1.2723
1.23084
1.17551
1.12173
1.07833
1.06058
1.15591
1.181
1.21232
1.24422
1.2737
1.30142
1.32571
1.34606
1.36713
1.39039
1.41555
1.44052
1.46521
1.49299
1.52309
1.55532
1.59532
1.63317
1.67953
1.67135
1.64207
1.56915
1.42318
1.29341
1.16336
1.15963
1.16585
1.17712
1.1937
1.21565
1.24258
1.27326
1.3074
1.342
1.37724
1.41143
1.44417
1.47492
1.50458
1.53493
1.55906
1.5847
1.61164
1.64102
1.66988
1.69688
1.71528
1.73426
1.75563
1.77636
1.79103
1.80512
1.80877
1.80753
1.79719
1.76703
1.71764
1.64531
1.5416
1.45786
1.39319
1.40652
1.41868
1.42108
1.4175
1.41151
1.40468
1.40367
1.40245
1.40436
1.40628
1.40776
1.40893
1.41032
1.41133
1.41233
1.41344
1.41447
1.41572
1.41651
1.41614
1.41541
1.41422
1.41289
1.41051
1.40703
1.40354
1.39869
1.3926
1.38489
1.37511
1.36254
1.34565
1.3222
1.28945
1.2436
1.18042
1.12403
1.06447
1.05483
1.17931
1.19991
1.22681
1.2553
1.28534
1.31025
1.3338
1.35499
1.37196
1.39227
1.41527
1.43967
1.46474
1.48884
1.51549
1.54551
1.58517
1.61395
1.64485
1.61937
1.55766
1.44902
1.30799
1.18894
1.16519
1.16748
1.17181
1.17949
1.19153
1.20854
1.23048
1.25664
1.28623
1.31769
1.35084
1.38383
1.41628
1.44831
1.47901
1.50825
1.53625
1.56657
1.59553
1.62309
1.65129
1.67368
1.69809
1.72341
1.75066
1.775
1.79765
1.82152
1.83312
1.84347
1.85172
1.84889
1.83637
1.79496
1.73074
1.63264
1.54054
1.44225
1.43789
1.43955
1.45083
1.44962
1.44504
1.44017
1.43541
1.43459
1.43517
1.43818
1.44049
1.44049
1.44065
1.44125
1.44165
1.44202
1.44221
1.44253
1.44271
1.44172
1.43952
1.43672
1.43422
1.43092
1.42663
1.42139
1.41538
1.40805
1.39862
1.38606
1.36877
1.34417
1.30904
1.25774
1.18541
1.12145
1.05859
1.05054
1.20387
1.22194
1.245
1.27006
1.2986
1.32262
1.34519
1.36682
1.38111
1.39814
1.41777
1.43969
1.46281
1.48667
1.51041
1.53807
1.57046
1.59453
1.57822
1.53039
1.43766
1.30777
1.19343
1.17385
1.17665
1.17894
1.18203
1.18707
1.19549
1.20826
1.22569
1.24756
1.27297
1.30123
1.33166
1.36326
1.39567
1.42818
1.45811
1.48861
1.52056
1.5531
1.57785
1.60428
1.63244
1.66138
1.68911
1.71622
1.74284
1.76662
1.79104
1.8166
1.83909
1.86219
1.88265
1.89141
1.89643
1.8813
1.85514
1.81267
1.74207
1.6301
1.54731
1.45402
1.46391
1.477
1.48459
1.48097
1.47509
1.46888
1.46825
1.46792
1.47078
1.47305
1.47399
1.47317
1.47204
1.47096
1.47031
1.46951
1.46888
1.46835
1.46681
1.46361
1.45961
1.45645
1.45271
1.44781
1.44165
1.4343
1.42518
1.41299
1.3956
1.3697
1.331
1.27264
1.19051
1.10787
1.06184
1.05253
1.23064
1.24508
1.2651
1.28769
1.31412
1.33805
1.35958
1.3805
1.39333
1.40789
1.4247
1.44342
1.46272
1.48308
1.50755
1.52955
1.55482
1.54012
1.49604
1.4105
1.28718
1.17198
1.16592
1.17467
1.18175
1.18521
1.18768
1.19175
1.19868
1.20932
1.22412
1.24297
1.26568
1.29189
1.32076
1.35108
1.38219
1.41374
1.44546
1.47711
1.50741
1.5376
1.56585
1.59567
1.6247
1.65413
1.6821
1.70989
1.73779
1.76296
1.78783
1.81226
1.83862
1.86656
1.89399
1.91051
1.92072
1.9275
1.93039
1.92098
1.88849
1.83236
1.74447
1.62652
1.5168
1.49095
1.49564
1.50423
1.51165
1.50899
1.50639
1.50448
1.50313
1.5033
1.50344
1.50343
1.50289
1.50161
1.50008
1.49864
1.49701
1.49546
1.49432
1.49235
1.48914
1.48473
1.48096
1.47664
1.47087
1.46377
1.45475
1.44265
1.42502
1.3979
1.35484
1.28793
1.19477
1.09802
1.05456
1.0574
1.2765
1.28323
1.29641
1.31412
1.33426
1.35788
1.37784
1.3978
1.40777
1.41904
1.43366
1.45111
1.4657
1.48382
1.50355
1.52203
1.50939
1.46757
1.38049
1.25802
1.14453
1.14409
1.15851
1.1714
1.18492
1.189
1.19373
1.1995
1.20695
1.2168
1.22973
1.2464
1.26664
1.29049
1.31686
1.34547
1.37563
1.40738
1.43875
1.4703
1.49953
1.5296
1.56083
1.59194
1.62005
1.64828
1.67627
1.7046
1.73312
1.76129
1.78775
1.81459
1.84201
1.86285
1.88483
1.91011
1.93127
1.95292
1.96429
1.97088
1.97856
1.95102
1.90477
1.83342
1.71269
1.62021
1.51631
1.52306
1.53424
1.5435
1.55055
1.54784
1.54486
1.5416
1.53836
1.53507
1.5319
1.53039
1.52914
1.52773
1.52613
1.5242
1.52212
1.52042
1.51844
1.5156
1.51171
1.50701
1.50152
1.49467
1.48596
1.47395
1.45574
1.42697
1.37821
1.30051
1.19587
1.08703
1.05839
1.06203
1.32431
1.31019
1.32283
1.33871
1.35445
1.37568
1.3958
1.4147
1.4252
1.43239
1.44389
1.45921
1.47212
1.48753
1.50168
1.48934
1.44707
1.36007
1.23097
1.10354
1.11186
1.1303
1.15177
1.17328
1.18649
1.19519
1.20305
1.21144
1.22067
1.2313
1.24384
1.25894
1.27687
1.2978
1.32164
1.34806
1.37634
1.40675
1.43779
1.46728
1.49747
1.52859
1.56034
1.5878
1.61657
1.64539
1.67539
1.70243
1.73013
1.75948
1.78782
1.81511
1.84186
1.86459
1.88622
1.91025
1.9331
1.95625
1.97951
2.00069
2.01769
2.01544
2.00375
1.97947
1.9178
1.82848
1.70145
1.58657
1.55396
1.55778
1.56943
1.58152
1.57885
1.5739
1.56791
1.56316
1.5595
1.5558
1.55478
1.55488
1.55441
1.55343
1.55169
1.54923
1.54647
1.54355
1.54029
1.53641
1.53141
1.52494
1.51685
1.50549
1.4871
1.45599
1.39984
1.30362
1.19585
1.07739
1.06773
1.07029
1.37265
1.34156
1.35085
1.36405
1.37769
1.39543
1.41265
1.42828
1.44282
1.44886
1.45692
1.46873
1.4822
1.4949
1.48132
1.43978
1.35435
1.21697
1.07175
1.07867
1.09499
1.12362
1.14917
1.17406
1.19279
1.20771
1.21936
1.22907
1.23928
1.25024
1.26229
1.27605
1.29201
1.31055
1.33191
1.35563
1.38192
1.40987
1.43911
1.46945
1.49985
1.53049
1.56136
1.58983
1.61927
1.64842
1.6777
1.70443
1.73186
1.76028
1.78768
1.81464
1.84131
1.86562
1.88827
1.90729
1.9281
1.95072
1.97499
2.00388
2.03504
2.04767
2.05285
2.05257
2.03283
1.98653
1.91178
1.78534
1.6876
1.5781
1.58427
1.59262
1.6039
1.60309
1.59885
1.59275
1.58703
1.58292
1.58039
1.57839
1.57922
1.5795
1.57886
1.57726
1.57458
1.57159
1.56829
1.5656
1.56195
1.55596
1.54801
1.53629
1.51684
1.48166
1.41545
1.29703
1.18851
1.07057
1.07546
1.08242
1.42906
1.37801
1.36528
1.37774
1.39351
1.41094
1.42992
1.44538
1.46326
1.46808
1.47515
1.4838
1.49678
1.48355
1.44387
1.35916
1.21453
1.06507
1.04985
1.06559
1.09492
1.12445
1.15132
1.17668
1.19907
1.2197
1.23433
1.2466
1.25805
1.27002
1.28263
1.29629
1.31156
1.32882
1.34838
1.37029
1.39433
1.42025
1.44749
1.4758
1.50471
1.53402
1.56348
1.59297
1.62161
1.65034
1.67829
1.70593
1.73297
1.76028
1.7881
1.81615
1.84342
1.86744
1.89086
1.91258
1.93473
1.9573
1.97842
2.00482
2.03219
2.06159
2.07443
2.08688
2.08922
2.07297
2.03756
1.97893
1.893
1.76352
1.65355
1.60365
1.61185
1.61901
1.6272
1.62382
1.61845
1.6124
1.60846
1.60526
1.6027
1.6036
1.60387
1.60297
1.60075
1.59818
1.59501
1.59279
1.5913
1.58702
1.57956
1.56695
1.54492
1.50162
1.42149
1.28801
1.14772
1.07979
1.08758
1.09717
1.64869
1.42739
1.3962
1.39515
1.40845
1.42279
1.44072
1.46196
1.47783
1.4965
1.49873
1.49939
1.48907
1.45368
1.37327
1.22338
1.08606
1.01141
1.04103
1.07787
1.1148
1.13505
1.15734
1.18164
1.20666
1.22972
1.25018
1.26687
1.28115
1.29478
1.30863
1.3229
1.33803
1.35437
1.3724
1.39216
1.41377
1.43696
1.46163
1.48756
1.51442
1.5423
1.57045
1.59884
1.62733
1.65547
1.68348
1.71029
1.73656
1.76313
1.79016
1.81788
1.84449
1.87037
1.89314
1.91633
1.93522
1.95506
1.97776
2.00203
2.02738
2.05459
2.07825
2.10265
2.11216
2.10779
2.10474
2.08493
2.04081
1.9693
1.84577
1.74286
1.63386
1.63553
1.63843
1.64506
1.64463
1.64084
1.63658
1.63295
1.63001
1.62714
1.628
1.62826
1.62713
1.62522
1.62242
1.61932
1.61835
1.61452
1.60723
1.59367
1.56762
1.513
1.41474
1.26895
1.11321
1.09159
1.1015
1.11313
1.99544
1.54829
1.45805
1.42934
1.43444
1.44452
1.4591
1.47627
1.4965
1.51584
1.52421
1.50932
1.47076
1.39132
1.24544
1.11347
0.995171
1.02475
1.06243
1.09958
1.12028
1.14295
1.16758
1.19342
1.21996
1.24554
1.26888
1.28951
1.30641
1.3222
1.33658
1.3511
1.36596
1.38139
1.39775
1.41531
1.43425
1.45466
1.47648
1.49964
1.52409
1.54959
1.57629
1.60362
1.63156
1.65922
1.68692
1.71312
1.73936
1.76505
1.79095
1.81778
1.84368
1.86834
1.89166
1.91409
1.93468
1.9559
1.97806
2.00079
2.02731
2.05168
2.07667
2.09836
2.11423
2.12647
2.13917
2.13434
2.12596
2.09055
2.04025
1.95447
1.82272
1.71105
1.65522
1.65414
1.65735
1.66083
1.65872
1.65664
1.65447
1.65282
1.65146
1.65171
1.6512
1.65013
1.64838
1.6459
1.64507
1.64128
1.63323
1.61742
1.58367
1.51346
1.37738
1.24462
1.09487
1.09926
1.11295
1.13244
2.22547
1.86957
1.49333
1.46449
1.44884
1.46092
1.47514
1.49242
1.51064
1.52919
1.51971
1.48527
1.40875
1.26895
1.12262
0.991194
1.0169
1.05155
1.0851
1.10912
1.13399
1.15905
1.18439
1.20995
1.23592
1.26148
1.28612
1.30915
1.3291
1.34705
1.36312
1.37833
1.39337
1.40824
1.42355
1.43957
1.45659
1.47483
1.49444
1.51548
1.53789
1.56165
1.58662
1.61252
1.63932
1.66617
1.69283
1.71932
1.74462
1.77007
1.79596
1.82235
1.84768
1.87161
1.89571
1.91668
1.93833
1.96037
1.97962
2.00048
2.02618
2.05122
2.07302
2.09324
2.11182
2.12853
2.14487
2.15361
2.16048
2.15746
2.1421
2.11061
2.03458
1.8936
1.78997
1.6718
1.67351
1.67583
1.68052
1.68423
1.68294
1.68075
1.67825
1.67644
1.67445
1.67419
1.67381
1.67329
1.67256
1.66818
1.65829
1.63701
1.5896
1.49726
1.3402
1.18208
1.10469
1.11429
1.13246
1.15431
2.70763
2.15731
1.70983
1.5054
1.48023
1.47506
1.48878
1.5084
1.525
1.52153
1.49183
1.41957
1.28176
1.1296
0.991092
1.01198
1.04699
1.07754
1.1025
1.12447
1.14772
1.17238
1.19852
1.2247
1.25048
1.27606
1.30101
1.32544
1.34785
1.36827
1.38628
1.40297
1.41822
1.43313
1.44781
1.46294
1.47874
1.49543
1.51318
1.53211
1.55234
1.57391
1.59681
1.62093
1.64606
1.67179
1.69768
1.72343
1.74848
1.77342
1.79902
1.82459
1.84938
1.87373
1.89544
1.91509
1.93536
1.95539
1.97706
2.00232
2.027
2.05258
2.07369
2.09237
2.10828
2.1236
2.13926
2.15703
2.17497
2.18532
2.19137
2.19412
2.15917
2.08838
1.96693
1.84349
1.72711
1.70084
1.69772
1.70432
1.70942
1.70843
1.7065
1.70405
1.70155
1.70009
1.69907
1.69999
1.69966
1.69369
1.68005
1.64922
1.58282
1.4585
1.30088
1.14026
1.12435
1.1346
1.15369
1.17621
2.77857
2.38731
2.06246
1.62819
1.52911
1.49632
1.5124
1.52809
1.53784
1.50416
1.42841
1.29187
1.12927
0.985824
1.00703
1.04289
1.07357
1.09842
1.11666
1.13681
1.15948
1.18485
1.21048
1.23618
1.26142
1.28672
1.31233
1.33714
1.36125
1.38363
1.40387
1.42238
1.43912
1.45477
1.46975
1.4846
1.49987
1.51571
1.53236
1.55003
1.56894
1.58921
1.61072
1.63339
1.65699
1.68112
1.70544
1.72974
1.754
1.77846
1.80337
1.82882
1.85315
1.87779
1.89821
1.91897
1.93891
1.95968
1.98208
2.00696
2.03087
2.05451
2.07669
2.09249
2.10881
2.12593
2.1426
2.15916
2.1774
2.19683
2.21702
2.2228
2.2205
2.19365
2.15617
2.06856
1.9276
1.82766
1.72292
1.72502
1.72851
1.73499
1.73659
1.73519
1.73208
1.72886
1.72558
1.72577
1.72325
1.71418
1.69393
1.64717
1.55517
1.39525
1.25044
1.14056
1.14704
1.15913
1.17946
1.20231
2.91249
2.83234
2.27512
1.95065
1.5662
1.53199
1.52305
1.53217
1.50413
1.43222
1.29402
1.12546
0.976236
0.998877
1.03711
1.06852
1.09391
1.10872
1.12579
1.14575
1.16912
1.1944
1.21984
1.24519
1.27065
1.29626
1.32184
1.34687
1.37125
1.39485
1.41685
1.43709
1.4556
1.47257
1.48836
1.50373
1.5192
1.53496
1.55123
1.56822
1.58611
1.60501
1.625
1.64594
1.66764
1.68992
1.71261
1.7356
1.75906
1.78322
1.80759
1.8326
1.85666
1.88065
1.90166
1.92135
1.94121
1.96169
1.98299
2.00651
2.03056
2.05427
2.07615
2.09365
2.11101
2.12609
2.14176
2.15833
2.17532
2.19391
2.21612
2.2383
2.26198
2.25578
2.24177
2.21422
2.13139
1.99088
1.88873
1.76635
1.75985
1.75379
1.76199
1.76529
1.76491
1.76319
1.76059
1.75759
1.749
1.73254
1.69741
1.62598
1.49424
1.34918
1.19869
1.1713
1.17731
1.18836
1.2067
1.22732
3.00907
2.84504
2.74945
2.22603
1.79891
1.58103
1.55499
1.51239
1.42951
1.27363
1.10584
0.958075
0.987785
1.03093
1.06564
1.09372
1.10497
1.11855
1.13532
1.15559
1.17925
1.2037
1.22869
1.25383
1.27905
1.30426
1.32881
1.35349
1.37773
1.40149
1.42437
1.44603
1.46667
1.4856
1.50338
1.52033
1.53687
1.55288
1.56917
1.58602
1.6036
1.62205
1.6413
1.66123
1.68169
1.70256
1.72381
1.74548
1.7677
1.79091
1.81431
1.83861
1.86226
1.8858
1.90705
1.92777
1.94803
1.96876
1.99052
2.01522
2.03917
2.06358
2.08364
2.10326
2.11904
2.13507
2.15099
2.1667
2.1827
2.19951
2.21513
2.23252
2.25429
2.2633
2.26945
2.26207
2.23782
2.16763
2.04299
1.94823
1.83869
1.77628
1.77682
1.7784
1.78658
1.79194
1.79249
1.78829
1.77457
1.74432
1.68354
1.58233
1.43043
1.29356
1.21201
1.21365
1.21791
1.22727
1.24176
1.25713
3.00833
2.95779
2.81501
2.47776
2.13788
1.72893
1.60272
1.46114
1.25672
1.06858
0.924482
0.965571
1.01709
1.06136
1.08401
1.09447
1.1068
1.1219
1.13995
1.16068
1.18322
1.20696
1.2316
1.25672
1.28196
1.30712
1.33194
1.35618
1.38069
1.40473
1.42863
1.45194
1.47489
1.496
1.51663
1.53541
1.55407
1.57124
1.58833
1.60592
1.62405
1.64274
1.66187
1.68131
1.70093
1.72073
1.74084
1.76145
1.78273
1.80523
1.82809
1.85182
1.87549
1.89853
1.92113
1.94137
1.96177
1.98241
2.00398
2.0278
2.0499
2.07117
2.08937
2.10342
2.11668
2.12884
2.14113
2.15337
2.16631
2.17966
2.19342
2.20895
2.22263
2.23596
2.24883
2.26013
2.26223
2.22638
2.18565
2.11731
1.98732
1.88981
1.78786
1.7848
1.78647
1.79703
1.80297
1.79694
1.77571
1.72632
1.63789
1.49496
1.36907
1.27038
1.25905
1.25492
1.25775
1.26391
1.27601
1.28808
3.0114
3.00313
2.93095
2.79038
2.41636
2.04096
1.65045
1.35366
1.01667
0.910494
0.954251
1.00933
1.05334
1.08279
1.0898
1.09985
1.11323
1.12949
1.14757
1.16702
1.18795
1.2102
1.23359
1.25769
1.28211
1.30667
1.33142
1.35671
1.38224
1.4083
1.43437
1.45997
1.48577
1.50979
1.53358
1.55605
1.57731
1.5978
1.61691
1.63637
1.65616
1.67627
1.69578
1.71468
1.73357
1.75237
1.77126
1.7904
1.81027
1.83032
1.85083
1.87101
1.89107
1.91044
1.92838
1.94547
1.96196
1.97843
1.99563
2.01412
2.03187
2.0493
2.06592
2.07815
2.09101
2.10269
2.11467
2.12716
2.14066
2.15534
2.17042
2.1858
2.19873
2.21267
2.22955
2.24464
2.26318
2.26061
2.23495
2.20556
2.14678
2.01707
1.92116
1.80687
1.79666
1.79544
1.80323
1.78882
1.75034
1.66591
1.52234
1.39334
1.2951
1.28575
1.27717
1.26882
1.27166
1.27721
1.28808
1.29964
3.01168
3.00741
3.00449
2.85712
2.7755
2.26547
1.6706
1.18736
0.917141
0.992297
1.05764
1.11899
1.13189
1.135
1.13609
1.14373
1.15424
1.16787
1.18385
1.20124
1.21981
1.23985
1.26125
1.28348
1.3069
1.33161
1.35728
1.38409
1.41205
1.44042
1.4682
1.49591
1.52284
1.54779
1.5721
1.59444
1.61467
1.63391
1.65087
1.6671
1.68351
1.7003
1.71588
1.73064
1.74533
1.76031
1.77551
1.79104
1.80725
1.8235
1.84002
1.85641
1.87289
1.88901
1.90528
1.92049
1.93606
1.95168
1.96816
1.98571
2.00327
2.02039
2.03758
2.05209
2.06572
2.07804
2.09087
2.10441
2.11886
2.13454
2.15017
2.16714
2.18043
2.19338
2.20753
2.22245
2.23677
2.25384
2.25365
2.2352
2.22197
2.14962
2.03467
1.95043
1.85377
1.8053
1.78396
1.74359
1.66442
1.51447
1.38025
1.27094
1.27049
1.26671
1.2604
1.25399
1.25146
1.25486
1.2635
1.27507
3.01247
3.01106
3.00271
2.91972
2.71315
2.05864
1.2669
0.748749
0.825022
0.938522
1.03074
1.07697
1.10298
1.11631
1.13042
1.14616
1.16343
1.18259
1.20231
1.22186
1.24301
1.26571
1.28768
1.30985
1.33289
1.35694
1.38138
1.40606
1.43096
1.455
1.47866
1.50215
1.52447
1.54534
1.56616
1.58603
1.60521
1.62366
1.63926
1.65378
1.66877
1.68391
1.69891
1.71207
1.72577
1.73992
1.75447
1.7697
1.78519
1.80063
1.81641
1.83162
1.8469
1.86253
1.87786
1.89372
1.90933
1.92545
1.9424
1.95991
1.97745
1.995
2.0118
2.02712
2.04153
2.05408
2.06621
2.07862
2.09149
2.10539
2.1191
2.13289
2.14509
2.15737
2.1665
2.17625
2.18572
2.19939
2.20845
2.21707
2.20444
2.18234
2.13292
2.07088
1.94421
1.8643
1.76427
1.66779
1.50922
1.36261
1.24933
1.24481
1.23736
1.22852
1.22115
1.2166
1.2141
1.21859
1.2271
1.23832
3.01245
3.01097
3.00143
2.923
2.64468
1.85918
0.821122
0.375571
0.550794
0.718257
0.818845
0.89094
0.951832
0.996682
1.03333
1.0656
1.09029
1.11284
1.13623
1.16114
1.18794
1.21417
1.23971
1.26524
1.29012
1.31471
1.33967
1.36335
1.38686
1.41073
1.43555
1.46098
1.48544
1.50888
1.53257
1.55568
1.57802
1.59843
1.6156
1.63118
1.64697
1.66249
1.67778
1.6911
1.70439
1.71801
1.73203
1.74672
1.76112
1.77593
1.78952
1.80276
1.81613
1.82977
1.84332
1.8572
1.87112
1.88516
1.8998
1.91434
1.92907
1.94214
1.954
1.96561
1.97579
1.98531
1.99389
2.00274
2.01207
2.02211
2.03221
2.04249
2.05263
2.06125
2.06944
2.07788
2.08697
2.09723
2.1114
2.12388
2.13452
2.13092
2.10092
2.06909
2.01344
1.88209
1.71259
1.48751
1.25955
1.15348
1.15066
1.14417
1.133
1.11993
1.11068
1.10794
1.1091
1.11531
1.12447
1.13887
3.0125
3.01135
3.00152
2.92649
2.64921
1.8614
0.703405
0.200178
0.383424
0.4399
0.509993
0.588262
0.666946
0.739516
0.804516
0.863967
0.914628
0.95763
0.997705
1.03693
1.07429
1.10959
1.14245
1.1737
1.20194
1.22805
1.25402
1.28038
1.30607
1.33147
1.35634
1.38032
1.40341
1.42521
1.44615
1.46571
1.48429
1.50139
1.51704
1.53278
1.54893
1.5647
1.57951
1.59324
1.606
1.61878
1.63194
1.64484
1.65773
1.66991
1.68089
1.69184
1.70267
1.71387
1.72494
1.73644
1.74813
1.76036
1.77315
1.78644
1.7999
1.81336
1.82667
1.84008
1.85283
1.86475
1.87695
1.88956
1.90273
1.91603
1.93008
1.94385
1.95738
1.97038
1.98266
1.99456
2.00664
2.01929
2.03295
2.04903
2.06705
2.08599
2.07785
2.0454
1.98681
1.82667
1.53781
1.27281
0.971385
0.962686
0.964642
0.957752
0.945303
0.930912
0.91656
0.913421
0.915641
0.923063
0.933617
0.951813
3.01249
3.01127
3.00046
2.92091
2.62616
1.78133
0.608961
0.231432
0.397989
0.415156
0.438814
0.467732
0.499452
0.534443
0.572089
0.61322
0.658523
0.705332
0.751266
0.795318
0.837429
0.877898
0.917501
0.955259
0.990552
1.02292
1.05508
1.08538
1.11583
1.14518
1.17285
1.19973
1.22538
1.25041
1.27448
1.29819
1.32132
1.34356
1.36468
1.38532
1.40552
1.42474
1.4426
1.45907
1.47437
1.48934
1.50455
1.51967
1.53472
1.54853
1.56167
1.57484
1.58822
1.60181
1.61574
1.63015
1.64514
1.66068
1.67693
1.69376
1.71106
1.72814
1.7454
1.76269
1.77945
1.7957
1.81118
1.82686
1.8424
1.85838
1.87406
1.88981
1.90536
1.91964
1.93382
1.94705
1.96055
1.97438
1.98923
2.00479
2.02676
2.04934
2.06013
2.03687
1.96385
1.77977
1.39054
1.02147
0.780212
0.789294
0.792319
0.78481
0.774097
0.762998
0.751189
0.748233
0.748816
0.752393
0.757886
0.769606
3.0125
3.01135
3.00127
2.9249
2.64504
1.83361
0.674182
0.270686
0.429272
0.439426
0.456555
0.481476
0.509048
0.535335
0.560682
0.58676
0.614781
0.64484
0.676068
0.707453
0.738553
0.769658
0.801381
0.834249
0.868288
0.902999
0.937602
0.971423
1.00335
1.03427
1.06402
1.09293
1.12138
1.14911
1.17624
1.20259
1.22817
1.25231
1.27543
1.29771
1.31934
1.34024
1.35942
1.3776
1.39472
1.41149
1.42849
1.44495
1.46114
1.47624
1.49047
1.50492
1.51966
1.53477
1.55032
1.56648
1.58327
1.6008
1.61903
1.63794
1.65729
1.67694
1.69669
1.71629
1.73537
1.75373
1.7713
1.78876
1.80602
1.82334
1.84055
1.85739
1.87389
1.88943
1.90407
1.9184
1.93272
1.9473
1.9624
1.97913
2.00098
2.0194
2.04531
2.02794
1.96442
1.77186
1.34509
0.887719
0.691604
0.703189
0.707518
0.702338
0.695587
0.688649
0.681128
0.67917
0.680238
0.683553
0.687559
0.695893
3.0125
3.01131
3.00082
2.92242
2.6344
1.80897
0.628741
0.273151
0.426123
0.436092
0.451042
0.472467
0.496333
0.520402
0.544912
0.571102
0.599443
0.629168
0.658941
0.688327
0.717341
0.746366
0.775949
0.806637
0.838625
0.871693
0.905051
0.938331
0.97114
1.00332
1.03453
1.06475
1.09414
1.12245
1.14994
1.17664
1.20253
1.22718
1.25098
1.27374
1.29593
1.31706
1.33668
1.35522
1.3727
1.38988
1.40717
1.42386
1.44024
1.45548
1.47005
1.48473
1.49969
1.51503
1.53087
1.54733
1.56453
1.5825
1.60128
1.62077
1.64069
1.66086
1.68141
1.7016
1.72145
1.74039
1.75876
1.77671
1.79438
1.81206
1.82973
1.84704
1.8636
1.87957
1.89441
1.90896
1.9234
1.93815
1.95336
1.96991
1.99135
2.01223
2.04301
2.02457
1.96615
1.77117
1.32972
0.841121
0.664679
0.675485
0.675422
0.670785
0.665552
0.659725
0.65425
0.653409
0.65443
0.657262
0.660644
0.667567
3.0125
3.01134
3.00111
2.92385
2.64107
1.82122
0.654286
0.282546
0.435402
0.446182
0.460525
0.481944
0.507049
0.531594
0.555979
0.58154
0.608777
0.637131
0.665731
0.69417
0.722563
0.751317
0.780921
0.81171
0.843676
0.876457
0.909486
0.942408
0.974929
1.00682
1.03786
1.06795
1.0972
1.12552
1.15284
1.17949
1.20521
1.22978
1.25338
1.27602
1.29807
1.3191
1.33859
1.35703
1.37445
1.3914
1.40842
1.42485
1.44085
1.45591
1.47008
1.48449
1.49922
1.51438
1.53007
1.54641
1.56348
1.58133
1.59994
1.61926
1.63914
1.65939
1.68003
1.70037
1.72041
1.73936
1.75785
1.77587
1.79367
1.81136
1.82906
1.84627
1.86304
1.87865
1.89343
1.90791
1.92246
1.9372
1.95246
1.96897
1.98919
2.01156
2.04317
2.02755
1.96882
1.77341
1.32531
0.821105
0.653325
0.663638
0.662578
0.658111
0.653068
0.647628
0.644029
0.644
0.645203
0.648221
0.651695
0.65866
)
;

boundaryField
{
    inlet
    {
        type            calculated;
        value           uniform 3.01265;
    }
    outlet
    {
        type            calculated;
        value           nonuniform List<scalar> 
40
(
0.506244
0.612979
0.74814
0.86205
0.954092
1.01862
1.05501
1.07312
1.08147
1.08391
1.08262
1.07968
1.07445
1.06768
1.06058
1.05483
1.05054
1.05253
1.0574
1.06203
1.07029
1.08242
1.09717
1.11313
1.13244
1.15431
1.17621
1.20231
1.22732
1.25713
1.28808
1.29964
1.27507
1.23832
1.13887
0.951813
0.769606
0.695893
0.667567
0.65866
)
;
    }
    bottom
    {
        type            symmetryPlane;
    }
    top
    {
        type            symmetryPlane;
    }
    obstacle
    {
        type            calculated;
        value           nonuniform List<scalar> 
110
(
0.0253013
0.0676078
0.112777
0.157297
0.205659
0.256916
0.314341
0.387738
0.476798
0.647016
0.800309
0.154966
0.368181
0.286634
0.317797
0.27275
0.462983
0.627388
0.749314
0.81052
0.831112
0.832786
0.892884
0.958452
0.998172
1.01121
1.00968
1.00548
1.00377
1.0031
1.0033
1.00493
1.00658
1.00722
1.00643
1.00522
0.999644
0.993631
0.97637
0.959034
0.926497
0.891696
0.84924
0.804712
0.762846
0.723266
0.675524
0.622916
0.568779
0.520008
0.475874
0.423433
0.369308
0.320351
0.271687
0.229336
0.199254
0.160758
0.117766
0.0736816
0.0318985
0.00864959
0.0494196
0.0842769
0.117993
0.148797
0.178023
0.206434
0.233362
0.258814
0.283415
0.307022
0.329187
0.350182
0.369798
0.388635
0.406382
0.423564
0.440017
0.455555
0.470617
0.484689
0.498437
0.51116
0.523856
0.53532
0.546354
0.556238
0.565541
0.573115
0.579675
0.585264
0.589522
0.592497
0.593426
0.593501
0.591976
0.588641
0.583493
0.576518
0.567917
0.55803
0.547435
0.536618
0.526655
0.517998
0.51093
0.506721
0.503421
0.506244
)
;
    }
    defaultFaces
    {
        type            empty;
    }
}


// ************************************************************************* //
