/*--------------------------------*- C++ -*----------------------------------*\
| =========                 |                                                 |
| \\      /  F ield         | OpenFOAM: The Open Source CFD Toolbox           |
|  \\    /   O peration     | Version:  v2106                                 |
|   \\  /    A nd           | Website:  www.openfoam.com                      |
|    \\/     M anipulation  |                                                 |
\*---------------------------------------------------------------------------*/
FoamFile
{
    version     2.0;
    format      ascii;
    arch        "LSB;label=32;scalar=64";
    class       volScalarField;
    location    "4";
    object      psi;
}
// * * * * * * * * * * * * * * * * * * * * * * * * * * * * * * * * * * * * * //

dimensions      [0 -2 2 0 0 0 0];

internalField   nonuniform List<scalar> 
5250
(
1.40845
1.40845
1.40845
1.40845
1.40845
1.40845
1.40845
1.40845
1.40843
1.40821
1.40627
1.38838
1.26524
0.931595
0.505086
0.533244
0.558842
0.559458
0.550317
0.551994
0.551271
0.54992
0.550146
0.551029
0.552291
1.40845
1.40845
1.40845
1.40845
1.40845
1.40845
1.40845
1.40845
1.40843
1.40821
1.40632
1.38891
1.26821
0.936673
0.507552
0.531737
0.560199
0.56115
0.551771
0.553356
0.552508
0.550864
0.551071
0.551907
0.553114
1.40845
1.40845
1.40845
1.40845
1.40845
1.40845
1.40845
1.40845
1.40843
1.40822
1.40642
1.38967
1.27296
0.948935
0.513086
0.530085
0.560831
0.563668
0.554207
0.555688
0.554817
0.553133
0.553329
0.554184
0.555441
1.40845
1.40845
1.40845
1.40845
1.40845
1.40845
1.40845
1.40845
1.40843
1.40824
1.40658
1.39134
1.2845
0.966355
0.520435
0.526693
0.561827
0.566943
0.557008
0.558717
0.557739
0.55585
0.555988
0.556863
0.558117
1.40845
1.40845
1.40845
1.40845
1.40845
1.40845
1.40845
1.40845
1.40843
1.40826
1.40679
1.39398
1.30119
0.992015
0.545947
0.523049
0.569342
0.573856
0.562165
0.562902
0.561583
0.559425
0.559443
0.560233
0.561541
1.40845
1.40845
1.40845
1.40845
1.40845
1.40845
1.40845
1.40845
1.40843
1.40829
1.40706
1.39628
1.31607
1.02667
0.602765
0.518648
0.586275
0.586039
0.57177
0.569451
0.566539
0.563431
0.563595
0.564527
0.566396
1.40845
1.40845
1.40845
1.40845
1.40845
1.40845
1.40845
1.40845
1.40844
1.40833
1.4074
1.39941
1.33638
1.07564
0.700337
0.509298
0.614459
0.611565
0.59107
0.581656
0.573524
0.568675
0.568344
0.570064
0.572157
1.40845
1.40845
1.40845
1.40845
1.40845
1.40845
1.40845
1.40845
1.40844
1.40837
1.40768
1.40182
1.35194
1.11936
0.741675
0.483822
0.61434
0.624889
0.61406
0.600589
0.586029
0.576352
0.574779
0.575954
0.58274
1.40845
1.40845
1.40845
1.40845
1.40845
1.40845
1.40845
1.40845
1.40844
1.40839
1.40792
1.40369
1.36544
1.1647
0.790359
0.45671
0.589472
0.619146
0.614104
0.612649
0.604644
0.588189
0.58564
0.584648
0.598528
1.40845
1.40845
1.40845
1.40845
1.40845
1.40845
1.40845
1.40845
1.40845
1.40841
1.40804
1.40476
1.37534
1.20399
0.840221
0.457657
0.564529
0.602086
0.607262
0.618172
0.614926
0.603749
0.598488
0.597075
0.637308
1.40845
1.40845
1.40845
1.40845
1.40845
1.40845
1.40845
1.40845
1.40845
1.40842
1.40814
1.40571
1.38304
1.24045
0.900538
0.477607
0.564975
0.578508
0.591383
0.610402
0.624016
0.619881
0.619939
0.630865
0.710536
1.40845
1.40845
1.40845
1.40845
1.40845
1.40845
1.40845
1.40845
1.40845
1.40843
1.40825
1.40661
1.39163
1.28618
0.966115
0.510864
0.548652
0.585943
0.594439
0.605201
0.621392
0.637444
0.637267
0.644867
0.758101
1.40845
1.40845
1.40845
1.40845
1.40845
1.40845
1.40845
1.40845
1.40845
1.40844
1.40833
1.40733
1.39878
1.3314
1.0401
0.57598
0.53229
0.596429
0.606566
0.606381
0.613976
0.631463
0.655725
0.661639
0.758348
1.40845
1.40845
1.40845
1.40845
1.40845
1.40845
1.40845
1.40845
1.40845
1.40844
1.40837
1.4077
1.40217
1.35551
1.12978
0.741438
0.49826
0.616766
0.616309
0.612669
0.617315
0.631271
0.6559
0.675973
0.75803
1.40845
1.40845
1.40845
1.40845
1.40845
1.40845
1.40845
1.40845
1.40845
1.40845
1.40841
1.40806
1.40504
1.37402
1.19619
0.831291
0.48164
0.613775
0.62502
0.62157
0.623377
0.634319
0.65523
0.680391
0.748082
1.40845
1.40845
1.40845
1.40845
1.40845
1.40845
1.40845
1.40845
1.40845
1.40845
1.40842
1.40819
1.40609
1.38695
1.25927
0.920336
0.492102
0.596994
0.628476
0.635566
0.634677
0.640276
0.654729
0.678237
0.730334
1.40845
1.40845
1.40845
1.40845
1.40845
1.40845
1.40845
1.40845
1.40845
1.40845
1.40843
1.40828
1.40699
1.39571
1.31375
1.01888
0.53233
0.559863
0.634247
0.656375
0.652399
0.649746
0.657504
0.676436
0.712907
1.40845
1.40845
1.40845
1.40845
1.40845
1.40845
1.40845
1.40845
1.40845
1.40845
1.40844
1.40838
1.40782
1.40286
1.36032
1.14122
0.728859
0.503688
0.627712
0.65607
0.656463
0.657546
0.66386
0.678769
0.705681
1.40845
1.40845
1.40845
1.40845
1.40845
1.40845
1.40845
1.40845
1.40845
1.40845
1.40845
1.40841
1.40807
1.40513
1.37935
1.22213
0.868999
0.503581
0.618338
0.647199
0.666767
0.667854
0.672715
0.68411
0.705593
1.40845
1.40845
1.40845
1.40845
1.40845
1.40845
1.40845
1.40845
1.40845
1.40845
1.40845
1.40843
1.40825
1.40671
1.39367
1.3012
0.990699
0.528017
0.578292
0.653784
0.686195
0.685919
0.68663
0.692517
0.707689
1.40845
1.40845
1.40845
1.40845
1.40845
1.40845
1.40845
1.40845
1.40845
1.40845
1.40845
1.40844
1.40838
1.40776
1.40254
1.35817
1.13261
0.708873
0.519543
0.642117
0.675191
0.688554
0.693872
0.701119
0.712962
1.40845
1.40845
1.40845
1.40845
1.40845
1.40845
1.40845
1.40845
1.40845
1.40845
1.40845
1.40845
1.4084
1.40805
1.40513
1.38122
1.23575
0.881963
0.521039
0.620016
0.661919
0.692242
0.702766
0.710707
0.720793
1.40845
1.40845
1.40845
1.40845
1.40845
1.40845
1.40845
1.40845
1.40845
1.40845
1.40845
1.40845
1.40843
1.40832
1.40724
1.39814
1.32538
1.02841
0.554323
0.575928
0.664271
0.693075
0.706544
0.716917
0.727874
1.40845
1.40845
1.40845
1.40845
1.40845
1.40845
1.40845
1.40845
1.40845
1.40845
1.40845
1.40845
1.40844
1.40838
1.40786
1.40368
1.37057
1.19048
0.776901
0.521166
0.646641
0.677526
0.710321
0.721751
0.733977
1.40845
1.40845
1.40845
1.40845
1.40845
1.40845
1.40845
1.40845
1.40845
1.40845
1.40845
1.40845
1.40845
1.40843
1.40827
1.4068
1.39442
1.30153
0.965187
0.547015
0.597336
0.680645
0.708218
0.721511
0.734558
1.40845
1.40845
1.40845
1.40845
1.40845
1.40845
1.40845
1.40845
1.40845
1.40845
1.40845
1.40845
1.40845
1.40844
1.40836
1.40772
1.40278
1.36417
1.16284
0.737055
0.532068
0.661246
0.689187
0.721602
0.733862
1.40845
1.40845
1.40845
1.40845
1.40845
1.40845
1.40845
1.40845
1.40845
1.40845
1.40845
1.40845
1.40845
1.40845
1.40842
1.40825
1.4066
1.39216
1.28791
0.936701
0.551482
0.608923
0.691736
0.719527
0.733335
1.40845
1.40845
1.40845
1.40845
1.40845
1.40845
1.40845
1.40845
1.40845
1.40845
1.40845
1.40845
1.40845
1.40845
1.40844
1.40835
1.40765
1.40241
1.36132
1.14958
0.7096
0.545507
0.669974
0.701566
0.732794
1.40845
1.40845
1.40845
1.40845
1.40845
1.40845
1.40845
1.40845
1.40845
1.40845
1.40845
1.40845
1.40845
1.40845
1.40844
1.40837
1.40838
1.40706
1.39375
1.29498
0.946483
0.554309
0.60821
0.6956
0.725224
1.40845
1.40845
1.40845
1.40845
1.40845
1.40845
1.40845
1.40845
1.40845
1.40845
1.40845
1.40845
1.40845
1.40845
1.40845
1.40844
1.40835
1.40759
1.40191
1.35855
1.12946
0.658156
0.54988
0.66457
0.703396
1.40845
1.40845
1.40845
1.40845
1.40845
1.40845
1.40845
1.40845
1.40845
1.40845
1.40845
1.40845
1.40845
1.40845
1.40845
1.40845
1.40842
1.40826
1.40689
1.39598
1.31309
1.02582
0.590376
0.626288
0.723518
1.40845
1.40845
1.40845
1.40845
1.40845
1.40845
1.40845
1.40845
1.40845
1.40845
1.40845
1.40845
1.40845
1.40845
1.40845
1.40845
1.40844
1.40838
1.40769
1.39976
1.40119
1.2953
0.775513
0.54712
0.66265
1.40845
1.40845
1.40845
1.40845
1.40845
1.40845
1.40845
1.40845
1.40845
1.40845
1.40845
1.40845
1.40845
1.40845
1.40845
1.40845
1.40845
1.40843
1.40829
1.40713
1.39869
1.3366
1.06126
0.591559
0.601076
1.40845
1.40845
1.40845
1.40845
1.40845
1.40845
1.40845
1.40845
1.40845
1.40845
1.40845
1.40845
1.40845
1.40845
1.40845
1.40845
1.40845
1.40844
1.4084
1.40809
1.4059
1.39312
1.28972
0.858154
0.555237
1.40845
1.40845
1.40845
1.40845
1.40845
1.40845
1.40845
1.40845
1.40845
1.40845
1.40845
1.40845
1.40845
1.40845
1.40845
1.40845
1.40845
1.40845
1.40843
1.4083
1.40729
1.40003
1.34694
1.09812
0.625202
1.40845
1.40845
1.40845
1.40845
1.40845
1.40845
1.40845
1.40845
1.40845
1.40845
1.40845
1.40845
1.40845
1.40845
1.40845
1.40845
1.40845
1.40845
1.40845
1.40842
1.40823
1.40681
1.39706
1.31388
1.01098
1.40845
1.40845
1.40845
1.40845
1.40845
1.40845
1.40845
1.40845
1.40845
1.40845
1.40845
1.40845
1.40845
1.40845
1.40845
1.40845
1.40845
1.40845
1.40845
1.40843
1.40824
1.40821
1.40462
1.40504
1.31411
1.40845
1.40845
1.40845
1.40845
1.40845
1.40845
1.40845
1.40845
1.40845
1.40845
1.40845
1.40845
1.40845
1.40845
1.40845
1.40845
1.40845
1.40845
1.40845
1.40845
1.40843
1.4083
1.40735
1.40036
1.34992
1.40845
1.40845
1.40845
1.40845
1.40845
1.40845
1.40845
1.40845
1.40845
1.40845
1.40845
1.40845
1.40845
1.40845
1.40845
1.40845
1.40845
1.40845
1.40845
1.40845
1.40844
1.4084
1.4082
1.40684
1.39835
1.40845
1.40845
1.40845
1.40845
1.40845
1.40845
1.40845
1.40845
1.40845
1.40845
1.40845
1.40845
1.40845
1.40845
1.40845
1.40845
1.40845
1.40845
1.40845
1.40845
1.40845
1.40844
1.40837
1.40777
1.40095
1.40845
1.40845
1.40845
1.40845
1.40845
1.40845
1.40845
1.40845
1.40845
1.40845
1.40845
1.40845
1.40845
1.40845
1.40845
1.40845
1.40845
1.40845
1.40845
1.40845
1.40845
1.40845
1.40843
1.40831
1.40743
1.40845
1.40845
1.40845
1.40845
1.40845
1.40845
1.40845
1.40845
1.40845
1.40845
1.40845
1.40845
1.40845
1.40845
1.40845
1.40845
1.40845
1.40845
1.40845
1.40845
1.40845
1.40845
1.40844
1.4084
1.40813
1.40845
1.40845
1.40845
1.40845
1.40845
1.40845
1.40845
1.40845
1.40845
1.40845
1.40845
1.40845
1.40845
1.40845
1.40845
1.40845
1.40845
1.40845
1.40845
1.40845
1.40845
1.40845
1.40845
1.40843
1.4084
1.40845
1.40845
1.40845
1.40845
1.40845
1.40845
1.40845
1.40845
1.40845
1.40845
1.40845
1.40845
1.40845
1.40845
1.40845
1.40845
1.40845
1.40845
1.40845
1.40845
1.40845
1.40845
1.40845
1.40845
1.40842
1.40845
1.40845
1.40845
1.40845
1.40845
1.40845
1.40845
1.40845
1.40845
1.40845
1.40845
1.40845
1.40845
1.40845
1.40845
1.40845
1.40845
1.40845
1.40845
1.40845
1.40845
1.40845
1.40845
1.40845
1.40844
1.40845
1.40845
1.40845
1.40845
1.40845
1.40845
1.40845
1.40845
1.40845
1.40845
1.40845
1.40845
1.40845
1.40845
1.40845
1.40845
1.40845
1.40845
1.40845
1.40845
1.40845
1.40845
1.40845
1.40845
1.40843
1.40845
1.40845
1.40845
1.40845
1.40845
1.40845
1.40845
1.40845
1.40845
1.40845
1.40845
1.40845
1.40845
1.40845
1.40845
1.40845
1.40845
1.40845
1.40845
1.40845
1.40845
1.40845
1.40845
1.40845
1.40843
1.40845
1.40845
1.40845
1.40845
1.40845
1.40845
1.40845
1.40845
1.40845
1.40845
1.40845
1.40845
1.40845
1.40845
1.40845
1.40845
1.40845
1.40845
1.40845
1.40845
1.40845
1.40845
1.40845
1.40845
1.40843
1.40845
1.40845
1.40845
1.40845
1.40845
1.40845
1.40845
1.40845
1.40845
1.40845
1.40845
1.40845
1.40845
1.40845
1.40845
1.40845
1.40845
1.40845
1.40845
1.40845
1.40845
1.40845
1.40845
1.40845
1.40843
1.40845
1.40845
1.40845
1.40845
1.40845
1.40845
1.40845
1.40845
1.40845
1.40845
1.40845
1.40845
1.40845
1.40845
1.40845
1.40845
1.40845
1.40845
1.40845
1.40845
1.40845
1.40845
1.40845
1.40845
1.40843
0.632008
0.564327
0.568505
0.566676
0.564926
0.547675
0.541995
0.546521
0.57521
0.590477
0.594873
0.59521
0.583673
0.612077
0.630466
0.637101
0.637879
0.63813
0.638844
0.639498
0.640018
0.640488
0.64257
0.643329
0.64322
0.642993
0.64316
0.642566
0.643064
0.641128
0.640236
0.635395
0.629569
0.619831
0.610819
0.605187
0.601373
0.593382
0.582883
0.575127
0.569547
0.565659
0.555786
0.550206
0.544939
0.539473
0.536803
0.535448
0.534674
0.533262
0.532531
0.5319
0.531298
0.532212
0.533365
0.53489
0.536839
0.538876
0.541193
0.543552
0.546057
0.548718
0.551414
0.554103
0.556916
0.559755
0.562691
0.565709
0.568829
0.571996
0.575194
0.578468
0.581804
0.585243
0.588789
0.592235
0.595627
0.599113
0.60245
0.605723
0.608859
0.612143
0.61496
0.617652
0.620607
0.623824
0.626336
0.628481
0.63069
0.632834
0.635029
0.637295
0.639825
0.642856
0.646251
0.65024
0.654561
0.659647
0.664965
0.674199
0.631676
0.570385
0.57221
0.558971
0.561488
0.532419
0.515065
0.50929
0.526434
0.533903
0.535548
0.53669
0.53556
0.552603
0.564152
0.569059
0.569944
0.570509
0.571054
0.572157
0.573011
0.572927
0.575802
0.579891
0.581594
0.582662
0.5839
0.58405
0.584687
0.583102
0.580068
0.577514
0.571835
0.567102
0.559582
0.555868
0.553946
0.549112
0.54402
0.53756
0.534498
0.532528
0.530879
0.527404
0.52115
0.522478
0.524628
0.52463
0.523849
0.525287
0.527701
0.530171
0.533535
0.536992
0.539675
0.542544
0.545718
0.548684
0.552082
0.555003
0.557851
0.561123
0.563959
0.566216
0.568643
0.570334
0.571688
0.572705
0.573763
0.574691
0.575607
0.576469
0.57731
0.578239
0.57932
0.580528
0.581812
0.583211
0.584739
0.585905
0.587097
0.588304
0.589134
0.589953
0.590959
0.592063
0.592903
0.593547
0.594242
0.595068
0.59617
0.597524
0.599418
0.601899
0.604852
0.608396
0.611825
0.615775
0.61909
0.624618
0.710427
0.651514
0.597551
0.570498
0.569176
0.566443
0.554577
0.532212
0.53366
0.537914
0.534125
0.520548
0.513117
0.498666
0.526419
0.534025
0.536602
0.536375
0.538414
0.540753
0.54266
0.544273
0.54539
0.546293
0.546419
0.546398
0.546728
0.546733
0.549343
0.548727
0.54925
0.54855
0.542238
0.537751
0.534865
0.532817
0.531802
0.527777
0.521145
0.52011
0.520897
0.519435
0.523061
0.526153
0.530139
0.535884
0.542877
0.54875
0.555286
0.561895
0.567071
0.572873
0.577631
0.582453
0.585853
0.588995
0.592523
0.595782
0.599571
0.603158
0.606514
0.610278
0.614091
0.616857
0.61963
0.62239
0.624845
0.626964
0.628999
0.63091
0.632855
0.634002
0.635123
0.635919
0.636766
0.637498
0.638396
0.638925
0.639416
0.639909
0.640364
0.640787
0.640615
0.63996
0.639066
0.637875
0.636218
0.634036
0.631375
0.628378
0.625225
0.621985
0.619493
0.617522
0.616561
0.616755
0.617175
0.618411
0.620195
0.623833
0.752281
0.724122
0.672435
0.61468
0.588734
0.590306
0.593134
0.581609
0.568293
0.567533
0.566971
0.556895
0.544981
0.516468
0.498656
0.490224
0.493244
0.517969
0.538682
0.52855
0.524833
0.524864
0.525709
0.532632
0.535242
0.53686
0.537824
0.53701
0.537976
0.536078
0.533555
0.531991
0.530206
0.519105
0.520469
0.523079
0.526289
0.527771
0.530422
0.539827
0.550625
0.560291
0.570429
0.578113
0.582626
0.589551
0.596854
0.602315
0.609235
0.613025
0.617344
0.62065
0.624026
0.628625
0.63218
0.634999
0.638224
0.641383
0.644907
0.647568
0.650064
0.65295
0.656475
0.659065
0.661211
0.663329
0.665387
0.667357
0.669318
0.671343
0.67288
0.674587
0.676072
0.677437
0.678381
0.679618
0.679848
0.68022
0.680571
0.68099
0.68106
0.681121
0.681424
0.681323
0.680784
0.679924
0.678548
0.676716
0.674362
0.671321
0.6676
0.663271
0.658551
0.65413
0.649758
0.646773
0.643405
0.641842
0.641848
0.642849
0.775167
0.763528
0.732714
0.683029
0.633475
0.623263
0.63442
0.62409
0.612345
0.598925
0.596672
0.596077
0.594328
0.583616
0.557282
0.526097
0.509468
0.504807
0.507999
0.512853
0.520684
0.526911
0.527321
0.526873
0.52584
0.526835
0.533554
0.538902
0.53406
0.53013
0.527857
0.523249
0.525704
0.531181
0.539391
0.551954
0.56708
0.576408
0.586569
0.595124
0.601552
0.61026
0.619311
0.625445
0.631446
0.638024
0.643654
0.65023
0.655534
0.657091
0.65869
0.661347
0.664013
0.66683
0.670518
0.673238
0.675139
0.67734
0.679855
0.682718
0.685324
0.688195
0.691758
0.693752
0.695367
0.697298
0.699487
0.701863
0.703627
0.705241
0.706757
0.708542
0.710099
0.711448
0.712903
0.713498
0.714062
0.714448
0.714663
0.715112
0.715623
0.715177
0.714659
0.714665
0.71435
0.71368
0.712314
0.710339
0.707917
0.70509
0.701792
0.697881
0.693461
0.688583
0.684252
0.681243
0.677778
0.674961
0.674345
0.67366
0.772802
0.788697
0.777155
0.744416
0.705964
0.671366
0.670804
0.6619
0.643881
0.631244
0.620547
0.621883
0.63509
0.63399
0.621967
0.601557
0.577401
0.554718
0.540466
0.529999
0.529153
0.531298
0.534952
0.535165
0.535718
0.535061
0.533336
0.533697
0.532643
0.535213
0.540832
0.547533
0.556351
0.568052
0.579788
0.594923
0.609665
0.623043
0.641742
0.646936
0.653237
0.663214
0.670246
0.678376
0.681982
0.682616
0.68405
0.688073
0.691728
0.69233
0.693473
0.69631
0.697823
0.699552
0.702032
0.703777
0.705951
0.708638
0.709629
0.711323
0.714273
0.716683
0.719893
0.722056
0.723686
0.725689
0.728022
0.730478
0.732368
0.733518
0.73481
0.736307
0.737938
0.739684
0.740907
0.741903
0.743171
0.743523
0.743761
0.744154
0.744607
0.744545
0.743794
0.742879
0.742475
0.741911
0.740795
0.738951
0.736441
0.733443
0.730079
0.726281
0.721948
0.717033
0.711443
0.708203
0.704432
0.702372
0.701861
0.700903
0.760954
0.786909
0.791059
0.779806
0.765953
0.746034
0.723751
0.715771
0.698092
0.678358
0.657847
0.652436
0.659177
0.658905
0.651816
0.640796
0.629163
0.617048
0.603114
0.588231
0.573033
0.561771
0.55808
0.553741
0.552719
0.550646
0.5476
0.549452
0.553891
0.560023
0.568218
0.581871
0.600064
0.621277
0.635789
0.65206
0.666156
0.682825
0.701451
0.701769
0.705093
0.710922
0.714642
0.71878
0.71783
0.71957
0.719517
0.722636
0.722923
0.72304
0.723862
0.725962
0.726362
0.727197
0.72833
0.730096
0.731387
0.732762
0.734407
0.735829
0.738025
0.739842
0.741394
0.743666
0.745504
0.747937
0.750669
0.752114
0.753391
0.75493
0.756838
0.758942
0.760431
0.761805
0.763173
0.764855
0.766015
0.766495
0.767071
0.767594
0.767722
0.768081
0.767642
0.766608
0.765632
0.765052
0.76405
0.762438
0.76006
0.756977
0.753381
0.749358
0.744901
0.739845
0.73391
0.72853
0.725258
0.723584
0.723008
0.722538
0.742024
0.778665
0.789939
0.794925
0.792535
0.786465
0.782241
0.775894
0.764508
0.743211
0.717755
0.697381
0.696915
0.698076
0.690597
0.67956
0.667086
0.656195
0.64655
0.637432
0.627689
0.614341
0.603069
0.591406
0.584058
0.573878
0.572746
0.570559
0.576522
0.586648
0.603493
0.629459
0.656412
0.680823
0.699577
0.719808
0.731273
0.744426
0.756503
0.75544
0.758266
0.7599
0.756777
0.753143
0.747537
0.74812
0.748762
0.751919
0.751275
0.752069
0.751054
0.748623
0.745864
0.747042
0.748741
0.750198
0.750656
0.750665
0.751274
0.752416
0.753768
0.755073
0.756305
0.758716
0.761071
0.762715
0.764742
0.766095
0.767807
0.769918
0.772114
0.773641
0.775116
0.776612
0.778464
0.780426
0.78192
0.782692
0.783523
0.784007
0.784754
0.784717
0.784646
0.784112
0.783205
0.782473
0.781448
0.779986
0.7779
0.775048
0.771438
0.767142
0.762301
0.756843
0.750859
0.743552
0.739566
0.738171
0.738577
0.738687
0.732343
0.763704
0.784133
0.79434
0.795688
0.799803
0.806047
0.811966
0.807428
0.798448
0.78283
0.76693
0.752011
0.750046
0.740535
0.727101
0.712217
0.698773
0.687999
0.677868
0.669187
0.660148
0.650704
0.639787
0.628132
0.609078
0.600377
0.587498
0.598354
0.616033
0.646657
0.6884
0.711897
0.735033
0.75676
0.776338
0.788772
0.80221
0.809237
0.811848
0.816335
0.814791
0.808511
0.802378
0.791366
0.779614
0.767031
0.762074
0.766591
0.770776
0.770302
0.76913
0.764836
0.759653
0.757826
0.759211
0.761637
0.762366
0.762781
0.763332
0.763983
0.765563
0.766363
0.767784
0.770338
0.771616
0.773286
0.77469
0.776015
0.777586
0.779879
0.781894
0.783809
0.785848
0.78794
0.789356
0.791173
0.791891
0.792711
0.793789
0.794498
0.794843
0.795409
0.795182
0.794742
0.794181
0.793301
0.79184
0.789748
0.786987
0.783546
0.779377
0.77447
0.768816
0.762397
0.754249
0.747986
0.748015
0.748538
0.749397
0.728723
0.749514
0.77221
0.78853
0.793227
0.800813
0.811592
0.825697
0.833937
0.833159
0.830813
0.825022
0.818574
0.81271
0.803641
0.789444
0.771496
0.754565
0.738374
0.726439
0.715292
0.704856
0.693661
0.678169
0.661134
0.628429
0.5946
0.605458
0.621239
0.649285
0.695656
0.740155
0.763518
0.785799
0.803382
0.817285
0.830153
0.843548
0.85181
0.858966
0.864154
0.86154
0.857696
0.853286
0.841033
0.828218
0.811618
0.788887
0.765596
0.767387
0.773532
0.777056
0.777318
0.775643
0.771231
0.765564
0.766511
0.76849
0.769154
0.770428
0.770745
0.771195
0.771673
0.772699
0.775635
0.776263
0.777065
0.778359
0.78
0.78161
0.783916
0.786684
0.788003
0.789443
0.790905
0.793007
0.794344
0.795313
0.796424
0.797308
0.79836
0.799293
0.799834
0.799596
0.799008
0.798605
0.798106
0.797031
0.795293
0.792794
0.789573
0.785633
0.780883
0.775154
0.768362
0.759703
0.752067
0.752377
0.753126
0.754928
0.72994
0.747082
0.761063
0.777728
0.786461
0.79716
0.809262
0.823391
0.833471
0.84513
0.850806
0.853758
0.858011
0.861609
0.860477
0.854197
0.842804
0.826875
0.809004
0.792548
0.777186
0.761247
0.742921
0.719571
0.682799
0.609416
0.615008
0.63244
0.657119
0.692242
0.744748
0.771529
0.79556
0.813895
0.833062
0.847791
0.861545
0.872706
0.879958
0.887631
0.894105
0.894013
0.894882
0.892108
0.884338
0.874358
0.855552
0.83296
0.813202
0.788949
0.760541
0.769465
0.783566
0.783325
0.782627
0.779152
0.775735
0.771948
0.773172
0.773891
0.774961
0.776409
0.776681
0.777003
0.777945
0.780263
0.7803
0.781041
0.782911
0.786066
0.788282
0.789977
0.791175
0.792574
0.794447
0.796655
0.797232
0.798176
0.799579
0.800051
0.800585
0.801575
0.802529
0.802535
0.801852
0.801288
0.800919
0.800121
0.798736
0.796476
0.793267
0.789146
0.784085
0.778002
0.770701
0.761565
0.751623
0.752024
0.753608
0.756293
0.734274
0.748114
0.760947
0.770391
0.778416
0.78993
0.802698
0.816
0.829513
0.843483
0.853848
0.862107
0.871049
0.879912
0.890366
0.893536
0.890536
0.882029
0.870215
0.856106
0.842302
0.825696
0.802536
0.767336
0.70877
0.619219
0.652593
0.671065
0.698038
0.735745
0.771589
0.792924
0.81464
0.832565
0.851493
0.865876
0.881538
0.891216
0.899474
0.904315
0.909581
0.914326
0.918064
0.916156
0.911912
0.906952
0.894109
0.881943
0.867633
0.84121
0.811658
0.776406
0.768434
0.778332
0.785318
0.789577
0.788631
0.784649
0.779365
0.77821
0.778627
0.779063
0.780961
0.781639
0.782273
0.783029
0.784573
0.786124
0.787804
0.790642
0.792023
0.793412
0.795017
0.797035
0.799309
0.799854
0.800366
0.801458
0.802605
0.803451
0.803931
0.804628
0.805553
0.805716
0.805372
0.804309
0.803789
0.802899
0.801621
0.799769
0.796978
0.792868
0.787279
0.780274
0.771775
0.761519
0.749159
0.74994
0.752004
0.755304
0.740449
0.751139
0.762421
0.769922
0.776132
0.783901
0.793192
0.805294
0.820938
0.835735
0.849549
0.86007
0.871375
0.88256
0.896965
0.909892
0.912475
0.910604
0.905159
0.893835
0.882
0.863544
0.833757
0.781867
0.700741
0.656923
0.687818
0.701777
0.727446
0.761115
0.77854
0.797624
0.816643
0.835516
0.853088
0.869906
0.885007
0.895879
0.906993
0.916426
0.925
0.924809
0.925859
0.925961
0.926695
0.927886
0.925092
0.919639
0.911433
0.892367
0.870987
0.840856
0.803976
0.760561
0.770676
0.788373
0.793587
0.793543
0.792972
0.788971
0.785387
0.785917
0.786867
0.789246
0.789439
0.789445
0.790024
0.791259
0.793088
0.795264
0.797693
0.799298
0.800802
0.802527
0.803685
0.803827
0.804815
0.806704
0.807239
0.807865
0.808507
0.809096
0.809834
0.809611
0.809182
0.808512
0.807758
0.806629
0.804997
0.802878
0.800088
0.796278
0.790882
0.783425
0.773687
0.761682
0.745833
0.74664
0.748952
0.753061
0.747462
0.756224
0.765651
0.771538
0.777289
0.782422
0.789202
0.798572
0.811074
0.825012
0.840968
0.85414
0.867428
0.88103
0.895083
0.9115
0.918538
0.924336
0.922804
0.912912
0.900694
0.874135
0.826816
0.755046
0.660498
0.691898
0.707487
0.72541
0.749573
0.7652
0.78171
0.799436
0.817541
0.834581
0.848489
0.863556
0.876513
0.888202
0.899862
0.912652
0.917738
0.924642
0.931377
0.932873
0.937203
0.938557
0.939281
0.937618
0.934699
0.927599
0.918509
0.897927
0.86973
0.837487
0.798431
0.769543
0.782393
0.792163
0.803675
0.80144
0.798641
0.792596
0.793114
0.793904
0.794998
0.797051
0.799125
0.799304
0.799773
0.800865
0.802255
0.804135
0.806406
0.808202
0.809237
0.810504
0.812269
0.813046
0.813735
0.814851
0.815537
0.815358
0.815479
0.815381
0.814453
0.813298
0.812638
0.8115
0.809743
0.807277
0.804082
0.799986
0.794459
0.786778
0.776304
0.762892
0.74282
0.742885
0.745674
0.750212
0.749755
0.759965
0.770255
0.775047
0.780497
0.784053
0.78936
0.796985
0.805952
0.816588
0.830294
0.844776
0.859513
0.875515
0.890163
0.905791
0.918577
0.929616
0.924761
0.914103
0.89651
0.855619
0.78968
0.685141
0.691355
0.715793
0.731777
0.741996
0.752968
0.764899
0.779798
0.797496
0.812086
0.82649
0.839719
0.853418
0.864666
0.876433
0.888857
0.896349
0.904338
0.915001
0.923034
0.931661
0.942213
0.945031
0.943999
0.94211
0.944613
0.948274
0.948159
0.940735
0.928345
0.905828
0.872502
0.831983
0.772801
0.77644
0.797014
0.799132
0.805208
0.803232
0.800443
0.795912
0.796957
0.797421
0.798796
0.801902
0.803489
0.80346
0.803949
0.805093
0.808409
0.810068
0.810544
0.81173
0.81362
0.814783
0.815849
0.817085
0.818661
0.819375
0.818977
0.819335
0.819331
0.818423
0.817284
0.816177
0.814705
0.812677
0.809729
0.805435
0.799355
0.790903
0.779404
0.764383
0.74033
0.740058
0.743626
0.748335
0.74932
0.760787
0.773069
0.779294
0.785555
0.788583
0.792143
0.797681
0.805068
0.81407
0.823893
0.83445
0.848059
0.864331
0.881277
0.898285
0.919761
0.921859
0.912734
0.904071
0.87653
0.817315
0.720521
0.704419
0.730193
0.73418
0.739634
0.746504
0.755561
0.766517
0.779345
0.793198
0.807348
0.81984
0.832917
0.844506
0.854828
0.866346
0.875129
0.883272
0.892818
0.903871
0.913883
0.924345
0.928058
0.933435
0.941794
0.948704
0.956603
0.958816
0.962966
0.96208
0.960102
0.950223
0.931317
0.901491
0.862918
0.818193
0.764584
0.777392
0.792228
0.811193
0.810147
0.808564
0.804966
0.802376
0.803294
0.804005
0.806104
0.80897
0.809953
0.810656
0.811561
0.812293
0.813202
0.814367
0.815464
0.816972
0.819007
0.81942
0.820287
0.821669
0.822631
0.822148
0.822197
0.822241
0.82157
0.820712
0.819221
0.817259
0.814681
0.81091
0.80503
0.796032
0.783092
0.766025
0.737179
0.736454
0.744241
0.747052
0.748405
0.761635
0.774172
0.781376
0.789198
0.795017
0.797492
0.800426
0.806221
0.814387
0.822854
0.831844
0.841947
0.853951
0.868267
0.885073
0.908688
0.907463
0.895811
0.873344
0.82875
0.763827
0.7138
0.733032
0.744104
0.745134
0.747256
0.750998
0.757085
0.765367
0.775209
0.786268
0.798324
0.809741
0.821594
0.83197
0.843191
0.852764
0.862741
0.87249
0.883111
0.894183
0.902011
0.910528
0.919419
0.929703
0.940578
0.950852
0.962281
0.965354
0.969442
0.968915
0.971794
0.970651
0.965623
0.953201
0.92935
0.895445
0.852658
0.797139
0.783609
0.798538
0.802947
0.816215
0.813285
0.81197
0.808258
0.808652
0.80913
0.810199
0.814102
0.815417
0.815224
0.815764
0.816864
0.818115
0.819155
0.820205
0.821834
0.824155
0.824031
0.824243
0.825174
0.826187
0.825789
0.825273
0.824918
0.824597
0.823669
0.821906
0.819129
0.815035
0.808892
0.799506
0.785396
0.765888
0.731549
0.732926
0.742661
0.745256
0.747213
0.762858
0.775643
0.783514
0.790163
0.799003
0.803198
0.805395
0.809707
0.815764
0.823039
0.83196
0.840196
0.849356
0.860612
0.872794
0.884939
0.880802
0.868764
0.826087
0.76547
0.717186
0.736384
0.746786
0.748883
0.748973
0.749575
0.751701
0.756025
0.762545
0.770701
0.779951
0.789925
0.800212
0.81101
0.821355
0.832241
0.841963
0.852716
0.863494
0.87504
0.882438
0.892072
0.90294
0.914457
0.925318
0.933605
0.941224
0.948454
0.956521
0.964045
0.972475
0.976913
0.981369
0.981587
0.978223
0.970585
0.957997
0.93246
0.891384
0.848742
0.781156
0.785278
0.800746
0.812895
0.822422
0.819792
0.817592
0.814261
0.815247
0.81625
0.818619
0.820883
0.821331
0.821013
0.82161
0.822784
0.824082
0.825352
0.827332
0.828811
0.828324
0.828126
0.828745
0.829607
0.829387
0.828426
0.827907
0.827121
0.825776
0.823419
0.819399
0.812747
0.802156
0.785927
0.762883
0.723973
0.730564
0.738975
0.741632
0.744795
0.759007
0.775208
0.785964
0.791813
0.800598
0.805932
0.808773
0.8135
0.818866
0.82461
0.831457
0.838849
0.847402
0.861129
0.861509
0.856315
0.849021
0.817038
0.764058
0.713358
0.736426
0.74255
0.752276
0.750624
0.750232
0.750767
0.752514
0.755824
0.760728
0.76714
0.774898
0.783664
0.793212
0.803545
0.813517
0.823469
0.834083
0.844339
0.854036
0.864088
0.873601
0.884423
0.89581
0.9053
0.913906
0.924223
0.932904
0.940808
0.949502
0.958664
0.967904
0.978632
0.985915
0.985644
0.989066
0.994008
0.991202
0.98309
0.964744
0.930391
0.87845
0.829307
0.784217
0.801138
0.81231
0.830799
0.82929
0.825374
0.823473
0.823151
0.82337
0.824316
0.8256
0.826708
0.828134
0.828233
0.828841
0.829734
0.830671
0.832087
0.833156
0.832809
0.83221
0.832577
0.832824
0.832435
0.831442
0.830678
0.829294
0.827132
0.823356
0.816496
0.804577
0.785689
0.757488
0.715691
0.725104
0.739748
0.738571
0.744682
0.759455
0.774873
0.790055
0.796476
0.804043
0.809775
0.811281
0.814843
0.820093
0.826564
0.830905
0.837375
0.847296
0.853822
0.848116
0.838587
0.806419
0.753808
0.709876
0.728158
0.734964
0.75216
0.75099
0.749208
0.749865
0.750914
0.752674
0.755452
0.759512
0.764951
0.771805
0.780004
0.788966
0.799036
0.808663
0.818754
0.82998
0.838674
0.847872
0.858007
0.868365
0.880379
0.88797
0.897054
0.906829
0.917781
0.926927
0.936361
0.945291
0.954653
0.963124
0.970318
0.979187
0.988594
1.00003
1.00149
1.00322
1.00767
1.00304
0.984667
0.959385
0.919596
0.870002
0.797512
0.796388
0.816513
0.822716
0.835574
0.83304
0.829526
0.827736
0.827851
0.828047
0.828758
0.830584
0.832785
0.834534
0.834995
0.835366
0.835978
0.836896
0.837227
0.837025
0.836462
0.836438
0.836205
0.835693
0.834823
0.833593
0.831437
0.82756
0.82028
0.806864
0.784877
0.749164
0.70662
0.722762
0.736897
0.735856
0.738421
0.759385
0.773563
0.789009
0.797001
0.804892
0.813758
0.814408
0.816019
0.82088
0.827751
0.831216
0.836981
0.844387
0.840735
0.833342
0.804044
0.748873
0.694245
0.72057
0.725666
0.74575
0.749787
0.749155
0.749754
0.75122
0.753415
0.756042
0.759069
0.762676
0.767169
0.77258
0.779199
0.786738
0.795301
0.804688
0.81491
0.825529
0.834479
0.84452
0.854165
0.864541
0.872632
0.882259
0.892585
0.902266
0.911
0.920897
0.931841
0.942653
0.9512
0.960418
0.967044
0.97495
0.984347
0.994836
1.00195
1.01059
1.01339
1.01793
1.01585
1.01013
0.990378
0.951616
0.903709
0.848398
0.786158
0.803846
0.817125
0.836914
0.840426
0.836424
0.835323
0.83303
0.833461
0.834128
0.835582
0.838034
0.840524
0.841304
0.841564
0.841441
0.841469
0.841545
0.841438
0.841174
0.840669
0.840097
0.839437
0.838567
0.836554
0.832418
0.824122
0.808384
0.781933
0.731657
0.701541
0.726685
0.730497
0.731957
0.725217
0.755985
0.76786
0.780793
0.791262
0.799719
0.811818
0.813937
0.815505
0.819437
0.825879
0.832007
0.834714
0.832466
0.827363
0.802791
0.749278
0.676762
0.714334
0.717191
0.728482
0.746092
0.748738
0.751467
0.753364
0.754915
0.756839
0.75938
0.76228
0.765575
0.769471
0.773977
0.779368
0.785799
0.793169
0.801568
0.810342
0.819662
0.82914
0.8392
0.848699
0.858304
0.867275
0.877212
0.887644
0.897099
0.906164
0.916038
0.926193
0.936962
0.946369
0.955223
0.963048
0.971001
0.979373
0.988908
0.998696
1.0089
1.02149
1.03243
1.02701
1.02775
1.02413
1.00803
0.980371
0.935861
0.883083
0.808989
0.807778
0.830185
0.835589
0.849219
0.845881
0.842168
0.840789
0.839224
0.839661
0.840636
0.842368
0.844787
0.846347
0.846271
0.845693
0.845748
0.845793
0.845804
0.84588
0.845575
0.844532
0.843848
0.841948
0.83777
0.828232
0.809006
0.775528
0.707269
0.702838
0.724728
0.729175
0.729227
0.703389
0.732421
0.765245
0.776563
0.789997
0.796067
0.805352
0.815279
0.816138
0.820022
0.828128
0.832957
0.828411
0.820705
0.798576
0.7504
0.668151
0.696331
0.702706
0.715399
0.733753
0.739205
0.745846
0.753879
0.757493
0.75866
0.760204
0.762398
0.765214
0.768325
0.771766
0.775625
0.780141
0.785554
0.791825
0.79902
0.807023
0.815667
0.824906
0.83422
0.843993
0.853624
0.86372
0.872911
0.882654
0.892208
0.901608
0.911121
0.920924
0.931591
0.941279
0.95023
0.957772
0.966092
0.973246
0.980633
0.988349
0.99755
1.01083
1.0252
1.03207
1.0315
1.03627
1.03121
1.02155
1.00136
0.969933
0.926199
0.870612
0.8038
0.82054
0.836203
0.852812
0.853908
0.849661
0.84858
0.846917
0.846697
0.84675
0.848136
0.851195
0.852374
0.852002
0.851266
0.850618
0.8507
0.851473
0.851651
0.850117
0.849109
0.847089
0.842406
0.830989
0.807517
0.764547
0.688931
0.705096
0.722127
0.728102
0.727751
0.631106
0.718089
0.752443
0.772126
0.785366
0.79702
0.806656
0.819283
0.819804
0.820238
0.825417
0.825379
0.819235
0.797011
0.750436
0.66613
0.671605
0.688314
0.719039
0.730463
0.731491
0.735929
0.742355
0.750352
0.75682
0.759884
0.76196
0.764367
0.767151
0.770202
0.773376
0.776853
0.780791
0.785465
0.790951
0.797458
0.804713
0.812778
0.82138
0.830466
0.840065
0.849962
0.859403
0.869149
0.878889
0.888247
0.897371
0.906814
0.91666
0.926897
0.937066
0.947291
0.955814
0.962852
0.970081
0.976391
0.984524
0.994798
1.00882
1.01964
1.02894
1.03785
1.04188
1.03827
1.03835
1.03712
1.02507
1.0008
0.959384
0.905271
0.829496
0.82158
0.84362
0.846196
0.854635
0.852164
0.850077
0.849115
0.849183
0.84978
0.851591
0.855176
0.856513
0.856139
0.855145
0.855423
0.856623
0.857903
0.856488
0.854906
0.852374
0.846341
0.831816
0.802039
0.747856
0.67902
0.710302
0.717891
0.728668
0.726744
0.576137
0.675107
0.720389
0.76029
0.783056
0.795774
0.809758
0.819719
0.830586
0.825085
0.819721
0.814035
0.794699
0.750656
0.672618
0.65945
0.67821
0.708657
0.722082
0.722942
0.727246
0.733275
0.74084
0.747799
0.754408
0.759322
0.762828
0.765566
0.768401
0.771373
0.774637
0.778148
0.782036
0.786507
0.791678
0.797626
0.804357
0.811799
0.819889
0.828536
0.83766
0.847266
0.857142
0.866942
0.876747
0.885898
0.894837
0.904118
0.913655
0.92362
0.933599
0.944207
0.952593
0.960542
0.968662
0.976938
0.985798
0.994626
1.0037
1.01499
1.02805
1.03311
1.03855
1.04382
1.04791
1.04964
1.04559
1.03802
1.0208
0.991807
0.941086
0.881329
0.813384
0.830359
0.849497
0.858219
0.858984
0.856787
0.856032
0.856164
0.856698
0.85779
0.859628
0.860136
0.86002
0.860325
0.861675
0.863499
0.862567
0.861239
0.858071
0.849319
0.829507
0.789785
0.708533
0.683433
0.712999
0.717967
0.731631
0.727408
0.619294
0.64981
0.735165
0.752417
0.777406
0.792623
0.80524
0.818404
0.827141
0.821487
0.811025
0.789419
0.746849
0.67702
0.648055
0.668739
0.69474
0.710712
0.713522
0.718483
0.7242
0.730443
0.736935
0.743649
0.750571
0.75665
0.761364
0.765545
0.769381
0.772745
0.776247
0.779935
0.7838
0.78804
0.792794
0.798226
0.804381
0.811269
0.818811
0.826887
0.835487
0.844523
0.854075
0.863484
0.873115
0.882275
0.891484
0.900703
0.910275
0.920008
0.930145
0.940063
0.947723
0.955936
0.964067
0.97356
0.981547
0.988771
0.997935
1.01064
1.02442
1.02845
1.03328
1.03839
1.04311
1.04974
1.05048
1.05368
1.0514
1.04342
1.02001
0.97264
0.906609
0.810458
0.818174
0.84838
0.851688
0.86153
0.860661
0.859437
0.859748
0.860445
0.861451
0.862847
0.865229
0.866596
0.868489
0.870068
0.86926
0.868145
0.863745
0.850522
0.821682
0.768504
0.677596
0.695216
0.715973
0.720809
0.733469
0.728401
0.826549
0.570268
0.655165
0.740898
0.759419
0.783695
0.79323
0.807992
0.811259
0.807536
0.790096
0.744564
0.673642
0.638772
0.661734
0.681355
0.702207
0.705054
0.709208
0.714636
0.720831
0.727783
0.735093
0.741381
0.747931
0.755064
0.761083
0.766019
0.770632
0.774595
0.77815
0.781762
0.785608
0.789768
0.794414
0.799625
0.805446
0.811863
0.818869
0.826394
0.834412
0.842901
0.851846
0.861251
0.870682
0.880144
0.889603
0.898786
0.908229
0.917875
0.928114
0.937392
0.945226
0.952765
0.960772
0.969381
0.978292
0.988049
0.998574
1.01119
1.01869
1.02247
1.02702
1.03243
1.03857
1.04486
1.05133
1.05901
1.05886
1.06263
1.05451
1.0295
0.986309
0.925681
0.843353
0.815281
0.833929
0.845253
0.858143
0.862677
0.860985
0.861553
0.862785
0.864644
0.867119
0.870172
0.874102
0.875752
0.874633
0.873039
0.865055
0.844851
0.803495
0.73213
0.674303
0.70694
0.713921
0.722622
0.735753
0.730493
1.09235
0.612921
0.596508
0.683691
0.732192
0.770428
0.797229
0.800992
0.794941
0.781503
0.741428
0.675627
0.631094
0.655117
0.674044
0.69544
0.697965
0.701146
0.705726
0.711491
0.718542
0.726829
0.732871
0.739179
0.74574
0.752746
0.760077
0.76604
0.771245
0.775927
0.780294
0.784134
0.78809
0.792287
0.796791
0.801702
0.807042
0.812844
0.819126
0.825954
0.833352
0.841271
0.849689
0.858454
0.867423
0.876427
0.885414
0.894587
0.903961
0.913544
0.9232
0.932603
0.94024
0.947128
0.954755
0.962339
0.970671
0.980048
0.990597
1.00122
1.0077
1.01185
1.01624
1.02158
1.02735
1.03299
1.03769
1.04257
1.05039
1.05488
1.05365
1.04764
1.02985
0.998778
0.944224
0.882114
0.798262
0.814204
0.844283
0.851587
0.863987
0.863377
0.863595
0.864259
0.866128
0.869104
0.873438
0.875602
0.874729
0.87187
0.858823
0.827713
0.772245
0.678711
0.688302
0.713343
0.718186
0.726347
0.736371
0.731286
1.31666
1.00516
0.638326
0.663205
0.749423
0.766285
0.794518
0.790193
0.7743
0.731034
0.666569
0.621011
0.645708
0.665654
0.688262
0.689755
0.691514
0.694926
0.699955
0.706809
0.714946
0.722267
0.728653
0.735359
0.742275
0.749404
0.757089
0.764159
0.770202
0.775947
0.781324
0.785938
0.790306
0.794817
0.799567
0.804582
0.809867
0.81543
0.821305
0.827601
0.834385
0.841679
0.849425
0.85754
0.865946
0.874559
0.883413
0.892576
0.901943
0.911452
0.920474
0.929396
0.936623
0.942967
0.949783
0.957106
0.964868
0.972943
0.98162
0.991906
0.999011
1.00275
1.00646
1.01038
1.01441
1.0189
1.02365
1.02856
1.03315
1.03822
1.04642
1.0405
1.03404
1.02583
0.997823
0.947423
0.883943
0.780769
0.792365
0.824381
0.836867
0.852248
0.858918
0.860626
0.862918
0.865383
0.867826
0.870321
0.870128
0.863554
0.840763
0.794106
0.717456
0.675068
0.703735
0.711251
0.716959
0.724613
0.733877
0.729371
1.40507
1.32096
0.852361
0.589674
0.666724
0.752743
0.779002
0.769511
0.721595
0.646232
0.608927
0.632802
0.659996
0.681745
0.683231
0.683339
0.685558
0.689818
0.695985
0.70336
0.711641
0.717986
0.724591
0.731409
0.738283
0.745307
0.752747
0.760688
0.768032
0.774718
0.78119
0.787261
0.792856
0.797949
0.802931
0.807721
0.812578
0.817655
0.823037
0.828769
0.83498
0.841615
0.84857
0.855759
0.863144
0.870732
0.878543
0.886641
0.895033
0.903758
0.911767
0.919857
0.92655
0.932491
0.938682
0.945059
0.951683
0.958648
0.966275
0.975316
0.97975
0.98162
0.983856
0.985884
0.988326
0.990711
0.993056
0.995402
0.997873
1.00093
1.0019
1.00417
0.998599
0.997184
0.987982
0.966598
0.928632
0.872182
0.777726
0.773075
0.79367
0.81948
0.830884
0.84463
0.850686
0.852563
0.853723
0.85672
0.853131
0.838192
0.801566
0.743708
0.671065
0.685078
0.704608
0.707298
0.713148
0.719885
0.727529
0.723818
1.40144
1.35858
1.12637
0.666792
0.619303
0.708251
0.734954
0.708019
0.625941
0.60177
0.625435
0.661597
0.677859
0.676198
0.676351
0.678174
0.68215
0.687655
0.694006
0.70115
0.708181
0.714974
0.722041
0.729268
0.736695
0.743911
0.751212
0.758874
0.767052
0.774508
0.781429
0.787949
0.794256
0.799627
0.804704
0.809226
0.8136
0.818263
0.823298
0.828656
0.834375
0.84047
0.846539
0.852703
0.858969
0.865426
0.872123
0.879114
0.886475
0.894237
0.901034
0.907564
0.913189
0.917906
0.922336
0.927058
0.931826
0.936808
0.942406
0.948158
0.949779
0.949622
0.949635
0.949849
0.950101
0.950533
0.951128
0.952079
0.953666
0.954468
0.955646
0.956805
0.959633
0.959244
0.959247
0.95186
0.939084
0.920533
0.870059
0.804354
0.742446
0.757962
0.786651
0.802082
0.822714
0.827514
0.830956
0.832674
0.820292
0.788722
0.737919
0.664944
0.673492
0.691488
0.691466
0.692661
0.695559
0.701525
0.710574
0.70837
1.40674
1.39851
1.32693
1.04538
0.683137
0.622738
0.636175
0.589629
0.600082
0.622811
0.661139
0.679507
0.678199
0.674578
0.675994
0.679088
0.684084
0.688589
0.693606
0.699911
0.706924
0.713807
0.720983
0.727994
0.735326
0.7427
0.749607
0.756597
0.764088
0.77205
0.779571
0.786054
0.79262
0.798264
0.803958
0.808235
0.811128
0.814172
0.817645
0.821472
0.825477
0.829673
0.834146
0.838886
0.843679
0.848542
0.85347
0.858488
0.863911
0.868591
0.872848
0.876306
0.879551
0.881914
0.884266
0.886605
0.889009
0.891605
0.894628
0.897594
0.898069
0.898119
0.898348
0.899227
0.900366
0.902088
0.904397
0.907372
0.911132
0.914809
0.917407
0.920374
0.924113
0.928561
0.936068
0.936151
0.931608
0.927035
0.916433
0.873441
0.808968
0.723828
0.7318
0.760597
0.777617
0.794864
0.799394
0.796237
0.766741
0.715967
0.643995
0.654488
0.671792
0.669582
0.667309
0.669166
0.671291
0.675457
0.685095
0.68447
1.40793
1.40132
1.40208
1.32757
0.901198
0.609393
0.447052
0.464377
0.517364
0.597457
0.619729
0.627219
0.635359
0.642646
0.650385
0.659892
0.667496
0.674223
0.681145
0.688036
0.695372
0.703444
0.711237
0.717826
0.724409
0.731185
0.737407
0.743074
0.748715
0.754694
0.761133
0.767962
0.774093
0.778777
0.78324
0.785722
0.785971
0.786165
0.786748
0.787754
0.788981
0.790466
0.792589
0.795404
0.798744
0.80238
0.806184
0.810109
0.814236
0.817511
0.820466
0.823513
0.826547
0.829596
0.832703
0.836111
0.839751
0.843838
0.848469
0.852867
0.856661
0.859425
0.862144
0.865146
0.868549
0.872546
0.87706
0.88206
0.887656
0.893266
0.897799
0.902257
0.907541
0.913319
0.919536
0.928589
0.930154
0.927002
0.927232
0.920968
0.884464
0.828058
0.733112
0.729655
0.7437
0.766222
0.767742
0.750035
0.69845
0.618255
0.627259
0.649739
0.649411
0.646115
0.642578
0.64416
0.64567
0.648727
0.656551
0.656079
1.40825
1.40688
1.39664
1.31999
1.02901
0.658403
0.369699
0.449049
0.480078
0.536259
0.543188
0.551846
0.560534
0.570973
0.583082
0.594772
0.606356
0.61924
0.631537
0.642151
0.652775
0.663103
0.670301
0.676326
0.682083
0.687727
0.692871
0.697795
0.702827
0.70816
0.713879
0.719723
0.724699
0.728276
0.731544
0.733337
0.733912
0.734697
0.73613
0.738238
0.740754
0.743573
0.746925
0.751034
0.755642
0.760514
0.76552
0.770763
0.775418
0.779449
0.783498
0.787709
0.792076
0.796537
0.801255
0.806048
0.811214
0.816755
0.822648
0.828307
0.833597
0.838474
0.843354
0.848284
0.85346
0.859097
0.865142
0.871578
0.878396
0.885391
0.891453
0.897539
0.903305
0.908884
0.91513
0.921977
0.929463
0.938401
0.937532
0.935211
0.929359
0.908668
0.862841
0.785125
0.717001
0.723461
0.718257
0.68498
0.610311
0.62093
0.644115
0.643594
0.641302
0.634677
0.635078
0.635241
0.636435
0.638808
0.644236
0.644101
1.40833
1.40685
1.39585
1.32031
1.03672
0.664782
0.454671
0.536819
0.54933
0.538513
0.539587
0.542241
0.546356
0.551667
0.558534
0.562898
0.568096
0.574471
0.582312
0.591274
0.601319
0.609135
0.614753
0.61993
0.624892
0.62978
0.634892
0.640613
0.647175
0.654768
0.663338
0.67245
0.68033
0.686692
0.692608
0.697398
0.701131
0.704959
0.709181
0.713772
0.718492
0.723099
0.727817
0.732824
0.738054
0.743385
0.74872
0.754065
0.758608
0.763076
0.767808
0.772797
0.777994
0.783367
0.78897
0.794726
0.800758
0.80716
0.813686
0.819787
0.825581
0.831576
0.837697
0.843505
0.84949
0.85573
0.862333
0.869279
0.876465
0.884045
0.891126
0.89811
0.904525
0.91119
0.91811
0.925363
0.932948
0.941
0.950349
0.954501
0.950848
0.948068
0.936803
0.887352
0.791909
0.712867
0.659598
0.576913
0.600792
0.625255
0.623646
0.621172
0.617412
0.616542
0.615052
0.613384
0.614273
0.615553
0.616986
0.618484
1.40831
1.40717
1.39733
1.32281
1.04345
0.675349
0.482939
0.585497
0.601109
0.589302
0.583789
0.579972
0.574562
0.569973
0.568603
0.569499
0.572108
0.57698
0.5836
0.591578
0.598025
0.6027
0.607042
0.611459
0.616275
0.621766
0.627893
0.634822
0.642658
0.651159
0.659692
0.667443
0.674534
0.681018
0.687354
0.693102
0.698243
0.703455
0.708843
0.714339
0.72006
0.725178
0.729857
0.734575
0.739412
0.744319
0.749377
0.75388
0.758163
0.762605
0.76734
0.772325
0.777565
0.782991
0.788703
0.794624
0.80091
0.80756
0.814257
0.821007
0.82797
0.835182
0.842429
0.849806
0.857441
0.865484
0.873874
0.882561
0.891631
0.90044
0.909403
0.917554
0.925302
0.932822
0.940444
0.948233
0.956299
0.964652
0.973514
0.984527
0.990605
0.986907
0.981602
0.954474
0.872695
0.761886
0.610804
0.554273
0.604057
0.621277
0.62064
0.619328
0.614957
0.613706
0.611571
0.608852
0.609142
0.609125
0.608994
0.609049
1.4083
1.40708
1.39641
1.31664
1.02949
0.646668
0.501625
0.578632
0.609712
0.611314
0.613951
0.617156
0.616706
0.615638
0.614349
0.614264
0.614768
0.61607
0.618059
0.620498
0.623008
0.625366
0.627841
0.631207
0.635945
0.642235
0.649705
0.658226
0.667247
0.675273
0.682589
0.689411
0.696008
0.702533
0.709052
0.715518
0.721976
0.728325
0.734661
0.740767
0.746411
0.75111
0.755429
0.759855
0.764468
0.769273
0.774234
0.779066
0.783671
0.78848
0.793536
0.798784
0.804226
0.809938
0.815973
0.822356
0.829118
0.836369
0.843823
0.85143
0.859223
0.867295
0.875511
0.883749
0.891885
0.900154
0.908467
0.916947
0.925216
0.933747
0.941491
0.949001
0.955882
0.962886
0.969785
0.976939
0.984217
0.991643
0.999564
1.00905
1.02258
1.02013
1.01355
0.992125
0.927392
0.796573
0.584983
0.582615
0.622929
0.632048
0.629387
0.626595
0.622191
0.620334
0.618497
0.616589
0.61609
0.61607
0.615653
0.614805
1.40831
1.40716
1.39717
1.32118
1.04032
0.672011
0.481327
0.561479
0.588678
0.591157
0.595267
0.602659
0.608336
0.611599
0.615141
0.618917
0.622954
0.627211
0.631607
0.636116
0.640733
0.6456
0.650923
0.656755
0.66321
0.670217
0.67721
0.684102
0.690809
0.697453
0.70419
0.711066
0.718072
0.725213
0.732196
0.739086
0.745555
0.751824
0.758045
0.764285
0.770058
0.775274
0.780128
0.784982
0.789939
0.794907
0.800013
0.804376
0.808451
0.812714
0.817277
0.822093
0.827197
0.832633
0.838503
0.844789
0.851608
0.858879
0.866537
0.874354
0.882315
0.890442
0.89861
0.906568
0.914132
0.921774
0.929453
0.937147
0.944688
0.95224
0.959575
0.966335
0.972638
0.97896
0.985378
0.991891
0.99856
1.00543
1.01254
1.02025
1.03444
1.03481
1.02825
1.01411
0.953946
0.814647
0.583896
0.592648
0.635961
0.636901
0.633392
0.629572
0.626106
0.624064
0.621925
0.621628
0.621672
0.622221
0.622198
0.62194
1.4083
1.40712
1.39676
1.3185
1.03383
0.664015
0.496112
0.568963
0.597455
0.598423
0.600255
0.605349
0.609007
0.612005
0.615362
0.619467
0.62435
0.629591
0.634484
0.639488
0.644815
0.65054
0.656652
0.663183
0.670173
0.677507
0.684457
0.691449
0.698467
0.705455
0.712414
0.719344
0.726335
0.733411
0.740536
0.747655
0.754471
0.761095
0.767754
0.7743
0.780395
0.786029
0.791142
0.796217
0.801323
0.806193
0.81117
0.815391
0.819314
0.82344
0.827852
0.832537
0.837544
0.842948
0.848796
0.855137
0.861978
0.869336
0.877116
0.885066
0.89298
0.900926
0.909053
0.916633
0.923922
0.931104
0.938319
0.945593
0.952737
0.95982
0.96677
0.973087
0.979049
0.984897
0.990852
0.9969
1.00313
1.00953
1.0162
1.02341
1.03582
1.03995
1.03243
1.02111
0.96268
0.820508
0.582654
0.597169
0.638585
0.637035
0.633152
0.628005
0.625536
0.622924
0.621842
0.621827
0.622055
0.622941
0.623551
0.623859
1.4083
1.40715
1.39702
1.32012
1.03778
0.669491
0.486565
0.56158
0.591355
0.591954
0.593524
0.598231
0.602815
0.605342
0.608201
0.6117
0.615887
0.620443
0.625158
0.63013
0.635563
0.641477
0.647799
0.654486
0.661439
0.668406
0.675116
0.681871
0.688701
0.695654
0.702748
0.709959
0.717287
0.724755
0.732287
0.739866
0.747091
0.754136
0.761148
0.768001
0.77439
0.780192
0.785451
0.790611
0.795667
0.800459
0.805347
0.809489
0.813321
0.817332
0.821645
0.826225
0.83111
0.836367
0.842066
0.848232
0.85492
0.86211
0.869731
0.877631
0.8857
0.89395
0.90244
0.910528
0.918354
0.926141
0.933938
0.941665
0.949352
0.956869
0.96423
0.970863
0.976964
0.983044
0.989122
0.995246
1.00145
1.00786
1.01442
1.02134
1.032
1.03875
1.03178
1.02081
0.965061
0.822068
0.580911
0.598159
0.638866
0.636545
0.632435
0.627121
0.62487
0.622375
0.621717
0.621747
0.622057
0.622967
0.623612
0.623854
)
;

boundaryField
{
    inlet
    {
        type            calculated;
        value           uniform 1.40845;
    }
    outlet
    {
        type            calculated;
        value           nonuniform List<scalar> 
40
(
0.674199
0.624618
0.623833
0.642849
0.67366
0.700903
0.722538
0.738687
0.749397
0.754928
0.756293
0.755304
0.753061
0.750212
0.748335
0.747052
0.745256
0.741632
0.738571
0.735856
0.731957
0.729227
0.727751
0.726744
0.727408
0.728401
0.730493
0.731286
0.729371
0.723818
0.70837
0.68447
0.656079
0.644101
0.618484
0.609049
0.614805
0.62194
0.623859
0.623854
)
;
    }
    bottom
    {
        type            symmetryPlane;
    }
    top
    {
        type            symmetryPlane;
    }
    obstacle
    {
        type            calculated;
        value           nonuniform List<scalar> 
110
(
0.552291
0.553114
0.555441
0.558117
0.561541
0.566396
0.572157
0.58274
0.598528
0.637308
0.632008
0.564327
0.568505
0.566676
0.564926
0.547675
0.541995
0.546521
0.57521
0.590477
0.594873
0.59521
0.583673
0.612077
0.630466
0.637101
0.637879
0.63813
0.638844
0.639498
0.640018
0.640488
0.64257
0.643329
0.64322
0.642993
0.64316
0.642566
0.643064
0.641128
0.640236
0.635395
0.629569
0.619831
0.610819
0.605187
0.601373
0.593382
0.582883
0.575127
0.569547
0.565659
0.555786
0.550206
0.544939
0.539473
0.536803
0.535448
0.534674
0.533262
0.532531
0.5319
0.531298
0.532212
0.533365
0.53489
0.536839
0.538876
0.541193
0.543552
0.546057
0.548718
0.551414
0.554103
0.556916
0.559755
0.562691
0.565709
0.568829
0.571996
0.575194
0.578468
0.581804
0.585243
0.588789
0.592235
0.595627
0.599113
0.60245
0.605723
0.608859
0.612143
0.61496
0.617652
0.620607
0.623824
0.626336
0.628481
0.63069
0.632834
0.635029
0.637295
0.639825
0.642856
0.646251
0.65024
0.654561
0.659647
0.664965
0.674199
)
;
    }
    defaultFaces
    {
        type            empty;
    }
}


// ************************************************************************* //
