/*--------------------------------*- C++ -*----------------------------------*\
| =========                 |                                                 |
| \\      /  F ield         | OpenFOAM: The Open Source CFD Toolbox           |
|  \\    /   O peration     | Version:  v2106                                 |
|   \\  /    A nd           | Website:  www.openfoam.com                      |
|    \\/     M anipulation  |                                                 |
\*---------------------------------------------------------------------------*/
FoamFile
{
    version     2.0;
    format      ascii;
    arch        "LSB;label=32;scalar=64";
    class       volScalarField;
    location    "4";
    object      rho;
}
// * * * * * * * * * * * * * * * * * * * * * * * * * * * * * * * * * * * * * //

dimensions      [1 -3 0 0 0 0 0];

internalField   nonuniform List<scalar> 
5250
(
1.40845
1.40845
1.40845
1.40845
1.40845
1.40845
1.40845
1.40845
1.40845
1.40835
1.40821
1.40215
1.40054
1.59615
2.12484
5.73934
6.35862
6.19535
6.2563
6.41659
6.46975
6.5454
6.61217
6.67264
6.71456
1.40845
1.40845
1.40845
1.40845
1.40845
1.40845
1.40845
1.40845
1.40845
1.40835
1.40821
1.40232
1.40019
1.5905
2.10677
5.67458
6.39424
6.20403
6.26666
6.42492
6.47459
6.54778
6.61529
6.67524
6.71647
1.40845
1.40845
1.40845
1.40845
1.40845
1.40845
1.40845
1.40845
1.40845
1.40834
1.40828
1.40218
1.40197
1.57954
2.06219
5.52591
6.44275
6.1944
6.26782
6.42255
6.47039
6.54049
6.60585
6.66339
6.70279
1.40845
1.40845
1.40845
1.40845
1.40845
1.40845
1.40845
1.40845
1.40845
1.40837
1.40817
1.40352
1.39925
1.55953
1.99642
5.30459
6.52326
6.17678
6.25468
6.41634
6.45712
6.52385
6.58321
6.64042
6.67666
1.40845
1.40845
1.40845
1.40845
1.40845
1.40845
1.40845
1.40845
1.40845
1.40841
1.4081
1.40532
1.39478
1.53143
1.95481
5.00553
6.685
6.17838
6.26259
6.39908
6.4371
6.49455
6.55261
6.60138
6.64142
1.40845
1.40845
1.40845
1.40845
1.40845
1.40845
1.40845
1.40845
1.40845
1.40842
1.40815
1.40586
1.39532
1.50476
1.96826
4.64105
7.00299
6.22501
6.32301
6.40809
6.41456
6.45327
6.49795
6.55536
6.57893
1.40845
1.40845
1.40845
1.40845
1.40845
1.40845
1.40845
1.40845
1.40845
1.40843
1.40819
1.40682
1.39471
1.47191
2.0051
4.13038
7.4739
6.43454
6.46773
6.46698
6.41308
6.41369
6.43612
6.463
6.51143
1.40845
1.40845
1.40845
1.40845
1.40845
1.40845
1.40845
1.40845
1.40845
1.40843
1.40827
1.40722
1.39533
1.44685
1.89456
3.46904
7.53227
6.48674
6.63985
6.58616
6.4553
6.36669
6.36703
6.38024
6.39117
1.40845
1.40845
1.40845
1.40845
1.40845
1.40845
1.40845
1.40845
1.40845
1.40844
1.40829
1.40759
1.39666
1.42824
1.78797
2.86189
7.04765
6.45857
6.56334
6.65788
6.50984
6.36615
6.26671
6.21546
6.22552
1.40845
1.40845
1.40845
1.40845
1.40845
1.40845
1.40845
1.40845
1.40845
1.40845
1.40829
1.40799
1.39862
1.41584
1.70807
2.50183
6.34901
6.24787
6.39746
6.60527
6.44636
6.35435
6.15208
6.1449
5.97078
1.40845
1.40845
1.40845
1.40845
1.40845
1.40845
1.40845
1.40845
1.40845
1.40846
1.40829
1.40834
1.39929
1.41416
1.62753
2.20631
5.79952
6.006
6.13372
6.35788
6.40331
6.28675
6.00343
5.9086
4.9186
1.40845
1.40845
1.40845
1.40845
1.40845
1.40845
1.40845
1.40845
1.40845
1.40845
1.40837
1.4082
1.4035
1.39965
1.54947
1.95637
5.00221
6.1607
6.04745
6.07274
6.16545
6.19873
5.8171
5.55741
5.0874
1.40845
1.40845
1.40845
1.40845
1.40845
1.40845
1.40845
1.40845
1.40845
1.40844
1.40847
1.40791
1.40805
1.38698
1.47885
1.80143
4.17827
6.30312
5.99497
5.8904
5.88485
5.90495
5.7546
5.38662
5.14616
1.40845
1.40845
1.40845
1.40845
1.40845
1.40845
1.40845
1.40845
1.40845
1.40845
1.40843
1.40827
1.40743
1.3959
1.43957
1.83262
3.26099
6.50931
5.91648
5.84305
5.7835
5.72398
5.5845
5.33
5.13343
1.40845
1.40845
1.40845
1.40845
1.40845
1.40845
1.40845
1.40845
1.40845
1.40845
1.40843
1.40839
1.40757
1.39783
1.41538
1.72556
2.5947
6.11044
5.95069
5.7975
5.69975
5.58321
5.43713
5.21684
5.04383
1.40845
1.40845
1.40845
1.40845
1.40845
1.40845
1.40845
1.40845
1.40845
1.40845
1.40845
1.40833
1.40827
1.40153
1.40461
1.59105
2.11637
5.23543
5.96886
5.82443
5.64293
5.46369
5.29177
5.09129
4.90996
1.40845
1.40845
1.40845
1.40845
1.40845
1.40845
1.40845
1.40845
1.40845
1.40845
1.40845
1.40841
1.40817
1.40559
1.39731
1.49625
1.7561
4.08334
5.97774
5.86931
5.62888
5.4015
5.20842
5.0137
4.78918
1.40845
1.40845
1.40845
1.40845
1.40845
1.40845
1.40845
1.40845
1.40845
1.40845
1.40845
1.40845
1.40822
1.40773
1.39546
1.43058
1.73567
2.95659
5.78826
5.75531
5.56355
5.38206
5.18548
4.97815
4.73716
1.40845
1.40845
1.40845
1.40845
1.40845
1.40845
1.40845
1.40845
1.40845
1.40845
1.40845
1.40845
1.40831
1.4081
1.40012
1.4094
1.67244
2.31462
5.16427
5.68654
5.62823
5.4085
5.18736
4.95982
4.72008
1.40845
1.40845
1.40845
1.40845
1.40845
1.40845
1.40845
1.40845
1.40845
1.40845
1.40845
1.40845
1.40841
1.40813
1.40536
1.39643
1.51824
1.81954
4.03426
5.66885
5.70276
5.45345
5.20909
4.96286
4.7155
1.40845
1.40845
1.40845
1.40845
1.40845
1.40845
1.40845
1.40845
1.40845
1.40845
1.40845
1.40845
1.40845
1.40818
1.40791
1.3942
1.43537
1.69716
2.87012
5.35393
5.51316
5.41074
5.21109
4.98628
4.73974
1.40845
1.40845
1.40845
1.40845
1.40845
1.40845
1.40845
1.40845
1.40845
1.40845
1.40845
1.40845
1.40844
1.40837
1.40787
1.40322
1.40196
1.64509
2.16652
4.5928
5.40626
5.44046
5.25819
5.03488
4.7897
1.40845
1.40845
1.40845
1.40845
1.40845
1.40845
1.40845
1.40845
1.40845
1.40845
1.40845
1.40845
1.40844
1.40846
1.40797
1.40759
1.38651
1.4875
1.66613
3.46235
5.29676
5.35865
5.23809
5.04757
4.82674
1.40845
1.40845
1.40845
1.40845
1.40845
1.40845
1.40845
1.40845
1.40845
1.40845
1.40845
1.40845
1.40845
1.40844
1.40833
1.40775
1.40141
1.41356
1.61723
2.36137
4.70749
5.19942
5.23716
5.07126
4.87179
1.40845
1.40845
1.40845
1.40845
1.40845
1.40845
1.40845
1.40845
1.40845
1.40845
1.40845
1.40845
1.40845
1.40843
1.4085
1.40761
1.40825
1.37875
1.53723
1.80444
3.61999
5.14838
5.18615
5.0639
4.89526
1.40845
1.40845
1.40845
1.40845
1.40845
1.40845
1.40845
1.40845
1.40845
1.40845
1.40845
1.40845
1.40845
1.40845
1.40844
1.40831
1.4078
1.39985
1.41953
1.61962
2.47351
4.65179
5.04108
5.06412
4.91268
1.40845
1.40845
1.40845
1.40845
1.40845
1.40845
1.40845
1.40845
1.40845
1.40845
1.40845
1.40845
1.40845
1.40846
1.40842
1.40853
1.40737
1.40836
1.37574
1.56361
1.86101
3.61364
5.0157
5.0546
4.93668
1.40845
1.40845
1.40845
1.40845
1.40845
1.40845
1.40845
1.40845
1.40845
1.40845
1.40845
1.40845
1.40845
1.40845
1.40845
1.40844
1.4083
1.40789
1.39867
1.42196
1.58752
2.47762
4.50189
4.9255
4.94587
1.40845
1.40845
1.40845
1.40845
1.40845
1.40845
1.40845
1.40845
1.40845
1.40845
1.40845
1.40845
1.40845
1.40845
1.40845
1.40843
1.40871
1.40726
1.40788
1.3757
1.53827
1.78906
3.45051
4.84506
4.90965
1.40845
1.40845
1.40845
1.40845
1.40845
1.40845
1.40845
1.40845
1.40845
1.40845
1.40845
1.40845
1.40845
1.40845
1.40845
1.40845
1.40843
1.40831
1.40767
1.39975
1.40754
1.57379
2.42387
4.23761
4.80069
1.40845
1.40845
1.40845
1.40845
1.40845
1.40845
1.40845
1.40845
1.40845
1.40845
1.40845
1.40845
1.40845
1.40845
1.40845
1.40845
1.40845
1.40843
1.4081
1.40686
1.38925
1.51045
1.71233
3.12618
4.63052
1.40845
1.40845
1.40845
1.40845
1.40845
1.40845
1.40845
1.40845
1.40845
1.40845
1.40845
1.40845
1.40845
1.40845
1.40845
1.40845
1.40845
1.40845
1.40815
1.40565
1.43744
1.30516
1.43039
2.06239
3.80395
1.40845
1.40845
1.40845
1.40845
1.40845
1.40845
1.40845
1.40845
1.40845
1.40845
1.40845
1.40845
1.40845
1.40845
1.40845
1.40845
1.40845
1.40844
1.40845
1.40805
1.40844
1.39164
1.46055
1.53531
2.76357
1.40845
1.40845
1.40845
1.40845
1.40845
1.40845
1.40845
1.40845
1.40845
1.40845
1.40845
1.40845
1.40845
1.40845
1.40845
1.40845
1.40845
1.40845
1.40843
1.40851
1.40772
1.41176
1.35927
1.4733
1.82845
1.40845
1.40845
1.40845
1.40845
1.40845
1.40845
1.40845
1.40845
1.40845
1.40845
1.40845
1.40845
1.40845
1.40845
1.40845
1.40845
1.40845
1.40845
1.40845
1.40843
1.40831
1.40757
1.39927
1.42875
1.53461
1.40845
1.40845
1.40845
1.40845
1.40845
1.40845
1.40845
1.40845
1.40845
1.40845
1.40845
1.40845
1.40845
1.40845
1.40845
1.40845
1.40845
1.40845
1.40845
1.40845
1.40843
1.40823
1.40779
1.38066
1.50313
1.40845
1.40845
1.40845
1.40845
1.40845
1.40845
1.40845
1.40845
1.40845
1.40845
1.40845
1.40845
1.40845
1.40845
1.40845
1.40845
1.40845
1.40845
1.40845
1.40844
1.4084
1.40923
1.40544
1.43122
1.30763
1.40845
1.40845
1.40845
1.40845
1.40845
1.40845
1.40845
1.40845
1.40845
1.40845
1.40845
1.40845
1.40845
1.40845
1.40845
1.40845
1.40845
1.40845
1.40845
1.40845
1.40844
1.40848
1.40809
1.40865
1.39502
1.40845
1.40845
1.40845
1.40845
1.40845
1.40845
1.40845
1.40845
1.40845
1.40845
1.40845
1.40845
1.40845
1.40845
1.40845
1.40845
1.40845
1.40845
1.40845
1.40845
1.40845
1.40846
1.40844
1.40842
1.40803
1.40845
1.40845
1.40845
1.40845
1.40845
1.40845
1.40845
1.40845
1.40845
1.40845
1.40845
1.40845
1.40845
1.40845
1.40845
1.40845
1.40845
1.40845
1.40845
1.40845
1.40845
1.40843
1.40846
1.40812
1.40662
1.40845
1.40845
1.40845
1.40845
1.40845
1.40845
1.40845
1.40845
1.40845
1.40845
1.40845
1.40845
1.40845
1.40845
1.40845
1.40845
1.40845
1.40845
1.40845
1.40845
1.40845
1.40845
1.40845
1.40847
1.40817
1.40845
1.40845
1.40845
1.40845
1.40845
1.40845
1.40845
1.40845
1.40845
1.40845
1.40845
1.40845
1.40845
1.40845
1.40845
1.40845
1.40845
1.40845
1.40845
1.40845
1.40845
1.40845
1.40845
1.40845
1.40843
1.40845
1.40845
1.40845
1.40845
1.40845
1.40845
1.40845
1.40845
1.40845
1.40845
1.40845
1.40845
1.40845
1.40845
1.40845
1.40845
1.40845
1.40845
1.40845
1.40845
1.40845
1.40845
1.40845
1.40845
1.40855
1.40845
1.40845
1.40845
1.40845
1.40845
1.40845
1.40845
1.40845
1.40845
1.40845
1.40845
1.40845
1.40845
1.40845
1.40845
1.40845
1.40845
1.40845
1.40845
1.40845
1.40845
1.40845
1.40845
1.40845
1.40845
1.40845
1.40845
1.40845
1.40845
1.40845
1.40845
1.40845
1.40845
1.40845
1.40845
1.40845
1.40845
1.40845
1.40845
1.40845
1.40845
1.40845
1.40845
1.40845
1.40845
1.40845
1.40845
1.40845
1.40845
1.40846
1.40845
1.40845
1.40845
1.40845
1.40845
1.40845
1.40845
1.40845
1.40845
1.40845
1.40845
1.40845
1.40845
1.40845
1.40845
1.40845
1.40845
1.40845
1.40845
1.40845
1.40845
1.40845
1.40845
1.40845
1.40845
1.40845
1.40845
1.40845
1.40845
1.40845
1.40845
1.40845
1.40845
1.40845
1.40845
1.40845
1.40845
1.40845
1.40845
1.40845
1.40845
1.40845
1.40845
1.40845
1.40845
1.40845
1.40845
1.40845
1.40845
1.40845
1.40845
1.40845
1.40845
1.40845
1.40845
1.40845
1.40845
1.40845
1.40845
1.40845
1.40845
1.40845
1.40845
1.40845
1.40845
1.40845
1.40845
1.40845
1.40845
1.40845
1.40845
1.40845
1.40845
1.40845
1.40845
1.40845
1.40845
1.40845
1.40845
1.40845
1.40845
1.40845
1.40845
1.40845
1.40845
1.40845
1.40845
1.40845
1.40845
1.40845
1.40845
1.40845
1.40845
1.40845
1.40845
1.40845
1.40845
1.40845
1.40845
1.40845
1.40845
1.40845
1.40845
1.40845
1.40845
1.40845
1.40845
1.40845
1.40845
1.40845
1.40845
1.40845
1.40845
1.40845
1.40845
1.40845
1.40845
1.40845
1.40845
1.40845
1.40845
1.40845
1.40845
1.40845
1.40845
1.87219
2.09357
2.39248
2.1232
2.27417
2.1451
1.97382
1.7564
1.67926
1.6493
1.65219
1.66718
1.5414
1.47001
1.43946
1.43614
1.44043
1.44132
1.44157
1.43974
1.43583
1.42945
1.42645
1.42488
1.42436
1.42469
1.43108
1.43907
1.4611
1.48488
1.52696
1.57399
1.62939
1.68368
1.7354
1.78564
1.85495
1.92806
1.99905
2.05817
2.11728
2.20283
2.26663
2.32426
2.39328
2.44229
2.47598
2.51081
2.55329
2.58391
2.60977
2.6297
2.64702
2.6606
2.66761
2.67205
2.67369
2.67545
2.67469
2.67215
2.66936
2.66531
2.65905
2.65167
2.64321
2.63419
2.62469
2.61509
2.60571
2.59617
2.58694
2.57852
2.57074
2.56416
2.55871
2.55327
2.54841
2.54499
2.54284
2.5417
2.5428
2.54651
2.55036
2.55687
2.56788
2.58238
2.59811
2.61719
2.64106
2.66894
2.70031
2.73473
2.7718
2.81072
2.84929
2.88896
2.92628
2.96568
3.00002
3.05049
2.80802
2.50457
2.21449
2.16444
2.39886
2.15396
1.92468
1.60034
1.50151
1.45888
1.44365
1.428
1.36632
1.31986
1.29573
1.29017
1.29194
1.29306
1.29503
1.29561
1.29597
1.28729
1.28202
1.28248
1.28407
1.28567
1.29606
1.30753
1.33081
1.35767
1.38925
1.4333
1.47558
1.52836
1.57298
1.62154
1.68801
1.75987
1.85223
1.92996
2.00049
2.07783
2.17312
2.23324
2.28407
2.35628
2.41312
2.44835
2.49162
2.53918
2.58261
2.6166
2.65398
2.68091
2.69539
2.70789
2.71597
2.72225
2.72665
2.72565
2.7244
2.72349
2.71769
2.70792
2.69719
2.68233
2.66473
2.64549
2.62642
2.60644
2.58691
2.56784
2.54929
2.53196
2.51613
2.50135
2.48745
2.47583
2.46584
2.45704
2.45052
2.44547
2.44138
2.44063
2.44355
2.44952
2.45791
2.47005
2.48689
2.50845
2.53399
2.56353
2.59641
2.6314
2.66707
2.70358
2.73589
2.76948
2.79425
2.82686
3.74573
3.09215
2.55543
2.34581
2.32305
2.18336
1.9018
1.60772
1.50938
1.47803
1.47361
1.44976
1.42271
1.24005
1.17744
1.17422
1.19201
1.20672
1.21331
1.21521
1.21575
1.21312
1.21329
1.21201
1.21371
1.21327
1.21807
1.22086
1.24333
1.26201
1.29819
1.34936
1.39357
1.4509
1.51611
1.57786
1.63924
1.70032
1.77431
1.84061
1.90958
1.99095
2.10895
2.20484
2.31204
2.41014
2.49226
2.5574
2.62796
2.69967
2.75612
2.81197
2.85592
2.89177
2.91283
2.92663
2.93578
2.94368
2.95064
2.95313
2.95381
2.95444
2.95195
2.94335
2.93359
2.92255
2.9089
2.89256
2.8756
2.85764
2.84045
2.82006
2.8008
2.78062
2.76161
2.74218
2.72526
2.70751
2.69256
2.67979
2.66822
2.65837
2.64892
2.64074
2.63537
2.63213
2.63041
2.63111
2.63462
2.64127
2.65072
2.66293
2.6795
2.69843
2.71956
2.74324
2.76391
2.78688
2.80627
2.82889
4.14098
3.47891
2.93785
2.52606
2.39033
2.28843
2.10272
1.83021
1.66167
1.58314
1.54454
1.49572
1.37334
1.17766
1.11321
1.10663
1.12343
1.17885
1.22523
1.19853
1.19415
1.18666
1.17481
1.17485
1.17925
1.17638
1.19006
1.19458
1.21644
1.24183
1.26955
1.31051
1.35454
1.38359
1.44265
1.50674
1.58484
1.66285
1.7784
1.90965
2.02894
2.14001
2.2719
2.38811
2.49335
2.61215
2.70559
2.77128
2.84777
2.90887
2.97542
3.02369
3.06347
3.10353
3.12549
3.13966
3.15025
3.15749
3.16164
3.1576
3.15365
3.15098
3.14753
3.13746
3.12333
3.10742
3.09039
3.07257
3.05369
3.03461
3.01333
2.99444
2.97547
2.95644
2.93572
2.91793
2.89558
2.87714
2.86005
2.84536
2.83014
2.8175
2.80978
2.80397
2.79894
2.79667
2.79609
2.79844
2.80383
2.81186
2.82127
2.83181
2.84245
2.85578
2.86721
2.88078
2.8879
2.90199
2.915
2.925
4.4006
3.79185
3.267
2.85848
2.59314
2.43995
2.24814
1.94963
1.77854
1.66151
1.62415
1.6123
1.56167
1.43012
1.28775
1.17224
1.1342
1.13405
1.14512
1.1517
1.16464
1.17057
1.1701
1.16522
1.16918
1.16978
1.18935
1.19887
1.20101
1.20679
1.23024
1.27277
1.33437
1.41034
1.49818
1.59911
1.70497
1.79971
1.91838
2.03699
2.15269
2.28071
2.39451
2.52217
2.63716
2.76934
2.87101
2.96276
3.03122
3.07752
3.13505
3.18687
3.22367
3.25609
3.28702
3.29479
3.30253
3.3089
3.31229
3.31129
3.30651
3.30431
3.30059
3.28713
3.27209
3.25569
3.23859
3.22045
3.19947
3.17799
3.15609
3.13678
3.11664
3.09622
3.07736
3.05463
3.03313
3.01363
2.99535
2.98039
2.96641
2.94765
2.93436
2.92929
2.9259
2.92383
2.9222
2.92304
2.928
2.9376
2.95056
2.9658
2.98183
2.99889
3.01782
3.03866
3.05234
3.06597
3.08088
3.08339
4.50669
4.06072
3.60863
3.19842
2.93642
2.66484
2.45445
2.16976
1.92829
1.80205
1.70484
1.67069
1.62543
1.51065
1.41734
1.35109
1.30685
1.262
1.22737
1.198
1.19751
1.19713
1.19957
1.18617
1.18709
1.17662
1.183
1.18791
1.20173
1.23112
1.27074
1.32274
1.38803
1.46808
1.56104
1.66851
1.77235
1.88314
2.01707
2.13017
2.27214
2.41631
2.52851
2.66563
2.76233
2.8587
2.95616
3.06166
3.13943
3.19263
3.24802
3.30325
3.33573
3.3706
3.40163
3.41366
3.42729
3.42979
3.42465
3.42879
3.42745
3.42339
3.41921
3.40435
3.38927
3.37385
3.35799
3.3404
3.31872
3.2934
3.27031
3.24943
3.22966
3.21049
3.18884
3.16673
3.1483
3.12668
3.10814
3.09185
3.07557
3.05935
3.04277
3.03138
3.02805
3.02688
3.02604
3.02644
3.03001
3.03866
3.05262
3.07097
3.09153
3.11404
3.13491
3.16475
3.18555
3.21076
3.23016
3.23149
4.51997
4.14885
3.7854
3.47498
3.26523
3.00675
2.73182
2.48413
2.2059
1.98602
1.84299
1.77278
1.71147
1.61523
1.52049
1.45512
1.41795
1.39069
1.36182
1.32466
1.28671
1.25427
1.24199
1.22687
1.23256
1.22857
1.23289
1.24781
1.272
1.29565
1.33085
1.38522
1.45696
1.54296
1.62975
1.73272
1.84037
1.96915
2.08542
2.1801
2.30997
2.43773
2.56311
2.69429
2.80035
2.92596
3.01636
3.11547
3.18768
3.26027
3.32652
3.38402
3.41954
3.45146
3.47626
3.49771
3.50709
3.51287
3.51509
3.51651
3.51631
3.507
3.49979
3.48591
3.47126
3.45825
3.44265
3.41941
3.39619
3.37551
3.35638
3.33782
3.31637
3.29497
3.27367
3.25446
3.23343
3.2118
3.19414
3.17759
3.15934
3.14617
3.13029
3.11619
3.10839
3.10651
3.10579
3.10649
3.10962
3.11701
3.1299
3.14881
3.17223
3.19936
3.22642
3.25797
3.29539
3.33122
3.35393
3.36152
4.46045
4.1995
3.87721
3.63875
3.42897
3.24997
3.03218
2.78492
2.52721
2.26534
2.07063
1.94431
1.85617
1.75751
1.6385
1.55669
1.50643
1.48227
1.46532
1.44145
1.41372
1.37881
1.35436
1.32486
1.3138
1.30594
1.32129
1.35124
1.39117
1.42064
1.46222
1.51057
1.57404
1.6462
1.7212
1.80877
1.8898
1.98747
2.07045
2.15412
2.26361
2.36819
2.47854
2.60434
2.73229
2.8909
3.0359
3.15687
3.21682
3.28615
3.33526
3.39404
3.43992
3.49883
3.53142
3.54747
3.54866
3.55375
3.56045
3.56024
3.55999
3.55106
3.54613
3.53881
3.52459
3.50882
3.48908
3.467
3.44899
3.4316
3.41324
3.39112
3.3689
3.34703
3.32811
3.30905
3.28814
3.2683
3.25164
3.23354
3.21906
3.20154
3.18823
3.17529
3.16621
3.16218
3.16094
3.16197
3.1657
3.17306
3.18511
3.20326
3.22746
3.25801
3.2928
3.32786
3.37813
3.42413
3.45971
3.47251
4.43874
4.18699
3.93216
3.70766
3.50777
3.37747
3.22102
3.04167
2.7989
2.58134
2.371
2.21042
2.06619
1.93497
1.79842
1.69345
1.62321
1.58119
1.55651
1.53517
1.51249
1.49029
1.46275
1.44727
1.42556
1.44668
1.45137
1.53533
1.60607
1.64322
1.68713
1.73016
1.74298
1.78374
1.84109
1.90368
1.96173
2.02727
2.08477
2.15295
2.2282
2.29234
2.38001
2.4717
2.57803
2.71454
2.86131
3.03652
3.22372
3.3178
3.35374
3.38182
3.41143
3.46138
3.50299
3.54966
3.57436
3.56696
3.57098
3.56963
3.57296
3.5682
3.55617
3.54903
3.53873
3.5232
3.50738
3.48739
3.46886
3.45186
3.43352
3.4127
3.39251
3.37359
3.35479
3.33262
3.31532
3.29439
3.27713
3.26204
3.24663
3.23191
3.22049
3.2077
3.19885
3.19416
3.19286
3.19318
3.19604
3.20279
3.21467
3.23292
3.25833
3.29138
3.33182
3.37499
3.43056
3.4979
3.54073
3.56055
4.44265
4.17099
3.94403
3.75284
3.5666
3.45116
3.3335
3.19139
3.02122
2.82183
2.64585
2.48389
2.34229
2.18448
2.03466
1.89269
1.78488
1.71823
1.67158
1.6439
1.61467
1.59497
1.56532
1.55492
1.54031
1.59076
1.63229
1.84489
1.91386
1.9633
2.01621
2.02867
1.99732
1.99875
2.00514
2.01911
2.04568
2.08655
2.12729
2.17269
2.20985
2.24719
2.30377
2.35282
2.43432
2.53362
2.63536
2.77255
2.93352
3.15586
3.32732
3.38977
3.40305
3.41847
3.44768
3.48129
3.53982
3.57055
3.57651
3.57069
3.56143
3.55611
3.54926
3.54723
3.54024
3.51961
3.50521
3.49047
3.47013
3.45177
3.43579
3.41815
3.39416
3.3727
3.351
3.33416
3.31476
3.29533
3.27966
3.26451
3.25181
3.24047
3.22678
3.21321
3.202
3.19736
3.19691
3.19809
3.20109
3.20732
3.21887
3.23763
3.26464
3.30057
3.34635
3.39784
3.46467
3.54905
3.6018
3.63289
4.47736
4.21027
3.95528
3.77107
3.60443
3.4963
3.39401
3.26951
3.12966
2.98553
2.82565
2.67508
2.54856
2.41545
2.2731
2.12882
2.00367
1.90275
1.83421
1.79037
1.75578
1.72478
1.7002
1.68991
1.70606
1.75609
2.11559
2.25866
2.31393
2.35833
2.38119
2.30263
2.24631
2.20386
2.18705
2.17501
2.17579
2.18228
2.18975
2.20982
2.2281
2.24608
2.27005
2.29499
2.34311
2.37081
2.41996
2.52017
2.65348
2.80085
2.98201
3.27067
3.4379
3.42341
3.4224
3.44169
3.46785
3.5034
3.54182
3.55328
3.54941
3.54632
3.5337
3.52738
3.52223
3.51197
3.49109
3.47967
3.47037
3.45719
3.43879
3.41428
3.389
3.3676
3.35054
3.33542
3.3119
3.29493
3.28104
3.2628
3.24711
3.2363
3.22482
3.21184
3.19923
3.19289
3.19256
3.19433
3.19792
3.20389
3.21398
3.23081
3.25683
3.29363
3.34283
3.40274
3.47593
3.57774
3.6483
3.68812
4.52762
4.26248
4.01368
3.79717
3.63199
3.52466
3.42631
3.32315
3.21756
3.08809
2.94972
2.81062
2.68466
2.5604
2.44434
2.30869
2.17598
2.06561
1.9885
1.93431
1.90579
1.88095
1.86896
1.87876
1.96662
2.1072
2.68867
2.74458
2.77674
2.77574
2.70688
2.60673
2.53023
2.46245
2.42129
2.38012
2.35512
2.31983
2.2926
2.26922
2.26174
2.26638
2.27144
2.27262
2.27611
2.27762
2.30672
2.36298
2.4213
2.52083
2.68275
2.83936
3.13429
3.38233
3.46765
3.45438
3.44081
3.45094
3.47577
3.50844
3.52822
3.52584
3.52239
3.50857
3.50443
3.49949
3.49086
3.47525
3.46684
3.45431
3.43172
3.41085
3.39086
3.37345
3.35748
3.33272
3.31163
3.29724
3.28292
3.26724
3.25001
3.23519
3.22405
3.2113
3.20014
3.18972
3.18696
3.18737
3.19134
3.19886
3.20976
3.22518
3.24854
3.28338
3.3335
3.39946
3.47873
3.60347
3.69015
3.73961
4.58182
4.32013
4.07747
3.85414
3.68155
3.55231
3.44282
3.35425
3.26382
3.15183
3.03691
2.90903
2.79142
2.66962
2.55866
2.44487
2.3053
2.18514
2.09431
2.0276
2.00696
1.99873
2.01314
2.07277
2.25283
2.6605
3.14931
3.19818
3.19424
3.1273
2.99461
2.89172
2.79983
2.72213
2.64999
2.59209
2.53798
2.48525
2.44488
2.40714
2.37051
2.32121
2.28922
2.26418
2.25509
2.26081
2.26643
2.28356
2.29789
2.34467
2.41156
2.51535
2.68589
2.87646
3.24792
3.47094
3.48055
3.44784
3.44128
3.45162
3.48057
3.50929
3.52298
3.52213
3.50047
3.48723
3.48077
3.4745
3.46459
3.45204
3.43554
3.41775
3.39905
3.38213
3.36045
3.335
3.31887
3.30546
3.28503
3.27012
3.25708
3.24198
3.22985
3.2131
3.20013
3.19211
3.18779
3.18588
3.18687
3.19233
3.2032
3.21994
3.24381
3.27763
3.3268
3.39508
3.47701
3.62597
3.73024
3.79094
4.64991
4.39268
4.15274
3.9248
3.74724
3.59936
3.48542
3.39086
3.29555
3.19829
3.10199
2.98646
2.87478
2.76599
2.64656
2.54115
2.41244
2.28854
2.17876
2.09833
2.08329
2.09406
2.15128
2.33471
2.61547
3.29798
3.47344
3.48669
3.44245
3.33114
3.23156
3.12861
3.02795
2.9345
2.84543
2.77485
2.70445
2.64122
2.58558
2.53657
2.46934
2.42173
2.37863
2.33079
2.30518
2.27906
2.262
2.25274
2.24584
2.25344
2.26662
2.31295
2.40883
2.55685
2.74309
3.03958
3.37701
3.50546
3.48639
3.44068
3.44479
3.45536
3.49402
3.51069
3.50843
3.49987
3.48716
3.47163
3.46014
3.44768
3.4345
3.41811
3.4033
3.38606
3.3654
3.35032
3.33519
3.31612
3.29869
3.28659
3.27116
3.25203
3.23696
3.22307
3.20639
3.19496
3.19149
3.18967
3.18904
3.19113
3.1983
3.21274
3.23647
3.27194
3.32439
3.39693
3.47998
3.6544
3.78404
3.8494
4.70309
4.46664
4.24021
4.00421
3.82137
3.66303
3.53899
3.43707
3.33262
3.23643
3.14189
3.04193
2.94046
2.83861
2.72629
2.61476
2.50452
2.38144
2.24889
2.1774
2.16474
2.20529
2.35976
2.58062
3.23377
3.66131
3.67476
3.63012
3.5704
3.5052
3.42666
3.33795
3.22818
3.12469
3.02698
2.9404
2.85474
2.78163
2.71585
2.63953
2.57762
2.53282
2.47922
2.43298
2.3982
2.34231
2.28493
2.24123
2.23015
2.23232
2.23091
2.24269
2.26751
2.32096
2.42101
2.59289
2.76602
3.19521
3.49183
3.49926
3.45618
3.41963
3.42205
3.43066
3.46201
3.46943
3.4673
3.45698
3.44358
3.42563
3.41562
3.40788
3.39871
3.37446
3.35053
3.33637
3.32377
3.30751
3.29233
3.27911
3.26839
3.25349
3.23339
3.22268
3.21392
3.20194
3.19308
3.19093
3.19178
3.19545
3.20228
3.21417
3.23475
3.26891
3.3232
3.4022
3.4902
3.699
3.85109
3.91874
4.74043
4.52664
4.3193
4.08899
3.9029
3.73926
3.5998
3.48413
3.37978
3.28094
3.17176
3.07058
2.9838
2.88966
2.79773
2.6955
2.59932
2.43682
2.31954
2.3009
2.3096
2.41793
2.62822
3.22096
3.70219
3.74704
3.75072
3.73904
3.70701
3.65348
3.57981
3.48853
3.39239
3.28655
3.18817
3.09005
2.99844
2.92079
2.83453
2.75553
2.69443
2.6408
2.58068
2.52143
2.44675
2.39078
2.35167
2.31407
2.2881
2.25465
2.23903
2.2212
2.21528
2.21658
2.24614
2.31847
2.43705
2.62198
2.84716
3.27656
3.48573
3.51009
3.41327
3.39141
3.39611
3.4151
3.43788
3.4439
3.43905
3.43026
3.41026
3.39695
3.38099
3.36455
3.34857
3.33135
3.31428
3.30006
3.28679
3.26603
3.25391
3.24694
3.23576
3.21811
3.20847
3.20336
3.19592
3.19229
3.19076
3.19319
3.20056
3.21364
3.23449
3.26824
3.32445
3.40923
3.50623
3.75668
3.95128
3.99637
4.77982
4.5878
4.38629
4.16201
3.97301
3.81961
3.66747
3.5335
3.43034
3.33288
3.22452
3.12217
3.01742
2.92316
2.83066
2.74076
2.65776
2.51897
2.41098
2.42463
2.51966
2.76104
3.19213
3.67927
3.81114
3.81553
3.8154
3.80654
3.78315
3.74162
3.68211
3.60636
3.51868
3.42015
3.32135
3.21809
3.12663
3.0321
2.94853
2.87238
2.80668
2.7394
2.66409
2.59863
2.54102
2.49715
2.46017
2.41701
2.37778
2.31905
2.27575
2.22718
2.20641
2.18038
2.18451
2.18747
2.21849
2.30457
2.46639
2.66969
3.08586
3.41858
3.48156
3.47321
3.40145
3.38702
3.38667
3.41481
3.41962
3.4203
3.41536
3.38778
3.36511
3.35215
3.33904
3.32646
3.31204
3.29512
3.2838
3.27255
3.25123
3.23625
3.22986
3.2227
3.20838
3.19793
3.19325
3.19175
3.19096
3.19157
3.19564
3.20592
3.22599
3.26095
3.32213
3.41453
3.52618
3.83251
4.04363
4.07963
4.81483
4.64675
4.45314
4.23375
4.0276
3.88233
3.73338
3.59186
3.48351
3.38047
3.27917
3.18777
3.07746
2.98019
2.88081
2.77221
2.67867
2.59773
2.57334
2.63099
2.85555
3.2484
3.73084
3.84974
3.84842
3.84326
3.844
3.84288
3.83158
3.80322
3.75565
3.6906
3.61121
3.52327
3.43092
3.3346
3.24136
3.14714
3.06707
2.98832
2.91314
2.82778
2.76635
2.70955
2.65621
2.60132
2.5384
2.47694
2.42125
2.37264
2.32263
2.27977
2.23614
2.19965
2.16898
2.13838
2.15238
2.17996
2.23026
2.35658
2.53144
2.71277
3.18823
3.46175
3.47673
3.41724
3.36908
3.36789
3.37315
3.39393
3.39621
3.38671
3.37246
3.34796
3.32547
3.31456
3.30518
3.29348
3.28015
3.27064
3.25754
3.23673
3.22125
3.21493
3.21023
3.1994
3.1884
3.18397
3.18379
3.18532
3.189
3.19678
3.21379
3.24775
3.31239
3.41883
3.55815
3.92616
4.13152
4.15447
4.81466
4.66955
4.50807
4.30926
4.08807
3.92825
3.78143
3.64162
3.53614
3.43496
3.33033
3.23238
3.13789
3.05115
2.96628
2.83301
2.7374
2.72303
2.78166
2.98471
3.33966
3.86632
3.94004
3.93349
3.88437
3.87402
3.87608
3.87604
3.86762
3.84605
3.80888
3.75559
3.68802
3.61045
3.52444
3.43505
3.34467
3.25978
3.17451
3.09017
3.01105
2.93702
2.87438
2.80848
2.73759
2.66611
2.60645
2.54309
2.48592
2.43599
2.38659
2.3399
2.29837
2.24498
2.19041
2.16617
2.15794
2.13823
2.14716
2.16231
2.20911
2.35572
2.58823
2.91014
3.33169
3.4667
3.47695
3.38923
3.34745
3.3521
3.35777
3.36208
3.35804
3.3477
3.33451
3.32111
3.30277
3.2927
3.28066
3.26805
3.25803
3.24541
3.22646
3.20948
3.20131
3.19511
3.18677
3.17761
3.17447
3.17435
3.17778
3.18553
3.2014
3.23555
3.30344
3.42732
3.60974
4.01954
4.26234
4.24494
4.85968
4.70578
4.55071
4.38587
4.16626
3.98236
3.83488
3.68513
3.57592
3.48673
3.39233
3.28154
3.19475
3.11758
3.01713
2.9221
2.88369
2.92196
3.11246
3.53128
3.99871
4.0817
4.07794
3.97491
3.92347
3.91473
3.90826
3.90174
3.89253
3.87644
3.84975
3.81043
3.75604
3.68978
3.61185
3.52922
3.44047
3.35846
3.26261
3.18016
3.10583
3.02805
2.9598
2.87193
2.8041
2.73812
2.6784
2.61076
2.55118
2.49495
2.4431
2.38863
2.33749
2.29995
2.26105
2.22761
2.17431
2.13645
2.12868
2.08571
2.10821
2.15842
2.25789
2.43709
2.63192
3.12012
3.44018
3.44814
3.41504
3.34425
3.31351
3.31103
3.31985
3.3194
3.31834
3.31287
3.30351
3.29234
3.27723
3.26323
3.25067
3.24007
3.22816
3.21262
3.19702
3.18758
3.17943
3.17305
3.1668
3.16449
3.16522
3.1714
3.18684
3.22391
3.29727
3.44151
3.68315
4.15455
4.34815
4.33979
4.69485
4.65296
4.53588
4.3985
4.2111
4.03183
3.90178
3.74597
3.61947
3.53605
3.45217
3.3408
3.25154
3.17071
3.08056
3.04938
3.07192
3.25781
3.65663
4.23785
4.28856
4.26885
4.13628
4.0377
3.99297
3.97057
3.95742
3.94717
3.93612
3.9209
3.89732
3.86334
3.81717
3.75973
3.69193
3.61628
3.53349
3.44771
3.35618
3.27683
3.18991
3.11048
3.0259
2.95571
2.88693
2.81889
2.75041
2.69266
2.63393
2.57204
2.50947
2.45472
2.39804
2.35495
2.31133
2.26731
2.21873
2.18139
2.13365
2.10439
2.08295
2.08024
2.08599
2.15175
2.28613
2.49772
2.79167
3.25719
3.41441
3.42476
3.35299
3.29297
3.28705
3.2842
3.29721
3.30058
3.30118
3.29349
3.28392
3.26713
3.25069
3.23426
3.22125
3.2112
3.19865
3.18651
3.17474
3.16467
3.1583
3.15632
3.15599
3.15983
3.17346
3.21335
3.29702
3.43901
3.8116
4.35177
4.40522
4.4118
4.64908
4.67123
4.54538
4.41233
4.25775
4.07935
3.96992
3.82523
3.68874
3.58393
3.50509
3.40999
3.29936
3.21278
3.19144
3.21017
3.39116
3.69974
4.5013
4.51416
4.48125
4.3935
4.2499
4.15569
4.08712
4.0401
4.01086
3.99144
3.97384
3.95579
3.93298
3.90288
3.86344
3.81387
3.7551
3.68636
3.61191
3.52992
3.44936
3.36373
3.27917
3.19671
3.11465
3.04409
2.96805
2.89334
2.82327
2.76143
2.69668
2.635
2.57263
2.51415
2.45667
2.40409
2.35931
2.32157
2.28177
2.24555
2.20509
2.1588
2.0839
2.06225
2.03776
2.04516
2.07673
2.16949
2.3532
2.55369
3.05383
3.38369
3.39971
3.37843
3.30355
3.27519
3.27239
3.27646
3.2834
3.28213
3.27529
3.2668
3.25055
3.2313
3.21315
3.20209
3.19249
3.18259
3.17409
3.15989
3.14716
3.14465
3.1453
3.15001
3.1642
3.20674
3.30689
3.44813
4.01394
4.49294
4.51107
4.49338
4.33765
4.59447
4.61715
4.48962
4.35271
4.1608
4.00848
3.90344
3.75346
3.64516
3.56674
3.47181
3.36215
3.31001
3.33056
3.49237
3.76889
4.61887
4.75163
4.71396
4.62041
4.46706
4.36751
4.29102
4.20131
4.12337
4.07395
4.04093
4.01549
3.99142
3.96578
3.93588
3.89989
3.85609
3.80417
3.74396
3.67603
3.60209
3.52334
3.44094
3.36053
3.27771
3.1989
3.11755
3.04318
2.97028
2.89984
2.83294
2.76869
2.70839
2.64383
2.58015
2.51902
2.46947
2.41934
2.37454
2.32922
2.28932
2.2473
2.19929
2.1366
2.07592
2.05513
2.01233
2.01321
2.04574
2.12049
2.24471
2.4547
2.73002
3.19476
3.37781
3.39487
3.32727
3.27342
3.26852
3.26548
3.27056
3.27009
3.26553
3.2576
3.23728
3.21545
3.19687
3.18398
3.17628
3.16975
3.15434
3.13602
3.12908
3.12945
3.13537
3.15637
3.20865
3.34302
3.55065
4.26086
4.58653
4.60803
4.56577
3.3463
4.47839
4.58355
4.52255
4.39614
4.27483
4.10599
3.98265
3.8106
3.66563
3.58595
3.50311
3.45063
3.45836
3.59647
3.8421
4.67354
5.09867
5.07604
4.85228
4.66128
4.56996
4.48606
4.39804
4.30601
4.21299
4.14165
4.09421
4.05893
4.02786
3.99671
3.96397
3.92824
3.88747
3.84127
3.78805
3.72845
3.66224
3.59079
3.51586
3.43707
3.35784
3.27536
3.19639
3.11851
3.04178
2.96797
2.89909
2.8332
2.76824
2.70239
2.63776
2.57237
2.50871
2.45504
2.4052
2.36602
2.32672
2.28593
2.23344
2.18133
2.13162
2.08267
2.03162
2.01972
2.02086
2.02878
2.05925
2.14479
2.3179
2.51819
2.99113
3.31708
3.33489
3.31308
3.26023
3.24075
3.23736
3.24384
3.24483
3.2427
3.23622
3.21542
3.19245
3.17243
3.16362
3.15818
3.14564
3.12601
3.11485
3.11337
3.12005
3.14979
3.22016
3.40887
3.73166
4.51512
4.65913
4.68712
4.61691
2.41431
3.88137
4.40896
4.51849
4.42757
4.30932
4.18885
4.0383
3.91268
3.70643
3.60237
3.56585
3.57796
3.71464
3.98151
4.80091
5.37776
5.35323
5.12209
4.90643
4.8005
4.70368
4.60953
4.50676
4.40867
4.31392
4.22988
4.16231
4.11079
4.06841
4.0312
3.99412
3.95647
3.91693
3.87409
3.82649
3.77319
3.71376
3.64833
3.57775
3.50348
3.42626
3.34726
3.26708
3.18752
3.10817
3.03231
2.96185
2.89402
2.82878
2.76342
2.70091
2.6345
2.57315
2.52075
2.47187
2.42767
2.38033
2.33532
2.29204
2.2441
2.18056
2.13004
2.08732
2.0562
2.02807
1.99441
2.00012
2.02895
2.0802
2.19838
2.39573
2.66841
3.11525
3.31569
3.31861
3.27357
3.23916
3.22999
3.22549
3.22009
3.21331
3.20199
3.1831
3.16438
3.14938
3.14115
3.12987
3.11123
3.10184
3.09898
3.10768
3.14771
3.2534
3.42897
4.04925
4.72639
4.75901
4.75864
4.64975
1.69412
2.91774
4.1695
4.37611
4.38157
4.29199
4.17585
4.06295
3.9234
3.77449
3.68091
3.68545
3.81825
4.12655
4.91441
5.60085
5.57609
5.3911
5.17405
5.0456
4.9257
4.8149
4.70661
4.60336
4.5058
4.41064
4.31821
4.23943
4.17488
4.1202
4.07435
4.03165
3.98946
3.94683
3.90296
3.85676
3.80709
3.75291
3.69359
3.62933
3.56045
3.48791
3.41244
3.33404
3.25558
3.17632
3.10013
3.02717
2.95793
2.88946
2.8227
2.7557
2.68565
2.62553
2.56635
2.51521
2.45777
2.40695
2.36842
2.32946
2.28166
2.21648
2.16476
2.11925
2.07932
2.05135
2.01546
2.00243
1.98543
1.98876
2.00352
2.06228
2.2116
2.39605
2.92781
3.28389
3.29345
3.27577
3.22454
3.19595
3.18696
3.18253
3.1774
3.17104
3.16084
3.14499
3.13245
3.11669
3.09806
3.09091
3.08908
3.1044
3.16108
3.32725
3.58319
4.42859
4.83209
4.83376
4.79934
4.6704
1.40823
1.87165
3.28897
4.30152
4.35407
4.3193
4.19283
4.06496
3.92575
3.85577
3.83791
3.95068
4.27075
5.0763
5.84516
5.80831
5.67184
5.44067
5.29888
5.18327
5.07024
4.95753
4.84105
4.72234
4.61504
4.51984
4.42382
4.33162
4.2522
4.18297
4.12281
4.07021
4.02186
3.97498
3.92848
3.88138
3.83261
3.78116
3.72605
3.6666
3.60256
3.53421
3.46214
3.38743
3.31033
3.23259
3.15628
3.08104
3.00926
2.93884
2.87066
2.80016
2.72997
2.66653
2.61088
2.56047
2.5108
2.46554
2.41978
2.37293
2.31387
2.25279
2.20483
2.16439
2.12822
2.09423
2.06176
2.03316
1.99103
1.9745
1.93143
1.93557
1.98976
2.12768
2.31802
2.74061
3.10161
3.21142
3.22519
3.1905
3.1533
3.14434
3.13902
3.13788
3.13546
3.12813
3.1177
3.09908
3.07602
3.06752
3.0685
3.09974
3.19989
3.43288
3.9413
4.74089
4.8705
4.86992
4.81937
4.68453
1.42371
1.50075
2.42665
3.71004
4.28914
4.35756
4.31335
4.11463
3.97389
3.96841
4.09026
4.45162
5.25895
6.1066
6.06897
5.9288
5.67709
5.53022
5.42674
5.32334
5.21242
5.09238
4.95874
4.8395
4.72831
4.6251
4.52936
4.43179
4.34021
4.25801
4.18569
4.12043
4.06299
4.00977
3.95826
3.90694
3.85539
3.80304
3.74912
3.69266
3.63271
3.56907
3.5015
3.43075
3.35705
3.2828
3.20839
3.13538
3.06365
2.99287
2.92249
2.85234
2.78104
2.71499
2.65873
2.60378
2.55431
2.50359
2.45021
2.39697
2.33514
2.27511
2.22639
2.18691
2.14946
2.11137
2.07221
2.03527
2.00592
1.96254
1.92252
1.88835
1.89502
1.9193
2.01076
2.18472
2.40781
2.86722
3.16674
3.18461
3.17305
3.12045
3.0936
3.0801
3.0797
3.07809
3.07321
3.05817
3.04175
3.03508
3.04926
3.11218
3.29085
3.54815
4.38678
4.89216
4.90548
4.87613
4.80272
4.67632
1.37555
1.49649
1.69166
2.8167
4.05642
4.23938
4.26469
4.11792
4.09488
4.21878
4.60663
5.46052
6.36642
6.32623
6.17692
5.89631
5.74256
5.65025
5.55855
5.45455
5.33955
5.2061
5.07482
4.95264
4.83496
4.72282
4.62079
4.52176
4.42365
4.33307
4.2498
4.17208
4.10288
4.04139
3.98421
3.92881
3.87423
3.82022
3.76602
3.71072
3.65322
3.59251
3.52839
3.4611
3.39135
3.31998
3.24794
3.17588
3.10331
3.03045
2.95662
2.88434
2.81089
2.74237
2.68323
2.6288
2.57653
2.52449
2.47363
2.42316
2.36345
2.3021
2.25079
2.20713
2.16713
2.13025
2.09307
2.0563
2.01735
1.97981
1.94107
1.87806
1.84606
1.83364
1.82841
1.87787
2.00481
2.18395
2.63815
2.99031
3.06367
3.07635
3.04863
3.02263
3.01219
3.00321
2.99483
2.99283
2.99274
2.9991
3.03814
3.17004
3.41465
3.97799
4.71773
4.86911
4.87174
4.84151
4.77554
4.66149
1.43357
1.31281
1.40772
1.82039
3.15157
4.11913
4.27217
4.1969
4.33591
4.72756
5.72897
6.6647
6.62534
6.40633
6.09164
5.92029
5.84109
5.76156
5.66943
5.56201
5.44464
5.31137
5.18394
5.05942
4.93701
4.81913
4.70954
4.60796
4.50768
4.40981
4.31866
4.23378
4.15581
4.0838
4.01745
3.95389
3.89337
3.83547
3.77882
3.72227
3.66465
3.60491
3.54261
3.47792
3.4112
3.34295
3.27368
3.20368
3.1326
3.06115
2.98709
2.91478
2.84158
2.77257
2.71125
2.65389
2.599
2.54528
2.49106
2.43684
2.37115
2.30703
2.2539
2.20599
2.16341
2.12059
2.07824
2.03492
1.99204
1.94941
1.90012
1.85661
1.795
1.76577
1.71993
1.71507
1.74679
1.85002
2.00253
2.36447
2.72036
2.9035
2.92778
2.93924
2.92014
2.8983
2.88693
2.89783
2.91401
2.95683
3.0621
3.31492
3.65868
4.39409
4.76207
4.79149
4.78686
4.75907
4.70748
4.61336
1.40888
1.39691
1.41633
1.49269
2.30364
3.51237
4.02407
4.38196
4.86477
6.12914
7.10701
7.04447
6.6506
6.26762
6.11729
6.04445
5.97047
5.88174
5.77857
5.66646
5.54316
5.41588
5.28726
5.15877
5.03481
4.91278
4.79536
4.68574
4.58445
4.48346
4.3849
4.29119
4.20432
4.12048
4.04293
3.96893
3.90027
3.83787
3.77845
3.71952
3.66028
3.59971
3.53722
3.47318
3.40821
3.34228
3.27525
3.20697
3.13705
3.06579
2.99053
2.91584
2.84154
2.76987
2.70339
2.6426
2.5829
2.52469
2.46614
2.4062
2.3382
2.2734
2.21791
2.16766
2.11957
2.07313
2.02708
1.98175
1.93682
1.88989
1.8458
1.80182
1.76305
1.71926
1.68504
1.64039
1.64614
1.65149
1.71546
1.88262
2.06493
2.43902
2.70639
2.78538
2.82448
2.79262
2.78155
2.78107
2.81734
2.91984
3.15379
3.44089
4.14322
4.55281
4.59529
4.6211
4.631
4.62255
4.59542
4.51617
1.4087
1.40763
1.38819
1.47201
1.63809
2.48708
3.57863
4.75968
6.6221
7.49154
7.41821
6.97116
6.54605
6.3117
6.24883
6.19
6.09918
5.98842
5.87804
5.7695
5.65666
5.53523
5.40691
5.27373
5.14569
5.0213
4.89562
4.7746
4.66322
4.55898
4.45568
4.35062
4.25235
4.15701
4.06877
3.98051
3.89447
3.8187
3.74939
3.68157
3.61353
3.54689
3.48213
3.41833
3.35378
3.28828
3.2215
3.15306
3.08359
3.00957
2.93463
2.8589
2.7856
2.71331
2.64552
2.58054
2.5174
2.45551
2.39412
2.33198
2.26488
2.20318
2.14885
2.10105
2.05506
2.01225
1.97089
1.93034
1.89032
1.84951
1.80757
1.76966
1.7352
1.70123
1.67116
1.62482
1.59074
1.58774
1.57846
1.6219
1.73403
1.87423
2.24748
2.55318
2.63718
2.67137
2.66111
2.66563
2.73817
2.95024
3.23672
3.91897
4.29392
4.31658
4.35003
4.40058
4.40838
4.41096
4.41239
4.35591
1.4081
1.40637
1.43007
1.34049
1.43242
1.87285
2.84332
5.3243
7.15584
7.34778
6.72659
6.30979
6.20319
6.17373
6.16759
6.13861
6.06824
5.97762
5.87657
5.77024
5.66189
5.55027
5.42643
5.29205
5.15935
5.03185
4.90341
4.77342
4.64731
4.5291
4.41823
4.31234
4.20621
4.0981
3.99549
3.89033
3.78478
3.69117
3.60684
3.52578
3.44602
3.37024
3.30137
3.23709
3.17509
3.11388
3.05199
2.98864
2.92394
2.85558
2.7872
2.72115
2.65626
2.5931
2.53217
2.47426
2.4174
2.3626
2.30821
2.25231
2.19725
2.14262
2.09265
2.04783
2.00666
1.96849
1.9315
1.89526
1.85931
1.82238
1.78424
1.74878
1.71838
1.68777
1.65807
1.63045
1.58861
1.55935
1.55756
1.53789
1.57585
1.66751
1.76781
2.08273
2.35125
2.51929
2.54877
2.58409
2.75105
2.99087
3.69267
4.10785
4.10047
4.09685
4.13056
4.17967
4.18986
4.20035
4.21055
4.17037
1.40845
1.40814
1.40748
1.39078
1.50321
1.99192
2.94
6.28409
6.3599
6.22284
5.71446
5.56605
5.53251
5.57219
5.59735
5.59626
5.59448
5.59285
5.57185
5.51711
5.44374
5.3532
5.23331
5.10628
4.97854
4.84853
4.716
4.58457
4.45755
4.33654
4.22132
4.11078
4.00026
3.88658
3.77603
3.66386
3.55542
3.46067
3.37776
3.30101
3.22762
3.15957
3.0997
3.04671
2.99561
2.94493
2.89342
2.84113
2.78577
2.72891
2.67401
2.621
2.5688
2.51691
2.46662
2.4163
2.36802
2.31988
2.27156
2.2223
2.17318
2.12481
2.07953
2.03769
1.99954
1.96428
1.9299
1.89601
1.86169
1.82702
1.79094
1.75705
1.72453
1.69439
1.66807
1.6418
1.61452
1.58911
1.5518
1.53295
1.53365
1.55447
1.60583
1.70876
1.84835
2.1612
2.37965
2.62334
2.89171
3.6113
4.01845
4.01116
4.00032
3.99244
4.03975
4.04579
4.07464
4.08924
4.09773
4.07735
1.40837
1.40794
1.40739
1.39569
1.5018
2.10232
4.09696
7.01437
6.12872
5.73372
5.7247
5.69896
5.65549
5.60953
5.52659
5.43064
5.3517
5.28
5.21501
5.15148
5.08454
4.9899
4.87489
4.75675
4.63632
4.51281
4.39069
4.27578
4.16754
4.06734
3.97463
3.8871
3.79495
3.69701
3.59993
3.50166
3.40685
3.32375
3.25079
3.1832
3.11852
3.05814
3.00461
2.95709
2.91159
2.86601
2.81964
2.77246
2.72275
2.67508
2.63022
2.58609
2.54162
2.49705
2.45264
2.40765
2.36341
2.31904
2.27356
2.22729
2.18145
2.1385
2.09728
2.05731
2.02007
1.98468
1.95051
1.91662
1.8825
1.8489
1.81418
1.78061
1.74809
1.71838
1.68998
1.66237
1.63444
1.60657
1.57684
1.54613
1.51892
1.523
1.52725
1.54708
1.62827
1.84003
2.18325
2.60733
3.50195
3.91742
3.86319
3.83855
3.83119
3.86957
3.86952
3.87034
3.90107
3.91037
3.90407
3.91082
1.40842
1.40817
1.4062
1.39527
1.49553
2.10786
4.30029
7.73226
6.67519
6.54878
6.38344
6.1622
5.94784
5.77835
5.64197
5.54299
5.4653
5.39457
5.32213
5.24665
5.14709
5.02825
4.90333
4.77721
4.65314
4.53095
4.41136
4.29949
4.19668
4.09883
4.00235
3.90267
3.80239
3.70249
3.60533
3.50909
3.41625
3.33207
3.25577
3.18489
3.11978
3.05813
3.00178
2.95136
2.90454
2.85869
2.81334
2.76629
2.72057
2.67793
2.63736
2.59714
2.55649
2.51579
2.4745
2.43304
2.39118
2.34889
2.3056
2.26203
2.21941
2.1778
2.13668
2.09743
2.06082
2.02678
1.994
1.96196
1.93067
1.89852
1.86659
1.8336
1.80151
1.77092
1.74209
1.71437
1.68722
1.65981
1.63228
1.60507
1.57054
1.53919
1.53231
1.52597
1.59929
1.77841
2.02916
2.82992
3.84461
3.90363
3.83488
3.81333
3.80628
3.82787
3.81663
3.81441
3.82862
3.83001
3.82473
3.84053
1.40842
1.40816
1.40586
1.39557
1.50667
2.10082
4.70316
7.39977
6.63314
6.62624
6.58795
6.52249
6.42391
6.30987
6.17053
6.03416
5.90005
5.77264
5.64967
5.52458
5.39188
5.25116
5.10824
4.9737
4.8486
4.7301
4.61715
4.50932
4.40222
4.29107
4.17852
4.06588
3.9551
3.84735
3.74333
3.64372
3.55023
3.46368
3.38394
3.30855
3.23671
3.16758
3.10459
3.04844
2.99678
2.94766
2.90001
2.85362
2.80943
2.76883
2.72995
2.69118
2.65222
2.61295
2.57317
2.53281
2.49218
2.4506
2.40827
2.36546
2.32278
2.28108
2.23983
2.19981
2.16111
2.12429
2.08853
2.05335
2.01778
1.98263
1.9457
1.90917
1.87298
1.83915
1.80654
1.7756
1.74484
1.71422
1.68451
1.65374
1.62339
1.57337
1.54183
1.54204
1.57527
1.72615
1.96034
3.1329
3.94116
3.93424
3.87737
3.86068
3.85498
3.86559
3.86804
3.8633
3.86753
3.87161
3.86942
3.88035
1.40842
1.40817
1.40607
1.39518
1.50028
2.11583
4.41645
7.2538
6.44533
6.45151
6.44755
6.40747
6.33425
6.24274
6.1613
6.08092
5.99784
5.90649
5.8041
5.69092
5.57027
5.44681
5.32308
5.20068
5.07934
4.95684
4.83136
4.70441
4.57665
4.45067
4.32826
4.20995
4.09593
3.98632
3.87993
3.77725
3.6781
3.58494
3.4981
3.41697
3.33969
3.26758
3.20199
3.14318
3.08942
3.03852
2.98986
2.94093
2.89487
2.85298
2.81333
2.77386
2.73431
2.69467
2.65464
2.61439
2.5736
2.53225
2.48992
2.44683
2.40326
2.35968
2.31619
2.27287
2.22999
2.18905
2.14921
2.10976
2.07025
2.03097
1.99173
1.95217
1.91358
1.87722
1.84263
1.80921
1.77667
1.74454
1.71249
1.68042
1.65308
1.59696
1.55663
1.54497
1.55555
1.67862
1.92411
3.21336
4.00502
3.95126
3.90497
3.88665
3.88391
3.88735
3.88317
3.89209
3.89818
3.90498
3.90502
3.91881
1.40842
1.40817
1.40595
1.3953
1.50497
2.13156
4.65838
7.23975
6.4825
6.45846
6.43786
6.39701
6.32878
6.2551
6.18087
6.1045
6.02212
5.93123
5.82932
5.72186
5.61044
5.49641
5.38131
5.2661
5.14929
5.02911
4.90247
4.77446
4.64643
4.51963
4.39525
4.27402
4.15691
4.04417
3.93569
3.83141
3.73109
3.63644
3.54821
3.46532
3.38655
3.31344
3.24619
3.18592
3.13083
3.07808
3.02828
2.97869
2.93202
2.8898
2.8498
2.81038
2.77118
2.732
2.69268
2.653
2.61283
2.57185
2.52987
2.48662
2.44237
2.39753
2.35269
2.30702
2.26227
2.21889
2.17675
2.13541
2.09421
2.05314
2.01236
1.97143
1.93169
1.89385
1.8579
1.82309
1.78928
1.75586
1.72291
1.68986
1.65982
1.60735
1.55858
1.54018
1.54265
1.65524
1.90711
3.25871
3.99361
3.93353
3.90223
3.88411
3.89081
3.88798
3.89197
3.90044
3.90604
3.91454
3.91887
3.93446
1.40842
1.40817
1.40603
1.39521
1.50274
2.12402
4.5312
7.18114
6.43173
6.38861
6.37154
6.32656
6.25897
6.17505
6.09908
6.0228
5.94096
5.8504
5.75149
5.647
5.53916
5.42936
5.31845
5.20585
5.08945
4.96814
4.84146
4.71363
4.5866
4.46194
4.34071
4.22325
4.10985
4.00091
3.89614
3.79528
3.69779
3.60565
3.51944
3.43799
3.3604
3.28784
3.22111
3.16099
3.10584
3.05335
3.004
2.95493
2.90885
2.86728
2.82833
2.7899
2.75162
2.71332
2.67472
2.63571
2.59608
2.55558
2.514
2.47142
2.42809
2.38439
2.34076
2.29655
2.25316
2.21118
2.17017
2.12961
2.08931
2.04889
2.00861
1.96798
1.92846
1.89124
1.8556
1.82102
1.78715
1.75391
1.72058
1.68718
1.65526
1.60738
1.55692
1.53544
1.53412
1.63953
1.89092
3.26885
3.98264
3.92463
3.89976
3.88562
3.89462
3.89133
3.8971
3.90363
3.9087
3.91634
3.92007
3.93426
)
;

boundaryField
{
    inlet
    {
        type            calculated;
        value           uniform 1.40845;
    }
    outlet
    {
        type            calculated;
        value           nonuniform List<scalar> 
40
(
3.05049
2.82686
2.82889
2.925
3.08339
3.23149
3.36152
3.47251
3.56055
3.63289
3.68812
3.73961
3.79094
3.8494
3.91874
3.99637
4.07963
4.15447
4.24494
4.33979
4.4118
4.49338
4.56577
4.61691
4.64975
4.6704
4.68453
4.67632
4.66149
4.61336
4.51617
4.35591
4.17037
4.07735
3.91082
3.84053
3.88035
3.91881
3.93446
3.93426
)
;
    }
    bottom
    {
        type            symmetryPlane;
    }
    top
    {
        type            symmetryPlane;
    }
    obstacle
    {
        type            calculated;
        value           nonuniform List<scalar> 
110
(
6.71456
6.71647
6.70279
6.67666
6.64142
6.57893
6.51143
6.39117
6.22552
5.97078
1.87219
2.09357
2.39248
2.1232
2.27417
2.1451
1.97382
1.7564
1.67926
1.6493
1.65219
1.66718
1.5414
1.47001
1.43946
1.43614
1.44043
1.44132
1.44157
1.43974
1.43583
1.42945
1.42645
1.42488
1.42436
1.42469
1.43108
1.43907
1.4611
1.48488
1.52696
1.57399
1.62939
1.68368
1.7354
1.78564
1.85495
1.92806
1.99905
2.05817
2.11728
2.20283
2.26663
2.32426
2.39328
2.44229
2.47598
2.51081
2.55329
2.58391
2.60977
2.6297
2.64702
2.6606
2.66761
2.67205
2.67369
2.67545
2.67469
2.67215
2.66936
2.66531
2.65905
2.65167
2.64321
2.63419
2.62469
2.61509
2.60571
2.59617
2.58694
2.57852
2.57074
2.56416
2.55871
2.55327
2.54841
2.54499
2.54284
2.5417
2.5428
2.54651
2.55036
2.55687
2.56788
2.58238
2.59811
2.61719
2.64106
2.66894
2.70031
2.73473
2.7718
2.81072
2.84929
2.88896
2.92628
2.96568
3.00002
3.05049
)
;
    }
    defaultFaces
    {
        type            empty;
    }
}


// ************************************************************************* //
