/*--------------------------------*- C++ -*----------------------------------*\
| =========                 |                                                 |
| \\      /  F ield         | OpenFOAM: The Open Source CFD Toolbox           |
|  \\    /   O peration     | Version:  v2106                                 |
|   \\  /    A nd           | Website:  www.openfoam.com                      |
|    \\/     M anipulation  |                                                 |
\*---------------------------------------------------------------------------*/
FoamFile
{
    version     2.0;
    format      ascii;
    arch        "LSB;label=32;scalar=64";
    class       volScalarField;
    location    "11";
    object      Mo;
}
// * * * * * * * * * * * * * * * * * * * * * * * * * * * * * * * * * * * * * //

dimensions      [0 0 0 0 0 0 0];

internalField   nonuniform List<scalar> 
5250
(
3.01265
3.01265
3.01265
3.01265
3.01265
3.01265
3.01265
3.01265
3.01263
3.0125
3.01132
3.00079
2.92288
2.63338
1.79964
0.609483
0.204413
0.340051
0.276599
0.234478
0.202444
0.160553
0.122495
0.0781686
0.0368697
3.01265
3.01265
3.01265
3.01265
3.01265
3.01265
3.01265
3.01265
3.01263
3.01251
3.01138
3.00147
2.92624
2.6473
1.84133
0.640681
0.208677
0.348305
0.28493
0.241614
0.210917
0.170227
0.133614
0.0943732
0.0694119
3.01265
3.01265
3.01265
3.01265
3.01265
3.01265
3.01265
3.01265
3.01263
3.01252
3.01147
3.00241
2.9312
2.66529
1.87887
0.697933
0.207221
0.358673
0.295915
0.254172
0.224427
0.185075
0.152178
0.123461
0.10964
3.01265
3.01265
3.01265
3.01265
3.01265
3.01265
3.01265
3.01265
3.01264
3.01253
3.01158
3.00362
2.93787
2.68973
1.92951
0.779454
0.208948
0.371366
0.309524
0.267181
0.239855
0.205379
0.179554
0.159219
0.151003
3.01265
3.01265
3.01265
3.01265
3.01265
3.01265
3.01265
3.01265
3.01264
3.01255
3.01169
3.00499
2.94584
2.71911
1.99337
0.881687
0.222385
0.387097
0.326737
0.283846
0.261162
0.232878
0.212011
0.200624
0.196861
3.01265
3.01265
3.01265
3.01265
3.01265
3.01265
3.01265
3.01265
3.01264
3.01257
3.01189
3.0064
2.95483
2.75259
2.067
1.0141
0.257613
0.407481
0.353718
0.306994
0.28751
0.265441
0.250994
0.245665
0.246866
3.01265
3.01265
3.01265
3.01265
3.01265
3.01265
3.01265
3.01265
3.01264
3.0126
3.01205
3.00803
2.96435
2.78975
2.15188
1.17904
0.322525
0.441461
0.396273
0.343163
0.322603
0.303089
0.29665
0.294444
0.304567
3.01265
3.01265
3.01265
3.01265
3.01265
3.01265
3.01265
3.01265
3.01264
3.01262
3.01208
3.00907
2.97136
2.81637
2.23442
1.25965
0.398784
0.479154
0.444941
0.392731
0.366083
0.349071
0.350667
0.355015
0.377107
3.01265
3.01265
3.01265
3.01265
3.01265
3.01265
3.01265
3.01265
3.01264
3.01263
3.01218
3.00997
2.97936
2.8467
2.32691
1.34709
0.466438
0.50859
0.487466
0.449287
0.422016
0.403165
0.414476
0.420318
0.473991
3.01265
3.01265
3.01265
3.01265
3.01265
3.01265
3.01265
3.01265
3.01264
3.01264
3.01223
3.01079
2.98364
2.87922
2.42177
1.45627
0.536102
0.531061
0.525736
0.506709
0.484524
0.466979
0.485665
0.515197
0.646349
3.01265
3.01265
3.01265
3.01265
3.01265
3.01265
3.01265
3.01265
3.01265
3.01264
3.01239
3.01105
2.99374
2.89937
2.51438
1.5711
0.634963
0.517548
0.549771
0.561959
0.551446
0.54165
0.569152
0.650666
0.874945
3.01265
3.01265
3.01265
3.01265
3.01265
3.01265
3.01265
3.01265
3.01265
3.01263
3.01256
3.01121
3.00344
2.91874
2.62182
1.7045
0.790417
0.490063
0.552586
0.587543
0.613991
0.621571
0.650727
0.759587
0.932282
3.01265
3.01265
3.01265
3.01265
3.01265
3.01265
3.01265
3.01265
3.01265
3.01264
3.01255
3.01176
3.00552
2.94923
2.73632
2.04487
1.04299
0.503103
0.565208
0.597644
0.634157
0.686563
0.72569
0.826484
0.957365
3.01265
3.01265
3.01265
3.01265
3.01265
3.01265
3.01265
3.01265
3.01265
3.01264
3.01261
3.01209
3.00861
2.96862
2.8058
2.22886
1.34233
0.583375
0.603271
0.619093
0.650379
0.706412
0.76903
0.864153
0.974181
3.01265
3.01265
3.01265
3.01265
3.01265
3.01265
3.01265
3.01265
3.01265
3.01264
3.01264
3.0121
3.01063
2.97831
2.87168
2.38614
1.52702
0.747226
0.65928
0.659034
0.679613
0.729445
0.794198
0.888348
0.983264
3.01265
3.01265
3.01265
3.01265
3.01265
3.01265
3.01265
3.01265
3.01265
3.01265
3.01263
3.01242
3.01083
2.99536
2.90357
2.53463
1.67447
0.945178
0.702951
0.71416
0.727113
0.759599
0.812661
0.8921
0.981962
3.01265
3.01265
3.01265
3.01265
3.01265
3.01265
3.01265
3.01265
3.01265
3.01264
3.01262
3.0126
3.01124
3.00977
2.93483
2.70867
1.90647
1.21564
0.726349
0.753133
0.767593
0.791306
0.833039
0.898731
0.979349
3.01265
3.01265
3.01265
3.01265
3.01265
3.01265
3.01265
3.01265
3.01265
3.01265
3.01264
3.01263
3.01194
3.00923
2.9678
2.82274
2.28461
1.50123
0.832452
0.79272
0.805195
0.823586
0.857596
0.911535
0.982194
3.01265
3.01265
3.01265
3.01265
3.01265
3.01265
3.01265
3.01265
3.01265
3.01265
3.01265
3.01262
3.01234
3.01019
2.99018
2.87436
2.4843
1.69
1.02823
0.843265
0.849531
0.8657
0.89224
0.933998
0.991173
3.01265
3.01265
3.01265
3.01265
3.01265
3.01265
3.01265
3.01265
3.01265
3.01265
3.01265
3.01262
3.01265
3.01086
3.00684
2.91315
2.70113
1.90749
1.32889
0.882722
0.894101
0.907251
0.927773
0.959422
1.0052
3.01265
3.01265
3.01265
3.01265
3.01265
3.01265
3.01265
3.01265
3.01265
3.01265
3.01265
3.01264
3.01258
3.01208
3.00794
2.97474
2.81001
2.31127
1.61852
1.00887
0.935373
0.938644
0.95578
0.984008
1.02256
3.01265
3.01265
3.01265
3.01265
3.01265
3.01265
3.01265
3.01265
3.01265
3.01265
3.01265
3.01264
3.01258
3.01258
3.00891
3.01101
2.83838
2.62402
1.87509
1.25573
0.989292
0.979248
0.991303
1.01311
1.04499
3.01265
3.01265
3.01265
3.01265
3.01265
3.01265
3.01265
3.01265
3.01265
3.01265
3.01265
3.01265
3.01264
3.01255
3.01173
3.00571
2.95647
2.767
2.12734
1.57505
1.04488
1.01638
1.02235
1.04098
1.06917
3.01265
3.01265
3.01265
3.01265
3.01265
3.01265
3.01265
3.01265
3.01265
3.01265
3.01265
3.01265
3.01264
3.01257
3.01254
3.00838
3.01353
2.80531
2.57185
1.87912
1.268
1.07116
1.06126
1.07579
1.09791
3.01265
3.01265
3.01265
3.01265
3.01265
3.01265
3.01265
3.01265
3.01265
3.01265
3.01265
3.01265
3.01265
3.01263
3.01251
3.0114
3.00339
2.93892
2.71399
2.03252
1.61225
1.12053
1.09898
1.10759
1.12533
3.01265
3.01265
3.01265
3.01265
3.01265
3.01265
3.01265
3.01265
3.01265
3.01265
3.01265
3.01265
3.01265
3.01263
3.01255
3.01248
3.00768
3.00962
2.7929
2.51403
1.89138
1.32153
1.15623
1.14321
1.15701
3.01265
3.01265
3.01265
3.01265
3.01265
3.01265
3.01265
3.01265
3.01265
3.01265
3.01265
3.01265
3.01265
3.01265
3.01263
3.01248
3.01121
3.00237
2.93219
2.71123
2.05971
1.65104
1.20371
1.18041
1.18506
3.01265
3.01265
3.01265
3.01265
3.01265
3.01265
3.01265
3.01265
3.01265
3.01265
3.01265
3.01265
3.01265
3.01265
3.01263
3.01256
3.0126
3.00752
3.01312
2.79478
2.54252
1.93478
1.39652
1.23172
1.21486
3.01265
3.01265
3.01265
3.01265
3.01265
3.01265
3.01265
3.01265
3.01265
3.01265
3.01265
3.01265
3.01265
3.01265
3.01265
3.01263
3.01249
3.01121
3.00328
2.93321
2.72868
2.12522
1.74192
1.27905
1.25074
3.01265
3.01265
3.01265
3.01265
3.01265
3.01265
3.01265
3.01265
3.01265
3.01265
3.01265
3.01265
3.01265
3.01265
3.01265
3.01264
3.0126
3.01278
3.00879
3.01025
2.82055
2.57884
1.99716
1.4904
1.30429
3.01265
3.01265
3.01265
3.01265
3.01265
3.01265
3.01265
3.01265
3.01265
3.01265
3.01265
3.01265
3.01265
3.01265
3.01265
3.01265
3.01262
3.01257
3.01138
3.00583
2.94351
2.75933
2.20925
1.83438
1.37005
3.01265
3.01265
3.01265
3.01265
3.01265
3.01265
3.01265
3.01265
3.01265
3.01265
3.01265
3.01265
3.01265
3.01265
3.01265
3.01265
3.01265
3.0126
3.01262
3.00947
3.00447
2.85811
2.63918
2.06122
1.60319
3.01265
3.01265
3.01265
3.01265
3.01265
3.01265
3.01265
3.01265
3.01265
3.01265
3.01265
3.01265
3.01265
3.01265
3.01265
3.01265
3.01265
3.01263
3.01252
3.0116
3.0053
2.95369
2.77282
2.34345
1.94585
3.01265
3.01265
3.01265
3.01265
3.01265
3.01265
3.01265
3.01265
3.01265
3.01265
3.01265
3.01265
3.01265
3.01265
3.01265
3.01265
3.01265
3.01265
3.01262
3.01256
3.01096
3.00178
2.90633
2.76726
2.16978
3.01265
3.01265
3.01265
3.01265
3.01265
3.01265
3.01265
3.01265
3.01265
3.01265
3.01265
3.01265
3.01265
3.01265
3.01265
3.01265
3.01265
3.01265
3.01264
3.01257
3.01222
3.0069
3.00368
2.82248
2.66183
3.01265
3.01265
3.01265
3.01265
3.01265
3.01265
3.01265
3.01265
3.01265
3.01265
3.01265
3.01265
3.01265
3.01265
3.01265
3.01265
3.01265
3.01265
3.01265
3.01263
3.01254
3.0113
3.00697
2.94595
2.78042
3.01265
3.01265
3.01265
3.01265
3.01265
3.01265
3.01265
3.01265
3.01265
3.01265
3.01265
3.01265
3.01265
3.01265
3.01265
3.01265
3.01265
3.01265
3.01265
3.01265
3.01261
3.01244
3.01065
3.00665
2.88607
3.01265
3.01265
3.01265
3.01265
3.01265
3.01265
3.01265
3.01265
3.01265
3.01265
3.01265
3.01265
3.01265
3.01265
3.01265
3.01265
3.01265
3.01265
3.01265
3.01265
3.01268
3.0126
3.01221
3.0083
2.99702
3.01265
3.01265
3.01265
3.01265
3.01265
3.01265
3.01265
3.01265
3.01265
3.01265
3.01265
3.01265
3.01265
3.01265
3.01265
3.01265
3.01265
3.01265
3.01265
3.01265
3.01265
3.01265
3.01247
3.01198
3.00506
3.01265
3.01265
3.01265
3.01265
3.01265
3.01265
3.01265
3.01265
3.01265
3.01265
3.01265
3.01265
3.01265
3.01265
3.01265
3.01265
3.01265
3.01265
3.01265
3.01265
3.01265
3.01264
3.01262
3.01239
3.01064
3.01265
3.01265
3.01265
3.01265
3.01265
3.01265
3.01265
3.01265
3.01265
3.01265
3.01265
3.01265
3.01265
3.01265
3.01265
3.01265
3.01265
3.01265
3.01265
3.01265
3.01265
3.01265
3.01265
3.01253
3.01255
3.01265
3.01265
3.01265
3.01265
3.01265
3.01265
3.01265
3.01265
3.01265
3.01265
3.01265
3.01265
3.01265
3.01265
3.01265
3.01265
3.01265
3.01265
3.01265
3.01265
3.01265
3.01265
3.01265
3.01263
3.01271
3.01265
3.01265
3.01265
3.01265
3.01265
3.01265
3.01265
3.01265
3.01265
3.01265
3.01265
3.01265
3.01265
3.01265
3.01265
3.01265
3.01265
3.01265
3.01265
3.01265
3.01265
3.01265
3.01265
3.01264
3.01264
3.01265
3.01265
3.01265
3.01265
3.01265
3.01265
3.01265
3.01265
3.01265
3.01265
3.01265
3.01265
3.01265
3.01265
3.01265
3.01265
3.01265
3.01265
3.01265
3.01265
3.01265
3.01265
3.01265
3.01265
3.01264
3.01265
3.01265
3.01265
3.01265
3.01265
3.01265
3.01265
3.01265
3.01265
3.01265
3.01265
3.01265
3.01265
3.01265
3.01265
3.01265
3.01265
3.01265
3.01265
3.01265
3.01265
3.01265
3.01265
3.01265
3.01265
3.01265
3.01265
3.01265
3.01265
3.01265
3.01265
3.01265
3.01265
3.01265
3.01265
3.01265
3.01265
3.01265
3.01265
3.01265
3.01265
3.01265
3.01265
3.01265
3.01265
3.01265
3.01265
3.01265
3.01265
3.01265
3.01265
3.01265
3.01265
3.01265
3.01265
3.01265
3.01265
3.01265
3.01265
3.01265
3.01265
3.01265
3.01265
3.01265
3.01265
3.01265
3.01265
3.01265
3.01265
3.01265
3.01265
3.01265
3.01265
3.01265
3.01265
3.01265
3.01265
3.01265
3.01265
3.01265
3.01265
3.01265
3.01265
3.01265
3.01265
3.01265
3.01265
3.01265
3.01265
3.01265
3.01265
3.01265
3.01265
3.01265
3.01265
3.01265
3.01265
3.01265
3.01265
3.01265
3.01265
3.01265
3.01265
3.01265
3.01265
3.01265
3.01265
3.01265
3.01265
3.01265
3.01265
3.01265
3.01265
3.01265
3.01265
3.01265
3.01265
3.01265
3.01265
3.01265
3.01265
3.01265
3.01265
3.01265
3.01265
3.01265
3.01265
3.01265
3.01265
3.01265
3.01265
3.01265
3.01265
3.01265
3.01265
3.01265
3.01265
3.01265
3.01265
3.01265
3.01265
3.01265
3.01265
3.01265
3.01265
3.01265
3.01265
3.01265
3.01265
3.01265
1.13462
0.562738
0.358441
0.285276
0.377116
0.289006
0.426855
0.615782
0.750512
0.806862
0.817297
0.807151
0.802916
0.809824
0.858603
0.911362
0.949778
0.967626
0.971049
0.966883
0.963884
0.962454
0.965601
0.968951
0.975968
0.982782
0.987792
0.991138
0.992521
0.989775
0.984631
0.96585
0.945493
0.905826
0.861864
0.805706
0.747301
0.68643
0.619029
0.557306
0.503248
0.448864
0.393834
0.334047
0.279619
0.234937
0.170764
0.109757
0.0559565
0.0188908
0.0584427
0.102493
0.146109
0.18766
0.227203
0.26384
0.29815
0.330749
0.361387
0.389871
0.416709
0.442407
0.466884
0.490115
0.512193
0.533367
0.553604
0.573272
0.592143
0.610571
0.62833
0.645651
0.662108
0.677949
0.692928
0.707533
0.7216
0.735469
0.748972
0.762312
0.775294
0.788116
0.800431
0.812568
0.824165
0.835593
0.846596
0.857422
0.867995
0.878393
0.888687
0.898802
0.908835
0.918723
0.928623
0.93843
0.948499
0.959336
0.96851
0.977445
1.1055
0.947025
0.606881
0.439266
0.131658
0.119114
0.24884
0.449011
0.531413
0.564411
0.526147
0.502857
0.496916
0.527027
0.577608
0.628265
0.659533
0.67029
0.66771
0.662282
0.659445
0.658173
0.661443
0.663717
0.670908
0.677185
0.685041
0.689939
0.693318
0.690158
0.680999
0.663251
0.640835
0.603951
0.56177
0.503494
0.440579
0.378549
0.303886
0.242937
0.188774
0.113731
0.0737293
0.092645
0.152267
0.239974
0.309696
0.357315
0.402315
0.444493
0.478844
0.511831
0.544034
0.572009
0.599033
0.622361
0.645016
0.666812
0.688113
0.707855
0.726843
0.74514
0.762587
0.779687
0.796097
0.812184
0.827898
0.843228
0.858218
0.872913
0.887481
0.90176
0.915591
0.928849
0.941372
0.95355
0.965239
0.97669
0.987793
0.998746
1.0094
1.01991
1.03
1.03996
1.0494
1.05879
1.06773
1.07667
1.08539
1.09414
1.10291
1.11169
1.12053
1.12936
1.13831
1.14729
1.15654
1.16702
1.17576
1.18477
1.06549
1.08127
0.966565
0.822695
0.59186
0.422959
0.342969
0.392872
0.344665
0.251013
0.143285
0.0358135
0.0353785
0.114193
0.177682
0.316778
0.371299
0.401516
0.398285
0.384595
0.375889
0.371146
0.376193
0.380503
0.392621
0.400532
0.408372
0.408253
0.409809
0.406066
0.403343
0.384906
0.362323
0.322374
0.274266
0.227606
0.145838
0.105873
0.139494
0.208237
0.338626
0.438452
0.519755
0.590412
0.626355
0.665085
0.695314
0.710006
0.725548
0.742015
0.758373
0.774376
0.791358
0.808406
0.825336
0.841043
0.856605
0.871947
0.887459
0.902732
0.917144
0.931268
0.944928
0.958348
0.971474
0.984309
0.996876
1.00935
1.02173
1.03413
1.04663
1.05902
1.07115
1.08266
1.09359
1.10412
1.11432
1.12433
1.13419
1.14397
1.15363
1.16314
1.17224
1.18103
1.18938
1.1976
1.2056
1.21353
1.2214
1.22925
1.23713
1.24502
1.25293
1.26087
1.26887
1.27697
1.28537
1.29504
1.30384
1.31307
1.07432
1.167
1.17724
1.124
0.989741
0.826675
0.651382
0.632975
0.618343
0.572919
0.493684
0.38786
0.285949
0.256851
0.247046
0.267926
0.233735
0.180704
0.131364
0.0740255
0.0343669
0.00507329
0.0317535
0.0483233
0.0821982
0.091259
0.136675
0.136705
0.159399
0.161485
0.146932
0.133446
0.0943861
0.0726089
0.123212
0.25548
0.392667
0.522274
0.639329
0.70816
0.777931
0.820556
0.858001
0.882148
0.897603
0.913126
0.921872
0.926943
0.93349
0.941075
0.947367
0.955016
0.963802
0.973458
0.984062
0.994962
1.00603
1.01679
1.02718
1.03769
1.04844
1.05933
1.07051
1.08145
1.09204
1.10222
1.1125
1.123
1.13354
1.14412
1.15475
1.16543
1.17593
1.18612
1.19588
1.20535
1.21473
1.22391
1.23304
1.24191
1.25068
1.25913
1.26741
1.27532
1.28314
1.29071
1.29822
1.30557
1.31289
1.32021
1.32753
1.33487
1.34224
1.34966
1.35714
1.36474
1.37264
1.3817
1.39054
1.40005
1.09191
1.17714
1.24194
1.28432
1.23026
1.14899
1.04798
0.971463
0.962131
0.906738
0.815131
0.708935
0.601298
0.535085
0.485696
0.477564
0.4688
0.448055
0.41072
0.359578
0.296017
0.255293
0.206544
0.185664
0.153034
0.144284
0.125256
0.114764
0.092916
0.0733538
0.0960792
0.153291
0.237596
0.359766
0.517486
0.680621
0.809279
0.910185
0.974061
1.02683
1.05844
1.07106
1.08266
1.09288
1.10111
1.10439
1.10102
1.09686
1.09206
1.08888
1.08356
1.08388
1.08452
1.08861
1.09358
1.09865
1.10406
1.11028
1.11729
1.12426
1.13181
1.13969
1.14807
1.15685
1.16585
1.17473
1.18373
1.19284
1.20209
1.21145
1.22096
1.23036
1.23972
1.24868
1.2575
1.26622
1.27486
1.28333
1.29168
1.3
1.30841
1.31671
1.32477
1.33261
1.34023
1.34746
1.35451
1.36129
1.36807
1.37487
1.38178
1.3888
1.39593
1.40313
1.41044
1.41789
1.42566
1.43439
1.44349
1.45323
1.09133
1.18294
1.25096
1.31661
1.32355
1.30002
1.2675
1.25009
1.26461
1.25063
1.18233
1.0903
0.984344
0.892524
0.821885
0.790942
0.764029
0.726275
0.676743
0.621476
0.55867
0.510888
0.455492
0.421164
0.373579
0.349837
0.309188
0.299219
0.269851
0.264397
0.29558
0.377426
0.506508
0.683134
0.863555
1.00336
1.10991
1.19482
1.24895
1.2892
1.29886
1.29368
1.28165
1.26761
1.25473
1.24161
1.22813
1.21536
1.20055
1.18763
1.1749
1.16404
1.15373
1.15502
1.1571
1.159
1.16103
1.16404
1.16795
1.1727
1.17824
1.18448
1.19114
1.19844
1.2063
1.21451
1.22293
1.23146
1.24003
1.2486
1.25705
1.26535
1.27373
1.28209
1.29031
1.29851
1.3067
1.31486
1.32299
1.33117
1.33948
1.34756
1.35554
1.36295
1.3702
1.37715
1.38411
1.39092
1.39774
1.40454
1.4114
1.41834
1.42535
1.43243
1.43958
1.44685
1.45441
1.46273
1.47213
1.48205
1.07162
1.17448
1.24897
1.30739
1.35793
1.36287
1.37085
1.37415
1.38704
1.41197
1.42708
1.38146
1.32037
1.25075
1.18478
1.12293
1.09431
1.05615
1.00598
0.946725
0.877973
0.816491
0.749762
0.702606
0.645986
0.610663
0.558658
0.533274
0.480728
0.471545
0.516298
0.633346
0.800309
0.979576
1.12633
1.24006
1.33762
1.40445
1.4513
1.48191
1.48656
1.48006
1.46462
1.44081
1.40855
1.36758
1.32785
1.28627
1.25496
1.24466
1.23168
1.21708
1.2035
1.19504
1.18766
1.19035
1.19304
1.19557
1.1972
1.19932
1.20301
1.20849
1.21446
1.22074
1.22717
1.23403
1.24142
1.24922
1.25729
1.26555
1.27377
1.28205
1.29038
1.29868
1.30672
1.31462
1.32244
1.3303
1.33822
1.34622
1.35439
1.36247
1.37038
1.37766
1.38484
1.39177
1.39868
1.40533
1.41191
1.41841
1.42497
1.43166
1.4385
1.44554
1.45273
1.46008
1.46775
1.47613
1.4857
1.49586
1.06252
1.1511
1.23682
1.29729
1.35237
1.37432
1.40136
1.42339
1.45424
1.48248
1.51241
1.53317
1.50457
1.47065
1.43105
1.39591
1.38715
1.37618
1.34499
1.295
1.22986
1.16315
1.08854
1.03122
0.964689
0.915782
0.846414
0.810149
0.744405
0.72073
0.775391
0.892475
1.04456
1.19045
1.30349
1.40553
1.4831
1.53435
1.57288
1.59566
1.60759
1.60567
1.59692
1.57948
1.55222
1.51396
1.46388
1.39667
1.3389
1.27691
1.25021
1.2445
1.23658
1.22478
1.21175
1.20769
1.20931
1.21175
1.2146
1.21722
1.22027
1.22371
1.22783
1.23324
1.23909
1.24522
1.25193
1.25901
1.26675
1.27502
1.28321
1.29135
1.29926
1.30751
1.31584
1.32396
1.33209
1.33982
1.3475
1.3552
1.36317
1.3711
1.37885
1.38586
1.39275
1.39942
1.40604
1.41247
1.41887
1.42527
1.43178
1.43845
1.44532
1.45247
1.45976
1.4672
1.47497
1.48338
1.4932
1.50357
1.06065
1.13507
1.21359
1.28151
1.33541
1.36847
1.40276
1.42869
1.46036
1.50293
1.53938
1.57709
1.59757
1.58191
1.5679
1.55203
1.54438
1.54949
1.55594
1.53455
1.50213
1.46315
1.41539
1.36668
1.31117
1.25908
1.19621
1.1317
1.05112
0.987802
1.01713
1.09519
1.20651
1.30577
1.4056
1.4888
1.5569
1.60271
1.63857
1.66138
1.67421
1.68064
1.67648
1.66702
1.64895
1.62108
1.58382
1.53479
1.47054
1.3866
1.31972
1.24868
1.24952
1.24769
1.24341
1.23652
1.2308
1.22542
1.22791
1.23221
1.23646
1.2395
1.24269
1.24746
1.25253
1.25835
1.26475
1.27179
1.27931
1.28712
1.29528
1.30326
1.31137
1.31932
1.32731
1.3351
1.34261
1.34989
1.35733
1.36506
1.37324
1.38103
1.38884
1.39576
1.40231
1.40851
1.41465
1.42071
1.42684
1.43308
1.43948
1.44607
1.45287
1.45992
1.46709
1.47445
1.48213
1.49045
1.50039
1.51074
1.06365
1.12828
1.1958
1.26116
1.31016
1.35387
1.39074
1.42151
1.456
1.49566
1.54193
1.58081
1.62145
1.63089
1.63089
1.6328
1.63332
1.638
1.64671
1.65547
1.6515
1.62893
1.60131
1.57036
1.536
1.49643
1.45156
1.37102
1.2844
1.21258
1.15562
1.2127
1.28533
1.37429
1.45427
1.5273
1.58748
1.63071
1.666
1.69389
1.70965
1.71442
1.70968
1.7085
1.69995
1.68865
1.6714
1.64238
1.59979
1.54206
1.45916
1.36919
1.28288
1.25354
1.26067
1.26009
1.25632
1.25153
1.2523
1.25394
1.25552
1.25731
1.25936
1.26244
1.26669
1.27194
1.27821
1.28536
1.29267
1.30022
1.30774
1.31518
1.32285
1.33049
1.33819
1.34543
1.35265
1.36003
1.36767
1.37578
1.38394
1.39204
1.3995
1.40586
1.41193
1.41791
1.42395
1.43009
1.43631
1.44265
1.44912
1.45579
1.46269
1.46984
1.4771
1.4845
1.49218
1.50043
1.51031
1.52046
1.07216
1.12787
1.18726
1.24672
1.29313
1.33842
1.37162
1.40717
1.44418
1.48419
1.52875
1.57228
1.61079
1.64513
1.65287
1.65988
1.67055
1.6802
1.68997
1.70036
1.70928
1.71676
1.70379
1.68776
1.66615
1.637
1.58734
1.50211
1.35859
1.21742
1.21991
1.26242
1.31851
1.38574
1.44678
1.50299
1.54931
1.59059
1.62382
1.65075
1.67436
1.69314
1.71403
1.72322
1.72196
1.72109
1.72049
1.7104
1.69317
1.66116
1.60858
1.53677
1.43166
1.35086
1.26177
1.26595
1.27245
1.27704
1.27638
1.27363
1.27029
1.27196
1.27449
1.27769
1.28151
1.28599
1.29128
1.29736
1.30395
1.31085
1.31808
1.32536
1.333
1.34075
1.3486
1.3555
1.36241
1.36962
1.3771
1.38503
1.3929
1.40071
1.40762
1.41366
1.41972
1.42587
1.43206
1.4383
1.44461
1.451
1.45753
1.46424
1.47115
1.47827
1.4855
1.49286
1.5005
1.5088
1.51885
1.52936
1.08625
1.13479
1.18669
1.23771
1.28673
1.32353
1.3592
1.39382
1.42828
1.46652
1.50698
1.55332
1.59146
1.63214
1.65511
1.66763
1.67991
1.69215
1.70536
1.72132
1.73575
1.7516
1.75979
1.74777
1.73059
1.69953
1.6329
1.521
1.36078
1.20075
1.22716
1.26415
1.31289
1.36429
1.41619
1.46316
1.50834
1.54817
1.58056
1.61186
1.63929
1.66229
1.68417
1.70068
1.71885
1.73359
1.7459
1.74496
1.74316
1.73137
1.70981
1.67247
1.61131
1.52464
1.41388
1.31345
1.27387
1.28909
1.29974
1.2983
1.29617
1.29338
1.29484
1.29708
1.30029
1.3043
1.30867
1.31351
1.31905
1.32543
1.33298
1.34064
1.34842
1.35598
1.36271
1.3694
1.37647
1.38379
1.39113
1.39872
1.40626
1.41364
1.42023
1.42621
1.43224
1.4383
1.44437
1.45047
1.45661
1.46282
1.46915
1.47563
1.4823
1.48916
1.49622
1.50348
1.51111
1.5195
1.52971
1.5406
1.10487
1.14761
1.19269
1.23858
1.28404
1.31921
1.35534
1.38423
1.41403
1.44849
1.48635
1.53094
1.57358
1.60778
1.64233
1.66119
1.67858
1.69391
1.70743
1.72361
1.74142
1.75934
1.78115
1.77128
1.7515
1.70298
1.60432
1.42828
1.28025
1.19163
1.21492
1.24864
1.29119
1.33388
1.37584
1.4185
1.45839
1.49402
1.52758
1.55938
1.58936
1.61533
1.64046
1.66569
1.69441
1.71838
1.74355
1.76154
1.76525
1.76321
1.76538
1.75322
1.72727
1.67996
1.60764
1.49045
1.40237
1.30053
1.30837
1.31908
1.33048
1.32972
1.32772
1.32749
1.32891
1.33148
1.33503
1.33933
1.34413
1.34963
1.35586
1.36326
1.3706
1.37835
1.38447
1.39055
1.39693
1.40367
1.41086
1.41798
1.42513
1.43179
1.43809
1.44412
1.45005
1.45585
1.46152
1.46716
1.47285
1.47864
1.48459
1.49076
1.49718
1.50387
1.51081
1.51804
1.5257
1.53422
1.54459
1.55582
1.12719
1.16365
1.20351
1.24357
1.28474
1.3189
1.35408
1.38007
1.40787
1.43795
1.47042
1.50695
1.5499
1.58538
1.61669
1.64717
1.66742
1.6839
1.6982
1.71587
1.73823
1.75588
1.77654
1.76455
1.73237
1.65327
1.50607
1.34172
1.18328
1.19295
1.20916
1.23492
1.26564
1.30063
1.33788
1.37563
1.41286
1.44907
1.48375
1.51711
1.5482
1.57712
1.6052
1.63499
1.66321
1.69098
1.71018
1.73296
1.7522
1.77525
1.78906
1.79026
1.78977
1.77982
1.74378
1.6862
1.60148
1.48306
1.38389
1.3226
1.34172
1.35666
1.36581
1.36198
1.35806
1.35972
1.36238
1.36625
1.37089
1.3759
1.38138
1.38762
1.39504
1.40253
1.4101
1.41614
1.42165
1.42717
1.43293
1.43915
1.44603
1.45274
1.45961
1.4659
1.47183
1.47739
1.48276
1.48802
1.49333
1.49878
1.50442
1.51034
1.5166
1.5233
1.53024
1.53746
1.54519
1.55381
1.56421
1.57557
1.15032
1.18216
1.21889
1.25448
1.29201
1.3236
1.35404
1.38108
1.40589
1.43214
1.46065
1.49327
1.52974
1.566
1.59813
1.62609
1.65471
1.6729
1.69165
1.70802
1.72902
1.74764
1.75334
1.73261
1.67104
1.55253
1.37409
1.21788
1.17308
1.18239
1.19707
1.21795
1.24366
1.273
1.30509
1.33923
1.37471
1.41033
1.44547
1.48021
1.5126
1.54414
1.57477
1.60494
1.63211
1.65656
1.6837
1.71073
1.73552
1.75951
1.77994
1.80006
1.81986
1.82649
1.81928
1.80259
1.7604
1.692
1.5834
1.48313
1.37289
1.37072
1.38074
1.39426
1.39825
1.39922
1.39694
1.39891
1.4012
1.40606
1.41144
1.41741
1.42334
1.4295
1.43596
1.44256
1.44781
1.45276
1.45798
1.4635
1.46935
1.47542
1.48167
1.48778
1.49351
1.49894
1.50419
1.5093
1.51441
1.51963
1.52506
1.53079
1.53692
1.54347
1.55041
1.55775
1.56564
1.57443
1.58513
1.5966
1.17643
1.20297
1.23644
1.26867
1.30357
1.33113
1.35779
1.38484
1.40589
1.42898
1.45483
1.48477
1.51748
1.55341
1.58169
1.61085
1.63865
1.6633
1.67993
1.69815
1.7144
1.72951
1.7154
1.66877
1.56751
1.39434
1.24324
1.16715
1.17163
1.17921
1.19092
1.20703
1.22735
1.25193
1.2802
1.31168
1.34548
1.38058
1.41565
1.45115
1.48468
1.51802
1.54792
1.5759
1.60398
1.63333
1.66189
1.68992
1.71323
1.73885
1.76771
1.79714
1.82313
1.85021
1.85484
1.85795
1.84976
1.82602
1.7754
1.69658
1.57583
1.48692
1.39286
1.40519
1.42494
1.4418
1.44114
1.43965
1.44008
1.44125
1.44466
1.45036
1.45606
1.46188
1.46712
1.47217
1.47659
1.48101
1.486
1.49124
1.49654
1.50205
1.50773
1.51344
1.51895
1.52409
1.52891
1.5336
1.53838
1.54333
1.54859
1.55424
1.56037
1.56698
1.57402
1.58148
1.58944
1.59827
1.6091
1.62049
1.20152
1.22378
1.25432
1.28442
1.31772
1.3415
1.36581
1.39153
1.4098
1.42967
1.45234
1.47925
1.50971
1.54377
1.57179
1.6011
1.62656
1.65322
1.67387
1.69218
1.70562
1.69377
1.65559
1.56815
1.40443
1.27074
1.16471
1.16826
1.17356
1.18067
1.19029
1.20322
1.22037
1.24171
1.26727
1.29587
1.32699
1.35999
1.39388
1.4288
1.46273
1.49552
1.52435
1.55394
1.58422
1.61601
1.64681
1.67252
1.70034
1.72903
1.75807
1.787
1.81345
1.83988
1.86446
1.88055
1.89176
1.89897
1.87917
1.84208
1.7842
1.69843
1.58129
1.47855
1.43763
1.44774
1.46318
1.48149
1.47743
1.47417
1.47604
1.47908
1.48494
1.49158
1.49799
1.50142
1.50489
1.50841
1.51278
1.51813
1.52396
1.52986
1.53504
1.53991
1.54483
1.54961
1.55424
1.55888
1.56363
1.56864
1.57403
1.57986
1.5862
1.59302
1.60023
1.60779
1.61576
1.62449
1.63525
1.64654
1.2288
1.24687
1.27332
1.30129
1.33253
1.35545
1.37716
1.4007
1.41908
1.43403
1.4529
1.47684
1.5043
1.53571
1.56518
1.59307
1.61898
1.64579
1.66946
1.69006
1.67861
1.64471
1.56533
1.40654
1.28366
1.16086
1.16627
1.17471
1.18248
1.19017
1.19896
1.20999
1.22438
1.24251
1.2643
1.2896
1.31768
1.34789
1.38044
1.41365
1.44713
1.4777
1.50905
1.54059
1.57338
1.60604
1.63356
1.66238
1.69297
1.72329
1.75142
1.77981
1.80728
1.83242
1.85968
1.88458
1.90577
1.92582
1.92545
1.92141
1.90916
1.86586
1.79788
1.6759
1.58234
1.46805
1.479
1.49218
1.50464
1.51835
1.51827
1.51901
1.5205
1.52298
1.52723
1.53135
1.53574
1.53884
1.54242
1.54651
1.55131
1.55686
1.56202
1.56633
1.57073
1.57519
1.57963
1.58417
1.58891
1.59398
1.59954
1.60563
1.61226
1.61937
1.62679
1.63447
1.64249
1.65124
1.66217
1.67348
1.24872
1.26568
1.28887
1.31683
1.34509
1.37398
1.39116
1.41183
1.43403
1.44453
1.45907
1.47909
1.50378
1.53178
1.55985
1.58743
1.6174
1.64368
1.67169
1.66475
1.63666
1.56434
1.41602
1.28236
1.15382
1.1603
1.17127
1.18155
1.19226
1.20056
1.20971
1.22039
1.23316
1.24883
1.26753
1.28947
1.31453
1.3425
1.37343
1.40483
1.4359
1.46816
1.50047
1.5336
1.56602
1.5962
1.62639
1.65753
1.68646
1.71613
1.74628
1.77393
1.80273
1.83124
1.85686
1.88225
1.90681
1.93084
1.9474
1.96122
1.96671
1.9647
1.93427
1.88186
1.80094
1.68027
1.5927
1.5012
1.51342
1.53512
1.54956
1.5632
1.56256
1.56214
1.56128
1.56279
1.56512
1.5691
1.57303
1.57639
1.58024
1.5843
1.58948
1.59425
1.59922
1.60323
1.60742
1.6119
1.61677
1.62204
1.62784
1.63418
1.64091
1.648
1.65512
1.66252
1.67032
1.67889
1.68995
1.70118
1.27742
1.29071
1.30811
1.33282
1.35763
1.38892
1.40616
1.42671
1.45171
1.4611
1.47146
1.48782
1.50793
1.5335
1.55889
1.58281
1.61331
1.63729
1.6557
1.63024
1.56458
1.43814
1.28443
1.14012
1.14655
1.1575
1.17351
1.18746
1.20081
1.21043
1.22077
1.23208
1.24484
1.25944
1.27644
1.29619
1.31871
1.34408
1.37166
1.40111
1.43271
1.46474
1.49755
1.5307
1.56063
1.59227
1.62448
1.65346
1.68286
1.71254
1.74133
1.7701
1.79898
1.82809
1.85221
1.87661
1.89929
1.92281
1.94914
1.97217
2.00295
2.0028
2.0023
1.98676
1.95345
1.8916
1.79316
1.67641
1.55597
1.55273
1.5598
1.57514
1.5938
1.59346
1.5922
1.59092
1.59089
1.59131
1.59624
1.60102
1.60612
1.61005
1.61423
1.61879
1.62356
1.62839
1.63303
1.63786
1.64314
1.6486
1.6541
1.66028
1.66699
1.67401
1.68123
1.68881
1.69689
1.70584
1.71737
1.72909
1.31765
1.30632
1.32375
1.34682
1.372
1.39817
1.42282
1.44209
1.46417
1.48316
1.48945
1.50153
1.52034
1.54305
1.56422
1.58595
1.60792
1.62943
1.61434
1.56312
1.45591
1.29298
1.13295
1.13187
1.14324
1.16197
1.17854
1.19595
1.20941
1.22234
1.23491
1.24801
1.26178
1.2766
1.293
1.3114
1.33211
1.35518
1.38079
1.40875
1.43879
1.46949
1.50066
1.53212
1.56445
1.59639
1.62674
1.65685
1.68584
1.71477
1.74355
1.77169
1.79969
1.82545
1.8512
1.87494
1.89925
1.92136
1.94374
1.96906
1.99379
2.01783
2.03249
2.03723
2.03478
2.01495
1.9648
1.88931
1.7659
1.67399
1.57191
1.58141
1.59863
1.60967
1.62354
1.62203
1.62067
1.62004
1.61982
1.62285
1.62943
1.63542
1.64157
1.64591
1.65026
1.65458
1.65943
1.66462
1.67024
1.676
1.68087
1.68631
1.69249
1.69914
1.70636
1.71444
1.72324
1.73301
1.74539
1.75815
1.37527
1.34083
1.34226
1.3603
1.38574
1.408
1.43463
1.4567
1.47899
1.50311
1.51021
1.51941
1.53484
1.55344
1.57625
1.59415
1.60981
1.59657
1.55334
1.45899
1.29892
1.1405
1.11158
1.12955
1.1511
1.1719
1.18896
1.20507
1.22128
1.23744
1.25254
1.2673
1.28242
1.2982
1.31506
1.3332
1.35298
1.37449
1.39792
1.42323
1.45029
1.47899
1.50865
1.53917
1.56968
1.59926
1.6289
1.65836
1.68701
1.71505
1.74325
1.77108
1.7984
1.8235
1.84823
1.87233
1.8949
1.9178
1.93838
1.96021
1.98498
2.01389
2.04386
2.05729
2.06784
2.06857
2.05205
2.01662
1.96014
1.87615
1.75555
1.64991
1.60721
1.61014
1.6295
1.64211
1.65548
1.65253
1.65083
1.65003
1.65185
1.65778
1.66411
1.67056
1.67501
1.67958
1.68445
1.68979
1.69466
1.70007
1.70522
1.71063
1.71696
1.72428
1.73184
1.74021
1.74913
1.75903
1.77151
1.78436
1.50716
1.41523
1.38076
1.39234
1.40932
1.42718
1.44684
1.47085
1.49397
1.51975
1.53071
1.53741
1.5486
1.56593
1.58371
1.60609
1.59207
1.55171
1.46371
1.30554
1.15357
1.10042
1.12074
1.14444
1.16871
1.18549
1.20336
1.22215
1.24089
1.26
1.27793
1.29495
1.31133
1.32788
1.34468
1.36199
1.38015
1.39949
1.42032
1.44272
1.46693
1.49251
1.51947
1.54724
1.57539
1.6039
1.63236
1.66084
1.68905
1.71715
1.74468
1.77202
1.79837
1.82379
1.84821
1.86977
1.89169
1.91402
1.93556
1.95641
1.98464
2.00973
2.03772
2.05537
2.07114
2.08933
2.08537
2.08231
2.06871
2.02592
1.95959
1.84782
1.74523
1.63566
1.64295
1.65187
1.66474
1.67568
1.68226
1.68107
1.68059
1.68191
1.6869
1.69291
1.69891
1.70443
1.70994
1.71529
1.71953
1.72395
1.72984
1.73582
1.7425
1.74997
1.75792
1.76629
1.77511
1.78494
1.79722
1.80977
1.81373
1.44
1.42339
1.40976
1.42208
1.43792
1.45575
1.47969
1.50336
1.52646
1.54572
1.5498
1.5612
1.5762
1.59405
1.58796
1.55258
1.47189
1.31685
1.18116
1.09292
1.11676
1.14223
1.16971
1.18716
1.20582
1.2255
1.24506
1.2648
1.28432
1.30321
1.32103
1.33847
1.35519
1.37181
1.38857
1.40575
1.42363
1.44251
1.46278
1.48434
1.50738
1.53161
1.55686
1.58306
1.60966
1.63656
1.66366
1.69082
1.71856
1.74554
1.77232
1.79787
1.82297
1.8472
1.8678
1.88756
1.90757
1.92931
1.95356
1.97919
2.00554
2.02552
2.04539
2.06416
2.08382
2.10241
2.12128
2.11697
2.10745
2.07418
2.02439
1.95003
1.83304
1.74799
1.66064
1.66733
1.68256
1.69265
1.70386
1.71101
1.71227
1.71368
1.71623
1.72256
1.72862
1.7351
1.73863
1.7431
1.74664
1.75161
1.75812
1.76545
1.77341
1.78154
1.7898
1.79853
1.80819
1.82043
1.83318
2.11594
1.65141
1.47324
1.44251
1.43875
1.45066
1.4661
1.48704
1.51091
1.53109
1.55402
1.5622
1.57441
1.58791
1.58134
1.54994
1.47582
1.32952
1.2034
1.08363
1.1106
1.14006
1.17146
1.18942
1.2079
1.22696
1.24635
1.26586
1.28546
1.30534
1.32509
1.34405
1.36243
1.37993
1.39675
1.41342
1.43025
1.44745
1.46524
1.48381
1.50335
1.52394
1.54557
1.56828
1.59189
1.61635
1.64152
1.66729
1.69353
1.72032
1.74681
1.77318
1.79912
1.82155
1.84414
1.86699
1.88749
1.90854
1.93003
1.95296
1.97706
2.00118
2.02419
2.04649
2.06576
2.08485
2.10546
2.12279
2.14099
2.13709
2.13339
2.1214
2.08618
2.02778
1.93861
1.81956
1.71712
1.69689
1.69632
1.71317
1.72413
1.73547
1.7395
1.74294
1.7457
1.75045
1.75623
1.7616
1.76582
1.77087
1.77571
1.78213
1.78982
1.7981
1.8062
1.81429
1.82275
1.83217
1.84413
1.85673
2.33948
1.9999
1.56814
1.48183
1.4579
1.46753
1.48068
1.49838
1.5224
1.542
1.56328
1.57668
1.58772
1.57758
1.54476
1.47275
1.33196
1.20026
1.07602
1.10282
1.13326
1.16391
1.18387
1.20344
1.22349
1.24373
1.26381
1.28396
1.30396
1.32408
1.34429
1.36413
1.38345
1.40215
1.41991
1.4373
1.45408
1.471
1.48811
1.50557
1.52357
1.54229
1.56185
1.58238
1.60376
1.62609
1.64919
1.67313
1.6978
1.72337
1.74884
1.77456
1.79956
1.82266
1.84366
1.86571
1.88719
1.90786
1.92818
1.95044
1.97351
1.99774
2.02083
2.04373
2.06247
2.08078
2.09713
2.11606
2.13469
2.15045
2.16756
2.1628
2.15895
2.13171
2.09405
2.02293
1.90274
1.81612
1.72155
1.72794
1.73485
1.75015
1.76129
1.77295
1.77525
1.77631
1.77959
1.78404
1.78895
1.7946
1.80077
1.80764
1.81495
1.82289
1.83053
1.83811
1.84628
1.85546
1.86737
1.88015
2.7845
2.25125
1.88092
1.53478
1.49895
1.478
1.49052
1.50871
1.5318
1.55603
1.57327
1.59171
1.57907
1.54321
1.46772
1.32688
1.19058
1.06547
1.09285
1.12471
1.15522
1.17562
1.19576
1.21703
1.23867
1.26015
1.28116
1.30193
1.32256
1.34312
1.3634
1.38333
1.40293
1.42213
1.44089
1.45882
1.47621
1.49296
1.50955
1.52633
1.54329
1.56065
1.57853
1.59707
1.6164
1.63662
1.65773
1.67977
1.70258
1.72656
1.75065
1.7747
1.79807
1.82145
1.84279
1.86424
1.88483
1.9058
1.92747
1.95014
1.97303
1.99777
2.02094
2.04138
2.06201
2.07832
2.09501
2.11241
2.12955
2.14939
2.16756
2.18022
2.19017
2.18737
2.1827
2.1542
2.09539
2.0111
1.8924
1.7949
1.7576
1.75955
1.77619
1.78877
1.80347
1.80847
1.81071
1.81307
1.81581
1.82081
1.82811
1.83515
1.84238
1.8485
1.85493
1.86173
1.86935
1.87835
1.8909
1.90423
2.8477
2.64667
2.14
1.73024
1.55166
1.51384
1.50628
1.51997
1.54039
1.56328
1.58539
1.57705
1.54315
1.46666
1.32422
1.17923
1.04876
1.07704
1.11266
1.14701
1.16647
1.18635
1.20739
1.22979
1.25213
1.27458
1.29677
1.31849
1.33955
1.36017
1.38025
1.40014
1.41997
1.43956
1.45898
1.47784
1.49597
1.51332
1.53019
1.54688
1.56342
1.58004
1.59694
1.61421
1.63207
1.6506
1.66997
1.69027
1.71157
1.73365
1.75659
1.77967
1.80199
1.82389
1.8456
1.86674
1.88835
1.91025
1.93221
1.95415
1.97798
2.00052
2.02282
2.04443
2.06161
2.07918
2.09594
2.11267
2.12943
2.14702
2.16274
2.1836
2.2016
2.21962
2.22498
2.22851
2.19962
2.15953
2.09615
1.98191
1.89719
1.79753
1.80296
1.80611
1.82218
1.83309
1.84571
1.84685
1.84904
1.85182
1.85735
1.86372
1.86938
1.87467
1.88039
1.88703
1.89462
1.90297
1.91549
1.92881
2.94841
2.78342
2.40513
2.09783
1.67709
1.57502
1.54381
1.54102
1.56271
1.58124
1.57604
1.53869
1.45993
1.3146
1.16974
1.0376
1.06342
1.10102
1.13583
1.15879
1.17771
1.19779
1.2194
1.24214
1.2651
1.28828
1.31104
1.33312
1.35442
1.37506
1.39523
1.41532
1.43534
1.45544
1.4755
1.49533
1.51458
1.53282
1.55064
1.56765
1.58452
1.60049
1.61635
1.63249
1.64896
1.66597
1.68356
1.70197
1.72122
1.74141
1.7623
1.78373
1.80529
1.82642
1.84762
1.86903
1.89048
1.91218
1.93433
1.95616
1.97792
1.99996
2.02169
2.04338
2.06268
2.08143
2.09793
2.11473
2.13211
2.14941
2.16752
2.18524
2.2032
2.22423
2.24184
2.26346
2.25716
2.25388
2.22358
2.1824
2.10533
1.9892
1.90596
1.84219
1.84588
1.85286
1.86502
1.87831
1.88196
1.88641
1.89147
1.89518
1.89886
1.9022
1.90891
1.91566
1.92297
1.93061
1.94213
1.95448
3.00191
2.91049
2.82899
2.32452
2.00691
1.6329
1.58271
1.56339
1.57639
1.57083
1.5333
1.4493
1.29081
1.15281
1.02459
1.05262
1.09097
1.12576
1.14905
1.16633
1.18514
1.20586
1.22873
1.25231
1.27635
1.30053
1.32398
1.34667
1.36854
1.38958
1.41008
1.4305
1.45095
1.47147
1.4922
1.51234
1.53241
1.55092
1.56951
1.58717
1.60453
1.62032
1.63543
1.65085
1.66666
1.68289
1.69974
1.7173
1.7357
1.7547
1.77426
1.79429
1.8145
1.83496
1.85568
1.87674
1.89822
1.91989
1.94211
1.96451
1.98632
2.00883
2.03076
2.05198
2.07268
2.09052
2.10799
2.12552
2.14315
2.16084
2.17753
2.1944
2.21204
2.22901
2.24757
2.26409
2.27797
2.29443
2.28345
2.2679
2.23869
2.16819
2.05456
1.9724
1.87853
1.87874
1.87496
1.89106
1.90319
1.91939
1.92308
1.92665
1.93019
1.93364
1.93839
1.94667
1.95497
1.96178
1.97259
1.9834
3.0071
3.00888
2.85373
2.78216
2.28505
1.89283
1.64086
1.60189
1.58745
1.53782
1.43944
1.2631
1.11559
1.01004
1.04183
1.08082
1.11662
1.13808
1.15538
1.17436
1.19513
1.21718
1.23995
1.26319
1.28698
1.31093
1.33475
1.35776
1.3802
1.40183
1.42338
1.44466
1.46591
1.48701
1.50799
1.52858
1.54865
1.56804
1.58756
1.60678
1.62523
1.64267
1.65778
1.67291
1.68838
1.70427
1.72069
1.73786
1.75549
1.7735
1.79194
1.8107
1.82978
1.84922
1.86912
1.88956
1.91079
1.93219
1.95448
1.97646
1.99808
2.01962
2.04129
2.06212
2.08071
2.09884
2.11545
2.13155
2.14743
2.16316
2.17715
2.19051
2.20417
2.21749
2.23066
2.24341
2.25709
2.27241
2.2802
2.28428
2.28416
2.25221
2.2081
2.13605
2.02767
1.95331
1.88028
1.88925
1.8973
1.91377
1.92723
1.94253
1.94921
1.9559
1.96254
1.97205
1.98125
1.99016
2.00318
2.01391
3.01141
3.01005
2.96307
2.8517
2.57897
2.16338
1.78167
1.66423
1.5612
1.43754
1.2432
1.05187
1.00652
1.03803
1.0777
1.11287
1.13516
1.15044
1.16749
1.1866
1.20754
1.22958
1.25235
1.27596
1.30047
1.325
1.34927
1.37287
1.39585
1.41846
1.44066
1.46264
1.48402
1.50539
1.52693
1.54822
1.5692
1.58966
1.6099
1.63071
1.65004
1.66914
1.68525
1.70042
1.71595
1.73206
1.74895
1.76663
1.78423
1.80212
1.8199
1.83782
1.85588
1.87426
1.89295
1.91216
1.93164
1.95174
1.97143
1.99091
2.00949
2.02746
2.04524
2.06181
2.07735
2.09093
2.10311
2.1148
2.12636
2.13793
2.14841
2.15958
2.17196
2.1854
2.19831
2.21192
2.22438
2.23748
2.25255
2.26657
2.28538
2.28438
2.26456
2.22868
2.18645
2.07402
1.99023
1.89026
1.891
1.89188
1.91497
1.9321
1.94842
1.96676
1.97712
1.98761
1.99794
2.00817
2.02468
2.036
3.01241
3.0118
3.00474
2.94281
2.80482
2.47841
2.1529
1.81479
1.49475
1.25442
0.993314
0.991218
1.02292
1.06589
1.10606
1.12341
1.13971
1.15743
1.17701
1.19799
1.21975
1.24173
1.26428
1.28774
1.31191
1.33626
1.36055
1.38485
1.40907
1.43311
1.457
1.48096
1.50497
1.52862
1.55222
1.57532
1.59786
1.61985
1.6414
1.66372
1.68478
1.70536
1.72261
1.7384
1.75382
1.7691
1.78495
1.80042
1.81604
1.83041
1.84419
1.85781
1.87131
1.88492
1.89865
1.91264
1.92705
1.94167
1.9562
1.97076
1.98497
1.99927
2.01349
2.02744
2.04146
2.05412
2.06657
2.07853
2.09109
2.10288
2.11476
2.12758
2.14158
2.15691
2.17083
2.18484
2.19885
2.2126
2.22759
2.24579
2.26358
2.28436
2.28397
2.26888
2.24476
2.19826
2.09664
2.02205
1.93495
1.89352
1.89843
1.9145
1.93381
1.95191
1.96764
1.98652
2.00365
2.01572
2.03146
2.04744
3.0127
3.01236
3.01025
3.00073
2.91051
2.79447
2.43476
1.97564
1.50577
1.0223
1.03627
1.08244
1.12405
1.1635
1.17287
1.1797
1.18953
1.20351
1.22007
1.23901
1.25918
1.2808
1.30374
1.32789
1.35249
1.37731
1.4024
1.42768
1.45332
1.47871
1.503
1.5265
1.54891
1.57071
1.59208
1.61247
1.63177
1.64987
1.66746
1.6856
1.70238
1.71855
1.73206
1.74223
1.7528
1.76388
1.77599
1.78839
1.80144
1.81272
1.82349
1.83442
1.84571
1.85718
1.86905
1.88142
1.89432
1.90789
1.92178
1.93594
1.9498
1.96377
1.97781
1.99225
2.00689
2.02116
2.03478
2.04811
2.06155
2.07495
2.08741
2.10088
2.11485
2.12964
2.14441
2.15566
2.16748
2.17924
2.19147
2.20487
2.22117
2.23535
2.25388
2.25416
2.23755
2.22144
2.17211
2.1227
2.02552
1.95502
1.87978
1.88841
1.89804
1.91713
1.93853
1.96069
1.97909
1.99692
2.00828
2.01597
3.01266
3.01264
3.01383
3.00691
2.99189
2.77202
2.39241
1.55488
0.908366
0.843667
0.930329
1.02228
1.0993
1.13343
1.14913
1.16664
1.18709
1.20727
1.22818
1.25055
1.2728
1.29558
1.31887
1.34211
1.36592
1.38942
1.41215
1.43421
1.4559
1.4773
1.49788
1.51781
1.53663
1.55503
1.57326
1.59093
1.60794
1.62406
1.64024
1.65701
1.67318
1.68896
1.70249
1.71343
1.72444
1.73593
1.74842
1.76079
1.77346
1.78427
1.79429
1.80459
1.81526
1.82617
1.83747
1.84913
1.86105
1.87334
1.88576
1.8983
1.91081
1.92297
1.93495
1.94695
1.95937
1.97211
1.98458
1.99686
2.00668
2.01634
2.02549
2.03552
2.04573
2.05604
2.06595
2.07481
2.08337
2.09236
2.10194
2.11232
2.12456
2.13803
2.15436
2.16761
2.16933
2.16252
2.14273
2.11108
2.06913
1.97257
1.90749
1.84067
1.8516
1.86844
1.89447
1.9202
1.94898
1.95749
1.96306
1.95536
3.01264
3.01258
3.012
3.00743
2.96422
2.78291
2.19108
1.25851
0.399556
0.533229
0.677271
0.796384
0.874376
0.934634
0.985862
1.02785
1.06619
1.09906
1.12924
1.15916
1.18826
1.21573
1.24216
1.26746
1.29226
1.31721
1.34206
1.36648
1.39056
1.41434
1.43731
1.45904
1.4799
1.49958
1.51865
1.53704
1.55419
1.57045
1.58591
1.60165
1.61668
1.63095
1.6433
1.65357
1.66339
1.67345
1.68433
1.6948
1.70532
1.71353
1.72155
1.72931
1.7373
1.74557
1.75414
1.76281
1.7717
1.781
1.79019
1.7995
1.80903
1.81899
1.82813
1.83731
1.84745
1.8577
1.86828
1.87841
1.88775
1.89749
1.90784
1.91898
1.93089
1.9427
1.95508
1.96628
1.97779
1.98984
2.00274
2.01676
2.03218
2.04796
2.06457
2.08032
2.09542
2.10819
2.10256
2.0872
2.06469
2.02203
1.93106
1.87467
1.80484
1.81057
1.83338
1.85463
1.88071
1.8846
1.87937
1.84236
3.01264
3.0126
3.01213
3.0086
2.9695
2.8049
2.21405
1.21664
0.244396
0.401932
0.453134
0.510362
0.576582
0.645329
0.712216
0.77432
0.828218
0.877707
0.921777
0.964501
1.00619
1.04229
1.07553
1.10822
1.13861
1.16808
1.19586
1.22315
1.24884
1.27294
1.29566
1.31717
1.33763
1.35718
1.37608
1.39398
1.4109
1.42681
1.44192
1.45664
1.47094
1.48417
1.49638
1.50735
1.51826
1.52938
1.54124
1.55245
1.56358
1.57287
1.58209
1.59085
1.59987
1.6092
1.61884
1.62879
1.63906
1.64982
1.66084
1.67211
1.68384
1.69591
1.70768
1.72028
1.73357
1.74753
1.76199
1.77661
1.79134
1.80539
1.82006
1.83574
1.85196
1.86814
1.88465
1.89965
1.91491
1.93057
1.94695
1.96444
1.98224
2.00019
2.01866
2.03592
2.05348
2.07223
2.08882
2.08883
2.07632
2.05712
2.00768
1.92208
1.85646
1.78185
1.77798
1.78007
1.78005
1.76804
1.72257
1.65014
3.01264
3.01261
3.01204
3.00855
2.96774
2.80051
2.19477
1.1883
0.239965
0.433466
0.462648
0.486575
0.513596
0.543438
0.577045
0.614008
0.652512
0.690965
0.728775
0.766144
0.803438
0.840463
0.87697
0.911797
0.945439
0.977524
1.00905
1.03906
1.06866
1.09738
1.1251
1.15166
1.17723
1.20178
1.22537
1.24801
1.2696
1.29039
1.31031
1.32979
1.34869
1.36653
1.38307
1.39875
1.41378
1.42884
1.44409
1.45872
1.47258
1.48525
1.49701
1.5084
1.51987
1.5314
1.54294
1.55471
1.56676
1.57914
1.59179
1.60481
1.61845
1.63217
1.6463
1.6611
1.67659
1.69289
1.70965
1.72679
1.74355
1.76025
1.77733
1.79516
1.81328
1.8316
1.84911
1.86678
1.88363
1.90108
1.9191
1.93778
1.95697
1.97626
1.99409
2.01257
2.0295
2.04838
2.06802
2.08571
2.08906
2.07863
2.05718
2.01272
1.93227
1.86019
1.79044
1.75077
1.68785
1.63161
1.54103
1.44164
3.01264
3.01261
3.01205
3.00868
2.9687
2.80387
2.206
1.19353
0.233769
0.436776
0.445651
0.460328
0.486187
0.518765
0.551847
0.584586
0.616857
0.648889
0.680798
0.712807
0.745431
0.778914
0.812882
0.846484
0.879535
0.911695
0.943285
0.974439
1.00507
1.035
1.06428
1.0927
1.12032
1.14698
1.17255
1.19707
1.22057
1.24319
1.26501
1.2861
1.30658
1.32592
1.34419
1.36163
1.37828
1.39483
1.41124
1.42712
1.44183
1.4555
1.46815
1.4804
1.49248
1.50436
1.51631
1.52844
1.54082
1.55352
1.56647
1.57985
1.59373
1.60802
1.62275
1.6381
1.65412
1.67091
1.68838
1.70607
1.7242
1.74178
1.75964
1.77802
1.79676
1.81549
1.83448
1.85216
1.87011
1.88836
1.90708
1.92646
1.94559
1.96502
1.98386
2.00294
2.02028
2.03824
2.05703
2.07825
2.1009
2.0985
2.0889
2.065
2.02691
1.95357
1.85349
1.75398
1.64704
1.52616
1.41237
1.36123
3.01264
3.01261
3.01204
3.00865
2.96843
2.80284
2.20224
1.18784
0.231178
0.441863
0.451698
0.464922
0.487113
0.514962
0.544114
0.574274
0.605123
0.636392
0.667938
0.699921
0.732676
0.766206
0.799888
0.833231
0.866031
0.898239
0.930035
0.961458
0.992459
1.02285
1.05239
1.08099
1.10869
1.13548
1.16115
1.18583
1.20947
1.23214
1.25394
1.27498
1.29525
1.31456
1.33277
1.35031
1.36706
1.38375
1.40034
1.41631
1.43124
1.44501
1.45789
1.47055
1.48282
1.49487
1.50702
1.51935
1.53189
1.5447
1.55784
1.57142
1.5855
1.60002
1.61504
1.63067
1.64702
1.66409
1.68203
1.70023
1.71861
1.73668
1.75477
1.77349
1.79259
1.81165
1.83095
1.84905
1.86724
1.88588
1.90508
1.92435
1.94358
1.96316
1.9821
2.0008
2.01895
2.03546
2.05298
2.07584
2.09359
2.11496
2.10899
2.09484
2.0593
1.99286
1.88143
1.72481
1.55651
1.40682
1.35109
1.35288
)
;

boundaryField
{
    inlet
    {
        type            calculated;
        value           uniform 3.01265;
    }
    outlet
    {
        type            calculated;
        value           nonuniform List<scalar> 
40
(
0.977445
1.18477
1.31307
1.40005
1.45323
1.48205
1.49586
1.50357
1.51074
1.52046
1.52936
1.5406
1.55582
1.57557
1.5966
1.62049
1.64654
1.67348
1.70118
1.72909
1.75815
1.78436
1.80977
1.83318
1.85673
1.88015
1.90423
1.92881
1.95448
1.9834
2.01391
2.036
2.04744
2.01597
1.95536
1.84236
1.65014
1.44164
1.36123
1.35288
)
;
    }
    bottom
    {
        type            symmetryPlane;
    }
    top
    {
        type            symmetryPlane;
    }
    obstacle
    {
        type            calculated;
        value           nonuniform List<scalar> 
110
(
0.0231589
0.0642904
0.106643
0.148555
0.194909
0.244788
0.300911
0.37396
0.463431
0.642679
0.842348
0.368556
0.357779
0.266671
0.36348
0.284731
0.423701
0.610112
0.745581
0.804574
0.816434
0.806971
0.802741
0.809751
0.858602
0.911261
0.949688
0.967568
0.97101
0.966861
0.963872
0.962443
0.965596
0.968943
0.975968
0.982782
0.987781
0.991125
0.992503
0.989762
0.984616
0.965826
0.945467
0.905802
0.861861
0.805686
0.74718
0.686107
0.618377
0.556306
0.502469
0.44848
0.393798
0.334046
0.279575
0.234849
0.170243
0.108454
0.0527337
0.0028783
0.0555286
0.101027
0.145102
0.186878
0.226556
0.263314
0.297719
0.330404
0.361114
0.389654
0.416531
0.442259
0.466764
0.490019
0.512113
0.533302
0.553549
0.573226
0.592105
0.610538
0.628301
0.645626
0.662087
0.677932
0.692914
0.707521
0.721589
0.73546
0.748964
0.762304
0.775287
0.78811
0.800426
0.812563
0.824161
0.83559
0.846593
0.857419
0.867993
0.878391
0.888685
0.8988
0.908833
0.918721
0.928621
0.938429
0.948498
0.959336
0.96851
0.977444
)
;
    }
    defaultFaces
    {
        type            empty;
    }
}


// ************************************************************************* //
