/*--------------------------------*- C++ -*----------------------------------*\
| =========                 |                                                 |
| \\      /  F ield         | OpenFOAM: The Open Source CFD Toolbox           |
|  \\    /   O peration     | Version:  v2106                                 |
|   \\  /    A nd           | Website:  www.openfoam.com                      |
|    \\/     M anipulation  |                                                 |
\*---------------------------------------------------------------------------*/
FoamFile
{
    version     2.0;
    format      ascii;
    arch        "LSB;label=32;scalar=64";
    class       volScalarField;
    location    "11";
    object      psi;
}
// * * * * * * * * * * * * * * * * * * * * * * * * * * * * * * * * * * * * * //

dimensions      [0 -2 2 0 0 0 0];

internalField   nonuniform List<scalar> 
5250
(
1.40845
1.40845
1.40845
1.40845
1.40845
1.40845
1.40845
1.40845
1.40843
1.4083
1.40712
1.39676
1.3187
1.03434
0.65418
0.502017
0.58819
0.60578
0.595259
0.595896
0.594874
0.592953
0.592966
0.594113
0.596679
1.40845
1.40845
1.40845
1.40845
1.40845
1.40845
1.40845
1.40845
1.40843
1.40831
1.40719
1.39738
1.32252
1.04317
0.675241
0.499999
0.591084
0.609074
0.597819
0.598319
0.596963
0.594457
0.59419
0.595107
0.597455
1.40845
1.40845
1.40845
1.40845
1.40845
1.40845
1.40845
1.40845
1.40844
1.40832
1.40728
1.39824
1.32804
1.05583
0.686462
0.49264
0.595851
0.615075
0.602836
0.602843
0.601023
0.59789
0.597093
0.597738
0.599834
1.40845
1.40845
1.40845
1.40845
1.40845
1.40845
1.40845
1.40845
1.40844
1.40833
1.4074
1.39935
1.33541
1.07388
0.702765
0.478023
0.597344
0.619995
0.60813
0.607904
0.605541
0.601879
0.600234
0.60055
0.602258
1.40845
1.40845
1.40845
1.40845
1.40845
1.40845
1.40845
1.40845
1.40844
1.40835
1.40753
1.40056
1.34407
1.09695
0.724247
0.463241
0.590588
0.618108
0.607926
0.610966
0.610457
0.608154
0.605101
0.604603
0.605848
1.40845
1.40845
1.40845
1.40845
1.40845
1.40845
1.40845
1.40845
1.40844
1.40837
1.40771
1.40207
1.35363
1.12484
0.749762
0.45708
0.576436
0.610527
0.604264
0.609262
0.61148
0.611189
0.610006
0.609485
0.610736
1.40845
1.40845
1.40845
1.40845
1.40845
1.40845
1.40845
1.40845
1.40844
1.40839
1.4079
1.40348
1.36362
1.15814
0.782956
0.447372
0.554155
0.596545
0.596076
0.60454
0.610288
0.615503
0.616123
0.615259
0.617232
1.40845
1.40845
1.40845
1.40845
1.40845
1.40845
1.40845
1.40845
1.40845
1.4084
1.40798
1.40425
1.37095
1.1856
0.819111
0.450947
0.546017
0.581019
0.584965
0.596481
0.607512
0.615708
0.622189
0.62313
0.627829
1.40845
1.40845
1.40845
1.40845
1.40845
1.40845
1.40845
1.40845
1.40845
1.40841
1.40809
1.40517
1.3788
1.21852
0.860809
0.465116
0.549046
0.568217
0.572372
0.584624
0.601738
0.616292
0.630941
0.632438
0.645986
1.40845
1.40845
1.40845
1.40845
1.40845
1.40845
1.40845
1.40845
1.40845
1.40842
1.40815
1.40583
1.38418
1.24531
0.908228
0.490061
0.564014
0.565528
0.568502
0.576704
0.591516
0.611842
0.635988
0.644597
0.689523
1.40845
1.40845
1.40845
1.40845
1.40845
1.40845
1.40845
1.40845
1.40845
1.40843
1.40824
1.40657
1.39124
1.28357
0.962574
0.518231
0.558004
0.577061
0.576823
0.578309
0.588061
0.608341
0.642582
0.683204
0.789754
1.40845
1.40845
1.40845
1.40845
1.40845
1.40845
1.40845
1.40845
1.40845
1.40844
1.40832
1.40723
1.39773
1.3219
1.02234
0.552956
0.545125
0.59249
0.591315
0.585927
0.589779
0.604439
0.63659
0.678046
0.828092
1.40845
1.40845
1.40845
1.40845
1.40845
1.40845
1.40845
1.40845
1.40845
1.40844
1.40835
1.40759
1.40112
1.34764
1.10624
0.717834
0.523883
0.622179
0.613374
0.59864
0.596816
0.60613
0.632863
0.669774
0.810886
1.40845
1.40845
1.40845
1.40845
1.40845
1.40845
1.40845
1.40845
1.40845
1.40844
1.4084
1.40795
1.40398
1.36799
1.17295
0.800266
0.490837
0.62023
0.629301
0.616202
0.607227
0.613517
0.634387
0.666631
0.775471
1.40845
1.40845
1.40845
1.40845
1.40845
1.40845
1.40845
1.40845
1.40845
1.40845
1.40841
1.40808
1.40528
1.38015
1.22782
0.885609
0.488904
0.615918
0.628623
0.631099
0.623185
0.625459
0.638787
0.66383
0.732514
1.40845
1.40845
1.40845
1.40845
1.40845
1.40845
1.40845
1.40845
1.40845
1.40845
1.40843
1.40823
1.40657
1.39185
1.2919
0.974892
0.510774
0.578139
0.638996
0.655268
0.648713
0.641212
0.647209
0.665618
0.710732
1.40845
1.40845
1.40845
1.40845
1.40845
1.40845
1.40845
1.40845
1.40845
1.40845
1.40841
1.40841
1.40773
1.40182
1.35057
1.07727
0.589338
0.53512
0.630755
0.659009
0.656915
0.653095
0.657815
0.670873
0.703056
1.40845
1.40845
1.40845
1.40845
1.40845
1.40845
1.40845
1.40845
1.40845
1.40845
1.40844
1.40839
1.40792
1.40386
1.36896
1.17697
0.799808
0.496574
0.623963
0.644923
0.66538
0.665574
0.670165
0.680337
0.704248
1.40845
1.40845
1.40845
1.40845
1.40845
1.40845
1.40845
1.40845
1.40845
1.40845
1.40845
1.40842
1.40815
1.40591
1.38662
1.26335
0.923693
0.505133
0.598865
0.639973
0.672069
0.679481
0.68527
0.693292
0.709976
1.40845
1.40845
1.40845
1.40845
1.40845
1.40845
1.40845
1.40845
1.40845
1.40845
1.40845
1.40844
1.40834
1.40734
1.39873
1.32818
1.03114
0.556002
0.563372
0.643313
0.680739
0.685628
0.691608
0.700914
0.716642
1.40845
1.40845
1.40845
1.40845
1.40845
1.40845
1.40845
1.40845
1.40845
1.40845
1.40845
1.40844
1.40838
1.40788
1.40364
1.37004
1.19247
0.783631
0.512106
0.638393
0.660865
0.686986
0.695982
0.706252
0.72129
1.40845
1.40845
1.40845
1.40845
1.40845
1.40845
1.40845
1.40845
1.40845
1.40845
1.40845
1.40844
1.40837
1.4084
1.40653
1.39364
1.29522
0.921448
0.53592
0.598233
0.665111
0.693163
0.702497
0.713184
0.726829
1.40845
1.40845
1.40845
1.40845
1.40845
1.40845
1.40845
1.40845
1.40845
1.40845
1.40845
1.40845
1.40844
1.40834
1.40754
1.40112
1.35232
1.12707
0.644803
0.543387
0.659811
0.679918
0.702595
0.716782
0.731912
1.40845
1.40845
1.40845
1.40845
1.40845
1.40845
1.40845
1.40845
1.40845
1.40845
1.40845
1.40845
1.40844
1.40834
1.40837
1.40626
1.39438
1.28766
0.838254
0.523149
0.623703
0.674688
0.707292
0.720913
0.735197
1.40845
1.40845
1.40845
1.40845
1.40845
1.40845
1.40845
1.40845
1.40845
1.40845
1.40845
1.40845
1.40845
1.40843
1.4083
1.40721
1.3986
1.33528
1.07525
0.564223
0.573051
0.67043
0.701225
0.720257
0.735227
1.40845
1.40845
1.40845
1.40845
1.40845
1.40845
1.40845
1.40845
1.40845
1.40845
1.40845
1.40845
1.40845
1.40844
1.4083
1.40832
1.4059
1.38907
1.26351
0.781455
0.519979
0.635937
0.683986
0.720318
0.734534
1.40845
1.40845
1.40845
1.40845
1.40845
1.40845
1.40845
1.40845
1.40845
1.40845
1.40845
1.40845
1.40845
1.40845
1.40843
1.40827
1.40702
1.39736
1.32827
1.05807
0.563267
0.585432
0.683394
0.712477
0.731353
1.40845
1.40845
1.40845
1.40845
1.40845
1.40845
1.40845
1.40845
1.40845
1.40845
1.40845
1.40845
1.40845
1.40845
1.40844
1.40832
1.40841
1.40583
1.38936
1.27198
0.783538
0.527807
0.644048
0.696888
0.729832
1.40845
1.40845
1.40845
1.40845
1.40845
1.40845
1.40845
1.40845
1.40845
1.40845
1.40845
1.40845
1.40845
1.40845
1.40845
1.40843
1.40827
1.40704
1.39791
1.33159
1.05941
0.573827
0.590827
0.691327
0.7143
1.40845
1.40845
1.40845
1.40845
1.40845
1.40845
1.40845
1.40845
1.40845
1.40845
1.40845
1.40845
1.40845
1.40845
1.40845
1.40844
1.40838
1.40853
1.40649
1.39156
1.28014
0.814616
0.538364
0.642867
0.703327
1.40845
1.40845
1.40845
1.40845
1.40845
1.40845
1.40845
1.40845
1.40845
1.40845
1.40845
1.40845
1.40845
1.40845
1.40845
1.40845
1.40844
1.40832
1.40735
1.39968
1.34215
1.08269
0.59479
0.58749
0.688156
1.40845
1.40845
1.40845
1.40845
1.40845
1.40845
1.40845
1.40845
1.40845
1.40845
1.40845
1.40845
1.40845
1.40845
1.40845
1.40845
1.40844
1.4084
1.40839
1.40676
1.39199
1.28436
0.872793
0.555275
0.625033
1.40845
1.40845
1.40845
1.40845
1.40845
1.40845
1.40845
1.40845
1.40845
1.40845
1.40845
1.40845
1.40845
1.40845
1.40845
1.40845
1.40845
1.40843
1.40832
1.40739
1.40043
1.34925
1.10782
0.643854
0.563988
1.40845
1.40845
1.40845
1.40845
1.40845
1.40845
1.40845
1.40845
1.40845
1.40845
1.40845
1.40845
1.40845
1.40845
1.40845
1.40845
1.40845
1.40845
1.40842
1.40827
1.40708
1.39689
1.30748
0.975506
0.607507
1.40845
1.40845
1.40845
1.40845
1.40845
1.40845
1.40845
1.40845
1.40845
1.40845
1.40845
1.40845
1.40845
1.40845
1.40845
1.40845
1.40845
1.40845
1.40844
1.40836
1.40788
1.40314
1.39263
1.29153
0.832572
1.40845
1.40845
1.40845
1.40845
1.40845
1.40845
1.40845
1.40845
1.40845
1.40845
1.40845
1.40845
1.40845
1.40845
1.40845
1.40845
1.40845
1.40845
1.40845
1.40843
1.40832
1.40728
1.39994
1.34692
1.09204
1.40845
1.40845
1.40845
1.40845
1.40845
1.40845
1.40845
1.40845
1.40845
1.40845
1.40845
1.40845
1.40845
1.40845
1.40845
1.40845
1.40845
1.40845
1.40845
1.40845
1.40841
1.40819
1.40649
1.39682
1.30972
1.40845
1.40845
1.40845
1.40845
1.40845
1.40845
1.40845
1.40845
1.40845
1.40845
1.40845
1.40845
1.40845
1.40845
1.40845
1.40845
1.40845
1.40845
1.40845
1.40845
1.40847
1.40843
1.40787
1.40405
1.38187
1.40845
1.40845
1.40845
1.40845
1.40845
1.40845
1.40845
1.40845
1.40845
1.40845
1.40845
1.40845
1.40845
1.40845
1.40845
1.40845
1.40845
1.40845
1.40845
1.40845
1.40845
1.40844
1.40834
1.40738
1.40057
1.40845
1.40845
1.40845
1.40845
1.40845
1.40845
1.40845
1.40845
1.40845
1.40845
1.40845
1.40845
1.40845
1.40845
1.40845
1.40845
1.40845
1.40845
1.40845
1.40845
1.40845
1.40845
1.40841
1.40818
1.40635
1.40845
1.40845
1.40845
1.40845
1.40845
1.40845
1.40845
1.40845
1.40845
1.40845
1.40845
1.40845
1.40845
1.40845
1.40845
1.40845
1.40845
1.40845
1.40845
1.40845
1.40845
1.40845
1.40844
1.40838
1.40793
1.40845
1.40845
1.40845
1.40845
1.40845
1.40845
1.40845
1.40845
1.40845
1.40845
1.40845
1.40845
1.40845
1.40845
1.40845
1.40845
1.40845
1.40845
1.40845
1.40845
1.40845
1.40845
1.40845
1.40843
1.40847
1.40845
1.40845
1.40845
1.40845
1.40845
1.40845
1.40845
1.40845
1.40845
1.40845
1.40845
1.40845
1.40845
1.40845
1.40845
1.40845
1.40845
1.40845
1.40845
1.40845
1.40845
1.40845
1.40845
1.40845
1.40841
1.40845
1.40845
1.40845
1.40845
1.40845
1.40845
1.40845
1.40845
1.40845
1.40845
1.40845
1.40845
1.40845
1.40845
1.40845
1.40845
1.40845
1.40845
1.40845
1.40845
1.40845
1.40845
1.40845
1.40845
1.40844
1.40845
1.40845
1.40845
1.40845
1.40845
1.40845
1.40845
1.40845
1.40845
1.40845
1.40845
1.40845
1.40845
1.40845
1.40845
1.40845
1.40845
1.40845
1.40845
1.40845
1.40845
1.40845
1.40845
1.40845
1.40845
1.40845
1.40845
1.40845
1.40845
1.40845
1.40845
1.40845
1.40845
1.40845
1.40845
1.40845
1.40845
1.40845
1.40845
1.40845
1.40845
1.40845
1.40845
1.40845
1.40845
1.40845
1.40845
1.40845
1.40845
1.40845
1.40845
1.40845
1.40845
1.40845
1.40845
1.40845
1.40845
1.40845
1.40845
1.40845
1.40845
1.40845
1.40845
1.40845
1.40845
1.40845
1.40845
1.40845
1.40845
1.40845
1.40845
1.40845
1.40845
1.40845
1.40845
1.40845
1.40845
1.40845
1.40845
1.40845
1.40845
1.40845
1.40845
1.40845
1.40845
1.40845
1.40845
1.40845
1.40845
1.40845
1.40845
1.40845
1.40845
1.40845
1.40845
1.40845
1.40845
1.40845
1.40845
1.40845
1.40845
1.40845
1.40845
1.40845
1.40845
1.40845
1.40845
1.40845
1.40845
1.40845
1.40845
1.40845
1.40845
1.40845
1.40845
1.40845
1.40845
1.40845
1.40845
1.40845
1.40845
1.40845
1.40845
1.40845
1.40845
1.40845
1.40845
1.40845
1.40845
1.40845
1.40845
1.40845
1.40845
1.40845
1.40845
1.40845
1.40845
1.40845
1.40845
1.40845
1.40845
1.40845
1.40845
1.40845
1.40845
1.40845
1.40845
1.40845
1.40845
1.40845
0.710456
0.629705
0.521279
0.530039
0.535021
0.52505
0.516878
0.516276
0.558311
0.57505
0.577872
0.575893
0.574288
0.572731
0.567235
0.582109
0.597054
0.604273
0.605674
0.605661
0.603797
0.603049
0.602715
0.602984
0.602992
0.605502
0.607547
0.608442
0.609208
0.60976
0.609751
0.611149
0.609299
0.607666
0.601623
0.59399
0.586119
0.57467
0.565523
0.553128
0.546347
0.541048
0.534097
0.528083
0.521867
0.519197
0.517173
0.513922
0.512735
0.511473
0.511969
0.513534
0.515585
0.517947
0.519945
0.52244
0.525067
0.527959
0.530739
0.533359
0.535956
0.538652
0.541304
0.543826
0.546378
0.548866
0.551267
0.553663
0.556113
0.558481
0.560903
0.563139
0.56533
0.567421
0.569533
0.571629
0.573763
0.575871
0.578001
0.580088
0.582191
0.584231
0.586297
0.588287
0.590323
0.592248
0.594228
0.596052
0.597927
0.599619
0.601365
0.602896
0.604463
0.605903
0.607351
0.608864
0.610394
0.613024
0.612783
0.610658
0.695204
0.642205
0.594594
0.545901
0.530875
0.517889
0.496546
0.470803
0.505336
0.518763
0.520821
0.511936
0.509792
0.507203
0.505866
0.519934
0.527517
0.53152
0.531319
0.530107
0.529191
0.528329
0.528189
0.528431
0.527877
0.528686
0.529369
0.529734
0.531371
0.531916
0.532304
0.532787
0.531916
0.53096
0.527763
0.523637
0.517414
0.510413
0.506525
0.501852
0.499819
0.49894
0.501383
0.486773
0.491438
0.496619
0.496751
0.500917
0.505841
0.511648
0.51874
0.525879
0.532341
0.538821
0.544122
0.54963
0.554969
0.560564
0.56627
0.571261
0.575385
0.579434
0.58369
0.587718
0.591706
0.595792
0.599925
0.603719
0.607584
0.611169
0.614827
0.618161
0.621247
0.623942
0.626539
0.628941
0.631358
0.633699
0.636068
0.638351
0.640657
0.642829
0.644996
0.647089
0.649202
0.651312
0.653484
0.655682
0.657962
0.660273
0.662665
0.665023
0.66744
0.669759
0.672108
0.674393
0.676652
0.680173
0.680087
0.677575
0.767576
0.709293
0.659543
0.593654
0.564355
0.548617
0.539334
0.513514
0.489524
0.487564
0.483526
0.486917
0.497955
0.49299
0.483845
0.47545
0.492637
0.500054
0.501378
0.502135
0.498394
0.496246
0.495097
0.494944
0.494978
0.496216
0.498141
0.498122
0.497998
0.49853
0.497928
0.499322
0.498127
0.49636
0.494548
0.489252
0.487545
0.484794
0.470501
0.475097
0.480365
0.485672
0.493498
0.502903
0.517593
0.531315
0.542648
0.552651
0.562857
0.573408
0.582243
0.589531
0.597354
0.603977
0.609323
0.614539
0.619036
0.623796
0.628735
0.633836
0.638061
0.641773
0.645638
0.649396
0.652824
0.656245
0.659818
0.663433
0.666911
0.670337
0.67386
0.677161
0.68032
0.683145
0.685877
0.688352
0.690804
0.693181
0.695582
0.69793
0.700307
0.702503
0.704691
0.706783
0.708915
0.71099
0.713103
0.715138
0.717194
0.719216
0.721263
0.723308
0.725383
0.727484
0.729623
0.731826
0.734198
0.737859
0.738749
0.736321
0.822089
0.79317
0.755234
0.692921
0.632651
0.593301
0.591152
0.579087
0.551956
0.523624
0.510249
0.497456
0.498843
0.502861
0.505451
0.49285
0.486641
0.486566
0.485574
0.487007
0.488506
0.494829
0.501344
0.498931
0.498056
0.49794
0.498355
0.498393
0.498464
0.499503
0.499385
0.498514
0.494942
0.49027
0.481451
0.472703
0.472389
0.477357
0.489631
0.50707
0.531102
0.548787
0.567573
0.579713
0.591795
0.602671
0.613302
0.621
0.631035
0.63507
0.639858
0.645264
0.650337
0.655822
0.660296
0.664601
0.668123
0.671727
0.675206
0.67875
0.682846
0.686522
0.690061
0.693112
0.695874
0.698781
0.701931
0.705284
0.708529
0.711615
0.714664
0.717774
0.7207
0.723439
0.726201
0.7289
0.731551
0.734018
0.736442
0.738705
0.740935
0.743009
0.745022
0.74702
0.749032
0.751065
0.753132
0.755238
0.75737
0.759522
0.761629
0.763741
0.765815
0.767896
0.770007
0.772161
0.774499
0.777951
0.779337
0.776478
0.809422
0.82174
0.807537
0.771211
0.728019
0.677569
0.656951
0.665899
0.638548
0.602999
0.572774
0.548328
0.528119
0.525902
0.527855
0.526234
0.518804
0.51034
0.503435
0.497092
0.494301
0.495168
0.497171
0.498419
0.499856
0.501147
0.500072
0.500499
0.500667
0.501633
0.501497
0.498035
0.493935
0.489669
0.492446
0.502316
0.517007
0.538638
0.568513
0.584998
0.604918
0.61863
0.63693
0.647658
0.660079
0.668724
0.671158
0.674281
0.679419
0.680602
0.68344
0.685992
0.690185
0.692951
0.69632
0.698534
0.701182
0.704118
0.708089
0.71065
0.713095
0.715898
0.718782
0.722085
0.725267
0.727923
0.730548
0.733252
0.736057
0.738975
0.742042
0.744758
0.747478
0.750256
0.752995
0.755605
0.758099
0.760554
0.763013
0.765493
0.76807
0.770494
0.772552
0.774447
0.776299
0.778148
0.780014
0.781932
0.783916
0.78599
0.788136
0.790351
0.792557
0.79473
0.796924
0.79915
0.801546
0.804839
0.806783
0.803677
0.779538
0.818572
0.821182
0.804625
0.783474
0.75697
0.730675
0.742236
0.714911
0.675383
0.645082
0.620238
0.593661
0.579096
0.577132
0.571869
0.561383
0.549181
0.539266
0.529621
0.52011
0.515396
0.510964
0.509133
0.507087
0.507073
0.506367
0.506464
0.506081
0.504026
0.503511
0.503222
0.505057
0.511608
0.527778
0.554389
0.589665
0.621059
0.651455
0.664512
0.678783
0.683129
0.694673
0.704598
0.714268
0.713849
0.712603
0.714299
0.71584
0.714203
0.712365
0.713492
0.716493
0.719806
0.721496
0.723047
0.724861
0.726722
0.729156
0.731854
0.734043
0.737113
0.739756
0.742364
0.744927
0.7473
0.749743
0.752331
0.755052
0.757631
0.760234
0.762946
0.765811
0.768716
0.771392
0.773954
0.77645
0.778947
0.781466
0.784029
0.786638
0.788818
0.790758
0.792695
0.794586
0.796485
0.798391
0.800338
0.802329
0.804388
0.806498
0.808658
0.810871
0.813109
0.815379
0.817689
0.82017
0.823337
0.826034
0.822881
0.747899
0.798202
0.81932
0.820882
0.813794
0.805974
0.793894
0.806685
0.805166
0.780026
0.74364
0.715987
0.689229
0.66701
0.649586
0.641939
0.628
0.612659
0.596412
0.583569
0.569446
0.559363
0.549153
0.542125
0.534411
0.530293
0.524272
0.522232
0.518966
0.512663
0.513547
0.516825
0.525767
0.548303
0.588414
0.642911
0.684365
0.720858
0.740611
0.756432
0.759137
0.756549
0.754831
0.7479
0.7399
0.732011
0.734917
0.738067
0.74198
0.740439
0.738595
0.734231
0.734445
0.735467
0.737843
0.740972
0.742944
0.743012
0.743591
0.745207
0.74774
0.751288
0.753387
0.755587
0.757569
0.759705
0.762024
0.764523
0.767195
0.770037
0.77281
0.775472
0.778072
0.780656
0.783299
0.785862
0.78828
0.790676
0.793102
0.795557
0.798028
0.800285
0.802348
0.8044
0.806351
0.808279
0.810183
0.812117
0.814089
0.816134
0.818273
0.820527
0.82292
0.825417
0.827932
0.830463
0.83313
0.836417
0.839327
0.836093
0.735334
0.772956
0.804909
0.818588
0.817447
0.820434
0.824855
0.835358
0.849991
0.844773
0.822209
0.791991
0.769918
0.749092
0.728253
0.727443
0.720728
0.704609
0.684705
0.666254
0.642422
0.628812
0.613567
0.6009
0.586474
0.577147
0.564411
0.558526
0.549727
0.532574
0.535645
0.550833
0.578653
0.623206
0.686112
0.734544
0.767266
0.797449
0.813157
0.829362
0.827741
0.826361
0.822858
0.814113
0.802018
0.78733
0.767898
0.740265
0.743864
0.749662
0.756435
0.756624
0.754224
0.747155
0.749519
0.751986
0.753002
0.754201
0.755537
0.756368
0.75734
0.758732
0.760839
0.763599
0.766094
0.767569
0.769312
0.771642
0.774661
0.777868
0.78002
0.782258
0.784764
0.787687
0.790453
0.792701
0.7949
0.797127
0.799411
0.801849
0.804459
0.806815
0.808901
0.811009
0.81306
0.815101
0.817135
0.819204
0.821324
0.823529
0.825843
0.828285
0.830883
0.83361
0.836264
0.838837
0.841528
0.844723
0.847852
0.8446
0.733109
0.756989
0.78435
0.803703
0.814654
0.820329
0.828077
0.842009
0.858639
0.875819
0.872281
0.857237
0.838144
0.822105
0.81133
0.799972
0.802149
0.79063
0.772638
0.752091
0.734325
0.716084
0.698904
0.683305
0.666764
0.650882
0.632445
0.617008
0.585511
0.572928
0.580815
0.607085
0.648294
0.712217
0.771911
0.806132
0.825055
0.845579
0.85649
0.867271
0.873566
0.876589
0.877474
0.872136
0.863143
0.849337
0.828495
0.804605
0.778203
0.73828
0.748101
0.767396
0.766492
0.764945
0.762169
0.75656
0.755747
0.757543
0.760212
0.763265
0.763157
0.763598
0.764882
0.766238
0.76853
0.770797
0.773075
0.775741
0.778449
0.780864
0.783104
0.785574
0.788349
0.790726
0.792877
0.795047
0.797259
0.79959
0.80209
0.804884
0.807894
0.80989
0.811691
0.813567
0.815512
0.81754
0.819649
0.821858
0.824177
0.826605
0.829143
0.83178
0.834504
0.837289
0.839985
0.84269
0.845532
0.8489
0.852552
0.849449
0.736465
0.753568
0.773785
0.786474
0.805152
0.813681
0.824923
0.840548
0.85957
0.877318
0.891678
0.888513
0.878445
0.870332
0.864465
0.857286
0.859171
0.857162
0.850656
0.837297
0.821143
0.805554
0.789894
0.774194
0.758741
0.742153
0.721994
0.697207
0.631853
0.60952
0.638609
0.672787
0.721123
0.782916
0.81744
0.839196
0.85596
0.87285
0.883609
0.891156
0.899101
0.907527
0.912755
0.910169
0.907232
0.898881
0.884464
0.866289
0.838244
0.801954
0.762883
0.74001
0.751446
0.764028
0.769031
0.768436
0.764185
0.765007
0.764966
0.765342
0.766083
0.766678
0.767718
0.769013
0.770819
0.773899
0.776857
0.779585
0.781741
0.78379
0.785916
0.788237
0.790986
0.793274
0.795386
0.797585
0.799883
0.802282
0.804812
0.807689
0.80996
0.811547
0.813219
0.81506
0.817051
0.819185
0.82145
0.823816
0.826269
0.8288
0.831412
0.834128
0.836979
0.839896
0.842682
0.845471
0.848408
0.851883
0.855755
0.852655
0.741218
0.755548
0.770734
0.781538
0.794315
0.803948
0.817473
0.833832
0.852952
0.872576
0.889969
0.898949
0.895534
0.887726
0.886813
0.885445
0.885612
0.889495
0.889844
0.88642
0.877073
0.863178
0.852338
0.840346
0.826422
0.806915
0.780594
0.729931
0.642759
0.662477
0.688853
0.722425
0.765949
0.808753
0.833897
0.853333
0.873062
0.888029
0.900186
0.912756
0.922326
0.925574
0.926737
0.928577
0.930933
0.928295
0.92176
0.911085
0.892146
0.8671
0.836455
0.796518
0.741186
0.748392
0.7717
0.77288
0.777031
0.776083
0.77334
0.771297
0.773062
0.774524
0.775964
0.777711
0.778739
0.780477
0.782783
0.785311
0.787944
0.790402
0.79291
0.795321
0.797915
0.799957
0.801767
0.803816
0.806162
0.808667
0.811194
0.813929
0.815954
0.8174
0.818998
0.820815
0.822775
0.824829
0.826957
0.829131
0.831358
0.833663
0.836077
0.838623
0.841296
0.844049
0.846795
0.849569
0.852512
0.856034
0.860044
0.856855
0.744854
0.760233
0.772788
0.782479
0.790064
0.799289
0.809602
0.823092
0.840877
0.862917
0.880441
0.89898
0.902193
0.89947
0.89655
0.896614
0.899696
0.907254
0.910045
0.915218
0.913741
0.906148
0.896128
0.886115
0.871251
0.848388
0.804877
0.734633
0.64875
0.692594
0.718108
0.748371
0.783972
0.806626
0.827656
0.850304
0.869742
0.887172
0.90337
0.918885
0.927039
0.934485
0.939978
0.938485
0.939785
0.940226
0.937825
0.935003
0.929676
0.920831
0.902264
0.871862
0.834704
0.790636
0.745289
0.761316
0.774872
0.791253
0.788112
0.787195
0.784185
0.785408
0.786702
0.788731
0.790411
0.792298
0.793855
0.795516
0.797306
0.799647
0.803217
0.805741
0.807368
0.809024
0.810878
0.813105
0.815707
0.818318
0.820522
0.822651
0.824419
0.826023
0.827749
0.829643
0.831625
0.833626
0.835641
0.837648
0.839683
0.841759
0.843908
0.846152
0.848491
0.8509
0.853381
0.855947
0.858755
0.862218
0.866171
0.862685
0.748116
0.763955
0.776178
0.78436
0.790968
0.799521
0.806028
0.816076
0.830679
0.848884
0.866946
0.886193
0.901031
0.901492
0.901114
0.903717
0.906641
0.910318
0.916799
0.928226
0.933232
0.930138
0.920923
0.91087
0.892286
0.854977
0.787895
0.672619
0.688551
0.713718
0.733811
0.759651
0.78393
0.800307
0.818276
0.837689
0.853202
0.868661
0.883315
0.895264
0.905031
0.915347
0.924386
0.934204
0.946258
0.946173
0.944446
0.945784
0.95002
0.950353
0.944684
0.933464
0.909781
0.872467
0.825847
0.760765
0.762624
0.786606
0.788953
0.798853
0.796817
0.796047
0.794861
0.795319
0.796463
0.798052
0.800073
0.801672
0.80357
0.805584
0.808142
0.811693
0.813416
0.814991
0.816837
0.818986
0.821379
0.823845
0.826406
0.828314
0.830079
0.831906
0.833811
0.835794
0.837812
0.839847
0.841904
0.843995
0.846144
0.848369
0.850691
0.853095
0.855564
0.858077
0.860635
0.863253
0.866082
0.869534
0.873407
0.869538
0.749947
0.765239
0.779436
0.787373
0.795259
0.801824
0.807033
0.8151
0.825442
0.838011
0.854417
0.870822
0.88809
0.898019
0.901582
0.9031
0.905665
0.910589
0.918027
0.925819
0.937502
0.935593
0.928349
0.916287
0.885381
0.825213
0.731253
0.685935
0.722018
0.730181
0.744867
0.763599
0.778183
0.793058
0.809106
0.824358
0.838827
0.852633
0.865899
0.877421
0.888344
0.899662
0.910799
0.924055
0.931229
0.939284
0.949716
0.958894
0.96057
0.963245
0.967237
0.967025
0.958054
0.938265
0.909096
0.864885
0.813561
0.752972
0.768287
0.784007
0.805595
0.80555
0.804041
0.800381
0.801067
0.802308
0.804556
0.80679
0.809125
0.8115
0.813962
0.816709
0.819889
0.821552
0.823236
0.82511
0.827092
0.829177
0.831433
0.834113
0.837055
0.839029
0.840951
0.84291
0.844893
0.846917
0.849007
0.851198
0.853506
0.855923
0.858439
0.861055
0.863764
0.866573
0.86923
0.871754
0.874418
0.877679
0.881348
0.877131
0.750938
0.765879
0.782098
0.789881
0.797557
0.805855
0.81046
0.816335
0.823882
0.833708
0.84661
0.861958
0.873629
0.887004
0.897749
0.90102
0.904343
0.909406
0.914661
0.921453
0.934133
0.930322
0.92393
0.903325
0.85204
0.770046
0.682695
0.711916
0.72808
0.737197
0.748251
0.759654
0.771587
0.784466
0.798573
0.812027
0.825676
0.838728
0.851356
0.863151
0.87478
0.886775
0.897437
0.908587
0.920213
0.933004
0.947008
0.956111
0.964669
0.974242
0.976675
0.981208
0.977917
0.97305
0.961373
0.934649
0.895223
0.84867
0.783683
0.766136
0.786582
0.794794
0.814707
0.811801
0.810048
0.80619
0.806558
0.807057
0.809927
0.813964
0.815994
0.818108
0.820179
0.822333
0.824075
0.825547
0.827312
0.829534
0.832136
0.834918
0.837955
0.840728
0.843074
0.845504
0.847993
0.850392
0.852666
0.85493
0.857233
0.8596
0.862073
0.864671
0.867353
0.8701
0.872826
0.875586
0.878521
0.882086
0.886202
0.881968
0.750095
0.765201
0.783008
0.791565
0.797799
0.807354
0.813511
0.818218
0.825042
0.833859
0.84455
0.857163
0.869093
0.876878
0.888044
0.900498
0.901909
0.904715
0.91017
0.921059
0.921907
0.917817
0.906348
0.867604
0.79321
0.683312
0.706136
0.733539
0.737775
0.743179
0.749646
0.757361
0.766593
0.77695
0.788718
0.801425
0.813999
0.826815
0.839303
0.852132
0.864031
0.874939
0.886733
0.899579
0.91143
0.925783
0.934688
0.94397
0.95467
0.965585
0.978721
0.985564
0.984651
0.98154
0.978582
0.972522
0.958047
0.928066
0.883394
0.836734
0.771443
0.777232
0.797018
0.8052
0.816679
0.812635
0.811619
0.810721
0.81142
0.813725
0.816692
0.821156
0.823027
0.823971
0.82514
0.826559
0.828494
0.83102
0.833882
0.836765
0.839489
0.842211
0.844977
0.84782
0.850453
0.852875
0.855169
0.857471
0.859794
0.862178
0.864664
0.867274
0.869976
0.872774
0.875655
0.878608
0.881761
0.885556
0.890133
0.885862
0.748155
0.7642
0.782621
0.793672
0.798094
0.806673
0.815873
0.819429
0.825513
0.833428
0.843313
0.856122
0.866253
0.874055
0.883374
0.896668
0.900709
0.904706
0.907943
0.911151
0.907872
0.900013
0.869095
0.805801
0.697429
0.710109
0.736646
0.739737
0.74319
0.745993
0.749856
0.755448
0.7628
0.771864
0.781894
0.793168
0.805488
0.818331
0.831321
0.844787
0.855613
0.866768
0.879522
0.891679
0.903346
0.915698
0.923494
0.933732
0.94543
0.9553
0.963817
0.970836
0.980133
0.98662
0.986236
0.989084
0.985382
0.973463
0.955099
0.923543
0.876865
0.825585
0.768488
0.781441
0.795737
0.821377
0.823514
0.819766
0.8159
0.816646
0.818083
0.821364
0.82609
0.829291
0.829225
0.829939
0.831352
0.833617
0.836491
0.840026
0.843207
0.845342
0.847747
0.850339
0.852988
0.855635
0.858157
0.860673
0.863178
0.865741
0.868384
0.871143
0.873973
0.876872
0.87985
0.882884
0.886107
0.889969
0.894716
0.890288
0.744574
0.761303
0.779841
0.794004
0.797591
0.804884
0.816609
0.820093
0.824818
0.832344
0.84231
0.855829
0.866536
0.873947
0.882597
0.892916
0.903287
0.907652
0.904868
0.89924
0.892252
0.865902
0.809809
0.707654
0.710118
0.73418
0.738628
0.743522
0.745382
0.747561
0.750442
0.754843
0.761013
0.769059
0.778546
0.789155
0.800679
0.81292
0.825878
0.837492
0.848332
0.860321
0.872225
0.883199
0.894805
0.90275
0.913058
0.92449
0.934801
0.943537
0.952978
0.96177
0.971025
0.980153
0.989942
0.994137
0.995157
0.992784
0.992099
0.980445
0.952676
0.912938
0.860805
0.784287
0.781985
0.80733
0.812414
0.830762
0.82909
0.824943
0.824183
0.824633
0.826376
0.829186
0.832506
0.834021
0.835595
0.837505
0.839798
0.842644
0.845809
0.849157
0.851259
0.853586
0.85602
0.858493
0.860881
0.863283
0.865736
0.86834
0.871103
0.874016
0.876983
0.880014
0.883223
0.886576
0.890169
0.89439
0.899477
0.895045
0.739285
0.757107
0.776608
0.794404
0.798428
0.802812
0.81513
0.820809
0.824035
0.830932
0.840638
0.853822
0.865673
0.873691
0.882746
0.892651
0.908191
0.905523
0.899002
0.890625
0.865895
0.81343
0.718396
0.703815
0.729974
0.735593
0.744047
0.746222
0.748631
0.751662
0.755296
0.759764
0.765305
0.771898
0.779991
0.789206
0.799433
0.810455
0.822731
0.832533
0.843466
0.855386
0.865863
0.876507
0.885396
0.895379
0.90662
0.915422
0.92547
0.935672
0.945134
0.955215
0.966736
0.973218
0.980608
0.987004
0.996631
0.99718
1.00352
1.00197
0.995473
0.977591
0.943894
0.89676
0.849485
0.779305
0.788293
0.806593
0.819073
0.83596
0.833995
0.829882
0.829974
0.830766
0.832834
0.835576
0.839386
0.842287
0.843961
0.845896
0.848204
0.851354
0.854873
0.85639
0.857992
0.859871
0.861988
0.864247
0.866598
0.869229
0.872127
0.875201
0.878466
0.881896
0.885598
0.889501
0.893672
0.898495
0.904302
0.899861
0.735572
0.750932
0.769354
0.790045
0.801241
0.803211
0.812855
0.823697
0.824721
0.829451
0.838564
0.852654
0.863408
0.87158
0.8811
0.893165
0.90704
0.902044
0.89176
0.870227
0.821143
0.741806
0.695449
0.729152
0.734291
0.742946
0.751063
0.752964
0.755173
0.758151
0.761618
0.765621
0.77022
0.77555
0.781767
0.789229
0.797928
0.807536
0.818259
0.828903
0.840279
0.85028
0.860477
0.869379
0.879363
0.890936
0.898995
0.908313
0.9182
0.928079
0.937797
0.948025
0.956669
0.964303
0.972558
0.980942
0.989581
0.998867
1.01056
1.01282
1.00858
1.00625
0.99503
0.975165
0.937439
0.885601
0.825761
0.78696
0.807946
0.81695
0.83983
0.841326
0.837575
0.836474
0.836667
0.837338
0.83927
0.843241
0.848427
0.850993
0.85271
0.854766
0.857017
0.859251
0.861173
0.862688
0.864377
0.866249
0.868311
0.870742
0.873727
0.876962
0.880408
0.884147
0.888245
0.892681
0.897328
0.902463
0.908478
0.903846
0.713578
0.746479
0.763464
0.783046
0.800424
0.803787
0.81018
0.823732
0.827126
0.829909
0.837185
0.84962
0.864026
0.868515
0.875592
0.891198
0.895731
0.890033
0.876863
0.83269
0.759092
0.685613
0.722293
0.729516
0.740276
0.752698
0.754331
0.756245
0.758782
0.761821
0.765448
0.769363
0.773504
0.777986
0.783034
0.788978
0.795955
0.804036
0.813085
0.823197
0.83375
0.843756
0.853558
0.863531
0.874383
0.883062
0.892443
0.901839
0.911819
0.92109
0.930792
0.939794
0.948174
0.957352
0.964882
0.97383
0.980484
0.988768
0.997845
1.00993
1.01622
1.01672
1.01792
1.0141
0.996321
0.965423
0.92197
0.87046
0.798271
0.802575
0.82361
0.83328
0.851013
0.850174
0.846588
0.845417
0.845445
0.846262
0.849173
0.853403
0.857908
0.859503
0.860462
0.861749
0.863301
0.865274
0.867203
0.869181
0.87128
0.873698
0.876728
0.880136
0.883659
0.887638
0.892156
0.896999
0.901663
0.906822
0.912709
0.907959
0.708444
0.7367
0.756172
0.773405
0.793644
0.804604
0.810069
0.822644
0.828919
0.831455
0.837003
0.846212
0.860241
0.867354
0.871814
0.881508
0.878419
0.872575
0.84067
0.77415
0.680155
0.706306
0.719733
0.739738
0.749201
0.751256
0.754357
0.75805
0.761411
0.764625
0.768057
0.771856
0.775706
0.779727
0.784071
0.789039
0.794837
0.801661
0.809481
0.818254
0.82774
0.837702
0.847555
0.857624
0.866782
0.876343
0.886085
0.895297
0.904847
0.914421
0.923905
0.933531
0.941809
0.949896
0.958485
0.965927
0.973551
0.98133
0.990185
1.00109
1.01429
1.02608
1.02232
1.02634
1.0216
1.01129
0.991598
0.95795
0.912652
0.862849
0.79945
0.815787
0.831497
0.84673
0.860035
0.858581
0.854259
0.851701
0.852762
0.855205
0.859476
0.863627
0.865553
0.866714
0.868198
0.869845
0.871646
0.873494
0.875567
0.877997
0.881083
0.885128
0.88883
0.892667
0.897205
0.90223
0.906735
0.911704
0.917348
0.91256
0.666621
0.70891
0.753156
0.775461
0.787644
0.801847
0.809971
0.821379
0.831989
0.832399
0.835491
0.842467
0.854655
0.868379
0.867383
0.863737
0.858906
0.83464
0.779059
0.684003
0.697829
0.713849
0.735505
0.743222
0.745953
0.750365
0.755173
0.759812
0.762834
0.765783
0.768965
0.772504
0.776488
0.780627
0.784951
0.789588
0.794691
0.800604
0.807373
0.815094
0.823589
0.832914
0.842354
0.851651
0.860972
0.870504
0.879682
0.888959
0.89848
0.907471
0.916901
0.925374
0.934727
0.94181
0.949257
0.957452
0.966587
0.973627
0.982796
0.995608
1.01368
1.01686
1.02039
1.02856
1.02903
1.02817
1.02825
1.01555
0.990154
0.949659
0.897242
0.830734
0.8159
0.838471
0.844413
0.861482
0.862897
0.861312
0.858177
0.858738
0.860816
0.865151
0.867499
0.871147
0.873688
0.875183
0.876396
0.878119
0.880462
0.883546
0.886648
0.890525
0.894618
0.898377
0.902629
0.907638
0.912266
0.917092
0.922603
0.91772
0.640714
0.732898
0.747177
0.772881
0.784622
0.798171
0.808607
0.818351
0.832126
0.833035
0.833922
0.839605
0.852138
0.862426
0.857554
0.847309
0.824179
0.774964
0.684259
0.689773
0.706896
0.731856
0.73693
0.738492
0.742529
0.747744
0.75323
0.757634
0.761643
0.765533
0.7694
0.773407
0.777611
0.782004
0.786388
0.790875
0.795601
0.800803
0.806762
0.813498
0.821071
0.829186
0.837836
0.84677
0.855892
0.864834
0.873988
0.883435
0.892658
0.902328
0.910866
0.919384
0.927819
0.936754
0.943488
0.951345
0.960019
0.969778
0.980471
0.993438
1.00422
1.00907
1.0153
1.02196
1.03027
1.03792
1.04136
1.03587
1.02861
1.00893
0.980145
0.937663
0.888553
0.815338
0.825312
0.846068
0.855541
0.870974
0.870464
0.868363
0.866123
0.866911
0.869976
0.874222
0.879437
0.881397
0.882339
0.883779
0.885973
0.889377
0.893397
0.897029
0.901209
0.904762
0.908773
0.913432
0.918365
0.923368
0.928723
0.92366
0.566997
0.664441
0.738872
0.764887
0.777988
0.791215
0.802468
0.810691
0.825188
0.832321
0.833463
0.838446
0.847994
0.847109
0.840774
0.818307
0.769511
0.685667
0.676853
0.695774
0.725423
0.732375
0.732719
0.735881
0.740461
0.745682
0.751289
0.756741
0.761512
0.766024
0.770506
0.774903
0.779297
0.783625
0.788007
0.792514
0.797209
0.80222
0.807647
0.813617
0.820182
0.827307
0.834944
0.842966
0.851382
0.859995
0.868826
0.877858
0.887076
0.896698
0.905362
0.913871
0.921554
0.930194
0.93831
0.946137
0.954748
0.964018
0.973809
0.98487
0.995189
1.00238
1.00992
1.01713
1.02556
1.03166
1.04117
1.04118
1.04018
1.03923
1.02956
1.00846
0.972124
0.922136
0.871913
0.827416
0.844995
0.855607
0.867461
0.880879
0.88004
0.878066
0.878687
0.880147
0.884319
0.887046
0.88987
0.891505
0.893588
0.896477
0.901092
0.905055
0.90904
0.912388
0.91615
0.920413
0.92495
0.929661
0.935024
0.929879
0.613832
0.603505
0.705545
0.741288
0.775432
0.786369
0.796362
0.806919
0.815456
0.829255
0.832601
0.835694
0.834515
0.8299
0.811028
0.763857
0.684046
0.666153
0.686359
0.717006
0.72713
0.728171
0.731422
0.735853
0.740853
0.746003
0.751389
0.756986
0.762127
0.767027
0.771847
0.776611
0.781359
0.785816
0.790087
0.794426
0.798957
0.80368
0.808691
0.814066
0.819855
0.826128
0.832956
0.840225
0.848019
0.856153
0.864785
0.87381
0.883154
0.892962
0.902049
0.910788
0.918602
0.926631
0.935336
0.943872
0.95225
0.960866
0.97046
0.981871
0.9908
0.999898
1.00737
1.01393
1.02083
1.02831
1.03616
1.04651
1.05076
1.04986
1.04698
1.04377
1.02639
1.00066
0.956859
0.908078
0.831928
0.836576
0.857041
0.864896
0.8823
0.888632
0.888073
0.885875
0.886463
0.888658
0.89149
0.894678
0.898581
0.902585
0.906826
0.911569
0.915318
0.918781
0.922525
0.926778
0.931402
0.936342
0.941787
0.936485
0.937318
0.611206
0.656426
0.748074
0.76133
0.780048
0.792416
0.807552
0.813767
0.826162
0.828481
0.825049
0.819069
0.800147
0.756544
0.679919
0.656956
0.677483
0.706627
0.718836
0.720765
0.724649
0.729786
0.735684
0.741102
0.746089
0.751096
0.75612
0.761238
0.766398
0.771563
0.77675
0.781693
0.786558
0.791044
0.795511
0.800107
0.804961
0.810059
0.815389
0.821004
0.826894
0.83315
0.839844
0.847073
0.854839
0.863169
0.871951
0.881197
0.890661
0.899359
0.907952
0.916836
0.925082
0.933903
0.942411
0.95127
0.960442
0.970099
0.980309
0.988907
0.998692
1.00419
1.0099
1.01569
1.02231
1.03
1.03805
1.04453
1.05259
1.05347
1.0558
1.05286
1.04555
1.02181
0.983968
0.935088
0.885573
0.836809
0.850736
0.865346
0.877978
0.896757
0.895959
0.893073
0.893739
0.895045
0.897347
0.901709
0.908335
0.913584
0.916561
0.919549
0.922821
0.926528
0.930827
0.935919
0.941783
0.948061
0.942568
1.24664
0.818659
0.583522
0.678195
0.749855
0.769013
0.790511
0.804695
0.820258
0.823308
0.820553
0.812042
0.790109
0.745861
0.673799
0.646734
0.667608
0.695594
0.710469
0.711408
0.715067
0.720244
0.726328
0.7328
0.73826
0.743387
0.748546
0.753731
0.759048
0.764548
0.770279
0.776017
0.781781
0.787265
0.792586
0.797638
0.802637
0.807742
0.812964
0.818301
0.82379
0.82945
0.835321
0.841546
0.848169
0.855324
0.86299
0.871199
0.879957
0.888681
0.897412
0.905507
0.913795
0.922275
0.930518
0.939169
0.948015
0.957043
0.965763
0.97488
0.985176
0.991662
0.997256
1.00293
1.00933
1.0154
1.02214
1.02813
1.03447
1.04112
1.04869
1.05806
1.05671
1.05626
1.04951
1.03047
1.0054
0.965809
0.916072
0.841436
0.843412
0.863319
0.871311
0.888999
0.899174
0.898367
0.898166
0.900273
0.904033
0.911233
0.914905
0.91725
0.920273
0.924006
0.928586
0.933414
0.938629
0.945024
0.952816
0.947463
1.34426
1.08535
0.611974
0.615049
0.707721
0.74748
0.785513
0.805638
0.827436
0.821525
0.81093
0.787282
0.738398
0.663647
0.638807
0.658688
0.683864
0.701949
0.703348
0.706535
0.711229
0.717085
0.723753
0.730105
0.735843
0.741437
0.747058
0.752726
0.758533
0.764519
0.77068
0.776915
0.78308
0.789257
0.795338
0.801196
0.806956
0.812574
0.818302
0.823561
0.828813
0.834253
0.839918
0.845814
0.852031
0.858622
0.865709
0.873194
0.881122
0.889313
0.897403
0.905468
0.913244
0.921242
0.929402
0.937787
0.945985
0.954251
0.962738
0.970645
0.978287
0.986135
0.992835
0.998611
1.00386
1.00917
1.01499
1.02064
1.02652
1.03157
1.03689
1.04162
1.04729
1.05326
1.05224
1.04667
1.03897
1.01758
0.985101
0.935769
0.88146
0.830186
0.843706
0.863501
0.877218
0.895556
0.897936
0.898724
0.901254
0.904823
0.907964
0.911215
0.915559
0.922391
0.929645
0.933746
0.938551
0.944504
0.953762
0.948857
1.39518
1.30802
0.992874
0.648972
0.678032
0.761035
0.781733
0.806028
0.818265
0.811791
0.786736
0.732277
0.648051
0.633766
0.653582
0.680867
0.696795
0.698298
0.701036
0.705325
0.711021
0.717729
0.724519
0.730783
0.737035
0.743306
0.749653
0.755996
0.762279
0.768493
0.774728
0.781013
0.787335
0.7937
0.800169
0.80636
0.812438
0.818256
0.824137
0.82914
0.833619
0.83836
0.843418
0.848677
0.854143
0.859981
0.866235
0.872898
0.879846
0.886645
0.893384
0.900223
0.907286
0.914552
0.92205
0.929729
0.93762
0.945352
0.9531
0.960875
0.967583
0.974631
0.980367
0.985548
0.989912
0.994499
0.999412
1.00384
1.00896
1.01246
1.01645
1.02067
1.02521
1.0282
1.03338
1.03284
1.0308
1.02465
1.01351
0.984048
0.939877
0.891049
0.812175
0.821597
0.845473
0.855653
0.870196
0.888309
0.890372
0.891293
0.89463
0.899728
0.905739
0.913572
0.92465
0.930355
0.935284
0.941512
0.952325
0.948141
1.40365
1.40544
1.32516
0.866109
0.604401
0.673839
0.767182
0.795466
0.794778
0.775592
0.719745
0.628694
0.630618
0.649237
0.68042
0.693406
0.694765
0.697539
0.701692
0.706987
0.713715
0.719503
0.725588
0.732123
0.738898
0.745643
0.752402
0.758951
0.765144
0.771218
0.777261
0.783443
0.789782
0.796264
0.802923
0.809245
0.815463
0.821241
0.827041
0.832182
0.836158
0.840261
0.844784
0.849632
0.854739
0.860169
0.866003
0.872211
0.878163
0.883738
0.889517
0.89555
0.901866
0.908497
0.91541
0.922493
0.929802
0.936522
0.943358
0.94934
0.954813
0.959965
0.96511
0.96827
0.971561
0.97466
0.977763
0.981197
0.983965
0.986153
0.988513
0.990804
0.993171
0.994399
0.995723
0.997319
0.999145
0.995674
0.993805
0.985558
0.966084
0.939456
0.892306
0.836386
0.792445
0.805586
0.827893
0.84242
0.863635
0.873345
0.877369
0.881961
0.888583
0.897256
0.908391
0.91785
0.924742
0.932473
0.944691
0.941975
1.40778
1.40133
1.36384
1.15672
0.750827
0.620582
0.714425
0.764693
0.754519
0.699197
0.606386
0.627955
0.645861
0.676314
0.690003
0.690302
0.691886
0.695251
0.700194
0.706563
0.712623
0.718712
0.725333
0.732433
0.739794
0.746847
0.753605
0.760254
0.766669
0.77275
0.778727
0.784812
0.791094
0.79754
0.804124
0.810372
0.816234
0.821991
0.827539
0.83329
0.836975
0.840392
0.844156
0.848282
0.852649
0.857282
0.862404
0.867482
0.871423
0.875443
0.879606
0.883927
0.88848
0.893234
0.898231
0.90336
0.90837
0.913511
0.917814
0.922338
0.925873
0.929392
0.932629
0.93442
0.935308
0.936217
0.937365
0.937955
0.938512
0.939202
0.940499
0.942681
0.945518
0.947073
0.949102
0.951276
0.954158
0.957553
0.962689
0.963524
0.956638
0.947766
0.93011
0.894348
0.835868
0.766241
0.774141
0.797814
0.811797
0.830163
0.850504
0.859081
0.865726
0.872807
0.882023
0.892804
0.903986
0.914248
0.927791
0.927422
1.40822
1.40707
1.40035
1.3396
1.06608
0.653825
0.63399
0.677224
0.661784
0.594806
0.631307
0.643134
0.673103
0.687785
0.687198
0.689173
0.692554
0.697213
0.702827
0.708168
0.713626
0.71961
0.726287
0.733673
0.740798
0.747492
0.75393
0.760388
0.766828
0.772967
0.77868
0.784348
0.790187
0.795779
0.801328
0.806332
0.811164
0.816035
0.820518
0.82536
0.828123
0.829683
0.831633
0.8339
0.836384
0.839055
0.842292
0.844392
0.846115
0.84793
0.849853
0.85188
0.854072
0.856438
0.859026
0.861772
0.864662
0.867263
0.869696
0.87216
0.874766
0.877424
0.880356
0.882771
0.884795
0.887043
0.88944
0.89221
0.894485
0.897519
0.90148
0.907315
0.912166
0.915478
0.919387
0.923717
0.928496
0.933862
0.939818
0.949318
0.951273
0.948064
0.943915
0.932245
0.89696
0.844115
0.772459
0.770152
0.785572
0.803789
0.819833
0.832752
0.844365
0.853428
0.858333
0.863906
0.871802
0.882161
0.892795
0.901688
1.40848
1.40831
1.40589
1.3925
1.30286
0.98233
0.678935
0.550648
0.480605
0.555275
0.581451
0.629325
0.640412
0.64554
0.652058
0.659742
0.668804
0.678114
0.685255
0.692449
0.698954
0.705585
0.712451
0.719484
0.726291
0.732634
0.738468
0.743837
0.749222
0.754318
0.758431
0.762203
0.766026
0.769645
0.773026
0.775567
0.777946
0.780374
0.782638
0.785255
0.786066
0.785733
0.785798
0.786368
0.787408
0.789007
0.791273
0.792887
0.794387
0.796214
0.798354
0.800746
0.803369
0.806296
0.809528
0.813087
0.816936
0.820883
0.824755
0.828684
0.832816
0.837136
0.841678
0.846507
0.850671
0.85491
0.859287
0.86381
0.86805
0.872978
0.878915
0.886737
0.892617
0.897711
0.903163
0.909307
0.915699
0.92252
0.929598
0.937297
0.949561
0.953568
0.949832
0.946811
0.940736
0.913841
0.874254
0.820104
0.770229
0.780769
0.805012
0.810809
0.820956
0.835784
0.846332
0.849416
0.855482
0.858452
0.862405
0.87005
1.40846
1.40845
1.40916
1.40556
1.36901
1.18874
0.769039
0.421695
0.438197
0.47208
0.530259
0.554633
0.562395
0.570712
0.581147
0.593571
0.60644
0.616601
0.625361
0.634323
0.642023
0.649761
0.65745
0.664366
0.671457
0.678173
0.683873
0.688558
0.692596
0.696444
0.699896
0.703357
0.706926
0.710588
0.714337
0.717822
0.721381
0.725085
0.728879
0.732969
0.735933
0.737926
0.74026
0.743152
0.746471
0.750124
0.754242
0.757454
0.760301
0.763428
0.766843
0.770457
0.774231
0.778253
0.78247
0.78691
0.791602
0.79641
0.801345
0.806349
0.81146
0.816798
0.822433
0.828555
0.834504
0.839979
0.845537
0.850771
0.856592
0.862904
0.8698
0.877472
0.884407
0.890907
0.897522
0.904339
0.911446
0.918794
0.926419
0.934494
0.943934
0.952733
0.958971
0.958252
0.958629
0.954962
0.936417
0.896238
0.837218
0.785036
0.792015
0.80859
0.817225
0.827804
0.843804
0.84899
0.844818
0.844435
0.836235
0.839938
1.40844
1.40838
1.40782
1.40305
1.36232
1.15463
0.780389
0.431562
0.50128
0.548941
0.544054
0.539135
0.540501
0.54532
0.552896
0.562578
0.568829
0.575461
0.58248
0.589799
0.596248
0.602708
0.608788
0.614928
0.621104
0.627499
0.634167
0.64072
0.646977
0.653004
0.658792
0.664416
0.670072
0.675798
0.681576
0.686987
0.69238
0.69785
0.703355
0.708987
0.713816
0.71791
0.722108
0.72656
0.731234
0.736055
0.74124
0.745402
0.748911
0.752657
0.756544
0.760604
0.764786
0.769072
0.773451
0.77803
0.782793
0.787757
0.793022
0.798572
0.80384
0.809409
0.815405
0.821976
0.828581
0.834788
0.840961
0.847306
0.854033
0.86114
0.868521
0.876202
0.884004
0.891122
0.898201
0.905679
0.913528
0.921773
0.930339
0.939272
0.948556
0.956766
0.96643
0.973058
0.976956
0.976096
0.975785
0.964709
0.925868
0.872078
0.810099
0.808619
0.82107
0.830418
0.842286
0.843947
0.842673
0.835561
0.798816
0.809129
1.40844
1.4084
1.40798
1.40415
1.36868
1.17582
0.8063
0.450429
0.529382
0.562158
0.561866
0.559777
0.564217
0.5651
0.566179
0.568565
0.572095
0.57647
0.581649
0.587033
0.592347
0.598173
0.604747
0.611375
0.617888
0.624343
0.630711
0.636728
0.642769
0.648887
0.655086
0.661412
0.667912
0.674221
0.680327
0.686151
0.691649
0.697121
0.702615
0.708141
0.713214
0.718035
0.722896
0.727923
0.733085
0.738292
0.743767
0.74798
0.751682
0.755559
0.759528
0.763686
0.768008
0.77248
0.777138
0.782036
0.787175
0.792455
0.798078
0.803655
0.809271
0.815179
0.821689
0.828506
0.835561
0.842853
0.850152
0.857589
0.865219
0.873319
0.881829
0.890782
0.899414
0.907398
0.915366
0.923724
0.932386
0.941423
0.950718
0.960529
0.969685
0.978629
0.987525
0.997197
1.00579
1.01316
1.01316
1.01152
0.99993
0.96
0.907992
0.843623
0.832006
0.848789
0.849627
0.847099
0.838959
0.812244
0.751078
0.776209
1.40844
1.4084
1.40793
1.40378
1.36707
1.17049
0.799991
0.446384
0.524551
0.567341
0.567219
0.568431
0.571558
0.57443
0.577453
0.581328
0.585609
0.589602
0.593901
0.598541
0.603636
0.609277
0.615217
0.621377
0.62763
0.633886
0.640234
0.646645
0.653005
0.659464
0.666054
0.67269
0.679298
0.685664
0.691885
0.69784
0.703626
0.709412
0.715227
0.720989
0.726453
0.731586
0.736661
0.741818
0.747063
0.752311
0.75764
0.761923
0.766049
0.770283
0.77464
0.77912
0.783686
0.788329
0.793115
0.79802
0.803049
0.808245
0.813747
0.819452
0.825243
0.831421
0.838062
0.845104
0.852594
0.860443
0.868064
0.875445
0.883116
0.891121
0.899481
0.908108
0.916445
0.924223
0.932244
0.940472
0.949165
0.958086
0.967375
0.976729
0.986053
0.994125
1.00258
1.01119
1.02049
1.03105
1.03691
1.03742
1.03447
1.02248
0.987249
0.93899
0.872453
0.852326
0.847912
0.839012
0.820793
0.778975
0.72933
0.759905
1.40844
1.4084
1.40795
1.40391
1.36809
1.17412
0.804846
0.449859
0.530863
0.56549
0.565429
0.566586
0.572229
0.579116
0.583124
0.587247
0.591512
0.596152
0.601254
0.606637
0.612365
0.618721
0.625263
0.631405
0.637665
0.644086
0.650663
0.657369
0.664213
0.67102
0.677611
0.68419
0.690502
0.696714
0.7027
0.708661
0.714457
0.72028
0.725994
0.731596
0.736924
0.741984
0.746956
0.752018
0.757167
0.762386
0.767481
0.771848
0.776082
0.780354
0.784675
0.789058
0.793471
0.797953
0.802552
0.807278
0.812141
0.817207
0.822618
0.828253
0.834055
0.840216
0.846822
0.853786
0.861103
0.868806
0.876547
0.883936
0.891341
0.89908
0.907108
0.915402
0.9236
0.931332
0.939167
0.947368
0.955837
0.964648
0.973584
0.982861
0.991313
0.999739
1.0079
1.01617
1.02481
1.03406
1.04558
1.05253
1.05008
1.0481
1.03661
1.00314
0.949179
0.889493
0.83041
0.796104
0.762571
0.725915
0.73981
0.755132
1.40844
1.4084
1.40794
1.40387
1.36782
1.1731
0.80346
0.449173
0.529717
0.567089
0.56646
0.567446
0.572366
0.578214
0.582273
0.586539
0.591228
0.596289
0.60169
0.607411
0.613521
0.620152
0.626525
0.632791
0.639206
0.645813
0.6526
0.659514
0.666491
0.673306
0.680055
0.686778
0.693444
0.699995
0.70643
0.712754
0.718968
0.725043
0.731118
0.736909
0.742533
0.747876
0.753099
0.758358
0.763705
0.769082
0.774329
0.778734
0.783011
0.787255
0.791562
0.79572
0.799878
0.804101
0.808427
0.812838
0.817374
0.822118
0.827149
0.832394
0.837812
0.843594
0.849786
0.85635
0.863287
0.870698
0.878288
0.885284
0.892499
0.900015
0.907922
0.916129
0.924224
0.931843
0.939608
0.947721
0.956176
0.964798
0.97376
0.982368
0.990664
0.999019
1.00685
1.01471
1.02281
1.0316
1.04134
1.05663
1.05754
1.05478
1.05114
1.03431
0.991998
0.921442
0.837467
0.754075
0.700319
0.719558
0.741371
0.74093
)
;

boundaryField
{
    inlet
    {
        type            calculated;
        value           uniform 1.40845;
    }
    outlet
    {
        type            calculated;
        value           nonuniform List<scalar> 
40
(
0.610658
0.677575
0.736321
0.776478
0.803677
0.822881
0.836093
0.8446
0.849449
0.852655
0.856855
0.862685
0.869538
0.877131
0.881968
0.885862
0.890288
0.895045
0.899861
0.903846
0.907959
0.91256
0.91772
0.92366
0.929879
0.936485
0.942568
0.947463
0.948857
0.948141
0.941975
0.927422
0.901688
0.87005
0.839938
0.809129
0.776209
0.759905
0.755132
0.74093
)
;
    }
    bottom
    {
        type            symmetryPlane;
    }
    top
    {
        type            symmetryPlane;
    }
    obstacle
    {
        type            calculated;
        value           nonuniform List<scalar> 
110
(
0.596679
0.597455
0.599834
0.602258
0.605848
0.610736
0.617232
0.627829
0.645986
0.689523
0.710456
0.629705
0.521279
0.530039
0.535021
0.52505
0.516878
0.516276
0.558311
0.57505
0.577872
0.575893
0.574288
0.572731
0.567235
0.582109
0.597054
0.604273
0.605674
0.605661
0.603797
0.603049
0.602715
0.602984
0.602992
0.605502
0.607547
0.608442
0.609208
0.60976
0.609751
0.611149
0.609299
0.607666
0.601623
0.59399
0.586119
0.57467
0.565523
0.553128
0.546347
0.541048
0.534097
0.528083
0.521867
0.519197
0.517173
0.513922
0.512735
0.511473
0.511969
0.513534
0.515585
0.517947
0.519945
0.52244
0.525067
0.527959
0.530739
0.533359
0.535956
0.538652
0.541304
0.543826
0.546378
0.548866
0.551267
0.553663
0.556113
0.558481
0.560903
0.563139
0.56533
0.567421
0.569533
0.571629
0.573763
0.575871
0.578001
0.580088
0.582191
0.584231
0.586297
0.588287
0.590323
0.592248
0.594228
0.596052
0.597927
0.599619
0.601365
0.602896
0.604463
0.605903
0.607351
0.608864
0.610394
0.613024
0.612783
0.610658
)
;
    }
    defaultFaces
    {
        type            empty;
    }
}


// ************************************************************************* //
