/*--------------------------------*- C++ -*----------------------------------*\
| =========                 |                                                 |
| \\      /  F ield         | OpenFOAM: The Open Source CFD Toolbox           |
|  \\    /   O peration     | Version:  v2106                                 |
|   \\  /    A nd           | Website:  www.openfoam.com                      |
|    \\/     M anipulation  |                                                 |
\*---------------------------------------------------------------------------*/
FoamFile
{
    version     2.0;
    format      ascii;
    arch        "LSB;label=32;scalar=64";
    class       volScalarField;
    location    "14";
    object      Mo;
}
// * * * * * * * * * * * * * * * * * * * * * * * * * * * * * * * * * * * * * //

dimensions      [0 0 0 0 0 0 0];

internalField   nonuniform List<scalar> 
5250
(
3.01265
3.01265
3.01265
3.01265
3.01265
3.01265
3.01265
3.01265
3.01264
3.01237
3.01108
2.99249
2.89573
2.49831
1.50682
0.459844
0.315697
0.345657
0.306204
0.260617
0.226527
0.18071
0.134526
0.0849449
0.0394888
3.01265
3.01265
3.01265
3.01265
3.01265
3.01265
3.01265
3.01264
3.01264
3.01236
3.01119
2.99233
2.90002
2.50914
1.52006
0.476467
0.309488
0.345923
0.30546
0.2588
0.228026
0.184828
0.142027
0.100838
0.0731173
3.01265
3.01265
3.01265
3.01265
3.01265
3.01265
3.01265
3.01265
3.01263
3.01242
3.01077
2.99488
2.89668
2.52961
1.54685
0.509142
0.29754
0.347958
0.306595
0.260849
0.232445
0.194111
0.161047
0.13107
0.11549
3.01265
3.01265
3.01265
3.01265
3.01265
3.01265
3.01265
3.01265
3.01263
3.01246
3.01099
2.99791
2.90607
2.56794
1.61815
0.563098
0.279432
0.349428
0.306949
0.26674
0.243226
0.213501
0.189753
0.168664
0.159862
3.01265
3.01265
3.01265
3.01265
3.01265
3.01265
3.01265
3.01265
3.01263
3.01249
3.01122
3.00008
2.91891
2.61621
1.73127
0.652788
0.262303
0.356685
0.311163
0.276434
0.259409
0.238354
0.219457
0.209315
0.207091
3.01265
3.01265
3.01265
3.01265
3.01265
3.01265
3.01265
3.01265
3.01264
3.01253
3.01153
3.00332
2.93583
2.68324
1.92367
0.79386
0.268621
0.378621
0.329637
0.292713
0.279326
0.266518
0.255865
0.254261
0.256318
3.01265
3.01265
3.01265
3.01265
3.01265
3.01265
3.01265
3.01265
3.01264
3.01256
3.0118
3.00557
2.94958
2.73285
2.03262
0.985417
0.299118
0.409703
0.362997
0.317533
0.307711
0.298831
0.297366
0.29968
0.314622
3.01265
3.01265
3.01265
3.01265
3.01265
3.01265
3.01265
3.01265
3.01264
3.0126
3.012
3.00784
2.96275
2.78404
2.13944
1.19621
0.376954
0.456664
0.41154
0.355975
0.34539
0.338982
0.346441
0.357637
0.386648
3.01265
3.01265
3.01265
3.01265
3.01265
3.01265
3.01265
3.01265
3.01264
3.01262
3.01208
3.00912
2.97176
2.81903
2.23681
1.29453
0.473713
0.51153
0.474331
0.415876
0.394455
0.390656
0.40503
0.419291
0.480748
3.01265
3.01265
3.01265
3.01265
3.01265
3.01265
3.01265
3.01265
3.01264
3.01263
3.01221
3.01017
2.98119
2.85533
2.34385
1.39071
0.55343
0.55845
0.535786
0.493474
0.45701
0.4525
0.471895
0.509633
0.648734
3.01265
3.01265
3.01265
3.01265
3.01265
3.01265
3.01265
3.01265
3.01264
3.01264
3.01231
3.01093
2.98887
2.88792
2.45669
1.51009
0.641999
0.55476
0.574704
0.563903
0.531809
0.529193
0.555652
0.63987
0.869982
3.01265
3.01265
3.01265
3.01265
3.01265
3.01265
3.01265
3.01265
3.01265
3.01263
3.01245
3.01082
2.99743
2.9084
2.57269
1.65119
0.774659
0.541599
0.586552
0.625777
0.611266
0.608873
0.640114
0.751416
0.921569
3.01265
3.01265
3.01265
3.01265
3.01265
3.01265
3.01265
3.01265
3.01265
3.01264
3.01254
3.0116
3.00436
2.93971
2.69895
1.92537
0.988977
0.525124
0.58911
0.632418
0.66603
0.683741
0.71172
0.804655
0.937602
3.01265
3.01265
3.01265
3.01265
3.01265
3.01265
3.01265
3.01265
3.01265
3.01265
3.01258
3.01221
3.00765
2.96457
2.79069
2.19134
1.30835
0.578266
0.615215
0.64433
0.679396
0.731318
0.77257
0.846581
0.957723
3.01265
3.01265
3.01265
3.01265
3.01265
3.01265
3.01265
3.01265
3.01265
3.01264
3.01261
3.01222
3.00988
2.97916
2.84837
2.34052
1.48646
0.722568
0.666301
0.673188
0.698358
0.748304
0.807288
0.885729
0.977251
3.01265
3.01265
3.01265
3.01265
3.01265
3.01265
3.01265
3.01265
3.01265
3.01264
3.01264
3.01235
3.01108
2.99176
2.89906
2.49341
1.63302
0.903194
0.721019
0.72296
0.734402
0.772037
0.828211
0.904284
0.98999
3.01265
3.01265
3.01265
3.01265
3.01265
3.01265
3.01265
3.01265
3.01265
3.01265
3.01263
3.01251
3.01143
3.00205
2.93185
2.66181
1.81951
1.15767
0.738979
0.763174
0.777147
0.801818
0.845993
0.910979
0.989867
3.01265
3.01265
3.01265
3.01265
3.01265
3.01265
3.01265
3.01265
3.01265
3.01265
3.01264
3.01262
3.01185
3.00887
2.96008
2.81297
2.24201
1.46935
0.818172
0.800842
0.81139
0.831453
0.867033
0.921254
0.99063
3.01265
3.01265
3.01265
3.01265
3.01265
3.01265
3.01265
3.01265
3.01265
3.01265
3.01264
3.01261
3.0123
3.00973
2.98738
2.86299
2.45601
1.67516
1.00548
0.845158
0.852162
0.867618
0.895688
0.93885
0.997229
3.01265
3.01265
3.01265
3.01265
3.01265
3.01265
3.01265
3.01265
3.01265
3.01265
3.01264
3.0126
3.01255
3.01033
3.00908
2.8976
2.68369
1.88895
1.29158
0.886316
0.896404
0.90843
0.929835
0.962748
1.00926
3.01265
3.01265
3.01265
3.01265
3.01265
3.01265
3.01265
3.01265
3.01265
3.01265
3.01265
3.01264
3.01258
3.01201
3.0077
2.97125
2.80632
2.27773
1.58876
0.993701
0.935086
0.939902
0.957516
0.986615
1.02587
3.01265
3.01265
3.01265
3.01265
3.01265
3.01265
3.01265
3.01265
3.01265
3.01265
3.01265
3.01264
3.01258
3.01259
3.0088
3.01127
2.82559
2.59943
1.85801
1.23397
0.987157
0.981285
0.993949
1.01633
1.04844
3.01265
3.01265
3.01265
3.01265
3.01265
3.01265
3.01265
3.01265
3.01265
3.01265
3.01265
3.01265
3.01263
3.01254
3.01166
3.00486
2.95239
2.74653
2.07078
1.56734
1.03738
1.01675
1.0258
1.04363
1.07149
3.01265
3.01265
3.01265
3.01265
3.01265
3.01265
3.01265
3.01265
3.01265
3.01265
3.01265
3.01265
3.01264
3.01256
3.01256
3.00744
3.01401
2.78415
2.53621
1.86007
1.24651
1.06876
1.06245
1.07759
1.10029
3.01265
3.01265
3.01265
3.01265
3.01265
3.01265
3.01265
3.01265
3.01265
3.01265
3.01265
3.01265
3.01265
3.01263
3.0125
3.01128
3.00253
2.9357
2.71915
2.00778
1.56643
1.11607
1.09786
1.10926
1.12747
3.01265
3.01265
3.01265
3.01265
3.01265
3.01265
3.01265
3.01265
3.01265
3.01265
3.01265
3.01265
3.01265
3.01264
3.01256
3.01251
3.00681
3.01276
2.76221
2.50391
1.87042
1.29461
1.15753
1.14566
1.16046
3.01265
3.01265
3.01265
3.01265
3.01265
3.01265
3.01265
3.01265
3.01265
3.01265
3.01265
3.01265
3.01265
3.01265
3.01262
3.01247
3.01105
3.00113
2.92734
2.71012
2.03486
1.60238
1.20147
1.18186
1.18942
3.01265
3.01265
3.01265
3.01265
3.01265
3.01265
3.01265
3.01265
3.01265
3.01265
3.01265
3.01265
3.01265
3.01265
3.01264
3.01261
3.01161
3.00735
2.9998
2.76247
2.53491
1.91728
1.37261
1.23833
1.22155
3.01265
3.01265
3.01265
3.01265
3.01265
3.01265
3.01265
3.01265
3.01265
3.01265
3.01265
3.01265
3.01265
3.01265
3.01265
3.01262
3.01244
3.01102
3.00193
2.92691
2.71963
2.09632
1.69343
1.27492
1.25453
3.01265
3.01265
3.01265
3.01265
3.01265
3.01265
3.01265
3.01265
3.01265
3.01265
3.01265
3.01265
3.01265
3.01265
3.01265
3.01264
3.01262
3.01176
3.00881
3.00207
2.7928
2.57794
1.9776
1.46227
1.30064
3.01265
3.01265
3.01265
3.01265
3.01265
3.01265
3.01265
3.01265
3.01265
3.01265
3.01265
3.01265
3.01265
3.01265
3.01265
3.01265
3.01263
3.01253
3.01125
3.00533
2.93666
2.74785
2.18302
1.80618
1.34566
3.01265
3.01265
3.01265
3.01265
3.01265
3.01265
3.01265
3.01265
3.01265
3.01265
3.01265
3.01265
3.01265
3.01265
3.01265
3.01265
3.01265
3.01257
3.01253
3.00944
3.00624
2.84341
2.62298
2.06055
1.57679
3.01265
3.01265
3.01265
3.01265
3.01265
3.01265
3.01265
3.01265
3.01265
3.01265
3.01265
3.01265
3.01265
3.01265
3.01265
3.01265
3.01265
3.01263
3.01257
3.01153
3.00696
2.95123
2.79191
2.32546
1.90498
3.01265
3.01265
3.01265
3.01265
3.01265
3.01265
3.01265
3.01265
3.01265
3.01265
3.01265
3.01265
3.01265
3.01265
3.01265
3.01265
3.01265
3.01265
3.0126
3.01256
3.01013
3.00625
2.87932
2.74282
2.17692
3.01265
3.01265
3.01265
3.01265
3.01265
3.01265
3.01265
3.01265
3.01265
3.01265
3.01265
3.01265
3.01265
3.01265
3.01265
3.01265
3.01265
3.01265
3.01264
3.01254
3.01188
3.00696
2.97056
2.84111
2.57028
3.01265
3.01265
3.01265
3.01265
3.01265
3.01265
3.01265
3.01265
3.01265
3.01265
3.01265
3.01265
3.01265
3.01265
3.01265
3.01265
3.01265
3.01265
3.01265
3.01263
3.01251
3.01147
3.00615
2.94012
2.79437
3.01265
3.01265
3.01265
3.01265
3.01265
3.01265
3.01265
3.01265
3.01265
3.01265
3.01265
3.01265
3.01265
3.01265
3.01265
3.01265
3.01265
3.01265
3.01265
3.01266
3.01279
3.01443
3.01268
3.0099
2.88147
3.01265
3.01265
3.01265
3.01265
3.01265
3.01265
3.01265
3.01265
3.01265
3.01265
3.01265
3.01265
3.01265
3.01265
3.01265
3.01265
3.01265
3.01265
3.01265
3.01265
3.01265
3.01258
3.01196
3.00812
2.97175
3.01265
3.01265
3.01265
3.01265
3.01265
3.01265
3.01265
3.01265
3.01265
3.01265
3.01265
3.01265
3.01265
3.01265
3.01265
3.01265
3.01265
3.01265
3.01265
3.01265
3.01265
3.01268
3.01262
3.0117
3.00508
3.01265
3.01265
3.01265
3.01265
3.01265
3.01265
3.01265
3.01265
3.01265
3.01265
3.01265
3.01265
3.01265
3.01265
3.01265
3.01265
3.01265
3.01265
3.01265
3.01265
3.01265
3.01264
3.0126
3.01261
3.00992
3.01265
3.01265
3.01265
3.01265
3.01265
3.01265
3.01265
3.01265
3.01265
3.01265
3.01265
3.01265
3.01265
3.01265
3.01265
3.01265
3.01265
3.01265
3.01265
3.01265
3.01265
3.01265
3.01264
3.01256
3.0121
3.01265
3.01265
3.01265
3.01265
3.01265
3.01265
3.01265
3.01265
3.01265
3.01265
3.01265
3.01265
3.01265
3.01265
3.01265
3.01265
3.01265
3.01265
3.01265
3.01265
3.01265
3.01265
3.01265
3.01264
3.01251
3.01265
3.01265
3.01265
3.01265
3.01265
3.01265
3.01265
3.01265
3.01265
3.01265
3.01265
3.01265
3.01265
3.01265
3.01265
3.01265
3.01265
3.01265
3.01265
3.01265
3.01265
3.01265
3.01265
3.01265
3.01262
3.01265
3.01265
3.01265
3.01265
3.01265
3.01265
3.01265
3.01265
3.01265
3.01265
3.01265
3.01265
3.01265
3.01265
3.01265
3.01265
3.01265
3.01265
3.01265
3.01265
3.01265
3.01265
3.01265
3.01265
3.01264
3.01265
3.01265
3.01265
3.01265
3.01265
3.01265
3.01265
3.01265
3.01265
3.01265
3.01265
3.01265
3.01265
3.01265
3.01265
3.01265
3.01265
3.01265
3.01265
3.01265
3.01265
3.01265
3.01265
3.01265
3.01265
3.01265
3.01265
3.01265
3.01265
3.01265
3.01265
3.01265
3.01265
3.01265
3.01265
3.01265
3.01265
3.01265
3.01265
3.01265
3.01265
3.01265
3.01265
3.01265
3.01265
3.01265
3.01265
3.01265
3.01265
3.01265
3.01265
3.01265
3.01265
3.01265
3.01265
3.01265
3.01265
3.01265
3.01265
3.01265
3.01265
3.01265
3.01265
3.01265
3.01265
3.01265
3.01265
3.01265
3.01265
3.01265
3.01265
3.01265
3.01265
3.01265
3.01265
3.01265
3.01265
3.01265
3.01265
3.01265
3.01265
3.01265
3.01265
3.01265
3.01265
3.01265
3.01265
3.01265
3.01265
3.01265
3.01265
3.01265
3.01265
3.01265
3.01265
3.01265
3.01265
3.01265
3.01265
3.01265
3.01265
3.01265
3.01265
3.01265
3.01265
3.01265
3.01265
3.01265
3.01265
3.01265
3.01265
3.01265
3.01265
3.01265
3.01265
3.01265
3.01265
3.01265
3.01265
3.01265
3.01265
3.01265
3.01265
3.01265
3.01265
3.01265
3.01265
3.01265
3.01265
3.01265
3.01265
3.01265
3.01265
3.01265
3.01265
3.01265
3.01265
3.01265
3.01265
3.01265
3.01265
3.01265
3.01265
3.01265
3.01265
3.01265
3.01265
3.01265
3.01265
3.01265
1.13072
0.554227
0.352329
0.276662
0.374466
0.283603
0.404824
0.591915
0.725397
0.784466
0.79915
0.796157
0.794595
0.811059
0.861146
0.916339
0.9549
0.972485
0.976008
0.973129
0.971611
0.970642
0.974168
0.977178
0.983287
0.989259
0.99365
0.996524
0.997571
0.995432
0.99008
0.97182
0.952947
0.91243
0.862704
0.806911
0.753306
0.70004
0.630915
0.568487
0.511231
0.450617
0.388402
0.325168
0.264023
0.215428
0.17792
0.120291
0.0692495
0.029342
0.0420121
0.0814669
0.126741
0.168057
0.208406
0.246321
0.281542
0.315052
0.3467
0.376417
0.404618
0.431489
0.45703
0.481288
0.504657
0.526796
0.548002
0.568399
0.58793
0.606874
0.625058
0.642875
0.660053
0.676884
0.693076
0.708993
0.724433
0.739682
0.754465
0.768951
0.782731
0.796098
0.808704
0.821038
0.832783
0.844427
0.855624
0.866728
0.877379
0.887887
0.897707
0.90735
0.916231
0.925011
0.933538
0.94213
0.950982
0.96045
0.969222
0.977401
1.10393
0.932007
0.598795
0.443465
0.141775
0.11691
0.243687
0.445799
0.527062
0.561543
0.529742
0.507
0.503304
0.539302
0.58809
0.63941
0.669779
0.680107
0.678614
0.674038
0.671635
0.670372
0.673389
0.675658
0.683168
0.690589
0.698876
0.704124
0.707011
0.70323
0.695723
0.673528
0.651103
0.617767
0.565429
0.510828
0.458691
0.4075
0.332163
0.274933
0.221326
0.147695
0.0935476
0.0721776
0.125204
0.188956
0.26533
0.331834
0.375833
0.419879
0.459288
0.492462
0.52588
0.554267
0.582136
0.607484
0.630873
0.653349
0.674777
0.695225
0.715041
0.734044
0.752401
0.770273
0.787605
0.804342
0.820621
0.836083
0.851059
0.865806
0.880353
0.894624
0.908439
0.921907
0.935091
0.948117
0.960967
0.973596
0.985991
0.998011
1.00953
1.02053
1.03092
1.041
1.0506
1.06008
1.06911
1.07806
1.08652
1.095
1.10294
1.1108
1.11817
1.12552
1.13274
1.14011
1.14776
1.15591
1.16434
1.17191
1.06059
1.07033
0.963058
0.824082
0.596951
0.422482
0.341928
0.388494
0.337704
0.241502
0.138956
0.0367871
0.0399177
0.110915
0.179195
0.317631
0.371754
0.400698
0.395475
0.383486
0.375569
0.372492
0.379022
0.38451
0.39602
0.403984
0.411281
0.411349
0.412606
0.40887
0.406289
0.388954
0.370744
0.333825
0.275591
0.216101
0.155879
0.109562
0.120255
0.180732
0.311946
0.412366
0.487557
0.556329
0.599017
0.631644
0.663743
0.690715
0.70703
0.725026
0.743215
0.761059
0.778687
0.795823
0.812621
0.829071
0.845325
0.861406
0.877443
0.892997
0.907946
0.922865
0.937692
0.952168
0.965991
0.979244
0.992383
1.0054
1.01824
1.03086
1.04319
1.05521
1.06704
1.0787
1.09024
1.10173
1.11304
1.12424
1.13542
1.14629
1.15685
1.16686
1.17646
1.18562
1.19443
1.20297
1.2112
1.21921
1.22698
1.2345
1.24163
1.24838
1.25478
1.26081
1.26684
1.27306
1.27964
1.28719
1.29466
1.30204
1.05883
1.1533
1.1686
1.11348
0.981698
0.822785
0.651177
0.625351
0.611834
0.565701
0.486007
0.383141
0.28518
0.263592
0.251838
0.268461
0.232497
0.177879
0.129497
0.0716875
0.0327231
0.00592429
0.0375422
0.0578532
0.0936765
0.110935
0.156201
0.163753
0.182039
0.180763
0.170997
0.148283
0.121872
0.0979599
0.10676
0.17834
0.332824
0.48157
0.606135
0.684355
0.748523
0.793672
0.824591
0.848536
0.868306
0.879164
0.89446
0.908589
0.918733
0.925482
0.93679
0.947102
0.95515
0.964106
0.975054
0.986364
0.998132
1.00894
1.01965
1.03102
1.04254
1.05379
1.06532
1.07652
1.08768
1.09882
1.10972
1.12052
1.13082
1.14099
1.15129
1.16168
1.17209
1.18253
1.19306
1.20348
1.2137
1.22395
1.23417
1.24415
1.25388
1.26295
1.27174
1.28022
1.28864
1.29688
1.30505
1.31287
1.32067
1.32808
1.33528
1.34164
1.34783
1.3533
1.35881
1.36448
1.37054
1.3775
1.38516
1.39307
1.0786
1.16271
1.22908
1.26521
1.20746
1.12289
1.0352
0.954715
0.949646
0.894105
0.802683
0.698776
0.592502
0.535773
0.48806
0.481505
0.472558
0.45068
0.410736
0.356685
0.292078
0.24946
0.202559
0.180733
0.148626
0.137038
0.11766
0.0980675
0.0737705
0.0439406
0.0722344
0.112605
0.201179
0.330138
0.478102
0.638317
0.770482
0.879365
0.945563
1.00292
1.03225
1.04859
1.06011
1.06823
1.07762
1.07917
1.07867
1.08087
1.08085
1.07933
1.08196
1.08294
1.08206
1.08593
1.09084
1.09595
1.10091
1.10659
1.11324
1.12073
1.12885
1.13709
1.14569
1.1547
1.16387
1.17295
1.18217
1.19064
1.19934
1.20848
1.21782
1.22708
1.23649
1.24559
1.25473
1.2641
1.27383
1.28359
1.29334
1.30296
1.31208
1.32058
1.32895
1.33721
1.34547
1.35356
1.36165
1.36928
1.37685
1.38413
1.39119
1.39747
1.40373
1.40946
1.41529
1.42129
1.42761
1.43461
1.44261
1.45095
1.09083
1.17331
1.24106
1.29768
1.30844
1.27988
1.24511
1.22897
1.24487
1.22671
1.1593
1.06957
0.963068
0.882839
0.816048
0.791325
0.764114
0.726409
0.676347
0.620105
0.557692
0.507665
0.451502
0.415391
0.367872
0.342695
0.303576
0.293112
0.262204
0.254372
0.280215
0.354996
0.478079
0.652011
0.8292
0.973468
1.07157
1.15471
1.21203
1.25853
1.27696
1.27797
1.27112
1.25862
1.24848
1.23138
1.20981
1.202
1.19465
1.18524
1.17763
1.1688
1.16008
1.1595
1.15931
1.16038
1.16238
1.16526
1.16864
1.173
1.17852
1.18497
1.19155
1.19882
1.20651
1.21447
1.22255
1.23072
1.23876
1.24694
1.2551
1.26312
1.27139
1.28006
1.28919
1.2983
1.30757
1.31692
1.32601
1.33492
1.34369
1.35217
1.3605
1.36857
1.37657
1.38449
1.39242
1.40002
1.40761
1.41502
1.42225
1.42888
1.43529
1.44125
1.44721
1.45329
1.45968
1.46668
1.47512
1.48391
1.08255
1.1706
1.23909
1.29479
1.34319
1.35011
1.34722
1.35371
1.36927
1.39084
1.4008
1.35664
1.2979
1.23233
1.17304
1.11715
1.09466
1.05886
1.00817
0.947262
0.877329
0.814464
0.747031
0.69947
0.643312
0.606629
0.554272
0.526072
0.475176
0.459804
0.498751
0.606801
0.767218
0.945711
1.09311
1.20811
1.3063
1.37294
1.4245
1.46155
1.47642
1.47408
1.46201
1.4392
1.4067
1.36317
1.31757
1.27837
1.24587
1.24238
1.2366
1.22775
1.21692
1.20658
1.19863
1.19478
1.1978
1.20029
1.20184
1.20411
1.20801
1.2133
1.219
1.22509
1.23151
1.23843
1.24536
1.25264
1.26005
1.26751
1.27524
1.28331
1.29152
1.29988
1.30845
1.31716
1.32591
1.33481
1.34365
1.35223
1.36081
1.36892
1.37689
1.38488
1.39299
1.4011
1.40903
1.41678
1.42434
1.43165
1.43879
1.44536
1.45166
1.45772
1.46387
1.47015
1.47678
1.48406
1.4929
1.50217
1.06907
1.15533
1.23248
1.28775
1.33967
1.36401
1.39063
1.40886
1.43042
1.45917
1.48715
1.50664
1.47568
1.44402
1.40757
1.37751
1.37128
1.36218
1.33054
1.28151
1.21826
1.1528
1.08027
1.02301
0.959722
0.908865
0.84392
0.802496
0.738162
0.706625
0.750679
0.859815
1.00506
1.15652
1.27369
1.38082
1.4604
1.51596
1.56169
1.59055
1.60367
1.60561
1.59581
1.57891
1.55058
1.51153
1.46199
1.39582
1.33811
1.27673
1.25775
1.25811
1.25375
1.24574
1.2337
1.22152
1.21899
1.22091
1.22355
1.22666
1.22936
1.23245
1.23612
1.24111
1.24735
1.25421
1.2611
1.26748
1.27386
1.28074
1.28809
1.29572
1.30367
1.3119
1.3205
1.32945
1.3382
1.34699
1.35525
1.36323
1.37117
1.37914
1.38706
1.39507
1.40315
1.41113
1.41891
1.42618
1.4333
1.44051
1.44754
1.45432
1.46077
1.46712
1.47353
1.48007
1.48698
1.49458
1.50382
1.51361
1.06552
1.13929
1.21804
1.28117
1.3243
1.35873
1.39675
1.42063
1.45482
1.49145
1.5297
1.56898
1.57613
1.56307
1.54831
1.53955
1.53693
1.53973
1.54299
1.51891
1.4839
1.44252
1.39497
1.34714
1.29447
1.24234
1.18106
1.11456
1.03782
0.957854
0.982914
1.06005
1.17419
1.27765
1.38548
1.47624
1.54747
1.597
1.6421
1.66382
1.67317
1.68059
1.67761
1.66978
1.64879
1.62526
1.58982
1.53978
1.47665
1.39465
1.33045
1.26437
1.2659
1.26519
1.26181
1.25522
1.24669
1.23866
1.24047
1.24364
1.24649
1.24856
1.25118
1.25567
1.26101
1.26736
1.27363
1.27986
1.28613
1.29265
1.29968
1.30735
1.31572
1.32437
1.33312
1.34174
1.3498
1.35749
1.36531
1.37341
1.38143
1.38949
1.39749
1.40508
1.41244
1.41969
1.42677
1.43368
1.44057
1.44748
1.45425
1.46108
1.46759
1.4741
1.48074
1.48757
1.49479
1.50273
1.51233
1.5225
1.06799
1.13252
1.20117
1.26691
1.31089
1.34807
1.38358
1.41268
1.44731
1.49206
1.53278
1.57413
1.61292
1.61631
1.61763
1.6182
1.62194
1.62766
1.6355
1.64091
1.63652
1.6142
1.58655
1.55574
1.52238
1.4831
1.44039
1.36613
1.28996
1.19707
1.13091
1.18612
1.26258
1.35782
1.44471
1.5267
1.58989
1.63508
1.66599
1.68913
1.70759
1.71699
1.71753
1.71492
1.70558
1.69912
1.67979
1.6516
1.61086
1.55289
1.47264
1.38263
1.29962
1.26473
1.2746
1.27911
1.27571
1.26934
1.26482
1.26135
1.26385
1.26684
1.27062
1.2747
1.27853
1.2832
1.28746
1.29242
1.29858
1.30557
1.31293
1.3206
1.32859
1.33675
1.34492
1.35313
1.36089
1.36876
1.37683
1.38492
1.39307
1.40092
1.40839
1.41559
1.42281
1.42991
1.43684
1.44363
1.45031
1.45698
1.46364
1.47019
1.47656
1.48297
1.48953
1.49633
1.50358
1.51162
1.52136
1.53163
1.07565
1.1326
1.19233
1.25225
1.2984
1.34022
1.37271
1.40422
1.43895
1.47808
1.52583
1.56521
1.60997
1.63324
1.64455
1.65459
1.66247
1.67295
1.6865
1.70125
1.71269
1.71624
1.69887
1.67904
1.65569
1.62602
1.58241
1.50376
1.36084
1.25181
1.20534
1.24901
1.30769
1.37746
1.44066
1.50117
1.55189
1.59152
1.62535
1.65306
1.67795
1.70184
1.72674
1.73351
1.73255
1.73124
1.72801
1.7222
1.70351
1.67066
1.62192
1.55353
1.44991
1.37113
1.28198
1.28554
1.29231
1.29745
1.29449
1.28967
1.28775
1.28835
1.28998
1.29237
1.29513
1.29808
1.30163
1.3061
1.31185
1.31866
1.32571
1.33293
1.34035
1.34806
1.35617
1.36414
1.37188
1.37935
1.38696
1.39468
1.40244
1.41017
1.41758
1.42501
1.43242
1.4396
1.44653
1.45307
1.45947
1.46584
1.47224
1.47863
1.48494
1.49128
1.49776
1.50446
1.51163
1.51961
1.52941
1.53986
1.08976
1.13815
1.19132
1.24364
1.28879
1.33215
1.36091
1.39256
1.42704
1.46455
1.50864
1.55326
1.59052
1.62663
1.64945
1.66322
1.67783
1.69125
1.70887
1.72548
1.74254
1.75725
1.76179
1.74827
1.73072
1.70109
1.64018
1.5329
1.36735
1.19592
1.21839
1.25278
1.30377
1.35717
1.4131
1.46708
1.51053
1.5527
1.58715
1.61622
1.64597
1.67391
1.69612
1.71119
1.72585
1.74399
1.75387
1.75191
1.7521
1.74322
1.72684
1.68953
1.62976
1.54629
1.43731
1.34612
1.28908
1.30219
1.31302
1.31453
1.31165
1.30723
1.30786
1.30933
1.31138
1.31411
1.31727
1.32114
1.32583
1.33164
1.3383
1.34545
1.35288
1.36035
1.368
1.37567
1.38321
1.39074
1.39831
1.40583
1.41333
1.42087
1.42834
1.4357
1.44261
1.44932
1.45565
1.46167
1.46768
1.47376
1.47998
1.48631
1.49274
1.49932
1.5061
1.51311
1.52053
1.5287
1.53862
1.54928
1.10823
1.14989
1.19555
1.24185
1.28507
1.32735
1.35634
1.38485
1.41586
1.45
1.4892
1.53116
1.57246
1.60622
1.6403
1.65788
1.6742
1.69069
1.70901
1.7307
1.74958
1.76726
1.78756
1.77838
1.7592
1.71663
1.62569
1.45367
1.32841
1.19105
1.21355
1.24561
1.29007
1.33555
1.38288
1.42618
1.4685
1.50638
1.53918
1.57405
1.60425
1.62994
1.65313
1.68111
1.70756
1.73369
1.74648
1.76214
1.77599
1.77946
1.78045
1.76695
1.74104
1.69647
1.628
1.5252
1.42929
1.32443
1.31938
1.33081
1.33984
1.3405
1.34031
1.33737
1.33866
1.34023
1.34339
1.34702
1.35128
1.35614
1.36156
1.36769
1.37469
1.38193
1.38904
1.39617
1.40308
1.40983
1.41646
1.42318
1.43002
1.43689
1.44382
1.45073
1.45751
1.46406
1.47015
1.47598
1.48184
1.48773
1.49369
1.49975
1.50596
1.51236
1.51895
1.52579
1.5331
1.54122
1.55115
1.56196
1.13089
1.16703
1.20556
1.247
1.28635
1.32575
1.35576
1.38162
1.40999
1.44044
1.47536
1.51264
1.55508
1.59002
1.61959
1.64784
1.663
1.68074
1.69936
1.71872
1.74267
1.7641
1.78371
1.77498
1.7455
1.67314
1.54516
1.36507
1.19942
1.19683
1.21184
1.23625
1.2684
1.30461
1.34337
1.3834
1.4227
1.45994
1.49614
1.53037
1.56135
1.58894
1.62073
1.64899
1.67997
1.69726
1.72073
1.74682
1.77033
1.79749
1.80125
1.7997
1.80143
1.78736
1.75888
1.70738
1.62952
1.51381
1.42951
1.33831
1.3483
1.36447
1.37724
1.37444
1.3696
1.36964
1.37076
1.37373
1.37789
1.3831
1.38872
1.39484
1.40091
1.40749
1.41434
1.42035
1.42614
1.4321
1.43828
1.44464
1.45116
1.45793
1.46466
1.47132
1.47772
1.48375
1.48942
1.4947
1.49995
1.50529
1.51079
1.51653
1.52257
1.52894
1.53566
1.54274
1.55031
1.55868
1.56885
1.57982
1.15346
1.18674
1.22126
1.25758
1.29376
1.32644
1.35882
1.38169
1.4071
1.43511
1.46587
1.49972
1.53728
1.57356
1.60352
1.63359
1.65732
1.67089
1.68757
1.70824
1.73238
1.75055
1.76115
1.74212
1.6862
1.57386
1.39405
1.23821
1.17352
1.18638
1.20216
1.22314
1.2488
1.27892
1.3124
1.34906
1.38552
1.42251
1.45833
1.4941
1.52472
1.55765
1.58937
1.62039
1.64393
1.67176
1.69767
1.72505
1.74614
1.76676
1.7871
1.80819
1.82832
1.83042
1.83505
1.81337
1.77628
1.71583
1.62774
1.51201
1.40645
1.3754
1.38391
1.39996
1.40733
1.40354
1.40059
1.40265
1.4062
1.41155
1.41711
1.42235
1.42755
1.43295
1.43865
1.44511
1.45088
1.45683
1.46215
1.4675
1.47319
1.47931
1.48602
1.49244
1.49876
1.50453
1.50985
1.51487
1.51992
1.52506
1.53039
1.53599
1.54191
1.54819
1.55482
1.56183
1.56932
1.57768
1.58807
1.59918
1.18026
1.20789
1.23835
1.2721
1.30548
1.33432
1.36378
1.38625
1.40801
1.43261
1.46006
1.4911
1.52297
1.55861
1.59095
1.6186
1.64959
1.66439
1.68098
1.70096
1.72054
1.73872
1.72626
1.685
1.59073
1.41825
1.27957
1.17294
1.17804
1.18626
1.19897
1.21625
1.23766
1.26298
1.29182
1.32398
1.358
1.39355
1.42894
1.46383
1.49719
1.52987
1.56321
1.58991
1.62032
1.65076
1.67391
1.69696
1.72135
1.7479
1.77493
1.80317
1.82722
1.84681
1.86849
1.86499
1.85856
1.83882
1.79145
1.71972
1.59978
1.50988
1.40393
1.41479
1.4273
1.4377
1.44475
1.44291
1.44135
1.44296
1.44619
1.45161
1.45735
1.4636
1.46942
1.47462
1.47994
1.48515
1.48975
1.49453
1.49955
1.50488
1.5106
1.51646
1.52221
1.52758
1.53228
1.53693
1.54171
1.54661
1.55183
1.55745
1.56349
1.56994
1.57673
1.58386
1.59144
1.59988
1.61037
1.62149
1.20622
1.22963
1.25771
1.28707
1.31872
1.34608
1.37263
1.39482
1.41299
1.43448
1.45892
1.48652
1.51611
1.54764
1.57796
1.60744
1.63953
1.65633
1.674
1.69346
1.71193
1.70301
1.67111
1.59147
1.43008
1.30571
1.17778
1.17946
1.18322
1.18991
1.20004
1.21382
1.2316
1.25354
1.27946
1.30842
1.33968
1.37259
1.40629
1.43977
1.4744
1.50938
1.5376
1.56931
1.6007
1.62678
1.65386
1.68075
1.70691
1.73515
1.76364
1.79174
1.81774
1.84495
1.8708
1.88554
1.89671
1.90422
1.88918
1.8556
1.80239
1.72344
1.60602
1.51922
1.43677
1.45235
1.47079
1.48466
1.4826
1.47941
1.47891
1.48136
1.48723
1.49528
1.50334
1.50796
1.51156
1.51493
1.51829
1.5215
1.52531
1.52996
1.53523
1.54073
1.54627
1.55186
1.55695
1.56167
1.56631
1.57106
1.57606
1.58147
1.5874
1.59384
1.60078
1.6081
1.61584
1.62438
1.63489
1.64616
1.23534
1.25401
1.27896
1.30427
1.33335
1.35967
1.38389
1.40375
1.41988
1.43884
1.46114
1.48626
1.51233
1.53918
1.5696
1.59811
1.63002
1.6522
1.67142
1.68914
1.6814
1.65359
1.58244
1.4331
1.3038
1.17632
1.17944
1.18429
1.19063
1.19814
1.20733
1.21918
1.23416
1.25304
1.27525
1.3009
1.32906
1.35921
1.39095
1.42423
1.45815
1.4882
1.52146
1.5548
1.58152
1.61238
1.64302
1.66954
1.69662
1.72518
1.7544
1.78118
1.80963
1.83365
1.86205
1.88921
1.91164
1.93326
1.93009
1.92731
1.91523
1.87573
1.81421
1.71928
1.60575
1.49025
1.4874
1.49318
1.50497
1.5164
1.51548
1.5163
1.5188
1.52316
1.5301
1.53565
1.54166
1.54358
1.54549
1.54752
1.5505
1.55507
1.56102
1.56671
1.57268
1.57809
1.58302
1.58754
1.59194
1.59637
1.60107
1.60621
1.61191
1.6182
1.6251
1.6325
1.6405
1.64941
1.6605
1.67235
1.25679
1.27403
1.29653
1.32032
1.34905
1.37395
1.39766
1.41905
1.42988
1.44538
1.46573
1.48987
1.51228
1.53597
1.56394
1.59104
1.62091
1.64812
1.67343
1.66768
1.64279
1.57639
1.4482
1.30074
1.16401
1.16883
1.17768
1.18877
1.19921
1.20731
1.21623
1.22668
1.23956
1.25552
1.27503
1.29783
1.32405
1.35275
1.38318
1.41419
1.44561
1.47809
1.5112
1.54098
1.57326
1.60504
1.63483
1.6622
1.69149
1.72072
1.74788
1.77572
1.80379
1.83034
1.85695
1.88441
1.90841
1.93054
1.94785
1.96524
1.96258
1.96072
1.94126
1.89203
1.81823
1.69742
1.60783
1.50525
1.51488
1.53026
1.54316
1.55711
1.55695
1.55768
1.55889
1.5624
1.56601
1.56974
1.57215
1.57496
1.57794
1.58169
1.58677
1.59231
1.59764
1.60286
1.60749
1.61183
1.61624
1.62064
1.62537
1.63063
1.63656
1.64309
1.65024
1.65786
1.66611
1.67532
1.68699
1.69944
1.28233
1.29706
1.3159
1.33861
1.36291
1.38891
1.41191
1.43534
1.44563
1.45715
1.47376
1.49454
1.51723
1.53659
1.55947
1.58896
1.61663
1.64997
1.65427
1.63266
1.57384
1.46242
1.30199
1.15205
1.15584
1.16505
1.18058
1.19438
1.20715
1.21696
1.22737
1.23865
1.25146
1.26621
1.2837
1.30403
1.32738
1.3532
1.38086
1.4102
1.44172
1.47372
1.50386
1.53609
1.56759
1.59978
1.62761
1.65669
1.68614
1.71626
1.74371
1.7722
1.80033
1.82782
1.85547
1.87922
1.90079
1.92098
1.94491
1.96555
1.98438
2.00039
2.00152
1.98744
1.96309
1.90195
1.81341
1.69015
1.57705
1.5467
1.55043
1.56848
1.58353
1.59212
1.59173
1.59172
1.59188
1.59381
1.59529
1.59746
1.60004
1.60327
1.60746
1.61283
1.61816
1.62379
1.62895
1.63414
1.63939
1.64473
1.65005
1.65581
1.66219
1.66918
1.67674
1.68478
1.69333
1.70266
1.71462
1.72721
1.3193
1.30591
1.32555
1.35043
1.37332
1.40289
1.4274
1.45328
1.46455
1.47307
1.48652
1.50338
1.5244
1.54091
1.56002
1.58856
1.61293
1.63942
1.62082
1.56993
1.46808
1.30846
1.15472
1.13385
1.15178
1.17051
1.19035
1.20354
1.21661
1.22997
1.24247
1.25502
1.26804
1.28209
1.29777
1.31573
1.33613
1.35946
1.38509
1.41301
1.44239
1.47272
1.5047
1.5358
1.5674
1.59602
1.62576
1.65571
1.68312
1.71101
1.73937
1.76891
1.79811
1.82555
1.85353
1.87286
1.89365
1.91588
1.93742
1.95972
1.98606
2.01222
2.02736
2.03335
2.0327
2.01428
1.96775
1.89764
1.77658
1.67985
1.57065
1.57924
1.59053
1.60364
1.6208
1.62088
1.62038
1.61932
1.61924
1.61933
1.62045
1.62486
1.62907
1.63425
1.63989
1.64556
1.65094
1.65633
1.66218
1.66831
1.67414
1.68051
1.68747
1.69502
1.7024
1.70999
1.71812
1.72718
1.73901
1.75136
1.37762
1.34141
1.34385
1.36421
1.38523
1.41077
1.43716
1.46129
1.48633
1.49073
1.50113
1.51513
1.53427
1.54985
1.56779
1.59149
1.6136
1.60306
1.56292
1.47143
1.31313
1.15829
1.11802
1.13877
1.15981
1.1819
1.19722
1.21254
1.22836
1.24413
1.25811
1.27167
1.2855
1.29999
1.31571
1.33308
1.35243
1.37393
1.3976
1.42331
1.45085
1.47977
1.50971
1.54025
1.57085
1.60141
1.63091
1.65923
1.68746
1.71469
1.7423
1.7706
1.79822
1.82411
1.84784
1.87019
1.8905
1.91222
1.9343
1.95577
1.97807
2.00532
2.03283
2.04953
2.06583
2.06561
2.05544
2.02021
1.96695
1.88518
1.76381
1.66585
1.59782
1.60604
1.62597
1.63928
1.65258
1.64925
1.64542
1.64387
1.64298
1.64401
1.65043
1.65591
1.66275
1.66823
1.67366
1.67935
1.68543
1.69235
1.69815
1.70395
1.71026
1.71719
1.72434
1.73187
1.74004
1.74927
1.76148
1.77427
1.46732
1.37925
1.36467
1.37989
1.3984
1.41857
1.44529
1.47021
1.49928
1.50862
1.5164
1.53046
1.54836
1.56653
1.58116
1.59703
1.58875
1.55206
1.46837
1.31254
1.16814
1.10459
1.12692
1.14927
1.17257
1.18958
1.20722
1.22542
1.24383
1.26192
1.27882
1.2953
1.31116
1.32717
1.34348
1.36047
1.37861
1.39821
1.4195
1.4425
1.4671
1.49325
1.52047
1.54872
1.57713
1.60559
1.63362
1.66137
1.68865
1.71586
1.7425
1.76907
1.79495
1.82092
1.84364
1.8657
1.88706
1.90723
1.92705
1.94838
1.97123
1.99647
2.02159
2.04879
2.07022
2.0944
2.08965
2.08315
2.06866
2.02854
1.96591
1.86
1.75236
1.64083
1.64137
1.64685
1.65729
1.66827
1.67041
1.66845
1.66774
1.66729
1.67164
1.67927
1.68594
1.69366
1.69819
1.70278
1.70756
1.71333
1.71954
1.72542
1.73197
1.73927
1.74661
1.75437
1.76279
1.77223
1.78463
1.79758
1.77931
1.4354
1.40273
1.39131
1.4056
1.4231
1.44751
1.47589
1.50069
1.52373
1.52952
1.5431
1.56046
1.57817
1.59539
1.58407
1.548
1.4688
1.31506
1.1868
1.09369
1.1177
1.14372
1.17005
1.18729
1.20562
1.2249
1.24476
1.26495
1.28434
1.30319
1.32099
1.33767
1.35381
1.37005
1.38654
1.40356
1.42149
1.44062
1.46108
1.48299
1.50622
1.53071
1.55627
1.58258
1.60928
1.63612
1.66246
1.68897
1.71602
1.74282
1.76877
1.79469
1.81862
1.84205
1.86626
1.88469
1.90395
1.92466
1.94454
1.96644
1.99409
2.02
2.04268
2.0657
2.08619
2.10128
2.11517
2.11023
2.10854
2.07642
2.02621
1.95524
1.83706
1.74956
1.65758
1.66501
1.67861
1.6873
1.69643
1.69732
1.69865
1.70034
1.70366
1.71066
1.71734
1.72488
1.72925
1.73327
1.73796
1.7438
1.74941
1.75578
1.76305
1.77066
1.77847
1.787
1.79646
1.80849
1.82105
2.06241
1.61981
1.45823
1.42373
1.42425
1.43827
1.4568
1.48208
1.5052
1.53417
1.54139
1.55432
1.57068
1.58948
1.58266
1.54884
1.47235
1.32601
1.19825
1.08476
1.11236
1.14237
1.17295
1.18907
1.20643
1.22494
1.24462
1.26488
1.28549
1.30568
1.32538
1.34402
1.36163
1.37814
1.39432
1.41049
1.42691
1.44379
1.46139
1.47997
1.49966
1.52048
1.54247
1.56542
1.58931
1.61391
1.63909
1.66407
1.68955
1.7154
1.74148
1.76788
1.79425
1.8169
1.83987
1.8603
1.88074
1.90135
1.92222
1.94326
1.96512
1.99027
2.01493
2.03893
2.06276
2.07885
2.09761
2.11276
2.12964
2.13431
2.12912
2.12105
2.08404
2.02765
1.94463
1.82909
1.73081
1.69236
1.6908
1.70575
1.71628
1.72677
1.73008
1.73437
1.73736
1.74242
1.74849
1.75517
1.76013
1.76519
1.77087
1.7761
1.78172
1.78842
1.79628
1.80412
1.81257
1.82174
1.83314
1.84527
2.33601
1.98723
1.54657
1.46882
1.44846
1.45897
1.47167
1.49079
1.51168
1.53435
1.55757
1.56644
1.57959
1.5745
1.54448
1.47163
1.3283
1.19582
1.07377
1.10169
1.13412
1.16742
1.18569
1.20424
1.22328
1.24277
1.26262
1.28288
1.30337
1.32371
1.34375
1.36318
1.38187
1.39952
1.41652
1.4328
1.44899
1.46539
1.4821
1.49935
1.51732
1.53624
1.55611
1.57701
1.59883
1.62136
1.64452
1.66832
1.69249
1.7174
1.74347
1.76967
1.79525
1.82084
1.84098
1.86187
1.88346
1.90455
1.92624
1.9468
1.96946
1.99292
2.01733
2.04169
2.06161
2.07898
2.09641
2.11304
2.13072
2.14927
2.15634
2.1548
2.14982
2.1379
2.09659
2.02865
1.90727
1.8203
1.7216
1.72727
1.73094
1.74495
1.75424
1.76327
1.76825
1.77068
1.77485
1.78064
1.7876
1.79361
1.79845
1.80362
1.80842
1.81427
1.82194
1.82924
1.83728
1.84626
1.8577
1.87019
2.73459
2.22711
1.8553
1.53333
1.49886
1.47626
1.48532
1.49872
1.51557
1.5391
1.56151
1.57919
1.56882
1.53696
1.46481
1.32237
1.18815
1.06236
1.08977
1.12306
1.1563
1.17736
1.19678
1.21702
1.23727
1.25748
1.27732
1.29748
1.31794
1.33861
1.35908
1.37933
1.39901
1.41773
1.43551
1.45261
1.46888
1.48497
1.50123
1.51782
1.53487
1.55249
1.57083
1.58989
1.60975
1.63039
1.65183
1.67402
1.69702
1.72081
1.74602
1.7724
1.79752
1.82283
1.84391
1.8637
1.88387
1.90459
1.92569
1.94762
1.97187
1.99531
2.01933
2.04014
2.05997
2.0767
2.09268
2.10803
2.12378
2.1437
2.1602
2.17602
2.18854
2.18683
2.17931
2.15058
2.10183
2.0204
1.8993
1.80076
1.74886
1.75249
1.76864
1.78213
1.79849
1.80317
1.80618
1.81006
1.81467
1.82082
1.82693
1.83176
1.83669
1.84242
1.84919
1.85631
1.8632
1.87237
1.88305
1.89602
2.85634
2.6102
2.11718
1.71435
1.55411
1.51513
1.50385
1.51324
1.52786
1.54747
1.57045
1.5658
1.53194
1.45596
1.31025
1.17194
1.04501
1.07453
1.10967
1.14382
1.16389
1.1837
1.20475
1.22655
1.24827
1.26929
1.28989
1.31052
1.33133
1.35217
1.373
1.39362
1.41376
1.43342
1.4526
1.47056
1.4881
1.50462
1.52102
1.53767
1.5546
1.57186
1.58939
1.60736
1.62584
1.64491
1.66466
1.68518
1.70653
1.72879
1.7525
1.77692
1.80101
1.82483
1.8466
1.86679
1.88735
1.9074
1.92813
1.94974
1.97382
1.99731
2.02175
2.04545
2.06259
2.0784
2.09334
2.10882
2.12529
2.14242
2.15964
2.18065
2.19882
2.21854
2.22075
2.21825
2.20898
2.16118
2.09406
1.97489
1.89126
1.79061
1.79585
1.79773
1.81677
1.83017
1.84423
1.84528
1.84662
1.84941
1.85293
1.85813
1.86417
1.87071
1.87769
1.8845
1.89151
1.90001
1.91118
1.92393
2.94274
2.78287
2.40632
2.08484
1.65943
1.55905
1.53333
1.53276
1.55054
1.56326
1.56339
1.52839
1.45013
1.29989
1.15512
1.02584
1.05698
1.09628
1.13291
1.1534
1.17211
1.19234
1.21425
1.23656
1.25898
1.28064
1.30149
1.32245
1.34356
1.36473
1.38587
1.40702
1.42787
1.44852
1.46886
1.48852
1.50727
1.52478
1.54198
1.55915
1.57602
1.59286
1.60982
1.62686
1.64394
1.66139
1.67939
1.69808
1.7177
1.73835
1.76045
1.78314
1.80633
1.82922
1.85094
1.8716
1.89156
1.91187
1.93276
1.95458
1.97893
2.00306
2.0266
2.04782
2.06472
2.08193
2.09657
2.11148
2.12606
2.14117
2.15745
2.17505
2.19627
2.21689
2.24073
2.26057
2.25317
2.24361
2.22349
2.1801
2.10112
1.98433
1.89844
1.82898
1.83511
1.84419
1.86022
1.87475
1.88655
1.88768
1.88866
1.88969
1.89288
1.89972
1.90615
1.91257
1.91952
1.92724
1.93892
1.95098
3.00586
2.9024
2.84872
2.33355
1.99446
1.6203
1.57522
1.55445
1.56785
1.56205
1.52569
1.44296
1.28698
1.14163
1.0092
1.03975
1.08189
1.12035
1.14355
1.1607
1.17947
1.20044
1.22351
1.24663
1.26986
1.29242
1.31453
1.33649
1.358
1.37944
1.40082
1.4222
1.44354
1.46485
1.48607
1.50653
1.52644
1.54517
1.56286
1.58075
1.59824
1.61532
1.63176
1.6478
1.66404
1.68058
1.6976
1.71529
1.73384
1.75341
1.77419
1.79548
1.81694
1.83844
1.85928
1.87977
1.89994
1.92034
1.94126
1.96295
1.9859
2.00918
2.0319
2.05216
2.07187
2.08836
2.10346
2.11894
2.13486
2.15105
2.16794
2.1858
2.20266
2.22212
2.24358
2.2677
2.28033
2.29011
2.2867
2.2773
2.22797
2.16879
2.05887
1.98
1.87762
1.87482
1.87213
1.89385
1.90734
1.92336
1.92582
1.92777
1.92965
1.93194
1.93773
1.94381
1.95006
1.95686
1.96828
1.97896
3.00816
3.00548
2.84029
2.75803
2.26132
1.85697
1.63674
1.59726
1.5874
1.53924
1.44091
1.26553
1.1207
1.00327
1.03308
1.07352
1.10997
1.1352
1.15244
1.17101
1.19153
1.21355
1.23633
1.25953
1.28288
1.30609
1.32906
1.3517
1.37431
1.39647
1.41846
1.44036
1.46232
1.48411
1.50587
1.52708
1.54766
1.56722
1.58606
1.60492
1.62382
1.642
1.65835
1.67343
1.68875
1.70442
1.72059
1.73724
1.75474
1.77344
1.79275
1.81256
1.83267
1.85291
1.87284
1.89277
1.9129
1.93348
1.95434
1.97615
1.99858
2.02126
2.04289
2.06355
2.08173
2.09955
2.11558
2.13034
2.14479
2.15904
2.17399
2.18763
2.20227
2.21744
2.23445
2.25209
2.26656
2.28266
2.30011
2.29297
2.28099
2.255
2.2151
2.14271
2.03532
1.96058
1.89024
1.89972
1.90797
1.92687
1.93914
1.95368
1.95828
1.96259
1.96754
1.97169
1.97842
1.98494
1.99859
2.00936
3.01167
3.00771
2.95736
2.83828
2.52813
2.1583
1.7614
1.65855
1.562
1.44351
1.25012
1.06775
1.00351
1.03529
1.07562
1.11143
1.13715
1.15265
1.1693
1.18786
1.20836
1.23037
1.25349
1.27741
1.30156
1.32566
1.34875
1.37157
1.39408
1.41629
1.43835
1.46036
1.48225
1.5042
1.5261
1.54772
1.56878
1.58916
1.60865
1.6282
1.64855
1.66732
1.68613
1.70112
1.71605
1.73127
1.747
1.7634
1.78097
1.79949
1.81824
1.83735
1.85622
1.87523
1.89407
1.91322
1.93262
1.95253
1.97254
1.99302
2.01338
2.03292
2.0514
2.06802
2.08416
2.09867
2.11264
2.12398
2.13477
2.14559
2.15621
2.16662
2.17722
2.18935
2.20314
2.21801
2.23443
2.25058
2.26677
2.27618
2.28822
2.28199
2.26957
2.24082
2.17965
2.07748
2.00074
1.9157
1.90915
1.91416
1.92668
1.9439
1.96259
1.97467
1.98274
1.99036
1.99819
2.00521
2.02134
2.03265
3.01244
3.01122
3.00301
2.9299
2.77955
2.44678
2.13698
1.79707
1.49202
1.25541
1.00297
0.983391
1.01816
1.06338
1.10485
1.12485
1.14235
1.16087
1.18037
1.20061
1.22131
1.24287
1.26546
1.28931
1.31328
1.33751
1.36136
1.3851
1.40863
1.43206
1.45568
1.47912
1.50283
1.52622
1.54967
1.57294
1.59569
1.61753
1.63902
1.66042
1.68289
1.70373
1.72445
1.74094
1.75599
1.77108
1.78633
1.80161
1.81804
1.8341
1.85058
1.86555
1.88014
1.89475
1.90947
1.92396
1.93874
1.95389
1.96929
1.98447
1.99926
2.01338
2.02756
2.0406
2.0529
2.06558
2.07804
2.09057
2.10091
2.11183
2.12295
2.13413
2.14628
2.15968
2.17439
2.1896
2.20708
2.22578
2.23961
2.25414
2.27075
2.28586
2.28947
2.28644
2.24787
2.19578
2.12489
2.0384
1.9692
1.90454
1.91492
1.92659
1.94814
1.96431
1.9843
1.99972
2.01093
2.02178
2.03727
2.05023
3.01258
3.01254
3.00932
3.00301
2.90541
2.79761
2.40172
1.96665
1.50377
1.02418
1.03866
1.08018
1.12045
1.15899
1.16882
1.17677
1.18731
1.20147
1.21772
1.236
1.25618
1.2778
1.30112
1.32516
1.34953
1.37431
1.39945
1.42488
1.45017
1.47505
1.49946
1.52363
1.54714
1.56977
1.59193
1.6134
1.63386
1.65303
1.67108
1.6887
1.70713
1.7238
1.74064
1.75349
1.76361
1.77435
1.78565
1.79809
1.81163
1.82523
1.83863
1.85001
1.86151
1.8733
1.88505
1.8972
1.90979
1.92299
1.93668
1.9505
1.96439
1.97805
1.99179
2.00455
2.01707
2.03069
2.04417
2.05835
2.07109
2.08318
2.09527
2.10796
2.12106
2.13522
2.14915
2.16384
2.17952
2.19598
2.21078
2.22626
2.23821
2.25268
2.26441
2.2661
2.25838
2.23906
2.19868
2.16358
2.06214
1.98804
1.90088
1.91119
1.92159
1.9402
1.95805
1.97569
1.98936
2.00752
2.02522
2.0333
3.01264
3.0125
3.0128
3.00499
2.98805
2.75895
2.36656
1.54369
0.909263
0.853731
0.941609
1.03383
1.11337
1.14341
1.16066
1.17991
1.19891
1.21864
1.2393
1.26038
1.28204
1.30478
1.32865
1.35305
1.37692
1.39973
1.42197
1.44357
1.46448
1.48486
1.50483
1.5243
1.54336
1.56211
1.58072
1.59877
1.61649
1.63327
1.64931
1.66549
1.68248
1.69891
1.71508
1.72852
1.73893
1.74991
1.76151
1.77441
1.78762
1.80109
1.81268
1.82282
1.83321
1.84397
1.85485
1.86624
1.87824
1.89062
1.90346
1.91609
1.92843
1.94102
1.95413
1.96599
1.97635
1.98817
2.00004
2.0132
2.02442
2.03558
2.04699
2.05855
2.06913
2.08013
2.09026
2.1009
2.11221
2.12381
2.13593
2.147
2.15838
2.16792
2.18032
2.18885
2.19575
2.18877
2.16983
2.13986
2.10842
2.01237
1.94986
1.88521
1.88217
1.89936
1.92003
1.94278
1.96386
1.97635
1.98393
1.98295
3.01264
3.01257
3.01192
3.00694
2.96079
2.76984
2.1567
1.22867
0.394038
0.541945
0.693216
0.811023
0.888198
0.951317
0.998179
1.0404
1.0789
1.11286
1.14381
1.17378
1.2014
1.22828
1.2542
1.27967
1.30506
1.33032
1.35506
1.37957
1.4033
1.42636
1.44875
1.47026
1.49114
1.51093
1.53028
1.5488
1.56654
1.5837
1.60008
1.61617
1.63267
1.64889
1.66427
1.67737
1.68768
1.69816
1.70907
1.72138
1.73328
1.74556
1.75462
1.76235
1.77033
1.77851
1.78698
1.79592
1.80524
1.81463
1.82429
1.83379
1.84293
1.85221
1.86223
1.87229
1.88006
1.88907
1.89856
1.90854
1.9186
1.92871
1.93831
1.94817
1.95837
1.9689
1.97983
1.99144
2.00402
2.0172
2.03132
2.04592
2.06064
2.0722
2.08425
2.09617
2.11079
2.12516
2.12015
2.10493
2.08328
2.04248
1.97392
1.92241
1.86797
1.8445
1.85924
1.87948
1.89998
1.90813
1.90849
1.88899
3.01264
3.0126
3.01207
3.00825
2.96658
2.79462
2.18013
1.18444
0.234029
0.408663
0.459089
0.5181
0.586324
0.658829
0.728656
0.790514
0.843586
0.893276
0.939829
0.984365
1.02425
1.05924
1.09394
1.12658
1.15715
1.18654
1.21398
1.24116
1.26592
1.28927
1.31122
1.33248
1.35295
1.37275
1.39171
1.40983
1.42717
1.44348
1.45862
1.47341
1.48832
1.50329
1.51736
1.52984
1.54114
1.55258
1.56441
1.57757
1.5898
1.60243
1.61134
1.61936
1.62766
1.63627
1.64519
1.65451
1.66406
1.6736
1.68374
1.69402
1.70413
1.71502
1.72713
1.73847
1.75052
1.76321
1.77652
1.79064
1.80505
1.81978
1.83445
1.84914
1.86379
1.87817
1.893
1.90841
1.92457
1.94147
1.95936
1.97819
1.9958
2.01302
2.02737
2.04081
2.05452
2.07228
2.09033
2.08809
2.08576
2.05475
2.03263
1.97766
1.90224
1.84962
1.79928
1.8039
1.81956
1.80429
1.77195
1.71551
3.01264
3.0126
3.012
3.00814
2.96458
2.78932
2.15595
1.1514
0.221393
0.436642
0.460973
0.485765
0.513977
0.545659
0.581197
0.619283
0.65793
0.696312
0.734634
0.773216
0.811986
0.850289
0.887347
0.922062
0.9553
0.986892
1.0181
1.04772
1.0772
1.10548
1.13278
1.15887
1.18409
1.20834
1.23175
1.25421
1.27591
1.2968
1.317
1.33688
1.35685
1.37618
1.39468
1.41175
1.42738
1.44274
1.45825
1.47457
1.48978
1.5046
1.51616
1.52685
1.53757
1.54839
1.55917
1.56995
1.58087
1.59199
1.60359
1.61493
1.62692
1.63977
1.65335
1.66749
1.68226
1.6977
1.71372
1.73044
1.7476
1.76499
1.78243
1.79961
1.81643
1.83309
1.85009
1.86753
1.88557
1.90424
1.92397
1.94456
1.96372
1.98325
1.99878
2.01226
2.02656
2.04071
2.05879
2.07083
2.07796
2.07931
2.05898
2.03363
1.9861
1.89168
1.82105
1.77988
1.72614
1.67682
1.59148
1.49273
3.01264
3.01261
3.01201
3.00831
2.96575
2.79354
2.17027
1.16044
0.222143
0.44271
0.448466
0.462242
0.488615
0.522348
0.556557
0.590125
0.622711
0.654561
0.686371
0.718988
0.752818
0.787566
0.822077
0.855981
0.888585
0.920041
0.950898
0.981507
1.01188
1.04176
1.07121
1.0998
1.12712
1.1532
1.178
1.20169
1.22461
1.24681
1.26866
1.29036
1.31172
1.33248
1.35213
1.37073
1.38777
1.40436
1.42104
1.43838
1.45432
1.46953
1.48189
1.49313
1.50444
1.5156
1.52664
1.53725
1.54799
1.55903
1.5705
1.58214
1.59453
1.60778
1.62189
1.63676
1.65234
1.66856
1.6854
1.70284
1.72087
1.73917
1.75746
1.77584
1.79346
1.81103
1.82874
1.84679
1.86535
1.88459
1.90509
1.9263
1.94617
1.96659
1.98185
1.996
2.01072
2.02501
2.03944
2.05886
2.07571
2.0887
2.08501
2.06976
2.0409
1.99089
1.89522
1.78487
1.68014
1.55808
1.46375
1.36901
3.01264
3.01261
3.012
3.00819
2.96492
2.78984
2.16112
1.13291
0.201381
0.437783
0.440388
0.452704
0.476076
0.505331
0.535795
0.566966
0.598386
0.630068
0.662375
0.695677
0.729916
0.764559
0.798749
0.832317
0.864849
0.896752
0.928282
0.959597
0.990475
1.02091
1.05067
1.07936
1.10698
1.13347
1.1589
1.18331
1.20688
1.2296
1.25185
1.27364
1.29509
1.31594
1.33583
1.35467
1.37236
1.38953
1.40678
1.42445
1.4407
1.45604
1.46858
1.47986
1.49123
1.50244
1.5134
1.52405
1.53481
1.54588
1.55728
1.56903
1.58152
1.59488
1.60911
1.62414
1.63989
1.65631
1.67338
1.69115
1.70957
1.7284
1.74718
1.76604
1.784
1.80195
1.81997
1.83834
1.85724
1.87681
1.89763
1.9193
1.93973
1.96084
1.97581
1.99131
2.00488
2.01894
2.03372
2.04973
2.07184
2.09584
2.0972
2.09759
2.06383
2.03233
1.92501
1.78077
1.59256
1.45684
1.34477
1.35083
)
;

boundaryField
{
    inlet
    {
        type            calculated;
        value           uniform 3.01265;
    }
    outlet
    {
        type            calculated;
        value           nonuniform List<scalar> 
40
(
0.977401
1.17191
1.30204
1.39307
1.45095
1.48391
1.50217
1.51361
1.5225
1.53163
1.53986
1.54928
1.56196
1.57982
1.59918
1.62149
1.64616
1.67235
1.69944
1.72721
1.75136
1.77427
1.79758
1.82105
1.84527
1.87019
1.89602
1.92393
1.95098
1.97896
2.00936
2.03265
2.05023
2.0333
1.98295
1.88899
1.71551
1.49273
1.36901
1.35083
)
;
    }
    bottom
    {
        type            symmetryPlane;
    }
    top
    {
        type            symmetryPlane;
    }
    obstacle
    {
        type            calculated;
        value           nonuniform List<scalar> 
110
(
0.0255052
0.0679965
0.112307
0.157309
0.2053
0.254224
0.311408
0.383775
0.470952
0.645073
0.844973
0.366754
0.351573
0.258585
0.360088
0.277616
0.401918
0.585858
0.720138
0.782197
0.798211
0.795957
0.794372
0.810985
0.861143
0.916233
0.954804
0.972419
0.97596
0.973094
0.971589
0.970621
0.974157
0.97717
0.983286
0.989258
0.993645
0.996519
0.997566
0.995432
0.990078
0.971818
0.952937
0.91241
0.862701
0.806907
0.753221
0.699777
0.630283
0.567466
0.510419
0.450074
0.38812
0.325131
0.264023
0.215209
0.177814
0.120029
0.0685198
0.0230023
0.0376003
0.0802157
0.12574
0.167265
0.207732
0.245768
0.281091
0.314679
0.346402
0.376182
0.404428
0.431331
0.4569
0.48118
0.504567
0.526725
0.547944
0.568351
0.587889
0.606839
0.625027
0.642849
0.660032
0.676866
0.693061
0.708981
0.724423
0.739673
0.754457
0.768945
0.782726
0.796094
0.808701
0.821035
0.832781
0.844426
0.855622
0.866727
0.877378
0.887887
0.897706
0.90735
0.91623
0.925011
0.933537
0.94213
0.950981
0.96045
0.969222
0.977401
)
;
    }
    defaultFaces
    {
        type            empty;
    }
}


// ************************************************************************* //
