/*--------------------------------*- C++ -*----------------------------------*\
| =========                 |                                                 |
| \\      /  F ield         | OpenFOAM: The Open Source CFD Toolbox           |
|  \\    /   O peration     | Version:  v2106                                 |
|   \\  /    A nd           | Website:  www.openfoam.com                      |
|    \\/     M anipulation  |                                                 |
\*---------------------------------------------------------------------------*/
FoamFile
{
    version     2.0;
    format      ascii;
    arch        "LSB;label=32;scalar=64";
    class       volScalarField;
    location    "14";
    object      psi;
}
// * * * * * * * * * * * * * * * * * * * * * * * * * * * * * * * * * * * * * //

dimensions      [0 -2 2 0 0 0 0];

internalField   nonuniform List<scalar> 
5250
(
1.40845
1.40845
1.40845
1.40845
1.40845
1.40845
1.40845
1.40845
1.40843
1.40823
1.40651
1.39058
1.2778
0.953546
0.513603
0.522925
0.554531
0.558611
0.54919
0.550988
0.550221
0.548505
0.548801
0.549754
0.551274
1.40845
1.40845
1.40845
1.40845
1.40845
1.40845
1.40845
1.40845
1.40843
1.40824
1.40654
1.39086
1.27964
0.960039
0.517041
0.522728
0.5558
0.560649
0.550818
0.552829
0.551879
0.549555
0.549847
0.550684
0.552123
1.40845
1.40845
1.40845
1.40845
1.40845
1.40845
1.40845
1.40845
1.40843
1.40823
1.40654
1.39137
1.28781
0.972654
0.524563
0.52152
0.559214
0.565489
0.555056
0.556712
0.555409
0.552596
0.55243
0.553065
0.554454
1.40845
1.40845
1.40845
1.40845
1.40845
1.40845
1.40845
1.40845
1.40843
1.40826
1.4068
1.39392
1.30132
0.993674
0.553654
0.519596
0.56969
0.574868
0.562937
0.562897
0.560852
0.557162
0.555765
0.555978
0.557056
1.40845
1.40845
1.40845
1.40845
1.40845
1.40845
1.40845
1.40845
1.40843
1.40829
1.40703
1.39602
1.31444
1.02338
0.602557
0.516889
0.586455
0.589483
0.575866
0.573013
0.568758
0.563317
0.560089
0.559892
0.560681
1.40845
1.40845
1.40845
1.40845
1.40845
1.40845
1.40845
1.40845
1.40844
1.40833
1.40736
1.399
1.33333
1.06793
0.693975
0.509131
0.612957
0.613536
0.596318
0.588191
0.579581
0.57077
0.565413
0.564209
0.56514
1.40845
1.40845
1.40845
1.40845
1.40845
1.40845
1.40845
1.40845
1.40844
1.40836
1.40762
1.40125
1.34801
1.10753
0.73084
0.484366
0.614993
0.627555
0.616445
0.608735
0.5971
0.58211
0.573724
0.570123
0.571075
1.40845
1.40845
1.40845
1.40845
1.40845
1.40845
1.40845
1.40845
1.40844
1.40839
1.40787
1.4032
1.36188
1.15213
0.774798
0.45585
0.585867
0.619945
0.614516
0.616881
0.612072
0.59734
0.583402
0.577219
0.58175
1.40845
1.40845
1.40845
1.40845
1.40845
1.40845
1.40845
1.40845
1.40845
1.4084
1.40799
1.40429
1.37136
1.18759
0.820588
0.45128
0.558976
0.600799
0.605761
0.615595
0.620774
0.615877
0.601782
0.587937
0.597628
1.40845
1.40845
1.40845
1.40845
1.40845
1.40845
1.40845
1.40845
1.40845
1.40841
1.40811
1.40537
1.38056
1.22713
0.870898
0.464258
0.557123
0.575777
0.587495
0.606127
0.619345
0.623758
0.617349
0.603709
0.637856
1.40845
1.40845
1.40845
1.40845
1.40845
1.40845
1.40845
1.40845
1.40845
1.40842
1.4082
1.4062
1.38783
1.26342
0.929006
0.492467
0.552789
0.571294
0.582312
0.595153
0.613313
0.634009
0.643026
0.647833
0.720476
1.40845
1.40845
1.40845
1.40845
1.40845
1.40845
1.40845
1.40845
1.40845
1.40843
1.40825
1.40666
1.3931
1.30097
0.995765
0.530816
0.543575
0.581398
0.59063
0.592766
0.60411
0.628491
0.654343
0.665943
0.780837
1.40845
1.40845
1.40845
1.40845
1.40845
1.40845
1.40845
1.40845
1.40845
1.40844
1.40834
1.40744
1.39986
1.33861
1.0765
0.648803
0.527467
0.606381
0.605054
0.599472
0.603409
0.619339
0.654117
0.674611
0.780546
1.40845
1.40845
1.40845
1.40845
1.40845
1.40845
1.40845
1.40845
1.40845
1.40844
1.40839
1.40793
1.40379
1.36363
1.15623
0.777004
0.492399
0.614847
0.621643
0.611691
0.60895
0.619451
0.648232
0.679988
0.770553
1.40845
1.40845
1.40845
1.40845
1.40845
1.40845
1.40845
1.40845
1.40845
1.40845
1.40841
1.40806
1.40517
1.37875
1.21813
0.86006
0.482579
0.613436
0.625991
0.62361
0.619094
0.624947
0.646947
0.677938
0.748453
1.40845
1.40845
1.40845
1.40845
1.40845
1.40845
1.40845
1.40845
1.40845
1.40845
1.40843
1.40822
1.40644
1.39012
1.27674
0.948642
0.499997
0.586253
0.634719
0.64085
0.634547
0.635293
0.648398
0.673389
0.722524
1.40845
1.40845
1.40845
1.40845
1.40845
1.40845
1.40845
1.40845
1.40845
1.40845
1.40843
1.40831
1.40723
1.39791
1.32716
1.04907
0.547878
0.549867
0.630703
0.655603
0.651894
0.647086
0.65439
0.673541
0.708725
1.40845
1.40845
1.40845
1.40845
1.40845
1.40845
1.40845
1.40845
1.40845
1.40845
1.40844
1.40839
1.40785
1.4033
1.36324
1.15531
0.770383
0.501816
0.626643
0.650049
0.658495
0.658999
0.664463
0.678059
0.70408
1.40845
1.40845
1.40845
1.40845
1.40845
1.40845
1.40845
1.40845
1.40845
1.40845
1.40845
1.40841
1.4081
1.40548
1.38345
1.2499
0.903873
0.505523
0.606988
0.643973
0.668479
0.670831
0.675538
0.685518
0.705401
1.40845
1.40845
1.40845
1.40845
1.40845
1.40845
1.40845
1.40845
1.40845
1.40845
1.40845
1.40839
1.40838
1.40726
1.39831
1.32541
1.00863
0.548218
0.56986
0.648937
0.682641
0.68427
0.68769
0.695294
0.710041
1.40845
1.40845
1.40845
1.40845
1.40845
1.40845
1.40845
1.40845
1.40845
1.40845
1.40845
1.40844
1.40837
1.40782
1.40329
1.36727
1.17895
0.760545
0.511437
0.643261
0.662927
0.686559
0.694213
0.702962
0.71619
1.40845
1.40845
1.40845
1.40845
1.40845
1.40845
1.40845
1.40845
1.40845
1.40845
1.40845
1.40844
1.40836
1.4084
1.40648
1.39332
1.28907
0.897525
0.530291
0.604722
0.66665
0.695421
0.703553
0.712583
0.724222
1.40845
1.40845
1.40845
1.40845
1.40845
1.40845
1.40845
1.40845
1.40845
1.40845
1.40845
1.40845
1.40844
1.40833
1.40746
1.40036
1.34729
1.11182
0.608027
0.550598
0.66185
0.688679
0.704968
0.717074
0.730585
1.40845
1.40845
1.40845
1.40845
1.40845
1.40845
1.40845
1.40845
1.40845
1.40845
1.40845
1.40845
1.40844
1.40833
1.40838
1.40576
1.39228
1.27728
0.806985
0.518771
0.627602
0.674842
0.708581
0.721602
0.735957
1.40845
1.40845
1.40845
1.40845
1.40845
1.40845
1.40845
1.40845
1.40845
1.40845
1.40845
1.40845
1.40845
1.40843
1.40828
1.4071
1.39771
1.33067
1.06755
0.557895
0.576653
0.670729
0.703317
0.720346
0.736085
1.40845
1.40845
1.40845
1.40845
1.40845
1.40845
1.40845
1.40845
1.40845
1.40845
1.40845
1.40845
1.40845
1.40844
1.40834
1.40835
1.40531
1.39249
1.26521
0.747034
0.516647
0.637996
0.681719
0.719935
0.735197
1.40845
1.40845
1.40845
1.40845
1.40845
1.40845
1.40845
1.40845
1.40845
1.40845
1.40845
1.40845
1.40845
1.40845
1.40843
1.40826
1.40687
1.39606
1.32177
1.05198
0.559928
0.591449
0.68426
0.713573
0.732734
1.40845
1.40845
1.40845
1.40845
1.40845
1.40845
1.40845
1.40845
1.40845
1.40845
1.40845
1.40845
1.40845
1.40845
1.40844
1.40839
1.40772
1.40123
1.39871
1.2791
0.74898
0.523613
0.646239
0.691551
0.729574
1.40845
1.40845
1.40845
1.40845
1.40845
1.40845
1.40845
1.40845
1.40845
1.40845
1.40845
1.40845
1.40845
1.40845
1.40845
1.40842
1.40824
1.40676
1.39642
1.32427
1.04915
0.570062
0.597919
0.693559
0.719653
1.40845
1.40845
1.40845
1.40845
1.40845
1.40845
1.40845
1.40845
1.40845
1.40845
1.40845
1.40845
1.40845
1.40845
1.40845
1.40844
1.40838
1.40778
1.40282
1.3972
1.29234
0.790069
0.534023
0.648365
0.702663
1.40845
1.40845
1.40845
1.40845
1.40845
1.40845
1.40845
1.40845
1.40845
1.40845
1.40845
1.40845
1.40845
1.40845
1.40845
1.40845
1.40843
1.40829
1.40712
1.39865
1.33673
1.06775
0.585434
0.595148
0.697507
1.40845
1.40845
1.40845
1.40845
1.40845
1.40845
1.40845
1.40845
1.40845
1.40845
1.40845
1.40845
1.40845
1.40845
1.40845
1.40845
1.40844
1.4084
1.4081
1.40588
1.39246
1.28642
0.850838
0.55543
0.645496
1.40845
1.40845
1.40845
1.40845
1.40845
1.40845
1.40845
1.40845
1.40845
1.40845
1.40845
1.40845
1.40845
1.40845
1.40845
1.40845
1.40845
1.40843
1.40833
1.40744
1.40079
1.35033
1.11061
0.653003
0.587924
1.40845
1.40845
1.40845
1.40845
1.40845
1.40845
1.40845
1.40845
1.40845
1.40845
1.40845
1.40845
1.40845
1.40845
1.40845
1.40845
1.40845
1.40845
1.40842
1.40822
1.40651
1.39512
1.30383
0.936051
0.591355
1.40845
1.40845
1.40845
1.40845
1.40845
1.40845
1.40845
1.40845
1.40845
1.40845
1.40845
1.40845
1.40845
1.40845
1.40845
1.40845
1.40845
1.40845
1.40844
1.40834
1.40762
1.40239
1.36445
1.17471
0.788492
1.40845
1.40845
1.40845
1.40845
1.40845
1.40845
1.40845
1.40845
1.40845
1.40845
1.40845
1.40845
1.40845
1.40845
1.40845
1.40845
1.40845
1.40845
1.40845
1.40843
1.40831
1.40727
1.39998
1.3391
1.07001
1.40845
1.40845
1.40845
1.40845
1.40845
1.40845
1.40845
1.40845
1.40845
1.40845
1.40845
1.40845
1.40845
1.40845
1.40845
1.40845
1.40845
1.40845
1.40845
1.40846
1.40858
1.41022
1.40871
1.39317
1.29282
1.40845
1.40845
1.40845
1.40845
1.40845
1.40845
1.40845
1.40845
1.40845
1.40845
1.40845
1.40845
1.40845
1.40845
1.40845
1.40845
1.40845
1.40845
1.40845
1.40845
1.40845
1.40841
1.40782
1.40329
1.36847
1.40845
1.40845
1.40845
1.40845
1.40845
1.40845
1.40845
1.40845
1.40845
1.40845
1.40845
1.40845
1.40845
1.40845
1.40845
1.40845
1.40845
1.40845
1.40845
1.40845
1.40845
1.40848
1.40844
1.40761
1.40019
1.40845
1.40845
1.40845
1.40845
1.40845
1.40845
1.40845
1.40845
1.40845
1.40845
1.40845
1.40845
1.40845
1.40845
1.40845
1.40845
1.40845
1.40845
1.40845
1.40845
1.40845
1.40845
1.4084
1.40826
1.40691
1.40845
1.40845
1.40845
1.40845
1.40845
1.40845
1.40845
1.40845
1.40845
1.40845
1.40845
1.40845
1.40845
1.40845
1.40845
1.40845
1.40845
1.40845
1.40845
1.40845
1.40845
1.40845
1.40845
1.40838
1.40782
1.40845
1.40845
1.40845
1.40845
1.40845
1.40845
1.40845
1.40845
1.40845
1.40845
1.40845
1.40845
1.40845
1.40845
1.40845
1.40845
1.40845
1.40845
1.40845
1.40845
1.40845
1.40845
1.40845
1.40844
1.40833
1.40845
1.40845
1.40845
1.40845
1.40845
1.40845
1.40845
1.40845
1.40845
1.40845
1.40845
1.40845
1.40845
1.40845
1.40845
1.40845
1.40845
1.40845
1.40845
1.40845
1.40845
1.40845
1.40845
1.40845
1.40842
1.40845
1.40845
1.40845
1.40845
1.40845
1.40845
1.40845
1.40845
1.40845
1.40845
1.40845
1.40845
1.40845
1.40845
1.40845
1.40845
1.40845
1.40845
1.40845
1.40845
1.40845
1.40845
1.40845
1.40845
1.40844
1.40845
1.40845
1.40845
1.40845
1.40845
1.40845
1.40845
1.40845
1.40845
1.40845
1.40845
1.40845
1.40845
1.40845
1.40845
1.40845
1.40845
1.40845
1.40845
1.40845
1.40845
1.40845
1.40845
1.40845
1.40845
1.40845
1.40845
1.40845
1.40845
1.40845
1.40845
1.40845
1.40845
1.40845
1.40845
1.40845
1.40845
1.40845
1.40845
1.40845
1.40845
1.40845
1.40845
1.40845
1.40845
1.40845
1.40845
1.40845
1.40845
1.40845
1.40845
1.40845
1.40845
1.40845
1.40845
1.40845
1.40845
1.40845
1.40845
1.40845
1.40845
1.40845
1.40845
1.40845
1.40845
1.40845
1.40845
1.40845
1.40845
1.40845
1.40845
1.40845
1.40845
1.40845
1.40845
1.40845
1.40845
1.40845
1.40845
1.40845
1.40845
1.40845
1.40845
1.40845
1.40845
1.40845
1.40845
1.40845
1.40845
1.40845
1.40845
1.40845
1.40845
1.40845
1.40845
1.40845
1.40845
1.40845
1.40845
1.40845
1.40845
1.40845
1.40845
1.40845
1.40845
1.40845
1.40845
1.40845
1.40845
1.40845
1.40845
1.40845
1.40845
1.40845
1.40845
1.40845
1.40845
1.40845
1.40845
1.40845
1.40845
1.40845
1.40845
1.40845
1.40845
1.40845
1.40845
1.40845
1.40845
1.40845
1.40845
1.40845
1.40845
1.40845
1.40845
1.40845
1.40845
1.40845
1.40845
1.40845
1.40845
1.40845
1.40845
1.40845
1.40845
1.40845
1.40845
1.40845
1.40845
1.40845
0.647566
0.575507
0.518815
0.526189
0.530348
0.519639
0.511139
0.508983
0.546372
0.562208
0.564365
0.563145
0.562448
0.558353
0.554376
0.571411
0.585751
0.592411
0.5934
0.592114
0.590997
0.590435
0.589874
0.589903
0.589896
0.59193
0.593667
0.594422
0.595016
0.595301
0.595223
0.596459
0.594394
0.593324
0.590215
0.578572
0.569081
0.560309
0.552559
0.541542
0.534388
0.528925
0.520941
0.514533
0.507647
0.503871
0.502405
0.501109
0.499611
0.499216
0.49735
0.499695
0.50179
0.504251
0.506821
0.509285
0.511948
0.514864
0.517906
0.520818
0.523777
0.526815
0.529719
0.532623
0.535522
0.538394
0.541172
0.543902
0.546651
0.549291
0.551938
0.554563
0.557196
0.559748
0.562294
0.564835
0.567407
0.569994
0.572607
0.575154
0.577718
0.5802
0.582699
0.585193
0.58773
0.590273
0.592866
0.595406
0.597987
0.600409
0.602865
0.60513
0.60747
0.609713
0.612036
0.614399
0.616814
0.619934
0.621442
0.620706
0.651385
0.587102
0.564977
0.530818
0.517294
0.511781
0.489079
0.463387
0.495407
0.508001
0.508816
0.49913
0.497331
0.492475
0.491216
0.505271
0.512309
0.515895
0.51487
0.514178
0.513187
0.512512
0.512102
0.512349
0.512129
0.513616
0.515229
0.516211
0.517376
0.517657
0.51746
0.518371
0.516846
0.515421
0.515339
0.506074
0.499282
0.494194
0.492025
0.48606
0.482884
0.481183
0.48081
0.476426
0.476384
0.478766
0.481382
0.48408
0.488938
0.493292
0.498909
0.505716
0.511472
0.517176
0.523679
0.529539
0.534862
0.539807
0.545042
0.549744
0.553992
0.558383
0.562638
0.566502
0.570331
0.57434
0.577934
0.581153
0.584332
0.587513
0.590685
0.593677
0.596454
0.599122
0.601831
0.604472
0.607151
0.60968
0.612071
0.614214
0.616207
0.617979
0.619606
0.621114
0.622609
0.62409
0.625593
0.627118
0.628685
0.630295
0.631984
0.633768
0.635701
0.637781
0.640027
0.642386
0.644888
0.647853
0.650014
0.649324
0.729921
0.66066
0.620828
0.565455
0.541596
0.534514
0.529449
0.504048
0.482567
0.481085
0.479184
0.48322
0.487089
0.478386
0.469952
0.461489
0.478568
0.485196
0.48587
0.4861
0.482966
0.481492
0.480486
0.480965
0.481427
0.482321
0.484143
0.484193
0.484105
0.484184
0.483415
0.484897
0.483565
0.482673
0.482771
0.477291
0.470426
0.469153
0.45696
0.459058
0.462684
0.463293
0.468119
0.475915
0.488407
0.501838
0.513997
0.52546
0.534612
0.544922
0.555542
0.567235
0.575251
0.581171
0.587941
0.593963
0.599697
0.605232
0.61093
0.616288
0.620883
0.625304
0.629493
0.633115
0.63661
0.640159
0.643743
0.647401
0.650874
0.654094
0.657111
0.660015
0.662932
0.665784
0.668498
0.671152
0.673835
0.676536
0.67923
0.681821
0.68429
0.686532
0.688692
0.69062
0.692431
0.69402
0.695542
0.696945
0.698366
0.699608
0.700792
0.701967
0.703221
0.704625
0.7062
0.707953
0.709968
0.712889
0.714256
0.712533
0.79558
0.760201
0.716221
0.651316
0.596982
0.567757
0.569542
0.561584
0.537512
0.512703
0.499559
0.491712
0.491764
0.494106
0.493098
0.478675
0.473125
0.473364
0.473062
0.474372
0.475714
0.483507
0.485473
0.483651
0.483214
0.483275
0.48394
0.484583
0.485875
0.486681
0.485372
0.485786
0.479695
0.474734
0.464815
0.458043
0.459223
0.462214
0.470134
0.481984
0.500123
0.517213
0.531791
0.545443
0.559878
0.573896
0.589616
0.599413
0.603175
0.61216
0.62008
0.625299
0.631391
0.63748
0.644149
0.648693
0.652842
0.656879
0.661233
0.666465
0.671291
0.674656
0.677852
0.681157
0.684624
0.68804
0.690947
0.693683
0.696525
0.69954
0.702738
0.705907
0.708832
0.711505
0.714068
0.716633
0.719257
0.721914
0.724563
0.726887
0.729082
0.731298
0.733535
0.735809
0.738063
0.740144
0.742146
0.743844
0.745491
0.746916
0.748067
0.74917
0.750296
0.751555
0.752944
0.754502
0.756357
0.759002
0.76086
0.758796
0.802932
0.798964
0.776489
0.734274
0.685802
0.632094
0.622032
0.635301
0.609857
0.57759
0.551795
0.530356
0.51686
0.51668
0.517736
0.514734
0.50649
0.49708
0.489816
0.484049
0.481569
0.482405
0.484469
0.485221
0.486125
0.486478
0.485209
0.48537
0.486067
0.487193
0.487858
0.484383
0.479947
0.473683
0.473901
0.478866
0.4922
0.512473
0.538089
0.552091
0.571247
0.584759
0.600698
0.613498
0.630636
0.640236
0.651247
0.656299
0.659448
0.667245
0.670647
0.673327
0.677663
0.68188
0.686231
0.688663
0.691612
0.695474
0.699762
0.703196
0.706557
0.709226
0.712186
0.71587
0.719183
0.721594
0.723795
0.726272
0.729129
0.732361
0.735483
0.738027
0.740379
0.742853
0.74554
0.748438
0.751563
0.754304
0.75648
0.758578
0.760714
0.762939
0.765247
0.767594
0.76992
0.77209
0.774235
0.776229
0.778218
0.779942
0.781381
0.782704
0.784025
0.785451
0.786964
0.788593
0.79047
0.792976
0.795116
0.792724
0.786639
0.811738
0.802975
0.780969
0.752453
0.720005
0.690018
0.697966
0.673629
0.638746
0.611215
0.590332
0.569857
0.562014
0.560687
0.555725
0.546508
0.534758
0.525263
0.515545
0.50722
0.501287
0.497822
0.495942
0.493841
0.493521
0.49235
0.492171
0.491504
0.489783
0.488674
0.485949
0.487657
0.493649
0.505927
0.522249
0.548252
0.577101
0.608075
0.626553
0.647243
0.654514
0.665402
0.677281
0.691195
0.6924
0.696301
0.700853
0.708246
0.710202
0.706668
0.709122
0.712589
0.714552
0.716955
0.719078
0.721525
0.723869
0.726556
0.728776
0.731818
0.735551
0.737551
0.739843
0.742405
0.744942
0.747625
0.750347
0.752693
0.754873
0.757101
0.759527
0.762247
0.765338
0.768639
0.771377
0.773707
0.776053
0.778463
0.780966
0.783345
0.78571
0.788075
0.790459
0.792846
0.795264
0.797723
0.799917
0.802073
0.803943
0.805456
0.806953
0.808481
0.810117
0.81185
0.813715
0.815838
0.81853
0.821349
0.818913
0.759558
0.801443
0.814926
0.812286
0.797334
0.781864
0.766587
0.76832
0.760127
0.732828
0.696583
0.671017
0.646891
0.627689
0.616364
0.612193
0.601029
0.587849
0.574054
0.562444
0.550567
0.541001
0.53238
0.525972
0.519033
0.515233
0.509589
0.507424
0.504061
0.498215
0.49853
0.500603
0.506085
0.522131
0.55367
0.596375
0.635987
0.675294
0.696699
0.720451
0.730242
0.731659
0.734132
0.731812
0.727849
0.720505
0.724694
0.731831
0.742321
0.742434
0.741253
0.739751
0.735102
0.736776
0.738098
0.740454
0.743072
0.743773
0.744969
0.746672
0.748577
0.751567
0.753282
0.755112
0.757618
0.760349
0.762352
0.764259
0.766304
0.768604
0.771221
0.774106
0.776846
0.779444
0.782028
0.784646
0.7874
0.79035
0.793166
0.795559
0.797911
0.800335
0.80284
0.805429
0.808113
0.810714
0.812951
0.815093
0.817247
0.819249
0.821022
0.822833
0.824719
0.826703
0.828773
0.830956
0.833375
0.836357
0.839566
0.837039
0.739084
0.779964
0.809876
0.815834
0.810111
0.809619
0.806054
0.817242
0.817388
0.807913
0.782502
0.751209
0.725915
0.706686
0.686759
0.685305
0.679112
0.663491
0.644218
0.628103
0.608415
0.597398
0.585429
0.575518
0.563206
0.554934
0.544496
0.538285
0.530231
0.519114
0.515072
0.524376
0.544001
0.58036
0.639424
0.683347
0.722965
0.757207
0.777204
0.800375
0.804618
0.810678
0.81146
0.805904
0.797663
0.783528
0.765024
0.742072
0.746193
0.754277
0.763103
0.763691
0.760709
0.755388
0.749969
0.752193
0.753618
0.755397
0.75643
0.757284
0.757194
0.75818
0.761818
0.764206
0.766137
0.767807
0.769369
0.771167
0.773481
0.776157
0.778839
0.781372
0.783963
0.786742
0.789871
0.793111
0.795563
0.797948
0.800393
0.802973
0.805736
0.808599
0.811301
0.813886
0.816357
0.818624
0.820869
0.82318
0.825567
0.828069
0.830368
0.832538
0.834729
0.836945
0.839198
0.841545
0.844122
0.847273
0.850736
0.848134
0.731403
0.757875
0.792561
0.804618
0.817622
0.81848
0.8229
0.83577
0.852903
0.858894
0.849934
0.829731
0.80846
0.791007
0.771623
0.766522
0.761459
0.747063
0.727688
0.707755
0.689266
0.671475
0.655686
0.642871
0.629193
0.614976
0.599634
0.585855
0.559678
0.543847
0.547581
0.567394
0.60216
0.662429
0.725487
0.760527
0.788758
0.814048
0.831706
0.850822
0.861579
0.872413
0.874452
0.869897
0.86443
0.84948
0.8299
0.808226
0.778373
0.741348
0.752057
0.769597
0.769571
0.768476
0.765702
0.761215
0.758235
0.759968
0.760917
0.763537
0.762495
0.762978
0.765174
0.768282
0.769823
0.771459
0.773362
0.775309
0.777366
0.779705
0.782285
0.785091
0.788138
0.791011
0.793227
0.795482
0.797836
0.800437
0.80342
0.806642
0.80947
0.812044
0.814534
0.817
0.819439
0.821898
0.824437
0.827074
0.829694
0.832234
0.834476
0.8367
0.838999
0.841378
0.843828
0.846383
0.849147
0.852443
0.856004
0.853215
0.732035
0.751345
0.775093
0.788467
0.810504
0.814716
0.822801
0.837314
0.854983
0.876277
0.879472
0.872871
0.859111
0.849587
0.840779
0.832799
0.827994
0.821706
0.810433
0.794663
0.777181
0.759425
0.74227
0.725865
0.710006
0.69336
0.672006
0.64882
0.605672
0.567259
0.592469
0.624241
0.67199
0.741505
0.778082
0.808961
0.83079
0.852284
0.871321
0.885643
0.89631
0.908011
0.912852
0.911613
0.910461
0.90139
0.889883
0.869932
0.838818
0.805863
0.769107
0.742293
0.753624
0.764844
0.774725
0.772758
0.769276
0.76438
0.76406
0.765422
0.767404
0.767817
0.769187
0.771919
0.772764
0.773627
0.775295
0.777938
0.780854
0.783552
0.78592
0.788285
0.790564
0.7929
0.795206
0.797538
0.800078
0.802884
0.805795
0.808421
0.810976
0.813534
0.816103
0.818709
0.821398
0.82399
0.826403
0.828826
0.831262
0.833684
0.836061
0.838403
0.840776
0.843189
0.845631
0.848156
0.850889
0.854172
0.857801
0.854948
0.734573
0.7505
0.76732
0.778693
0.79663
0.805477
0.817441
0.833051
0.851234
0.871179
0.89177
0.891636
0.88645
0.881577
0.877242
0.872961
0.875416
0.875081
0.872824
0.865864
0.853022
0.836989
0.821966
0.806469
0.789899
0.769799
0.742956
0.697678
0.610341
0.618211
0.644527
0.679437
0.729982
0.780091
0.811679
0.837321
0.857647
0.878468
0.895928
0.909952
0.921498
0.92935
0.92967
0.932313
0.935537
0.93259
0.92698
0.913853
0.895763
0.873848
0.840594
0.799427
0.743286
0.749213
0.770379
0.771966
0.776766
0.775914
0.774192
0.77146
0.771897
0.772216
0.77324
0.776285
0.777512
0.778638
0.78014
0.782566
0.78539
0.788112
0.790413
0.792751
0.795216
0.797805
0.800475
0.802706
0.804969
0.807335
0.809763
0.812232
0.814648
0.817081
0.819582
0.822148
0.824642
0.826827
0.828995
0.831206
0.833461
0.83576
0.838094
0.840462
0.842871
0.845313
0.847772
0.850312
0.853068
0.856404
0.860134
0.857218
0.739674
0.753387
0.767823
0.777975
0.788834
0.797637
0.810084
0.825173
0.84302
0.862699
0.883406
0.896909
0.896963
0.895593
0.894037
0.895058
0.897221
0.901216
0.908229
0.90685
0.901419
0.8915
0.87987
0.86767
0.851185
0.828448
0.789804
0.722167
0.626021
0.669933
0.692558
0.723921
0.768984
0.795138
0.819423
0.840712
0.863447
0.884955
0.900245
0.915779
0.930696
0.940337
0.943222
0.944979
0.944393
0.941268
0.940003
0.939846
0.935027
0.924426
0.902389
0.870627
0.832056
0.789672
0.74079
0.755003
0.769928
0.787271
0.786043
0.784222
0.778984
0.780941
0.781701
0.783234
0.786709
0.787997
0.789469
0.791311
0.793869
0.7966
0.799371
0.80185
0.804195
0.806674
0.809373
0.811888
0.814143
0.816394
0.818594
0.820818
0.823089
0.82552
0.827765
0.829806
0.831688
0.833516
0.835398
0.837371
0.839438
0.841605
0.843847
0.84612
0.84837
0.850621
0.852905
0.855297
0.857943
0.861221
0.864864
0.861723
0.745845
0.757806
0.76912
0.7799
0.7878
0.794225
0.803009
0.815147
0.831561
0.851491
0.872287
0.887642
0.899703
0.902123
0.900685
0.901843
0.906334
0.914856
0.920275
0.925737
0.926596
0.923281
0.913804
0.902531
0.884014
0.848838
0.786456
0.673466
0.674265
0.701578
0.721129
0.748165
0.779102
0.799435
0.819375
0.840126
0.860571
0.875068
0.890466
0.906448
0.913734
0.921886
0.932082
0.942996
0.946407
0.945773
0.947575
0.95132
0.95017
0.947633
0.939712
0.926594
0.904008
0.870496
0.830001
0.774612
0.759165
0.778745
0.78506
0.797322
0.795194
0.795047
0.792257
0.793105
0.793961
0.796265
0.798683
0.800474
0.802365
0.804405
0.806685
0.809209
0.812452
0.815051
0.817204
0.819206
0.82112
0.823088
0.825169
0.827418
0.829758
0.832167
0.834561
0.836805
0.838904
0.840966
0.843072
0.845235
0.847446
0.849637
0.851778
0.853844
0.855881
0.857925
0.860022
0.862238
0.864753
0.867952
0.87155
0.868144
0.750408
0.763015
0.772848
0.78333
0.790961
0.795359
0.801742
0.810939
0.823122
0.839034
0.857705
0.874771
0.889321
0.901154
0.902698
0.903781
0.907283
0.912937
0.921043
0.930771
0.940901
0.935304
0.927421
0.915783
0.888725
0.832166
0.749961
0.676125
0.71315
0.724012
0.740446
0.760066
0.778221
0.794565
0.811567
0.82848
0.843176
0.857172
0.871842
0.882366
0.893178
0.905458
0.919209
0.923453
0.929046
0.938687
0.951018
0.958294
0.957141
0.953313
0.956538
0.959045
0.952915
0.939628
0.911986
0.871866
0.826415
0.759269
0.767419
0.789182
0.79729
0.805904
0.803955
0.802655
0.801765
0.802234
0.804162
0.806596
0.808477
0.810729
0.812414
0.814201
0.816471
0.819319
0.821106
0.823294
0.825802
0.828316
0.830828
0.83341
0.836057
0.838739
0.841268
0.843681
0.845698
0.847408
0.849085
0.850799
0.852566
0.854433
0.856445
0.858631
0.861013
0.863558
0.866266
0.8691
0.872128
0.875672
0.879472
0.875787
0.752157
0.767333
0.778074
0.786558
0.795052
0.799051
0.803225
0.810668
0.820301
0.832268
0.846191
0.862843
0.874791
0.891005
0.90025
0.901786
0.904254
0.910107
0.918605
0.927376
0.938617
0.934114
0.926196
0.906954
0.861154
0.782428
0.678756
0.702328
0.727545
0.741621
0.752155
0.762411
0.774095
0.787414
0.802424
0.817441
0.830226
0.843758
0.855547
0.865818
0.877981
0.891212
0.898562
0.907265
0.918397
0.931682
0.938861
0.94672
0.958878
0.965339
0.970917
0.973722
0.977152
0.976126
0.963169
0.941939
0.905939
0.859598
0.809466
0.760049
0.775152
0.788815
0.814046
0.811839
0.809897
0.806583
0.807558
0.809589
0.811535
0.813266
0.816637
0.817985
0.81935
0.821206
0.824286
0.82746
0.829092
0.830664
0.832398
0.834399
0.836793
0.839681
0.843007
0.845302
0.847352
0.849376
0.851417
0.853502
0.855628
0.85779
0.859998
0.862282
0.86469
0.867216
0.869881
0.872656
0.875675
0.879312
0.883587
0.880101
0.751368
0.767586
0.780187
0.790098
0.798657
0.804145
0.80705
0.811977
0.819594
0.82977
0.842252
0.856261
0.867704
0.878912
0.893014
0.89758
0.89962
0.905416
0.913108
0.924377
0.927323
0.923413
0.913611
0.877339
0.805998
0.690555
0.706952
0.737486
0.741184
0.746883
0.753435
0.761205
0.770328
0.7806
0.792171
0.804879
0.81669
0.829332
0.840464
0.852004
0.865437
0.87489
0.884617
0.896596
0.910422
0.917773
0.92781
0.939675
0.951621
0.964298
0.975231
0.984215
0.986712
0.986447
0.981135
0.977783
0.962536
0.934359
0.893456
0.843387
0.775208
0.777314
0.800918
0.804747
0.819754
0.817887
0.81591
0.812719
0.813271
0.814589
0.817186
0.821489
0.823336
0.824613
0.826245
0.828315
0.830051
0.831859
0.833925
0.836226
0.838727
0.841425
0.844503
0.84732
0.849285
0.851347
0.853577
0.856003
0.858463
0.860751
0.863044
0.86533
0.867674
0.870127
0.872753
0.87557
0.878694
0.882449
0.88691
0.88317
0.749252
0.766349
0.782
0.79045
0.801192
0.80834
0.812053
0.815846
0.8217
0.830007
0.84066
0.85217
0.864497
0.872876
0.886119
0.894084
0.894986
0.899832
0.908757
0.915898
0.912296
0.905951
0.877858
0.818255
0.709334
0.713903
0.741347
0.742827
0.745208
0.748517
0.752882
0.758502
0.765561
0.774178
0.78418
0.795084
0.806445
0.818323
0.829617
0.842304
0.854157
0.863581
0.87552
0.888868
0.898352
0.909248
0.920556
0.930529
0.941279
0.953655
0.962216
0.970823
0.977381
0.985613
0.986541
0.990209
0.986024
0.975833
0.957762
0.928251
0.885909
0.837063
0.772201
0.783837
0.799317
0.815138
0.823446
0.819925
0.819849
0.818724
0.819768
0.823057
0.828366
0.831375
0.831625
0.832545
0.83373
0.835059
0.836632
0.838702
0.841383
0.844487
0.847531
0.850174
0.852177
0.854173
0.856222
0.858317
0.860454
0.862669
0.865066
0.867705
0.870578
0.873607
0.876703
0.879807
0.883026
0.886731
0.890967
0.886826
0.746098
0.763227
0.780591
0.789516
0.799207
0.810181
0.813428
0.817532
0.823886
0.83175
0.840704
0.849972
0.860815
0.870519
0.883634
0.890425
0.892804
0.901208
0.900545
0.898843
0.895488
0.872987
0.820023
0.721232
0.710309
0.736985
0.739049
0.743191
0.746161
0.748268
0.75116
0.755394
0.761618
0.769409
0.778786
0.788656
0.79926
0.810402
0.822028
0.834572
0.844612
0.85679
0.870845
0.879508
0.891263
0.904833
0.912638
0.921829
0.932477
0.943541
0.952027
0.962427
0.969464
0.978234
0.990742
0.992408
0.993168
0.991457
0.990719
0.981941
0.959747
0.923447
0.872743
0.81781
0.784486
0.803316
0.809427
0.829258
0.828238
0.82531
0.825355
0.825847
0.827745
0.830974
0.835539
0.835892
0.836274
0.837135
0.838422
0.840495
0.843576
0.847436
0.851182
0.853105
0.854921
0.856748
0.858574
0.860427
0.86237
0.864522
0.866997
0.869802
0.872854
0.876077
0.879344
0.882712
0.886199
0.890213
0.894866
0.890582
0.739426
0.758776
0.777938
0.79083
0.797492
0.80918
0.814429
0.817287
0.823775
0.832334
0.842283
0.84917
0.858367
0.868748
0.88196
0.88902
0.898138
0.896378
0.892333
0.886268
0.866628
0.820135
0.739804
0.699578
0.730452
0.734139
0.741876
0.746429
0.747633
0.749404
0.751914
0.755622
0.760859
0.76761
0.775869
0.785439
0.795737
0.806809
0.817836
0.828329
0.839344
0.851322
0.861182
0.872682
0.886019
0.894046
0.902961
0.913477
0.925232
0.93342
0.942906
0.95198
0.961603
0.970973
0.98076
0.986152
0.995992
0.997013
1.0003
0.999789
0.998553
0.984438
0.9546
0.912169
0.862109
0.789549
0.792449
0.812711
0.820016
0.838075
0.835733
0.830685
0.830635
0.831635
0.834282
0.838667
0.839932
0.841096
0.842604
0.844391
0.846735
0.84977
0.853612
0.856545
0.858173
0.859868
0.861646
0.863459
0.865323
0.867403
0.869861
0.87268
0.875725
0.878924
0.882142
0.885528
0.889146
0.893443
0.898534
0.894197
0.736884
0.75245
0.771094
0.788567
0.79643
0.807334
0.815992
0.818112
0.822911
0.830877
0.841723
0.84905
0.856372
0.866353
0.878788
0.893909
0.896544
0.889016
0.882175
0.866566
0.823327
0.753484
0.690238
0.724114
0.729058
0.737944
0.74639
0.747931
0.749981
0.752729
0.755892
0.759618
0.764029
0.769609
0.776411
0.784907
0.794518
0.805256
0.81547
0.826256
0.837867
0.847041
0.857539
0.870027
0.8782
0.886827
0.896917
0.908678
0.918148
0.926951
0.936815
0.946241
0.956689
0.965444
0.97077
0.977974
0.986135
0.995212
1.00707
1.00827
1.01225
1.00971
1.00216
0.984484
0.945227
0.897337
0.844195
0.785918
0.802068
0.815989
0.836299
0.845061
0.842791
0.839815
0.840154
0.840992
0.842661
0.844379
0.84646
0.848438
0.850601
0.85321
0.856306
0.859839
0.861715
0.863621
0.865746
0.867795
0.869757
0.87179
0.874108
0.876767
0.879596
0.8825
0.885433
0.888542
0.892095
0.896594
0.902115
0.897757
0.715512
0.742089
0.763407
0.78562
0.796033
0.804538
0.816366
0.81845
0.822333
0.829326
0.839946
0.848274
0.854286
0.863222
0.87533
0.896002
0.891711
0.88076
0.866457
0.828322
0.761355
0.682397
0.70955
0.721771
0.741314
0.746321
0.747268
0.74994
0.753433
0.757262
0.761291
0.765122
0.76921
0.773958
0.77963
0.786398
0.79437
0.803096
0.81304
0.823542
0.833879
0.844088
0.855051
0.863393
0.872486
0.882406
0.892633
0.901558
0.911364
0.921837
0.932069
0.941862
0.951044
0.958137
0.964446
0.972735
0.981967
0.99136
0.999448
1.00855
1.01942
1.01859
1.01932
1.01574
1.00069
0.972595
0.930868
0.877601
0.806604
0.801697
0.823634
0.829804
0.850334
0.849357
0.844486
0.844707
0.845479
0.846717
0.848282
0.851023
0.85466
0.858837
0.861082
0.863249
0.865319
0.867271
0.869027
0.870616
0.872269
0.874179
0.876614
0.879433
0.88233
0.885258
0.888488
0.892031
0.895912
0.900559
0.906239
0.901849
0.716837
0.737728
0.755578
0.777726
0.792557
0.801348
0.815381
0.820232
0.821078
0.826909
0.837611
0.847219
0.853132
0.861609
0.873698
0.886193
0.880262
0.869281
0.834129
0.770009
0.676228
0.698088
0.715199
0.738375
0.745546
0.746789
0.749873
0.753934
0.758291
0.762807
0.766805
0.770366
0.773797
0.777589
0.781947
0.787275
0.793748
0.80126
0.80973
0.81881
0.828243
0.838148
0.847741
0.857273
0.866817
0.875746
0.884843
0.894534
0.903367
0.912759
0.922197
0.932336
0.940098
0.947479
0.954987
0.963319
0.972595
0.982542
0.990351
0.999295
1.00959
1.02343
1.02252
1.02793
1.02329
1.01422
0.994927
0.963401
0.918748
0.870868
0.798171
0.811947
0.831231
0.844367
0.859438
0.857529
0.854297
0.852119
0.852737
0.853545
0.856107
0.86029
0.866202
0.867267
0.868116
0.869349
0.870983
0.873029
0.874833
0.8768
0.879327
0.882618
0.885645
0.888657
0.892027
0.895868
0.900253
0.905366
0.911187
0.906633
0.693165
0.721601
0.753382
0.768714
0.786181
0.796542
0.80997
0.821359
0.820514
0.824116
0.833254
0.846603
0.852087
0.857602
0.868845
0.867772
0.862435
0.836631
0.778016
0.681223
0.693341
0.71106
0.736529
0.743333
0.745486
0.748839
0.752725
0.756738
0.760864
0.765225
0.769027
0.772426
0.775876
0.779443
0.783407
0.78801
0.793445
0.799882
0.807189
0.815313
0.824014
0.833023
0.842502
0.852009
0.861149
0.870386
0.879563
0.888745
0.89776
0.906861
0.916256
0.925384
0.934165
0.942083
0.950093
0.957378
0.965115
0.973664
0.983294
0.993712
1.00538
1.01717
1.02476
1.03399
1.03294
1.02971
1.02672
1.01762
0.995123
0.956244
0.902571
0.842976
0.816891
0.839611
0.846948
0.864429
0.863739
0.861158
0.858101
0.857494
0.858358
0.861817
0.866375
0.871896
0.872602
0.873188
0.874394
0.876158
0.878496
0.880806
0.88351
0.887225
0.890441
0.893672
0.89726
0.901266
0.905768
0.911011
0.916841
0.912091
0.635279
0.725131
0.740899
0.76217
0.776629
0.790176
0.802322
0.819091
0.821074
0.822412
0.829135
0.842414
0.852583
0.852801
0.85333
0.849824
0.829074
0.778705
0.685188
0.687989
0.704567
0.731427
0.738355
0.740491
0.74409
0.748149
0.752744
0.756676
0.760735
0.765113
0.769823
0.773665
0.777389
0.781136
0.784985
0.78919
0.793974
0.799454
0.805812
0.812935
0.82066
0.82898
0.837701
0.846759
0.855766
0.864766
0.873739
0.883106
0.89263
0.902419
0.911668
0.919827
0.928092
0.937788
0.944894
0.951839
0.960492
0.968817
0.977933
0.989149
1.00154
1.01364
1.01966
1.02649
1.03193
1.03856
1.03808
1.03767
1.03336
1.013
0.985994
0.945252
0.893008
0.822693
0.829816
0.85123
0.858903
0.870513
0.869788
0.867397
0.865956
0.866304
0.868382
0.872524
0.877101
0.878597
0.879827
0.881665
0.884036
0.886592
0.889341
0.893081
0.896676
0.900061
0.903838
0.908211
0.912731
0.917669
0.923247
0.918288
0.58189
0.681806
0.738111
0.761604
0.777704
0.791041
0.80147
0.815556
0.822845
0.821973
0.827395
0.838629
0.847209
0.843774
0.836479
0.816928
0.771591
0.689905
0.678043
0.695523
0.724359
0.730898
0.732124
0.735815
0.740411
0.745477
0.750788
0.75549
0.760253
0.765101
0.770155
0.774604
0.778425
0.782332
0.786413
0.790695
0.795298
0.800366
0.80597
0.812231
0.819159
0.826629
0.834539
0.842974
0.85168
0.860473
0.869283
0.878558
0.887907
0.898089
0.907333
0.916624
0.924233
0.932468
0.94071
0.94964
0.958117
0.966758
0.97572
0.985424
0.996649
1.00889
1.01673
1.0233
1.02842
1.03469
1.04366
1.04477
1.04463
1.0433
1.03634
1.01422
0.979391
0.931494
0.880511
0.829034
0.844227
0.857191
0.867631
0.879423
0.877978
0.875868
0.87652
0.878021
0.882438
0.885037
0.886723
0.88867
0.891394
0.893834
0.896501
0.899793
0.904022
0.907491
0.911363
0.916315
0.921245
0.926047
0.931048
0.925713
0.625046
0.628646
0.721921
0.748202
0.779364
0.790529
0.800199
0.811239
0.822759
0.823689
0.825791
0.834677
0.834348
0.829067
0.807994
0.761589
0.682601
0.66756
0.686582
0.716104
0.724931
0.726098
0.729766
0.734479
0.739532
0.744682
0.749811
0.75501
0.760191
0.765405
0.770738
0.775692
0.780133
0.784243
0.788394
0.792748
0.797296
0.802084
0.80723
0.81283
0.818952
0.825603
0.832872
0.840529
0.848552
0.856944
0.865641
0.874562
0.884017
0.893856
0.904199
0.913546
0.922007
0.928863
0.937118
0.946334
0.955043
0.964524
0.973174
0.982722
0.993937
1.00409
1.01179
1.01701
1.0234
1.03045
1.03741
1.04323
1.05117
1.04984
1.05071
1.04883
1.03591
1.00855
0.96543
0.912967
0.837687
0.838088
0.859105
0.865848
0.88027
0.886915
0.887128
0.886154
0.886996
0.889349
0.892448
0.895635
0.899737
0.90175
0.903979
0.906954
0.911622
0.915116
0.918609
0.923076
0.928702
0.933935
0.938606
0.933456
0.89838
0.597044
0.654124
0.750449
0.766576
0.789087
0.797712
0.807005
0.817786
0.829982
0.826541
0.823976
0.819337
0.800451
0.753716
0.674989
0.656961
0.677373
0.707277
0.71867
0.719994
0.723478
0.728267
0.733783
0.738532
0.743339
0.748422
0.753733
0.759225
0.764886
0.770338
0.775787
0.780732
0.785289
0.789711
0.794184
0.79889
0.803839
0.809035
0.814471
0.820266
0.826459
0.833023
0.840062
0.847572
0.855566
0.864037
0.873014
0.882539
0.892718
0.903706
0.913755
0.921206
0.928305
0.936056
0.944508
0.953439
0.962658
0.972419
0.982267
0.99325
1.00067
1.00717
1.01351
1.01986
1.02639
1.03313
1.04016
1.04729
1.05844
1.05817
1.05834
1.05645
1.05047
1.02826
0.995112
0.944644
0.890071
0.837411
0.851085
0.867316
0.878427
0.897151
0.896617
0.894867
0.896278
0.898911
0.901944
0.905572
0.910503
0.912212
0.914926
0.918743
0.92343
0.926409
0.930292
0.935751
0.942379
0.946199
0.940529
1.17643
0.796215
0.589183
0.686638
0.75412
0.780092
0.800132
0.809266
0.821378
0.829048
0.822897
0.812396
0.790519
0.74506
0.666329
0.64564
0.666966
0.697474
0.709681
0.710966
0.71475
0.71992
0.725873
0.731671
0.73658
0.741699
0.747071
0.752712
0.758602
0.764502
0.770461
0.776244
0.781803
0.787404
0.792473
0.797456
0.802524
0.807822
0.813362
0.819056
0.824891
0.83086
0.837128
0.843674
0.850588
0.857949
0.865752
0.874043
0.882903
0.892437
0.902627
0.911876
0.919931
0.927396
0.935179
0.943312
0.951607
0.960361
0.969492
0.97906
0.990397
0.997935
1.00494
1.00888
1.01365
1.01892
1.02508
1.03254
1.03947
1.04554
1.05223
1.06288
1.06185
1.05919
1.05496
1.0416
1.01025
0.970787
0.921435
0.84276
0.841116
0.863309
0.872107
0.888672
0.902006
0.903101
0.902023
0.903519
0.906385
0.909729
0.913858
0.918297
0.922647
0.926961
0.931228
0.93599
0.941549
0.947985
0.95313
0.947473
1.33963
1.06507
0.612263
0.624833
0.722326
0.75925
0.793404
0.807918
0.826525
0.823961
0.814621
0.790522
0.73948
0.659858
0.636178
0.657603
0.687683
0.702811
0.703257
0.706368
0.711206
0.717067
0.724323
0.730111
0.735574
0.741133
0.74693
0.752979
0.759234
0.765609
0.771925
0.778262
0.78462
0.790882
0.797031
0.802699
0.808348
0.814092
0.819799
0.825537
0.831369
0.836964
0.842687
0.848597
0.854796
0.861319
0.868212
0.875602
0.883651
0.892481
0.902018
0.910621
0.918988
0.926481
0.93397
0.94166
0.949673
0.957989
0.96667
0.975805
0.98563
0.992631
0.996606
1.00084
1.00543
1.01017
1.0153
1.02051
1.0261
1.03206
1.03818
1.04519
1.05771
1.06209
1.058
1.052
1.04374
1.02294
0.988529
0.939596
0.889778
0.834435
0.848105
0.868077
0.880213
0.900425
0.906488
0.904992
0.905356
0.907095
0.910343
0.91531
0.921537
0.927826
0.932116
0.936822
0.942014
0.948289
0.955337
0.95054
1.395
1.3052
0.974869
0.644964
0.679192
0.76243
0.781423
0.806378
0.818902
0.812424
0.789134
0.73622
0.653881
0.634067
0.654643
0.684184
0.701591
0.701361
0.703252
0.707161
0.71271
0.719277
0.726939
0.733017
0.738936
0.74496
0.751073
0.757324
0.763761
0.77032
0.776898
0.78354
0.790133
0.796704
0.803052
0.808899
0.814329
0.819856
0.825496
0.831329
0.836479
0.841649
0.846854
0.852167
0.857571
0.863174
0.869156
0.875725
0.882955
0.890838
0.899037
0.906528
0.913623
0.920686
0.927813
0.935063
0.942515
0.950242
0.9582
0.96621
0.974234
0.981024
0.985867
0.990207
0.99407
0.998174
1.00275
1.00732
1.01185
1.016
1.02035
1.02536
1.03218
1.04045
1.04574
1.04125
1.03811
1.03112
1.01764
0.986176
0.950022
0.900679
0.82517
0.82462
0.846047
0.859925
0.877527
0.897652
0.900718
0.901032
0.903831
0.908332
0.914065
0.921262
0.927445
0.932767
0.938705
0.945935
0.954507
0.950256
1.40359
1.40127
1.31133
0.839401
0.597252
0.677876
0.76528
0.798613
0.797283
0.777854
0.723548
0.635286
0.634329
0.652626
0.681824
0.697526
0.698664
0.700614
0.704466
0.709947
0.715745
0.722312
0.728551
0.734821
0.741083
0.747446
0.753779
0.760194
0.766602
0.773142
0.779789
0.786444
0.793218
0.799766
0.806266
0.81213
0.817693
0.823355
0.828967
0.834537
0.840091
0.844353
0.84878
0.853493
0.858362
0.863389
0.868742
0.874725
0.881328
0.888596
0.895224
0.90153
0.907917
0.914343
0.920904
0.927601
0.934408
0.941477
0.948191
0.9551
0.961539
0.966919
0.970517
0.973536
0.976577
0.9788
0.981184
0.983744
0.986402
0.988592
0.991125
0.994544
0.999219
1.004
1.00793
1.00813
1.00965
1.00563
0.998477
0.990789
0.973774
0.942422
0.89721
0.847058
0.799646
0.813914
0.835391
0.851681
0.871976
0.885126
0.889102
0.892376
0.897549
0.904266
0.911486
0.919697
0.928175
0.937572
0.949201
0.945819
1.40741
1.40174
1.35853
1.13104
0.700229
0.629221
0.720156
0.770402
0.759984
0.704023
0.611775
0.626995
0.646566
0.678719
0.693251
0.694104
0.69555
0.698895
0.704074
0.709968
0.716053
0.722638
0.729638
0.736574
0.742896
0.749216
0.75571
0.762164
0.768602
0.775083
0.781652
0.788387
0.794949
0.801437
0.807652
0.81339
0.81878
0.824195
0.829734
0.835335
0.841222
0.844874
0.848126
0.851843
0.855804
0.859931
0.864417
0.869507
0.87527
0.880764
0.885226
0.889802
0.894525
0.899252
0.904184
0.909172
0.914305
0.91953
0.924382
0.929091
0.933309
0.936518
0.939262
0.941808
0.944535
0.945687
0.94586
0.946289
0.946724
0.947125
0.947805
0.949003
0.951306
0.954264
0.957234
0.960404
0.963788
0.965584
0.964637
0.963161
0.959312
0.951974
0.928462
0.89346
0.844997
0.775518
0.78352
0.804368
0.817617
0.834908
0.857336
0.86609
0.871676
0.878787
0.887662
0.897678
0.908347
0.919679
0.934732
0.933314
1.40823
1.40686
1.39784
1.3249
1.02632
0.638778
0.640923
0.684694
0.668153
0.594368
0.627275
0.642771
0.675176
0.689638
0.68934
0.691503
0.695199
0.700005
0.705436
0.710963
0.716962
0.723388
0.730302
0.737486
0.743586
0.749678
0.755944
0.762427
0.768705
0.774766
0.780987
0.787001
0.79311
0.798655
0.804058
0.809153
0.813644
0.818068
0.822557
0.826876
0.83166
0.833836
0.835314
0.837266
0.839508
0.84191
0.844588
0.847894
0.851783
0.853969
0.856025
0.858329
0.860772
0.863268
0.865851
0.868636
0.871646
0.87471
0.877508
0.880051
0.882264
0.8843
0.886267
0.888324
0.890757
0.893152
0.894308
0.895665
0.897559
0.89982
0.902749
0.906548
0.910686
0.914954
0.919856
0.926343
0.932522
0.935551
0.939878
0.94425
0.949046
0.948235
0.940933
0.92304
0.900143
0.860749
0.792819
0.765779
0.778922
0.800362
0.816009
0.834544
0.849755
0.855643
0.860822
0.868176
0.877682
0.889159
0.903643
0.907787
1.40837
1.40837
1.40665
1.39175
1.29546
0.950953
0.659365
0.554494
0.488185
0.560325
0.5838
0.630518
0.643799
0.648314
0.654765
0.662349
0.67089
0.680175
0.687725
0.694446
0.701242
0.708378
0.716073
0.722878
0.728732
0.734145
0.739541
0.745062
0.750493
0.755508
0.759931
0.764084
0.767989
0.771758
0.775201
0.778106
0.780386
0.7826
0.784853
0.787015
0.789657
0.789843
0.789297
0.789476
0.790257
0.791612
0.79368
0.796643
0.799537
0.801204
0.803029
0.805209
0.807567
0.810138
0.813025
0.81629
0.819935
0.823696
0.827364
0.831278
0.835116
0.838682
0.842283
0.846102
0.850405
0.855787
0.859517
0.863127
0.867048
0.871541
0.876574
0.882199
0.88743
0.893063
0.899506
0.907282
0.914359
0.920088
0.926147
0.932124
0.939409
0.944925
0.943513
0.940736
0.934265
0.917591
0.887474
0.829862
0.76374
0.774404
0.802426
0.81234
0.827345
0.838098
0.841896
0.847317
0.855213
0.86425
0.869306
0.877509
1.40844
1.40832
1.40843
1.40449
1.36352
1.17768
0.750254
0.415639
0.434351
0.470205
0.531331
0.556212
0.564256
0.573869
0.585388
0.598249
0.608482
0.618355
0.628068
0.636912
0.644899
0.653181
0.66149
0.669555
0.676547
0.681923
0.686376
0.690368
0.694046
0.697667
0.701327
0.705099
0.70901
0.712847
0.716738
0.720141
0.72335
0.726688
0.730212
0.733887
0.737965
0.7407
0.74242
0.744593
0.747478
0.75085
0.754658
0.759167
0.762669
0.765167
0.767996
0.771171
0.774571
0.778217
0.782244
0.786615
0.791188
0.795671
0.800135
0.804755
0.80973
0.814541
0.818486
0.823362
0.829425
0.837073
0.842168
0.84736
0.852988
0.859027
0.864989
0.87107
0.877459
0.884047
0.891039
0.898498
0.906495
0.913882
0.921141
0.927913
0.934762
0.94233
0.949604
0.950165
0.948234
0.94548
0.933847
0.903446
0.843221
0.776479
0.785259
0.801798
0.814704
0.827544
0.83792
0.842885
0.844088
0.845494
0.844447
0.847575
1.40844
1.40837
1.40774
1.4025
1.35873
1.1426
0.764819
0.423294
0.494154
0.546919
0.542011
0.537304
0.538644
0.543564
0.552124
0.562625
0.56933
0.576214
0.583358
0.590002
0.596716
0.603112
0.609563
0.616102
0.622843
0.629378
0.635271
0.641068
0.646895
0.652646
0.658324
0.664046
0.669899
0.675655
0.681385
0.686868
0.692
0.697188
0.702523
0.707986
0.713661
0.71872
0.722593
0.726614
0.730986
0.735594
0.740374
0.745694
0.749414
0.752173
0.755391
0.758986
0.76282
0.766907
0.771288
0.77588
0.780498
0.784893
0.789438
0.794266
0.799647
0.804852
0.809619
0.815033
0.821732
0.828618
0.835145
0.841796
0.848404
0.854853
0.861478
0.868248
0.875169
0.882324
0.889834
0.89767
0.905763
0.913838
0.92189
0.92951
0.935602
0.942377
0.949668
0.956386
0.963317
0.958473
0.95675
0.947597
0.919596
0.872768
0.807129
0.797002
0.808344
0.825828
0.828711
0.834206
0.833742
0.830274
0.812282
0.817218
1.40844
1.40839
1.40791
1.4037
1.36576
1.16542
0.7924
0.442653
0.524939
0.558546
0.557917
0.555756
0.560488
0.561749
0.563495
0.566702
0.570783
0.575306
0.580114
0.585129
0.590751
0.597394
0.604536
0.611373
0.617485
0.623531
0.629235
0.634823
0.640647
0.646756
0.653176
0.659885
0.666684
0.673027
0.678855
0.684159
0.689377
0.694741
0.700315
0.706059
0.711946
0.717863
0.722789
0.727586
0.73247
0.737426
0.742384
0.747728
0.751068
0.753951
0.757308
0.761055
0.765064
0.769332
0.773721
0.778178
0.782614
0.786749
0.791022
0.795695
0.801188
0.806415
0.811907
0.818214
0.824786
0.831545
0.838741
0.84658
0.853765
0.860963
0.868076
0.875209
0.882482
0.890053
0.89792
0.906074
0.914448
0.92301
0.931725
0.940416
0.946714
0.953101
0.959961
0.967315
0.975112
0.983309
0.981467
0.978378
0.968993
0.954139
0.904065
0.841232
0.808439
0.814991
0.832187
0.830064
0.821015
0.806138
0.760082
0.780118
1.40844
1.40839
1.40789
1.40338
1.36384
1.15893
0.784822
0.439175
0.522584
0.56494
0.565666
0.567192
0.570673
0.573655
0.577155
0.581154
0.585218
0.589046
0.593258
0.598016
0.603439
0.609359
0.615554
0.621595
0.62756
0.633486
0.639558
0.645829
0.652261
0.658944
0.665868
0.672785
0.679294
0.685526
0.691356
0.697073
0.702792
0.70865
0.7147
0.720891
0.727233
0.732891
0.737778
0.742665
0.747683
0.752807
0.758008
0.763613
0.767298
0.770566
0.774161
0.777973
0.781952
0.785944
0.789714
0.793581
0.797545
0.801584
0.805869
0.810747
0.816165
0.821754
0.827535
0.833598
0.839926
0.846649
0.854017
0.861413
0.86852
0.875533
0.882518
0.88964
0.896964
0.904569
0.912439
0.920605
0.929007
0.937541
0.94632
0.954704
0.96056
0.966169
0.97228
0.979027
0.985954
0.993299
1.00087
1.00091
0.998537
0.993451
0.979755
0.928448
0.866197
0.810269
0.814478
0.812939
0.801826
0.770452
0.710535
0.746269
1.40844
1.40839
1.40791
1.40354
1.36509
1.16323
0.790544
0.442443
0.527853
0.563076
0.563232
0.564517
0.57061
0.577563
0.581543
0.585603
0.589813
0.594367
0.59939
0.604933
0.611048
0.617715
0.623804
0.629753
0.635834
0.642126
0.648729
0.655653
0.662805
0.669633
0.676288
0.682722
0.688968
0.695085
0.701184
0.707339
0.713624
0.719837
0.726068
0.732209
0.738028
0.743391
0.748423
0.753488
0.758726
0.764096
0.769602
0.77545
0.77911
0.782336
0.785799
0.789437
0.793193
0.796671
0.800179
0.803879
0.807814
0.8119
0.816217
0.82109
0.826421
0.832053
0.837881
0.843951
0.85029
0.856918
0.863862
0.871173
0.8785
0.885626
0.892606
0.899618
0.906836
0.914257
0.921921
0.929856
0.938053
0.94645
0.955203
0.963232
0.968728
0.973962
0.979821
0.986237
0.99246
0.999422
1.00702
1.01915
1.01655
1.01391
1.00921
0.992725
0.945585
0.876983
0.81173
0.757076
0.737524
0.697898
0.701441
0.719576
1.40844
1.40839
1.4079
1.40344
1.3642
1.15993
0.787201
0.44684
0.5361
0.571651
0.572147
0.574358
0.579789
0.585444
0.589196
0.593207
0.597764
0.602778
0.608262
0.614199
0.620494
0.626978
0.633048
0.639234
0.645635
0.652314
0.659289
0.666549
0.673594
0.6803
0.686863
0.693338
0.69977
0.706216
0.712594
0.71885
0.725012
0.73102
0.736989
0.742963
0.748664
0.754192
0.75941
0.764606
0.769918
0.775315
0.780803
0.786424
0.789866
0.79305
0.796455
0.800053
0.803761
0.807182
0.810669
0.814333
0.818205
0.822172
0.826391
0.831113
0.836241
0.841687
0.847382
0.853272
0.859365
0.865795
0.872635
0.8799
0.887066
0.894087
0.900868
0.907607
0.914562
0.92172
0.929139
0.936836
0.944813
0.95302
0.961523
0.969446
0.975027
0.979851
0.985514
0.991251
0.99751
1.00408
1.01117
1.01971
1.03192
1.02683
1.02373
1.01523
0.993806
0.923674
0.831336
0.745161
0.659952
0.674991
0.70319
0.705915
)
;

boundaryField
{
    inlet
    {
        type            calculated;
        value           uniform 1.40845;
    }
    outlet
    {
        type            calculated;
        value           nonuniform List<scalar> 
40
(
0.620706
0.649324
0.712533
0.758796
0.792724
0.818913
0.837039
0.848134
0.853215
0.854948
0.857218
0.861723
0.868144
0.875787
0.880101
0.88317
0.886826
0.890582
0.894197
0.897757
0.901849
0.906633
0.912091
0.918288
0.925713
0.933456
0.940529
0.947473
0.95054
0.950256
0.945819
0.933314
0.907787
0.877509
0.847575
0.817218
0.780118
0.746269
0.719576
0.705915
)
;
    }
    bottom
    {
        type            symmetryPlane;
    }
    top
    {
        type            symmetryPlane;
    }
    obstacle
    {
        type            calculated;
        value           nonuniform List<scalar> 
110
(
0.551274
0.552123
0.554454
0.557056
0.560681
0.56514
0.571075
0.58175
0.597628
0.637856
0.647566
0.575507
0.518815
0.526189
0.530348
0.519639
0.511139
0.508983
0.546372
0.562208
0.564365
0.563145
0.562448
0.558353
0.554376
0.571411
0.585751
0.592411
0.5934
0.592114
0.590997
0.590435
0.589874
0.589903
0.589896
0.59193
0.593667
0.594422
0.595016
0.595301
0.595223
0.596459
0.594394
0.593324
0.590215
0.578572
0.569081
0.560309
0.552559
0.541542
0.534388
0.528925
0.520941
0.514533
0.507647
0.503871
0.502405
0.501109
0.499611
0.499216
0.49735
0.499695
0.50179
0.504251
0.506821
0.509285
0.511948
0.514864
0.517906
0.520818
0.523777
0.526815
0.529719
0.532623
0.535522
0.538394
0.541172
0.543902
0.546651
0.549291
0.551938
0.554563
0.557196
0.559748
0.562294
0.564835
0.567407
0.569994
0.572607
0.575154
0.577718
0.5802
0.582699
0.585193
0.58773
0.590273
0.592866
0.595406
0.597987
0.600409
0.602865
0.60513
0.60747
0.609713
0.612036
0.614399
0.616814
0.619934
0.621442
0.620706
)
;
    }
    defaultFaces
    {
        type            empty;
    }
}


// ************************************************************************* //
