/*--------------------------------*- C++ -*----------------------------------*\
| =========                 |                                                 |
| \\      /  F ield         | OpenFOAM: The Open Source CFD Toolbox           |
|  \\    /   O peration     | Version:  v2106                                 |
|   \\  /    A nd           | Website:  www.openfoam.com                      |
|    \\/     M anipulation  |                                                 |
\*---------------------------------------------------------------------------*/
FoamFile
{
    version     2.0;
    format      ascii;
    arch        "LSB;label=32;scalar=64";
    class       volScalarField;
    location    "14";
    object      rho;
}
// * * * * * * * * * * * * * * * * * * * * * * * * * * * * * * * * * * * * * //

dimensions      [1 -3 0 0 0 0 0];

internalField   nonuniform List<scalar> 
5250
(
1.40845
1.40845
1.40845
1.40845
1.40845
1.40845
1.40845
1.40845
1.40845
1.40836
1.40823
1.40287
1.3991
1.57262
2.03728
5.41669
6.461
6.1435
6.22653
6.38204
6.42525
6.49821
6.56439
6.62326
6.66996
1.40845
1.40845
1.40845
1.40845
1.40845
1.40845
1.40845
1.40845
1.40845
1.40835
1.40829
1.40266
1.40065
1.5678
2.01715
5.3558
6.50308
6.15268
6.23672
6.39897
6.43569
6.50118
6.56917
6.62563
6.672
1.40845
1.40845
1.40845
1.40845
1.40845
1.40845
1.40845
1.40845
1.40845
1.4084
1.40808
1.40426
1.3995
1.55357
1.98053
5.2154
6.58935
6.16671
6.2589
6.41367
6.44873
6.50224
6.563
6.61446
6.65726
1.40845
1.40845
1.40845
1.40845
1.40845
1.40845
1.40845
1.40845
1.40845
1.40841
1.4081
1.40527
1.39544
1.53118
1.97515
4.99083
6.7887
6.22071
6.3276
6.44719
6.4736
6.5125
6.55158
6.59595
6.63407
1.40845
1.40845
1.40845
1.40845
1.40845
1.40845
1.40845
1.40845
1.40845
1.40842
1.40814
1.40577
1.39554
1.5078
1.98646
4.69066
7.09155
6.30051
6.42247
6.50406
6.50035
6.50432
6.52329
6.56098
6.59556
1.40845
1.40845
1.40845
1.40845
1.40845
1.40845
1.40845
1.40845
1.40845
1.40843
1.40819
1.40665
1.39469
1.47717
2.02889
4.23594
7.56759
6.49747
6.60037
6.61993
6.56849
6.51963
6.51187
6.51581
6.53793
1.40845
1.40845
1.40845
1.40845
1.40845
1.40845
1.40845
1.40845
1.40845
1.40843
1.40825
1.40709
1.39511
1.4529
1.92772
3.59826
7.66109
6.57054
6.74629
6.77022
6.68619
6.53509
6.46917
6.44725
6.47364
1.40845
1.40845
1.40845
1.40845
1.40845
1.40845
1.40845
1.40845
1.40845
1.40844
1.40827
1.4075
1.39623
1.43327
1.81344
2.99296
7.26849
6.48238
6.64723
6.78427
6.76642
6.61049
6.44595
6.38405
6.35295
1.40845
1.40845
1.40845
1.40845
1.40845
1.40845
1.40845
1.40845
1.40845
1.40845
1.40828
1.40788
1.39786
1.42066
1.74661
2.6123
6.58174
6.30663
6.46277
6.65219
6.72717
6.6468
6.4185
6.23942
6.19686
1.40845
1.40845
1.40845
1.40845
1.40845
1.40845
1.40845
1.40845
1.40845
1.40845
1.40831
1.40811
1.3999
1.40966
1.66046
2.32447
6.07165
6.02452
6.18537
6.42816
6.56838
6.56869
6.32369
6.20671
5.95835
1.40845
1.40845
1.40845
1.40845
1.40845
1.40845
1.40845
1.40845
1.40845
1.40845
1.40834
1.40826
1.40172
1.40354
1.5902
2.08704
5.47968
6.02791
6.03088
6.09577
6.29851
6.44336
6.19846
6.0281
4.92308
1.40845
1.40845
1.40845
1.40845
1.40845
1.40845
1.40845
1.40845
1.40845
1.40845
1.40841
1.40804
1.4054
1.39883
1.5253
1.87542
4.74146
6.15874
5.97732
5.88507
5.97348
6.1334
5.91862
5.65202
5.12446
1.40845
1.40845
1.40845
1.40845
1.40845
1.40845
1.40845
1.40845
1.40845
1.40845
1.40843
1.4082
1.40697
1.39352
1.46562
1.84445
3.9061
6.44468
5.91587
5.79881
5.76242
5.81309
5.72265
5.41076
5.20189
1.40845
1.40845
1.40845
1.40845
1.40845
1.40845
1.40845
1.40845
1.40845
1.40845
1.40843
1.40839
1.40731
1.39602
1.42817
1.79212
3.01415
6.48253
5.96566
5.77746
5.67285
5.62032
5.51481
5.29685
5.12712
1.40845
1.40845
1.40845
1.40845
1.40845
1.40845
1.40845
1.40845
1.40845
1.40845
1.40844
1.40832
1.40814
1.3995
1.41099
1.67913
2.43269
5.95352
5.96642
5.78932
5.63126
5.51152
5.35993
5.14864
4.96537
1.40845
1.40845
1.40845
1.40845
1.40845
1.40845
1.40845
1.40845
1.40845
1.40845
1.40845
1.40836
1.40826
1.4026
1.40167
1.55866
1.9955
4.92449
6.01322
5.83627
5.60914
5.41739
5.2244
5.01486
4.78867
1.40845
1.40845
1.40845
1.40845
1.40845
1.40845
1.40845
1.40845
1.40845
1.40845
1.40845
1.40842
1.40821
1.40625
1.39615
1.47529
1.66768
3.81638
5.90823
5.83973
5.61563
5.38498
5.17008
4.95119
4.69907
1.40845
1.40845
1.40845
1.40845
1.40845
1.40845
1.40845
1.40845
1.40845
1.40845
1.40845
1.40846
1.40819
1.40814
1.39391
1.43918
1.73309
2.73878
5.62096
5.71377
5.59598
5.40134
5.17534
4.93372
4.67153
1.40845
1.40845
1.40845
1.40845
1.40845
1.40845
1.40845
1.40845
1.40845
1.40845
1.40845
1.40844
1.40838
1.4079
1.40332
1.40526
1.61681
2.15211
4.8605
5.66324
5.64254
5.41602
5.1795
4.92691
4.66506
1.40845
1.40845
1.40845
1.40845
1.40845
1.40845
1.40845
1.40845
1.40845
1.40845
1.40845
1.40843
1.40865
1.40751
1.41032
1.37249
1.51471
1.72866
3.73305
5.5944
5.6353
5.42398
5.19887
4.95599
4.68876
1.40845
1.40845
1.40845
1.40845
1.40845
1.40845
1.40845
1.40845
1.40845
1.40845
1.40845
1.40845
1.40844
1.40832
1.40764
1.40078
1.41993
1.65922
2.57504
5.18058
5.40129
5.39534
5.2052
4.98101
4.72778
1.40845
1.40845
1.40845
1.40845
1.40845
1.40845
1.40845
1.40845
1.40845
1.40845
1.40845
1.40845
1.40842
1.40877
1.40645
1.4138
1.34532
1.60384
2.01238
4.19132
5.45155
5.45521
5.26165
5.04181
4.79121
1.40845
1.40845
1.40845
1.40845
1.40845
1.40845
1.40845
1.40845
1.40845
1.40845
1.40845
1.40845
1.40845
1.40844
1.40825
1.40714
1.39916
1.44522
1.58071
3.0137
5.19196
5.2895
5.21235
5.04527
4.82825
1.40845
1.40845
1.40845
1.40845
1.40845
1.40845
1.40845
1.40845
1.40845
1.40845
1.40845
1.40845
1.40845
1.40842
1.40887
1.40599
1.41976
1.32311
1.55328
2.15684
4.39025
5.22002
5.25165
5.08595
4.8804
1.40845
1.40845
1.40845
1.40845
1.40845
1.40845
1.40845
1.40845
1.40845
1.40845
1.40845
1.40845
1.40845
1.40845
1.40843
1.40817
1.40692
1.39719
1.47551
1.60642
3.23116
5.03913
5.13151
5.04029
4.87847
1.40845
1.40845
1.40845
1.40845
1.40845
1.40845
1.40845
1.40845
1.40845
1.40845
1.40845
1.40845
1.40845
1.40845
1.40844
1.40888
1.40586
1.42229
1.30599
1.5063
2.21642
4.34018
4.9999
5.05401
4.89659
1.40845
1.40845
1.40845
1.40845
1.40845
1.40845
1.40845
1.40845
1.40845
1.40845
1.40845
1.40845
1.40845
1.40845
1.40844
1.40843
1.40812
1.40691
1.39771
1.49986
1.65628
3.22014
4.85895
4.93807
4.86022
1.40845
1.40845
1.40845
1.40845
1.40845
1.40845
1.40845
1.40845
1.40845
1.40845
1.40845
1.40845
1.40845
1.40845
1.40845
1.40846
1.40806
1.40748
1.43674
1.30773
1.47638
2.16173
4.15049
4.81717
4.86962
1.40845
1.40845
1.40845
1.40845
1.40845
1.40845
1.40845
1.40845
1.40845
1.40845
1.40845
1.40845
1.40845
1.40845
1.40845
1.40845
1.40842
1.40818
1.40761
1.39556
1.49513
1.63042
3.06812
4.66041
4.73853
1.40845
1.40845
1.40845
1.40845
1.40845
1.40845
1.40845
1.40845
1.40845
1.40845
1.40845
1.40845
1.40845
1.40845
1.40845
1.40845
1.40846
1.40816
1.40797
1.4289
1.32793
1.45962
2.03032
3.88019
4.66324
1.40845
1.40845
1.40845
1.40845
1.40845
1.40845
1.40845
1.40845
1.40845
1.40845
1.40845
1.40845
1.40845
1.40845
1.40845
1.40845
1.40845
1.40844
1.40811
1.40809
1.39366
1.46122
1.53155
2.81937
4.43738
1.40845
1.40845
1.40845
1.40845
1.40845
1.40845
1.40845
1.40845
1.40845
1.40845
1.40845
1.40845
1.40845
1.40845
1.40845
1.40845
1.40845
1.40842
1.40852
1.40756
1.41212
1.35861
1.48235
1.89149
3.51502
1.40845
1.40845
1.40845
1.40845
1.40845
1.40845
1.40845
1.40845
1.40845
1.40845
1.40845
1.40845
1.40845
1.40845
1.40845
1.40845
1.40845
1.40844
1.40845
1.40817
1.40812
1.39532
1.44039
1.52199
2.47922
1.40845
1.40845
1.40845
1.40845
1.40845
1.40845
1.40845
1.40845
1.40845
1.40845
1.40845
1.40845
1.40845
1.40845
1.40845
1.40845
1.40845
1.40845
1.40844
1.4085
1.40767
1.41036
1.36809
1.50013
1.72744
1.40845
1.40845
1.40845
1.40845
1.40845
1.40845
1.40845
1.40845
1.40845
1.40845
1.40845
1.40845
1.40845
1.40845
1.40845
1.40845
1.40845
1.40845
1.40845
1.40844
1.40836
1.40774
1.40289
1.41951
1.59165
1.40845
1.40845
1.40845
1.40845
1.40845
1.40845
1.40845
1.40845
1.40845
1.40845
1.40845
1.40845
1.40845
1.40845
1.40845
1.40845
1.40845
1.40845
1.40845
1.40845
1.40843
1.40821
1.40802
1.3888
1.45229
1.40845
1.40845
1.40845
1.40845
1.40845
1.40845
1.40845
1.40845
1.40845
1.40845
1.40845
1.40845
1.40845
1.40845
1.40845
1.40845
1.40845
1.40845
1.40845
1.40845
1.40849
1.40921
1.40037
1.40478
1.3636
1.40845
1.40845
1.40845
1.40845
1.40845
1.40845
1.40845
1.40845
1.40845
1.40845
1.40845
1.40845
1.40845
1.40845
1.40845
1.40845
1.40845
1.40845
1.40845
1.40845
1.40845
1.40841
1.40823
1.40814
1.39978
1.40845
1.40845
1.40845
1.40845
1.40845
1.40845
1.40845
1.40845
1.40845
1.40845
1.40845
1.40845
1.40845
1.40845
1.40845
1.40845
1.40845
1.40845
1.40845
1.40845
1.40845
1.40849
1.40827
1.40788
1.40746
1.40845
1.40845
1.40845
1.40845
1.40845
1.40845
1.40845
1.40845
1.40845
1.40845
1.40845
1.40845
1.40845
1.40845
1.40845
1.40845
1.40845
1.40845
1.40845
1.40845
1.40845
1.40845
1.40843
1.40865
1.40763
1.40845
1.40845
1.40845
1.40845
1.40845
1.40845
1.40845
1.40845
1.40845
1.40845
1.40845
1.40845
1.40845
1.40845
1.40845
1.40845
1.40845
1.40845
1.40845
1.40845
1.40845
1.40845
1.40845
1.40842
1.40842
1.40845
1.40845
1.40845
1.40845
1.40845
1.40845
1.40845
1.40845
1.40845
1.40845
1.40845
1.40845
1.40845
1.40845
1.40845
1.40845
1.40845
1.40845
1.40845
1.40845
1.40845
1.40845
1.40845
1.40845
1.40842
1.40845
1.40845
1.40845
1.40845
1.40845
1.40845
1.40845
1.40845
1.40845
1.40845
1.40845
1.40845
1.40845
1.40845
1.40845
1.40845
1.40845
1.40845
1.40845
1.40845
1.40845
1.40845
1.40845
1.40845
1.40845
1.40845
1.40845
1.40845
1.40845
1.40845
1.40845
1.40845
1.40845
1.40845
1.40845
1.40845
1.40845
1.40845
1.40845
1.40845
1.40845
1.40845
1.40845
1.40845
1.40845
1.40845
1.40845
1.40845
1.40845
1.40845
1.40845
1.40845
1.40845
1.40845
1.40845
1.40845
1.40845
1.40845
1.40845
1.40845
1.40845
1.40845
1.40845
1.40845
1.40845
1.40845
1.40845
1.40845
1.40845
1.40845
1.40845
1.40845
1.40845
1.40845
1.40845
1.40845
1.40845
1.40845
1.40845
1.40845
1.40845
1.40845
1.40845
1.40845
1.40845
1.40845
1.40845
1.40845
1.40845
1.40845
1.40845
1.40845
1.40845
1.40845
1.40845
1.40845
1.40845
1.40845
1.40845
1.40845
1.40845
1.40845
1.40845
1.40845
1.40845
1.40845
1.40845
1.40845
1.40845
1.40845
1.40845
1.40845
1.40845
1.40845
1.40845
1.40845
1.40845
1.40845
1.40845
1.40845
1.40845
1.40845
1.40845
1.40845
1.40845
1.40845
1.40845
1.40845
1.40845
1.40845
1.40845
1.40845
1.40845
1.40845
1.40845
1.40845
1.40845
1.40845
1.40845
1.40845
1.40845
1.40845
1.40845
1.40845
1.40845
1.40845
1.40845
1.40845
1.40845
1.40845
1.40845
1.40845
1.40845
1.40845
1.40845
1.40845
1.40845
1.40845
1.40845
1.40845
1.40845
1.40845
1.40845
1.40845
1.40845
1.40845
1.40845
1.40845
1.40845
1.40845
1.40845
1.40845
1.40845
1.40845
1.40845
1.40845
1.40845
1.40845
1.40845
1.40845
1.40845
1.40845
1.40845
1.40845
1.40845
1.40845
1.40845
1.40845
1.40845
1.40845
1.40845
1.40845
1.40845
1.40845
1.40845
1.40845
1.40845
1.40845
1.40845
1.40845
1.75347
1.78327
2.03677
1.7544
1.89753
1.86201
1.73389
1.50291
1.43679
1.41406
1.41763
1.42243
1.42049
1.39474
1.32067
1.26728
1.23962
1.23429
1.23935
1.23978
1.24051
1.23972
1.23481
1.22955
1.2207
1.21591
1.21136
1.20966
1.2086
1.21198
1.21798
1.24037
1.26429
1.3094
1.37966
1.43774
1.49765
1.55714
1.65467
1.72298
1.79103
1.87812
1.95316
2.03706
2.1169
2.17588
2.22593
2.28125
2.32378
2.35611
2.38632
2.42494
2.44583
2.46529
2.48208
2.49161
2.49781
2.50122
2.50109
2.49737
2.49157
2.48391
2.47366
2.46186
2.44895
2.43471
2.41938
2.40358
2.38759
2.37091
2.35414
2.33714
2.32003
2.30242
2.28463
2.26651
2.24831
2.22983
2.21139
2.19292
2.17494
2.15719
2.14009
2.12342
2.10732
2.09149
2.07622
2.06108
2.04659
2.03219
2.01876
2.00559
1.99372
1.98195
1.97105
1.95991
1.94901
1.93899
1.92406
1.91037
2.69871
2.37456
2.05723
1.76042
1.91344
1.91052
1.76209
1.39202
1.2512
1.21849
1.24038
1.25114
1.24685
1.20283
1.14024
1.11222
1.08922
1.07941
1.07838
1.0795
1.07947
1.07928
1.07488
1.07271
1.06555
1.06092
1.05399
1.05049
1.04838
1.05268
1.0596
1.08066
1.10438
1.13486
1.19435
1.24104
1.2943
1.35243
1.45666
1.54722
1.63108
1.71874
1.81019
1.88271
1.97883
2.05311
2.11403
2.18982
2.26567
2.32186
2.38751
2.44692
2.48798
2.52416
2.56083
2.58738
2.60535
2.61766
2.62801
2.63225
2.63158
2.62916
2.62395
2.61523
2.60533
2.59465
2.58111
2.56559
2.54974
2.53374
2.51759
2.50042
2.4821
2.46308
2.44387
2.42412
2.40421
2.38346
2.36212
2.3401
2.31816
2.29615
2.27432
2.25265
2.23141
2.21051
2.19009
2.17018
2.15096
2.1326
2.11554
2.09988
2.08582
2.07293
2.06095
2.04918
2.03746
2.02594
2.01093
1.99597
3.63585
2.89035
2.46926
2.04924
1.9808
1.92768
1.72643
1.36359
1.20213
1.18746
1.20323
1.23025
1.23558
1.20161
1.1492
1.04963
1.00654
0.996063
0.995243
1.01144
1.01161
1.01184
1.00483
1.00087
0.993541
0.989021
0.984801
0.987212
0.983101
0.987141
0.987492
1.00441
1.02329
1.05377
1.1157
1.17839
1.24312
1.28778
1.34712
1.44356
1.5229
1.61981
1.73418
1.8606
2.01755
2.14645
2.25349
2.35981
2.45566
2.54764
2.63545
2.72489
2.78051
2.81702
2.85461
2.88339
2.90637
2.92243
2.93411
2.94004
2.93935
2.93569
2.92821
2.9159
2.90149
2.88578
2.86949
2.85339
2.83626
2.81752
2.79742
2.77647
2.75534
2.73387
2.71159
2.6888
2.6657
2.64207
2.61833
2.59468
2.5715
2.54848
2.52599
2.50316
2.48032
2.45699
2.43389
2.41086
2.38849
2.36632
2.3452
2.32537
2.30711
2.29018
2.27402
2.25842
2.24309
2.229
2.20808
2.18765
4.27631
3.42832
2.89998
2.40801
2.16548
2.03626
1.89984
1.64417
1.41874
1.28091
1.23611
1.2361
1.23528
1.20623
1.13064
1.0221
0.987249
0.983741
0.987087
1.00014
1.00141
1.02153
1.02073
1.01573
1.00674
1.00517
0.988728
0.986985
0.978858
0.985099
0.987409
1.00653
1.02019
1.02901
1.05853
1.10117
1.16639
1.24444
1.35215
1.49663
1.64813
1.78895
1.94099
2.08363
2.24572
2.3996
2.54399
2.64381
2.73016
2.83728
2.90043
2.96342
3.023
3.07115
3.11229
3.13239
3.14373
3.15062
3.15788
3.16566
3.16568
3.1548
3.14066
3.12541
3.10971
3.09247
3.07146
3.04936
3.02754
3.00625
2.98556
2.96452
2.94181
2.91726
2.89165
2.86581
2.8398
2.81367
2.78764
2.76094
2.73506
2.71052
2.68688
2.66395
2.64122
2.61816
2.59519
2.5716
2.54837
2.52514
2.50237
2.48101
2.46104
2.44251
2.42443
2.40691
2.38972
2.37304
2.35089
2.32694
4.44365
3.78796
3.22913
2.81874
2.54736
2.28966
2.12013
1.89439
1.58071
1.42667
1.3668
1.34021
1.29872
1.27058
1.22872
1.15612
1.08709
1.03622
1.01112
1.00872
1.00848
1.01381
1.01317
1.01019
1.00232
0.996674
0.982171
0.987938
0.985176
0.991892
0.99342
0.995302
1.00265
1.02035
1.06615
1.1415
1.24059
1.36233
1.50073
1.63918
1.80342
1.96525
2.1402
2.29102
2.46782
2.60427
2.73679
2.82761
2.92881
3.03557
3.0892
3.14711
3.20287
3.23882
3.27028
3.28058
3.29578
3.3107
3.31885
3.31786
3.30906
3.29511
3.28251
3.26994
3.2526
3.229
3.2043
3.18154
3.16034
3.14003
3.11787
3.09184
3.06467
3.03799
3.01198
2.98663
2.96141
2.93384
2.90412
2.8754
2.84862
2.82362
2.79964
2.77614
2.75264
2.72873
2.70516
2.68169
2.6587
2.63557
2.61302
2.59167
2.57161
2.55282
2.53424
2.51587
2.4976
2.47907
2.45561
2.42862
4.46321
4.00756
3.51237
3.12938
2.86997
2.65725
2.41026
2.17821
1.86123
1.64129
1.54754
1.50059
1.43775
1.37796
1.3109
1.22209
1.15564
1.11211
1.09244
1.08364
1.06775
1.05817
1.04533
1.03938
1.02517
1.02308
1.00548
1.00496
0.991326
0.993678
0.997063
1.00552
1.02633
1.05978
1.11171
1.18614
1.28751
1.41697
1.56026
1.70939
1.87771
2.04418
2.22838
2.41323
2.59632
2.72224
2.85225
2.95365
3.05328
3.11224
3.172
3.26077
3.32021
3.34946
3.37209
3.38176
3.39962
3.41092
3.41304
3.4099
3.40616
3.397
3.37925
3.36026
3.33927
3.31741
3.29637
3.27506
3.251
3.22523
3.19907
3.17307
3.14773
3.12315
3.09833
3.07004
3.03978
3.01008
2.98154
2.95456
2.92857
2.90373
2.87941
2.85537
2.83139
2.80778
2.78477
2.76152
2.73873
2.71572
2.69297
2.67185
2.65201
2.63318
2.61457
2.59617
2.57793
2.55903
2.53603
2.50736
4.40773
4.10065
3.72707
3.40104
3.12634
2.96327
2.74578
2.52282
2.26787
1.97986
1.78236
1.69607
1.62638
1.55395
1.48078
1.39748
1.30301
1.23686
1.19351
1.17309
1.15235
1.13624
1.11375
1.09527
1.07274
1.05998
1.03755
1.03867
1.02545
1.02969
1.04319
1.05866
1.07965
1.1339
1.20565
1.30796
1.42698
1.55378
1.65683
1.77717
1.88385
2.00241
2.13583
2.27461
2.42827
2.60203
2.82069
3.01787
3.15678
3.18351
3.22906
3.27527
3.32151
3.39438
3.43098
3.45948
3.45805
3.45315
3.45888
3.45978
3.45621
3.44493
3.42238
3.4046
3.38784
3.36941
3.34609
3.32139
3.29639
3.27168
3.24755
3.22347
3.19759
3.16987
3.1412
3.11247
3.08447
3.05764
3.03108
3.0039
2.97791
2.95321
2.92913
2.9055
2.88224
2.85894
2.83494
2.81149
2.78875
2.76619
2.74423
2.72404
2.70509
2.6869
2.66891
2.65102
2.63309
2.61423
2.59104
2.56085
4.36724
4.10366
3.83035
3.52712
3.28428
3.13636
2.9796
2.80825
2.57784
2.33293
2.09196
1.93052
1.84669
1.77311
1.68649
1.61108
1.50127
1.39972
1.33393
1.30098
1.27208
1.26139
1.23261
1.20481
1.16697
1.14925
1.1204
1.11793
1.10177
1.10335
1.14329
1.19247
1.24527
1.32308
1.43236
1.50753
1.59305
1.6788
1.74985
1.82691
1.89345
1.98214
2.06432
2.16293
2.27492
2.4043
2.56447
2.74302
3.01669
3.22633
3.32862
3.31554
3.32743
3.3582
3.39839
3.45836
3.47532
3.47565
3.4779
3.46614
3.45413
3.44897
3.44067
3.42346
3.40406
3.38159
3.35884
3.33736
3.31571
3.29258
3.26765
3.24131
3.21492
3.189
3.16348
3.13725
3.10779
3.0792
3.05207
3.02646
3.00244
2.97952
2.95627
2.9325
2.90825
2.88365
2.85997
2.83756
2.81604
2.79555
2.77543
2.75625
2.73803
2.72014
2.70229
2.6844
2.66638
2.64735
2.62385
2.59254
4.36518
4.06662
3.84712
3.58267
3.42757
3.24245
3.12392
2.98065
2.82612
2.61902
2.39523
2.20796
2.09174
2.00888
1.91713
1.83879
1.74068
1.62669
1.53628
1.47821
1.44082
1.41085
1.3826
1.35145
1.31668
1.27636
1.25331
1.22827
1.23866
1.2565
1.3788
1.46234
1.55019
1.66207
1.74038
1.75639
1.78697
1.8258
1.85224
1.90104
1.94519
1.99634
2.03545
2.09043
2.14294
2.2189
2.33459
2.46576
2.6225
2.81455
3.15987
3.37412
3.36695
3.35281
3.36286
3.38191
3.42417
3.45891
3.46622
3.45742
3.43527
3.4328
3.42937
3.41929
3.4
3.37933
3.35763
3.33603
3.3148
3.29283
3.26982
3.2461
3.2221
3.19544
3.16561
3.1365
3.1084
3.08213
3.05818
3.03571
3.01197
2.98755
2.9632
2.93906
2.91507
2.89177
2.86978
2.84911
2.82906
2.80917
2.78888
2.76963
2.75149
2.73379
2.71624
2.69861
2.68066
2.66137
2.6371
2.60439
4.41219
4.10412
3.8538
3.61013
3.49153
3.3048
3.1997
3.08032
2.9403
2.79254
2.59282
2.4072
2.26969
2.1961
2.12199
2.03842
1.95443
1.86277
1.76677
1.68477
1.62741
1.58539
1.55611
1.51931
1.49216
1.45006
1.4348
1.40809
1.46091
1.53093
1.79641
1.90485
1.99898
2.06862
2.02791
2.00184
1.98279
1.98523
1.99221
2.00137
2.01318
2.0348
2.0528
2.07368
2.09413
2.13521
2.17946
2.22762
2.32459
2.48051
2.65835
2.93378
3.25538
3.39968
3.39391
3.36085
3.36693
3.38504
3.41049
3.43465
3.42706
3.41542
3.41218
3.40592
3.38755
3.36918
3.35245
3.33409
3.31398
3.29217
3.26875
3.24417
3.21787
3.19028
3.16173
3.13389
3.10798
3.08379
3.06026
3.03578
3.01157
2.98791
2.96451
2.94141
2.91887
2.89667
2.87488
2.85403
2.83365
2.81353
2.7937
2.77454
2.75614
2.73813
2.72015
2.70193
2.68322
2.66311
2.63809
2.60434
4.45864
4.15915
3.89313
3.65484
3.50397
3.34252
3.24767
3.14295
3.01967
2.88673
2.74484
2.55867
2.41194
2.32159
2.25001
2.18982
2.12594
2.05009
1.96784
1.88462
1.80968
1.75685
1.72628
1.69653
1.66908
1.64494
1.63401
1.65452
1.71782
2.11681
2.32173
2.40502
2.45452
2.4366
2.36761
2.30294
2.24702
2.21708
2.19122
2.16387
2.13836
2.11239
2.08595
2.08837
2.09782
2.10308
2.10107
2.11558
2.16171
2.22271
2.32103
2.49173
2.67258
3.10163
3.39747
3.41267
3.38257
3.35825
3.35763
3.38724
3.39701
3.39855
3.39852
3.39483
3.37572
3.36198
3.35055
3.3367
3.31776
3.29583
3.27212
3.2485
3.2241
3.1983
3.1716
3.14387
3.11787
3.09327
3.06888
3.04431
3.01951
2.99517
2.97173
2.94885
2.92609
2.90308
2.88121
2.86026
2.8397
2.81945
2.79952
2.78016
2.76139
2.74287
2.72429
2.70546
2.68616
2.6655
2.6399
2.60532
4.52429
4.23491
3.96898
3.72731
3.5359
3.38203
3.28427
3.1851
3.07426
2.95158
2.82281
2.67737
2.52667
2.41734
2.33876
2.28422
2.22733
2.169
2.10384
2.02262
1.94932
1.88894
1.85041
1.82736
1.81134
1.81111
1.83384
1.95422
2.13794
2.775
2.84429
2.87815
2.86793
2.76778
2.676
2.58729
2.52128
2.46064
2.39842
2.35243
2.31213
2.26138
2.20663
2.16605
2.1301
2.09729
2.08693
2.09238
2.09633
2.10465
2.13705
2.21247
2.34769
2.54419
2.79167
3.21609
3.4162
3.43926
3.37052
3.34338
3.34931
3.38959
3.39561
3.39653
3.39137
3.3737
3.36061
3.349
3.3346
3.31606
3.29367
3.26889
3.24239
3.21731
3.19306
3.16797
3.14263
3.11823
3.09393
3.06981
3.04579
3.02197
2.99731
2.97246
2.94787
2.92411
2.90158
2.87997
2.85891
2.83835
2.81812
2.79818
2.77831
2.75843
2.73842
2.71818
2.69758
2.67568
2.6486
2.61248
4.57919
4.3022
4.03602
3.80303
3.59231
3.42408
3.30505
3.20675
3.11233
3.00305
2.8891
2.75224
2.62824
2.51081
2.41235
2.34774
2.30453
2.25343
2.18998
2.12727
2.05944
1.99428
1.94093
1.92528
1.91968
1.94231
2.03375
2.1902
2.77716
3.20468
3.24962
3.22827
3.15448
3.0362
2.92541
2.83269
2.74838
2.65771
2.58677
2.52289
2.44129
2.37675
2.32691
2.27953
2.21924
2.16367
2.13204
2.10962
2.08146
2.07346
2.07662
2.09453
2.14321
2.24496
2.41311
2.6104
3.01723
3.37777
3.45018
3.4192
3.36784
3.362
3.36458
3.38609
3.38863
3.38275
3.37279
3.35856
3.3424
3.32407
3.30319
3.28041
3.25783
3.23245
3.20755
3.18277
3.1578
3.13339
3.10936
3.08577
3.06247
3.03961
3.01648
2.99274
2.96901
2.94628
2.92479
2.90412
2.88382
2.86356
2.84299
2.82206
2.80087
2.77949
2.75787
2.73605
2.71401
2.69091
2.66256
2.62475
4.63931
4.38085
4.11751
3.88328
3.67275
3.48739
3.35237
3.24396
3.14123
3.03392
2.93058
2.81315
2.68689
2.58961
2.48569
2.40335
2.34681
2.29652
2.25533
2.19983
2.14638
2.05629
2.01408
2.00661
2.01871
2.09161
2.33484
2.75448
3.38803
3.47222
3.47415
3.42264
3.3389
3.2386
3.13791
3.03457
2.92648
2.82869
2.74126
2.64839
2.57179
2.5114
2.45165
2.36789
2.30552
2.26931
2.2339
2.18221
2.12104
2.07665
2.07699
2.0778
2.09257
2.11445
2.17625
2.30125
2.4883
2.68728
3.16461
3.46852
3.46969
3.40071
3.35285
3.35018
3.37123
3.37616
3.37179
3.36029
3.34417
3.32555
3.30308
3.28211
3.26013
3.23528
3.20614
3.18316
3.16336
3.14395
3.12381
3.10257
3.08043
3.05786
3.03517
3.01257
2.98899
2.96534
2.94267
2.92076
2.89914
2.8779
2.85692
2.83624
2.8157
2.79526
2.77468
2.75374
2.73205
2.70867
2.67932
2.63942
4.67139
4.44249
4.19444
3.94959
3.74629
3.56129
3.40897
3.29876
3.19075
3.08063
2.96789
2.86535
2.73646
2.64354
2.55365
2.45698
2.38492
2.34076
2.2954
2.24739
2.19726
2.1232
2.08284
2.08414
2.13672
2.33811
2.6434
3.30894
3.61731
3.62843
3.59128
3.53613
3.46713
3.38509
3.2897
3.18717
3.07635
2.97514
2.87433
2.78024
2.70483
2.63169
2.54386
2.47587
2.42889
2.38272
2.31375
2.26099
2.22837
2.17914
2.1445
2.11277
2.09982
2.08526
2.09755
2.12457
2.19638
2.33603
2.54781
2.84586
3.274
3.45167
3.4642
3.35021
3.31334
3.31291
3.34237
3.33954
3.32712
3.31189
3.2966
3.27113
3.24781
3.22604
3.20616
3.18482
3.1597
3.13698
3.11623
3.09617
3.07663
3.05704
3.03676
3.01268
2.98913
2.96695
2.94585
2.92555
2.90564
2.88591
2.86599
2.84576
2.82497
2.8036
2.7815
2.75884
2.73563
2.71136
2.68229
2.64192
4.70269
4.49404
4.26488
4.02803
3.82067
3.64204
3.47953
3.35226
3.24565
3.14391
3.03256
2.92432
2.80813
2.69189
2.61168
2.51538
2.42998
2.37863
2.33033
2.29251
2.22664
2.18337
2.17295
2.19927
2.35303
2.58153
3.27502
3.69112
3.69955
3.68887
3.66084
3.61684
3.55688
3.4835
3.39842
3.30524
3.20199
3.10311
2.99929
2.90562
2.82688
2.73524
2.65639
2.60043
2.54004
2.46465
2.41262
2.37269
2.33068
2.2906
2.24767
2.20248
2.15374
2.11209
2.07286
2.07176
2.07881
2.11869
2.21105
2.39594
2.58364
3.0783
3.42081
3.43287
3.38984
3.31079
3.2835
3.28341
3.29664
3.29287
3.28242
3.26708
3.24079
3.21598
3.19624
3.17563
3.15232
3.13099
3.11155
3.09284
3.07469
3.05662
3.03781
3.0161
2.99188
2.96997
2.95012
2.93164
2.91343
2.89435
2.87443
2.85342
2.83134
2.80851
2.78511
2.76136
2.73717
2.71195
2.68179
2.63912
4.70622
4.51962
4.32284
4.08249
3.89043
3.71687
3.55577
3.4201
3.31032
3.20591
3.09791
2.9868
2.87924
2.75698
2.6694
2.57257
2.47429
2.41494
2.36369
2.31386
2.26217
2.25273
2.27839
2.40181
2.5968
3.27203
3.72031
3.73483
3.73447
3.72316
3.69978
3.66347
3.61443
3.55307
3.47945
3.39539
3.30503
3.21201
3.11545
3.02948
2.9389
2.8458
2.78235
2.71187
2.63516
2.57618
2.52671
2.47084
2.42083
2.37152
2.30401
2.25167
2.19874
2.1568
2.10932
2.08855
2.04779
2.0549
2.08492
2.14908
2.26814
2.46644
2.69109
3.1696
3.41416
3.41913
3.31447
3.2523
3.2532
3.25929
3.26978
3.2668
3.25061
3.21834
3.18483
3.1649
3.14752
3.1297
3.11176
3.09457
3.07771
3.0606
3.04226
3.02139
2.99819
2.97645
2.95611
2.93624
2.91645
2.89674
2.87691
2.85659
2.83537
2.81296
2.78951
2.76509
2.7397
2.71281
2.6803
2.63517
4.72761
4.55625
4.37555
4.14432
3.93529
3.78302
3.61469
3.48097
3.37828
3.27434
3.16176
3.04906
2.94439
2.83429
2.74009
2.63268
2.53132
2.46521
2.37611
2.33078
2.32343
2.34441
2.45399
2.64875
3.29022
3.7539
3.76398
3.76505
3.75539
3.7405
3.72158
3.6965
3.65987
3.61112
3.54808
3.4763
3.39818
3.31503
3.22831
3.14274
3.04572
2.9721
2.8982
2.80763
2.74834
2.6903
2.6136
2.55255
2.49751
2.43958
2.37494
2.32561
2.26663
2.22089
2.18355
2.12127
2.07881
2.0526
2.05732
2.06231
2.09101
2.15972
2.30812
2.53116
2.9077
3.29472
3.36746
3.36303
3.25771
3.21232
3.22091
3.22396
3.22083
3.20725
3.19009
3.1568
3.13435
3.12016
3.10805
3.09667
3.0833
3.06786
3.04923
3.02445
3.0016
2.98028
2.9594
2.93843
2.91766
2.89729
2.87707
2.8564
2.83481
2.81188
2.78792
2.76291
2.73703
2.70968
2.67683
2.63009
4.68405
4.56726
4.42486
4.23582
4.00076
3.8476
3.68737
3.53427
3.43495
3.34173
3.23757
3.11159
3.00763
2.90755
2.81585
2.70882
2.61587
2.4915
2.42588
2.39226
2.40816
2.50085
2.73689
3.27217
3.83456
3.84707
3.84419
3.81186
3.78064
3.7638
3.74695
3.72584
3.69692
3.6588
3.6111
3.55203
3.48408
3.40511
3.32576
3.2397
3.1593
3.08238
2.99218
2.92277
2.85355
2.76656
2.69541
2.63703
2.57406
2.5045
2.44959
2.39265
2.33971
2.28734
2.24054
2.18541
2.15247
2.10271
2.07535
2.04765
2.04556
2.04869
2.09297
2.19544
2.37091
2.55701
3.03782
3.3429
3.35083
3.31604
3.22008
3.16722
3.17609
3.17767
3.17514
3.16515
3.14092
3.12198
3.10881
3.09712
3.08522
3.07102
3.05468
3.0324
3.00696
2.98419
2.96276
2.94117
2.91963
2.89838
2.87707
2.85511
2.8323
2.80834
2.78364
2.75805
2.73161
2.7036
2.67001
2.62168
4.6873
4.56607
4.43803
4.29071
4.0687
3.89735
3.75688
3.59606
3.47839
3.39019
3.29999
3.17839
3.06422
2.9729
2.88502
2.80206
2.66613
2.54389
2.49733
2.49505
2.56175
2.8113
3.26456
3.92581
3.96659
3.95653
3.91866
3.8617
3.82974
3.8099
3.79057
3.76864
3.74242
3.7092
3.66875
3.61838
3.55889
3.49058
3.4152
3.33517
3.25468
3.16267
3.08442
3.01038
2.91687
2.84061
2.77795
2.71351
2.64087
2.57216
2.51537
2.45641
2.40288
2.34817
2.28855
2.24664
2.20836
2.1743
2.14467
2.08857
2.05937
2.02699
2.03562
2.04007
2.0975
2.22486
2.43355
2.71489
3.15718
3.32301
3.32223
3.24959
3.17275
3.14347
3.14521
3.14633
3.14074
3.13028
3.11632
3.10165
3.08827
3.07441
3.05835
3.03909
3.01275
2.98896
2.96773
2.94605
2.92391
2.90206
2.88001
2.85676
2.8319
2.80549
2.77821
2.75088
2.72377
2.69537
2.66143
2.61181
4.54625
4.55178
4.47451
4.36562
4.16325
3.95703
3.82393
3.66103
3.53716
3.43943
3.35328
3.24222
3.12249
3.02807
2.94813
2.88151
2.72832
2.63445
2.60982
2.6477
2.86101
3.22614
3.95414
4.13128
4.1374
4.0428
3.96326
3.92263
3.88958
3.86258
3.83967
3.81514
3.7886
3.758
3.72131
3.67751
3.62481
3.565
3.49582
3.4192
3.33574
3.25064
3.16772
3.07653
2.99871
2.92762
2.85667
2.78378
2.72222
2.66296
2.60171
2.5377
2.47787
2.41568
2.35894
2.31935
2.27933
2.23549
2.19149
2.14977
2.11099
2.05216
2.02328
1.99591
1.99877
2.03464
2.11671
2.28807
2.47433
2.94178
3.26148
3.28989
3.27392
3.17993
3.11585
3.11378
3.11383
3.11347
3.11189
3.10586
3.09592
3.08218
3.05993
3.03691
3.01313
2.98964
2.96645
2.94291
2.91961
2.89684
2.8738
2.84935
2.82354
2.79735
2.77075
2.74345
2.71549
2.68609
2.65181
2.60146
4.51583
4.52441
4.45367
4.36474
4.2198
4.01413
3.88854
3.73072
3.57133
3.48032
3.40657
3.3076
3.18753
3.08803
3.00545
2.91258
2.80914
2.76179
2.77717
2.9478
3.22865
4.01165
4.27861
4.30137
4.20138
4.10685
4.05479
4.00991
3.96758
3.93248
3.90081
3.86862
3.83534
3.79974
3.76112
3.71841
3.67001
3.61505
3.5528
3.4837
3.4094
3.33025
3.24766
3.16486
3.08379
3.00203
2.92725
2.85988
2.79085
2.72595
2.65907
2.59583
2.52762
2.46927
2.41851
2.37522
2.3292
2.28419
2.23291
2.18906
2.14683
2.10976
2.04336
2.01837
1.97284
1.97292
1.99735
2.06025
2.19307
2.3756
2.58981
3.04878
3.26959
3.26925
3.22127
3.13718
3.09299
3.09055
3.0985
3.1007
3.09706
3.08707
3.07269
3.03908
3.00926
2.98399
2.96097
2.93787
2.91275
2.88958
2.86687
2.84258
2.8155
2.78841
2.76156
2.73483
2.70739
2.67784
2.64265
2.59143
4.0432
4.43878
4.46782
4.37171
4.26029
4.08545
3.93469
3.81289
3.62665
3.51225
3.44332
3.37073
3.24291
3.12178
3.04605
2.95058
2.91224
2.92448
3.07287
3.32055
4.11588
4.46036
4.48199
4.36596
4.26995
4.20963
4.15108
4.09074
4.03547
3.98785
3.94424
3.90392
3.86586
3.82741
3.78776
3.74581
3.70078
3.65129
3.59609
3.53412
3.46508
3.39119
3.31244
3.23183
3.14959
3.07044
2.99394
2.92033
2.84893
2.78143
2.71688
2.65261
2.58993
2.52937
2.47524
2.4227
2.37622
2.33618
2.29501
2.25498
2.21299
2.16713
2.11196
2.06833
2.01262
1.97595
1.98086
1.99119
2.01651
2.08106
2.2449
2.43953
2.8254
3.19098
3.25043
3.24028
3.15354
3.09814
3.07475
3.07721
3.08358
3.07867
3.06401
3.0445
3.00791
2.97711
2.95364
2.93186
2.90796
2.88411
2.86141
2.83711
2.80901
2.78164
2.75444
2.72734
2.69975
2.66998
2.63383
2.5818
3.0778
4.35749
4.42124
4.39487
4.29295
4.15886
3.99039
3.88053
3.70996
3.55785
3.47545
3.41194
3.30811
3.16376
3.0732
3.0427
3.063
3.20776
3.433
4.23754
4.67321
4.67972
4.52991
4.41884
4.35708
4.2961
4.23199
4.1632
4.09916
4.04231
3.99243
3.94371
3.89963
3.85678
3.81375
3.77026
3.72512
3.67754
3.62625
3.56972
3.50777
3.44026
3.36829
3.29317
3.21606
3.13867
3.06309
2.99082
2.9195
2.84938
2.78003
2.71162
2.64925
2.59339
2.52931
2.47453
2.43385
2.38755
2.35015
2.31008
2.2612
2.20872
2.14965
2.1041
2.05847
2.02626
1.99235
1.97732
1.95974
1.98818
2.04522
2.14432
2.32444
2.52041
2.97184
3.23549
3.23558
3.18637
3.12028
3.07732
3.06365
3.06018
3.05394
3.03597
3.01195
2.97795
2.94796
2.92516
2.90234
2.878
2.85529
2.83159
2.80327
2.77545
2.74828
2.72056
2.6918
2.66152
2.62535
2.57311
2.14286
3.66013
4.42475
4.44789
4.36706
4.23914
4.07179
3.93888
3.79406
3.61599
3.51662
3.44507
3.33665
3.23417
3.16845
3.18316
3.32541
3.57732
4.3476
4.87251
4.87245
4.68308
4.54563
4.48088
4.42057
4.3593
4.29456
4.22557
4.15838
4.09485
4.03641
3.98048
3.92767
3.88008
3.83474
3.78963
3.74438
3.69775
3.64875
3.59643
3.53985
3.47853
3.41313
3.34366
3.27124
3.19756
3.12286
3.05136
2.97922
2.91117
2.83915
2.77081
2.70153
2.64356
2.58814
2.53961
2.49109
2.44445
2.39978
2.3553
2.30939
2.26346
2.20868
2.15901
2.11255
2.07923
2.05386
2.01629
1.99082
1.98152
1.97919
2.00623
2.07442
2.20899
2.398
2.69037
3.06362
3.198
3.19005
3.15247
3.08283
3.04733
3.03708
3.02893
3.01187
2.98155
2.94934
2.9199
2.89581
2.87014
2.84682
2.82448
2.79872
2.76975
2.74301
2.71636
2.68752
2.6565
2.61927
2.56652
1.51542
2.63354
4.02765
4.37625
4.40375
4.28447
4.13569
3.991
3.87413
3.70359
3.55034
3.47755
3.37801
3.32177
3.32461
3.45504
3.71318
4.51579
5.09565
5.08912
4.8887
4.72567
4.64649
4.57586
4.50602
4.4367
4.36725
4.29764
4.22779
4.15969
4.09484
4.03167
3.97135
3.91494
3.86281
3.81406
3.76587
3.71772
3.66874
3.61791
3.56417
3.50735
3.44689
3.38317
3.31735
3.2485
3.18038
3.11022
3.04281
2.97345
2.90558
2.83506
2.76716
2.70182
2.65128
2.59832
2.5449
2.49544
2.44344
2.39726
2.35493
2.30683
2.25232
2.19748
2.15828
2.12381
2.08922
2.05475
2.02993
1.993
1.98487
1.98268
1.98757
2.01695
2.10262
2.27413
2.4292
2.86357
3.13951
3.15882
3.13983
3.08679
3.03666
3.00424
2.9914
2.97366
2.94732
2.91871
2.89277
2.86147
2.83553
2.81573
2.79363
2.76321
2.73495
2.70798
2.67994
2.64799
2.60927
2.55758
1.4712
1.75744
3.05695
4.25566
4.34066
4.32384
4.20315
4.06364
3.94005
3.82301
3.60809
3.50443
3.47193
3.46814
3.59824
3.8645
4.69607
5.33229
5.32008
5.11386
4.92458
4.82679
4.74777
4.6686
4.58489
4.50611
4.43206
4.35906
4.28691
4.21619
4.14559
4.07745
4.01051
3.94661
3.88759
3.83303
3.78242
3.73326
3.68373
3.63345
3.58174
3.52804
3.47231
3.41442
3.35452
3.29284
3.22964
3.16528
3.10001
3.03342
2.96568
2.8934
2.8182
2.75156
2.69594
2.64463
2.59439
2.54429
2.49544
2.44551
2.39771
2.34137
2.28955
2.24421
2.20493
2.16976
2.13703
2.10672
2.0768
2.0524
2.005
1.97829
1.95981
1.95152
1.9757
2.02609
2.13813
2.33735
2.60546
2.96701
3.12619
3.13055
3.10805
3.01963
2.96598
2.9469
2.92686
2.9054
2.88279
2.85936
2.82448
2.80101
2.78072
2.75445
2.72249
2.69676
2.67116
2.64253
2.59942
2.54562
1.41975
1.57001
2.06818
3.488
4.29541
4.35588
4.2948
4.1682
4.04439
3.87318
3.7039
3.60348
3.61272
3.7526
4.03483
4.9006
5.59307
5.58124
5.35346
5.14109
5.03389
4.94524
4.85981
4.76789
4.67493
4.58914
4.50764
4.42931
4.35347
4.27858
4.20515
4.13238
4.06076
3.99253
3.92615
3.86526
3.80952
3.75779
3.70789
3.6579
3.60731
3.55614
3.5039
3.4504
3.39545
3.33867
3.27999
3.21956
3.15745
3.09333
3.02716
2.95687
2.88599
2.81967
2.76137
2.70759
2.65519
2.60515
2.55468
2.50406
2.45575
2.39639
2.34199
2.29012
2.25078
2.21522
2.18419
2.15197
2.1172
2.0803
2.04533
2.02044
1.97014
1.93928
1.92437
1.91659
1.95553
2.0444
2.20019
2.33563
2.74064
3.0177
3.05154
3.04258
2.99189
2.92337
2.87862
2.86367
2.84637
2.82697
2.80478
2.78045
2.75435
2.72735
2.70054
2.67711
2.65314
2.62476
2.5848
2.53022
1.39101
1.43862
1.52899
2.51015
3.79083
4.22067
4.28034
4.19876
4.10829
3.92755
3.81619
3.78514
3.91491
4.21297
5.109
5.846
5.82995
5.59909
5.35231
5.23062
5.13396
5.04319
4.95378
4.85156
4.75444
4.66395
4.57899
4.49739
4.4185
4.34162
4.2653
4.19007
4.11641
4.04442
3.97525
3.90908
3.84901
3.7935
3.73988
3.68747
3.63628
3.58369
3.53184
3.4801
3.42765
3.37389
3.31848
3.26116
3.20186
3.13985
3.07562
3.00638
2.93773
2.87033
2.80858
2.75165
2.6979
2.64522
2.59301
2.53998
2.48616
2.42709
2.36762
2.31903
2.27825
2.24163
2.20879
2.17615
2.14526
2.11361
2.08161
2.04864
2.02065
1.97205
1.92057
1.88956
1.88259
1.88981
1.92502
2.03258
2.21375
2.4186
2.76314
2.94348
2.96045
2.94804
2.8809
2.81138
2.77517
2.7546
2.74225
2.7296
2.71263
2.69074
2.66213
2.63757
2.61402
2.58729
2.55461
2.50311
1.41001
1.37455
1.49876
1.70406
2.82952
3.96062
4.16933
4.1918
4.0972
3.99739
3.9821
4.139
4.45086
5.43088
6.18474
6.14871
5.91066
5.6281
5.4852
5.38537
5.28638
5.18922
5.08884
4.97966
4.87559
4.77729
4.68334
4.59396
4.50908
4.42703
4.34666
4.26757
4.18913
4.1122
4.03663
3.96275
3.89306
3.82955
3.76998
3.71296
3.65523
3.6014
3.54949
3.49871
3.44722
3.39497
3.34178
3.28711
3.23011
3.17024
3.10723
3.04097
2.97437
2.91059
2.85016
2.79262
2.73728
2.68319
2.62917
2.57441
2.51934
2.46264
2.40644
2.35642
2.31224
2.27395
2.23903
2.20371
2.1681
2.13107
2.09456
2.06006
2.02423
1.98447
1.93768
1.87693
1.84564
1.81565
1.80029
1.82664
1.88591
2.01188
2.1299
2.4694
2.73441
2.80358
2.81401
2.79187
2.72996
2.68299
2.66453
2.64987
2.64085
2.62907
2.60743
2.58504
2.56364
2.54
2.51119
2.46084
1.40871
1.43076
1.31811
1.40641
1.84984
3.12552
4.10097
4.2237
4.13023
4.12651
4.33832
4.65949
5.81288
6.51687
6.45587
6.1881
5.89974
5.74025
5.63667
5.52851
5.41965
5.3112
5.20022
5.0917
4.98406
4.88003
4.77964
4.68394
4.592
4.50373
4.41777
4.33316
4.25028
4.16747
4.08677
4.00669
3.93062
3.86029
3.79324
3.72826
3.66652
3.60488
3.5507
3.50037
3.45009
3.39932
3.34822
3.29564
3.24058
3.18323
3.12112
3.05789
2.99571
2.93478
2.87555
2.81759
2.7604
2.70416
2.64649
2.58963
2.5324
2.4749
2.41812
2.36615
2.32016
2.27602
2.23558
2.19686
2.15878
2.11941
2.08228
2.04477
2.00684
1.96337
1.91711
1.86332
1.81983
1.76771
1.72939
1.712
1.70998
1.735
1.8208
1.958
2.15308
2.44568
2.61283
2.64341
2.64708
2.62153
2.58032
2.55143
2.54046
2.52981
2.52192
2.51118
2.4971
2.47844
2.45505
2.40568
1.40831
1.409
1.39574
1.42074
1.50548
2.27339
3.50929
4.05225
4.16633
4.48198
4.94705
6.27037
6.84249
6.78366
6.46714
6.15594
5.99231
5.89107
5.78597
5.67015
5.55432
5.43714
5.32402
5.20898
5.08913
4.97421
4.86597
4.76169
4.66174
4.56563
4.47311
4.38411
4.29603
4.20943
4.12347
4.03852
3.95695
3.88081
3.80883
3.73905
3.6724
3.60156
3.53966
3.48773
3.43721
3.38667
3.33573
3.28284
3.22782
3.16886
3.10581
3.04458
2.98471
2.92496
2.86666
2.80796
2.7498
2.69153
2.63255
2.57417
2.51659
2.45962
2.40553
2.35418
2.30592
2.25639
2.20781
2.16319
2.1191
2.07522
2.03249
1.99083
1.94881
1.90504
1.8606
1.81609
1.77196
1.72697
1.68087
1.64846
1.62326
1.60582
1.61432
1.65921
1.75981
1.88005
2.18156
2.4014
2.46253
2.48193
2.48713
2.45066
2.41981
2.4058
2.40087
2.39698
2.39177
2.38388
2.374
2.33369
1.40842
1.40836
1.40737
1.38913
1.45284
1.57216
2.47941
3.54128
4.29079
5.15525
6.8126
7.21073
7.12814
6.76541
6.41491
6.26367
6.14662
6.03156
5.90471
5.78194
5.66602
5.55272
5.43725
5.3175
5.18922
5.06536
4.94856
4.83807
4.7305
4.62515
4.5241
4.42479
4.32843
4.2315
4.13676
4.04413
3.95379
3.86889
3.78786
3.70813
3.63227
3.54999
3.47732
3.41756
3.36148
3.3063
3.25111
3.19482
3.13757
3.07351
3.01167
2.95326
2.89517
2.83688
2.77891
2.72072
2.66262
2.6036
2.54469
2.48748
2.43199
2.37838
2.3265
2.27711
2.23026
2.18355
2.13469
2.08999
2.04901
2.00868
1.9706
1.93312
1.89432
1.85584
1.81771
1.77856
1.73674
1.69106
1.65426
1.61765
1.58404
1.55275
1.52037
1.53281
1.56799
1.63679
1.7324
1.93507
2.1798
2.33011
2.35251
2.35327
2.33413
2.29687
2.26774
2.25715
2.25477
2.25455
2.25578
2.2415
1.40844
1.40884
1.40684
1.40883
1.37824
1.48456
1.7568
2.65309
4.3388
6.88153
7.10941
7.06734
6.60458
6.29276
6.20432
6.1535
6.08875
6.00463
5.89552
5.77598
5.65574
5.53964
5.42127
5.29412
5.16257
5.03134
4.90482
4.78383
4.66772
4.55371
4.44043
4.33054
4.22391
4.12014
4.01756
3.91622
3.81752
3.72433
3.63481
3.54674
3.46204
3.37057
3.28836
3.22288
3.16442
3.10812
3.05287
2.99842
2.942
2.88315
2.82959
2.78014
2.73095
2.68254
2.6342
2.58586
2.53722
2.48826
2.4389
2.39178
2.34542
2.2994
2.25532
2.21334
2.17344
2.13415
2.08943
2.04744
2.00868
1.97235
1.93659
1.90106
1.86369
1.82827
1.79277
1.75675
1.71752
1.67681
1.63993
1.60496
1.57534
1.54079
1.50728
1.49338
1.49264
1.51381
1.55038
1.62861
1.73111
2.00818
2.21456
2.2492
2.25013
2.22613
2.18875
2.16834
2.16024
2.15082
2.14678
2.16645
1.40845
1.40844
1.40916
1.40166
1.41112
1.3947
1.72733
2.24868
5.29109
6.40865
6.50654
6.05318
5.72634
5.65757
5.66118
5.6471
5.6049
5.55176
5.48752
5.40551
5.31086
5.21236
5.10998
5.0047
4.89154
4.76793
4.64012
4.51274
4.38744
4.26659
4.15103
4.04117
3.93655
3.83575
3.73925
3.64469
3.55481
3.47099
3.39121
3.3136
3.2388
3.16112
3.08902
3.03069
2.98069
2.93269
2.88518
2.83903
2.78879
2.73934
2.69729
2.65858
2.62044
2.58259
2.54446
2.50562
2.46574
2.42528
2.38466
2.34485
2.30661
2.26699
2.22505
2.19062
2.15664
2.12039
2.07663
2.03597
1.99849
1.96218
1.9257
1.89026
1.85602
1.82177
1.78842
1.75529
1.72149
1.68572
1.6503
1.61555
1.58285
1.55261
1.51915
1.48359
1.46531
1.46201
1.46527
1.48529
1.55456
1.66964
1.90726
2.0799
2.14667
2.15463
2.14234
2.11498
2.09019
2.08077
2.09285
2.13696
1.40845
1.40844
1.40828
1.40747
1.39739
1.43438
1.84277
2.71599
6.5697
6.35994
5.81368
5.63384
5.61594
5.60501
5.56627
5.50281
5.40443
5.31273
5.21675
5.1113
5.00261
4.88808
4.77544
4.66471
4.5563
4.44746
4.33591
4.22741
4.12215
4.01935
3.9197
3.82454
3.73432
3.64815
3.56605
3.48686
3.41043
3.33873
3.27073
3.20464
3.14016
3.07533
3.01252
2.95956
2.91321
2.86853
2.82418
2.78113
2.73292
2.68747
2.65105
2.61772
2.58496
2.55223
2.51913
2.48529
2.45109
2.4158
2.38148
2.34817
2.31487
2.27851
2.24094
2.20744
2.17303
2.13516
2.0967
2.05796
2.01924
1.98081
1.94377
1.90734
1.87139
1.83607
1.8014
1.76639
1.73095
1.69502
1.65879
1.62284
1.58696
1.55649
1.52762
1.49872
1.47274
1.43852
1.43666
1.43761
1.46929
1.53438
1.62849
1.78837
1.96892
2.072
2.07705
2.07439
2.06185
2.06562
2.08035
2.19672
1.40845
1.40844
1.4083
1.40763
1.39711
1.42648
1.79629
2.73903
7.05401
6.29252
6.20001
6.09525
5.97199
5.79556
5.64759
5.53569
5.4391
5.34056
5.23568
5.12858
5.02407
4.91958
4.81259
4.70295
4.58704
4.47123
4.3533
4.23837
4.13044
4.02813
3.93111
3.839
3.75094
3.66391
3.57822
3.49441
3.41553
3.34204
3.27271
3.20593
3.14152
3.08012
3.01991
2.96599
2.91683
2.86978
2.82338
2.77869
2.72902
2.68535
2.65093
2.61973
2.58943
2.55993
2.53005
2.49996
2.46947
2.43706
2.40525
2.37386
2.34096
2.30472
2.27051
2.23533
2.19893
2.16254
2.12583
2.08838
2.04827
2.0089
1.97018
1.93251
1.89591
1.86047
1.82545
1.7906
1.75563
1.72047
1.68511
1.65025
1.61329
1.58106
1.55268
1.52567
1.49932
1.47248
1.44035
1.42736
1.4377
1.44868
1.49679
1.58328
1.71245
1.90425
2.04345
2.04329
2.05785
2.08198
2.13721
2.41209
1.40845
1.40845
1.40826
1.40762
1.39661
1.43016
1.80807
2.80409
7.18514
6.20721
6.1149
6.06353
5.99344
5.91416
5.83411
5.74043
5.63116
5.51316
5.39298
5.273
5.154
5.03533
4.91832
4.80013
4.68113
4.5619
4.44477
4.33061
4.21986
4.11522
4.01605
3.92097
3.82732
3.73662
3.6485
3.56503
3.48659
3.41329
3.34438
3.27826
3.21453
3.15066
3.0883
3.03176
2.97967
2.92989
2.88154
2.83599
2.78673
2.74407
2.70976
2.67828
2.64792
2.61769
2.58672
2.55634
2.52559
2.49424
2.46381
2.4331
2.40066
2.36667
2.33158
2.29537
2.25826
2.22055
2.18148
2.14054
2.09822
2.05591
2.0146
1.97484
1.93651
1.89929
1.86251
1.82607
1.78945
1.75234
1.71501
1.67705
1.63695
1.60185
1.5721
1.54516
1.51811
1.49173
1.46499
1.43875
1.4246
1.42675
1.42669
1.47285
1.5623
1.66768
1.86668
1.99725
2.07702
2.18042
2.31765
2.74488
1.40845
1.40845
1.40826
1.40765
1.39678
1.42821
1.80083
2.77628
7.23403
6.11809
6.09799
6.09874
6.04705
5.96846
5.864
5.76424
5.66244
5.55849
5.45309
5.34741
5.24018
5.12927
5.00872
4.88628
4.76483
4.64523
4.52864
4.41587
4.30744
4.20053
4.09631
3.99476
3.89623
3.80126
3.71132
3.62686
3.54796
3.47354
3.4027
3.33392
3.26605
3.1994
3.13553
3.07657
3.02229
2.97066
2.92128
2.87496
2.8247
2.7814
2.74596
2.71362
2.68249
2.65114
2.62094
2.59214
2.56297
2.53331
2.50378
2.47353
2.44158
2.40751
2.37166
2.33426
2.29551
2.25561
2.21473
2.173
2.13019
2.08659
2.04345
2.00187
1.96219
1.92359
1.88578
1.84833
1.81083
1.77287
1.73476
1.69547
1.65436
1.61849
1.58863
1.56123
1.53356
1.50884
1.48139
1.46304
1.41801
1.40522
1.40632
1.41229
1.45088
1.52608
1.65061
1.84317
2.10656
2.34102
2.72437
2.98171
1.40845
1.40845
1.40826
1.40762
1.39664
1.42927
1.80969
2.83451
7.37821
6.15275
6.15938
6.15454
6.10372
6.03526
5.94879
5.85795
5.75981
5.65663
5.55091
5.44291
5.33072
5.21298
5.08882
4.96492
4.84324
4.72392
4.60757
4.49434
4.38187
4.27037
4.16242
4.05841
3.95863
3.86345
3.77289
3.68708
3.60608
3.5289
3.45524
3.38445
3.31491
3.24786
3.18345
3.12351
3.0678
3.0147
2.96367
2.91523
2.86343
2.81947
2.7831
2.75014
2.7185
2.68693
2.65692
2.62821
2.59895
2.5692
2.53928
2.50833
2.47562
2.44084
2.40403
2.36548
2.3257
2.28495
2.24315
2.20008
2.15559
2.11046
2.06563
2.02244
1.98137
1.94146
1.90249
1.86394
1.82536
1.78633
1.74688
1.70644
1.66462
1.62693
1.59647
1.56758
1.54134
1.51506
1.48951
1.46334
1.43558
1.39353
1.38351
1.39063
1.39718
1.45127
1.58516
1.82974
2.1089
2.65552
2.98606
2.9601
)
;

boundaryField
{
    inlet
    {
        type            calculated;
        value           uniform 1.40845;
    }
    outlet
    {
        type            calculated;
        value           nonuniform List<scalar> 
40
(
1.91037
1.99597
2.18765
2.32694
2.42862
2.50736
2.56085
2.59254
2.60439
2.60434
2.60532
2.61248
2.62475
2.63942
2.64192
2.63912
2.63517
2.63009
2.62168
2.61181
2.60146
2.59143
2.5818
2.57311
2.56652
2.55758
2.54562
2.53022
2.50311
2.46084
2.40568
2.33369
2.2415
2.16645
2.13696
2.19672
2.41209
2.74488
2.98171
2.9601
)
;
    }
    bottom
    {
        type            symmetryPlane;
    }
    top
    {
        type            symmetryPlane;
    }
    obstacle
    {
        type            calculated;
        value           nonuniform List<scalar> 
110
(
6.66996
6.672
6.65726
6.63407
6.59556
6.53793
6.47364
6.35295
6.19686
5.95835
1.75347
1.78327
2.03677
1.7544
1.89753
1.86201
1.73389
1.50291
1.43679
1.41406
1.41763
1.42243
1.42049
1.39474
1.32067
1.26728
1.23962
1.23429
1.23935
1.23978
1.24051
1.23972
1.23481
1.22955
1.2207
1.21591
1.21136
1.20966
1.2086
1.21198
1.21798
1.24037
1.26429
1.3094
1.37966
1.43774
1.49765
1.55714
1.65467
1.72298
1.79103
1.87812
1.95316
2.03706
2.1169
2.17588
2.22593
2.28125
2.32378
2.35611
2.38632
2.42494
2.44583
2.46529
2.48208
2.49161
2.49781
2.50122
2.50109
2.49737
2.49157
2.48391
2.47366
2.46186
2.44895
2.43471
2.41938
2.40358
2.38759
2.37091
2.35414
2.33714
2.32003
2.30242
2.28463
2.26651
2.24831
2.22983
2.21139
2.19292
2.17494
2.15719
2.14009
2.12342
2.10732
2.09149
2.07622
2.06108
2.04659
2.03219
2.01876
2.00559
1.99372
1.98195
1.97105
1.95991
1.94901
1.93899
1.92406
1.91037
)
;
    }
    defaultFaces
    {
        type            empty;
    }
}


// ************************************************************************* //
