/*--------------------------------*- C++ -*----------------------------------*\
| =========                 |                                                 |
| \\      /  F ield         | OpenFOAM: The Open Source CFD Toolbox           |
|  \\    /   O peration     | Version:  v2106                                 |
|   \\  /    A nd           | Website:  www.openfoam.com                      |
|    \\/     M anipulation  |                                                 |
\*---------------------------------------------------------------------------*/
FoamFile
{
    version     2.0;
    format      ascii;
    arch        "LSB;label=32;scalar=64";
    class       volScalarField;
    location    "19";
    object      Mo;
}
// * * * * * * * * * * * * * * * * * * * * * * * * * * * * * * * * * * * * * //

dimensions      [0 0 0 0 0 0 0];

internalField   nonuniform List<scalar> 
5250
(
3.01265
3.01265
3.01265
3.01265
3.01265
3.01265
3.01265
3.01265
3.01263
3.0125
3.01132
3.00087
2.92326
2.63525
1.80531
0.61413
0.208737
0.344073
0.283235
0.243318
0.212215
0.169663
0.127905
0.0809568
0.0380939
3.01265
3.01265
3.01265
3.01265
3.01265
3.01265
3.01265
3.01265
3.01263
3.01251
3.01138
3.00149
2.92633
2.64783
1.8426
0.641745
0.210714
0.350879
0.290565
0.247733
0.215884
0.174358
0.136191
0.0962665
0.0702153
3.01265
3.01265
3.01265
3.01265
3.01265
3.01265
3.01265
3.01265
3.01263
3.01252
3.01147
3.00239
2.93111
2.66513
1.87835
0.697215
0.20893
0.359104
0.297265
0.253041
0.224007
0.186348
0.154853
0.125941
0.111198
3.01265
3.01265
3.01265
3.01265
3.01265
3.01265
3.01265
3.01265
3.01264
3.01253
3.01157
3.00357
2.93757
2.68881
1.92704
0.77605
0.208237
0.369881
0.306333
0.264051
0.238651
0.206621
0.18248
0.161971
0.153301
3.01265
3.01265
3.01265
3.01265
3.01265
3.01265
3.01265
3.01265
3.01264
3.01255
3.01169
3.00491
2.9454
2.71748
1.98992
0.874503
0.219088
0.38512
0.323661
0.281878
0.259455
0.232467
0.213686
0.202637
0.198803
3.01265
3.01265
3.01265
3.01265
3.01265
3.01265
3.01265
3.01265
3.01264
3.01257
3.01188
3.00632
2.95432
2.75064
2.06307
1.00524
0.253929
0.405504
0.350313
0.304016
0.285009
0.264137
0.251666
0.247199
0.248532
3.01265
3.01265
3.01265
3.01265
3.01265
3.01265
3.01265
3.01265
3.01264
3.0126
3.01204
3.00799
2.96399
2.78844
2.14821
1.17541
0.318414
0.439235
0.393025
0.340004
0.320166
0.301765
0.296665
0.295274
0.305944
3.01265
3.01265
3.01265
3.01265
3.01265
3.01265
3.01265
3.01265
3.01264
3.01262
3.01207
3.00903
2.97103
2.81512
2.23088
1.2574
0.396986
0.477893
0.442679
0.389736
0.363893
0.34731
0.349949
0.355179
0.378051
3.01265
3.01265
3.01265
3.01265
3.01265
3.01265
3.01265
3.01265
3.01264
3.01263
3.01218
3.00995
2.9791
2.84579
2.32378
1.3445
0.466241
0.508774
0.486818
0.447582
0.420533
0.40181
0.413642
0.420201
0.474343
3.01265
3.01265
3.01265
3.01265
3.01265
3.01265
3.01265
3.01265
3.01264
3.01264
3.01222
3.01078
2.98342
2.87859
2.41936
1.45374
0.536552
0.531981
0.52545
0.505589
0.483791
0.466274
0.484679
0.51469
0.646115
3.01265
3.01265
3.01265
3.01265
3.01265
3.01265
3.01265
3.01265
3.01265
3.01264
3.01239
3.01109
2.99352
2.89989
2.51235
1.56899
0.634539
0.519271
0.552084
0.561342
0.55118
0.54132
0.56833
0.649991
0.874947
3.01265
3.01265
3.01265
3.01265
3.01265
3.01265
3.01265
3.01265
3.01265
3.01263
3.01255
3.01121
3.00338
2.91837
2.6203
1.70203
0.789311
0.494269
0.554383
0.590413
0.61436
0.621908
0.650538
0.758908
0.93161
3.01265
3.01265
3.01265
3.01265
3.01265
3.01265
3.01265
3.01265
3.01265
3.01264
3.01255
3.01176
3.00549
2.94899
2.73559
2.04254
1.04072
0.505752
0.566725
0.599667
0.636032
0.687835
0.726534
0.826453
0.957245
3.01265
3.01265
3.01265
3.01265
3.01265
3.01265
3.01265
3.01265
3.01265
3.01264
3.01261
3.01208
3.0086
2.96849
2.80531
2.22759
1.34134
0.583084
0.604025
0.620173
0.65197
0.707656
0.769978
0.864881
0.974504
3.01265
3.01265
3.01265
3.01265
3.01265
3.01265
3.01265
3.01265
3.01265
3.01264
3.01265
3.01205
3.01067
2.97808
2.87101
2.38447
1.52518
0.744933
0.66033
0.659837
0.680761
0.730551
0.795289
0.889071
0.983978
3.01265
3.01265
3.01265
3.01265
3.01265
3.01265
3.01265
3.01265
3.01265
3.01265
3.01263
3.01242
3.01087
2.99524
2.90408
2.53269
1.67237
0.94191
0.704222
0.714841
0.727811
0.760397
0.813463
0.892715
0.982777
3.01265
3.01265
3.01265
3.01265
3.01265
3.01265
3.01265
3.01265
3.01265
3.01265
3.01263
3.01267
3.01136
3.00978
2.93448
2.70656
1.89994
1.21142
0.726963
0.753632
0.768376
0.792081
0.833642
0.899193
0.979807
3.01265
3.01265
3.01265
3.01265
3.01265
3.01265
3.01265
3.01265
3.01265
3.01265
3.01264
3.01263
3.01194
3.00921
2.96743
2.82229
2.28183
1.49889
0.831009
0.792976
0.80539
0.824082
0.858119
0.911863
0.982587
3.01265
3.01265
3.01265
3.01265
3.01265
3.01265
3.01265
3.01265
3.01265
3.01265
3.01265
3.01262
3.01234
3.01018
2.99005
2.874
2.48311
1.68878
1.0254
0.841971
0.849437
0.865871
0.892527
0.934002
0.99098
3.01265
3.01265
3.01265
3.01265
3.01265
3.01265
3.01265
3.01265
3.01265
3.01265
3.01265
3.01262
3.01265
3.01087
3.00711
2.91443
2.69789
1.90265
1.3258
0.883214
0.894479
0.907816
0.928438
0.959797
1.0049
3.01265
3.01265
3.01265
3.01265
3.01265
3.01265
3.01265
3.01265
3.01265
3.01265
3.01265
3.01264
3.01258
3.01207
3.00786
2.97419
2.8076
2.30593
1.61459
1.00863
0.936804
0.939802
0.95667
0.984298
1.02207
3.01265
3.01265
3.01265
3.01265
3.01265
3.01265
3.01265
3.01265
3.01265
3.01265
3.01265
3.01264
3.01258
3.01256
3.0088
3.0088
2.8422
2.61735
1.87256
1.25816
0.992347
0.981057
0.992067
1.01276
1.0439
3.01265
3.01265
3.01265
3.01265
3.01265
3.01265
3.01265
3.01265
3.01265
3.01265
3.01265
3.01265
3.01264
3.01255
3.01173
3.00563
2.95761
2.76148
2.13349
1.58307
1.04736
1.01754
1.02163
1.03938
1.06724
3.01265
3.01265
3.01265
3.01265
3.01265
3.01265
3.01265
3.01265
3.01265
3.01265
3.01265
3.01265
3.01264
3.01257
3.01253
3.008
3.00974
2.80441
2.57704
1.88128
1.26738
1.06863
1.05835
1.07323
1.09607
3.01265
3.01265
3.01265
3.01265
3.01265
3.01265
3.01265
3.01265
3.01265
3.01265
3.01265
3.01265
3.01265
3.01263
3.0125
3.01139
3.00334
2.93926
2.71162
2.02607
1.60268
1.11962
1.09678
1.10574
1.12438
3.01265
3.01265
3.01265
3.01265
3.01265
3.01265
3.01265
3.01265
3.01265
3.01265
3.01265
3.01265
3.01265
3.01263
3.01255
3.01248
3.00775
3.01041
2.78953
2.51368
1.88739
1.31875
1.15507
1.14259
1.15716
3.01265
3.01265
3.01265
3.01265
3.01265
3.01265
3.01265
3.01265
3.01265
3.01265
3.01265
3.01265
3.01265
3.01265
3.01263
3.01248
3.0112
3.0023
2.93151
2.71155
2.05729
1.64794
1.20501
1.18115
1.18602
3.01265
3.01265
3.01265
3.01265
3.01265
3.01265
3.01265
3.01265
3.01265
3.01265
3.01265
3.01265
3.01265
3.01265
3.01263
3.01256
3.0126
3.0076
3.0139
2.79126
2.5415
1.93324
1.39649
1.23322
1.21696
3.01265
3.01265
3.01265
3.01265
3.01265
3.01265
3.01265
3.01265
3.01265
3.01265
3.01265
3.01265
3.01265
3.01265
3.01265
3.01262
3.01249
3.0112
3.00323
2.93218
2.72766
2.1248
1.74166
1.27953
1.25275
3.01265
3.01265
3.01265
3.01265
3.01265
3.01265
3.01265
3.01265
3.01265
3.01265
3.01265
3.01265
3.01265
3.01265
3.01265
3.01264
3.01259
3.01278
3.00878
3.01015
2.8194
2.57646
1.99521
1.48931
1.30569
3.01265
3.01265
3.01265
3.01265
3.01265
3.01265
3.01265
3.01265
3.01265
3.01265
3.01265
3.01265
3.01265
3.01265
3.01265
3.01265
3.01263
3.01257
3.01138
3.00576
2.94318
2.75846
2.20606
1.83368
1.36751
3.01265
3.01265
3.01265
3.01265
3.01265
3.01265
3.01265
3.01265
3.01265
3.01265
3.01265
3.01265
3.01265
3.01265
3.01265
3.01265
3.01265
3.0126
3.01263
3.00911
3.00543
2.85603
2.63817
2.06355
1.60426
3.01265
3.01265
3.01265
3.01265
3.01265
3.01265
3.01265
3.01265
3.01265
3.01265
3.01265
3.01265
3.01265
3.01265
3.01265
3.01265
3.01265
3.01263
3.01257
3.01163
3.00654
2.95431
2.77028
2.36143
1.96346
3.01265
3.01265
3.01265
3.01265
3.01265
3.01265
3.01265
3.01265
3.01265
3.01265
3.01265
3.01265
3.01265
3.01265
3.01265
3.01265
3.01265
3.01265
3.01266
3.01305
3.01111
3.00865
2.90502
2.8298
2.23963
3.01265
3.01265
3.01265
3.01265
3.01265
3.01265
3.01265
3.01265
3.01265
3.01265
3.01265
3.01265
3.01265
3.01265
3.01265
3.01265
3.01265
3.01265
3.01264
3.01259
3.01227
3.00855
3.00795
2.81452
2.65741
3.01265
3.01265
3.01265
3.01265
3.01265
3.01265
3.01265
3.01265
3.01265
3.01265
3.01265
3.01265
3.01265
3.01265
3.01265
3.01265
3.01265
3.01265
3.01265
3.01266
3.01249
3.01186
3.00618
2.94361
2.78965
3.01265
3.01265
3.01265
3.01265
3.01265
3.01265
3.01265
3.01265
3.01265
3.01265
3.01265
3.01265
3.01265
3.01265
3.01265
3.01265
3.01265
3.01265
3.01265
3.01265
3.0126
3.01254
3.01041
3.00658
2.88566
3.01265
3.01265
3.01265
3.01265
3.01265
3.01265
3.01265
3.01265
3.01265
3.01265
3.01265
3.01265
3.01265
3.01265
3.01265
3.01265
3.01265
3.01265
3.01265
3.01265
3.01264
3.01258
3.01206
3.00912
2.98508
3.01265
3.01265
3.01265
3.01265
3.01265
3.01265
3.01265
3.01265
3.01265
3.01265
3.01265
3.01265
3.01265
3.01265
3.01265
3.01265
3.01265
3.01265
3.01265
3.01265
3.01265
3.01264
3.01251
3.01157
3.00528
3.01265
3.01265
3.01265
3.01265
3.01265
3.01265
3.01265
3.01265
3.01265
3.01265
3.01265
3.01265
3.01265
3.01265
3.01265
3.01265
3.01265
3.01265
3.01265
3.01265
3.01265
3.01264
3.01263
3.01242
3.01068
3.01265
3.01265
3.01265
3.01265
3.01265
3.01265
3.01265
3.01265
3.01265
3.01265
3.01265
3.01265
3.01265
3.01265
3.01265
3.01265
3.01265
3.01265
3.01265
3.01265
3.01265
3.01265
3.01264
3.01255
3.01259
3.01265
3.01265
3.01265
3.01265
3.01265
3.01265
3.01265
3.01265
3.01265
3.01265
3.01265
3.01265
3.01265
3.01265
3.01265
3.01265
3.01265
3.01265
3.01265
3.01265
3.01265
3.01265
3.01265
3.01262
3.01261
3.01265
3.01265
3.01265
3.01265
3.01265
3.01265
3.01265
3.01265
3.01265
3.01265
3.01265
3.01265
3.01265
3.01265
3.01265
3.01265
3.01265
3.01265
3.01265
3.01265
3.01265
3.01265
3.01265
3.01264
3.01264
3.01265
3.01265
3.01265
3.01265
3.01265
3.01265
3.01265
3.01265
3.01265
3.01265
3.01265
3.01265
3.01265
3.01265
3.01265
3.01265
3.01265
3.01265
3.01265
3.01265
3.01265
3.01265
3.01265
3.01265
3.01264
3.01265
3.01265
3.01265
3.01265
3.01265
3.01265
3.01265
3.01265
3.01265
3.01265
3.01265
3.01265
3.01265
3.01265
3.01265
3.01265
3.01265
3.01265
3.01265
3.01265
3.01265
3.01265
3.01265
3.01265
3.01265
3.01265
3.01265
3.01265
3.01265
3.01265
3.01265
3.01265
3.01265
3.01265
3.01265
3.01265
3.01265
3.01265
3.01265
3.01265
3.01265
3.01265
3.01265
3.01265
3.01265
3.01265
3.01265
3.01265
3.01265
3.01265
3.01265
3.01265
3.01265
3.01265
3.01265
3.01265
3.01265
3.01265
3.01265
3.01265
3.01265
3.01265
3.01265
3.01265
3.01265
3.01265
3.01265
3.01265
3.01265
3.01265
3.01265
3.01265
3.01265
3.01265
3.01265
3.01265
3.01265
3.01265
3.01265
3.01265
3.01265
3.01265
3.01265
3.01265
3.01265
3.01265
3.01265
3.01265
3.01265
3.01265
3.01265
3.01265
3.01265
3.01265
3.01265
3.01265
3.01265
3.01265
3.01265
3.01265
3.01265
3.01265
3.01265
3.01265
3.01265
3.01265
3.01265
3.01265
3.01265
3.01265
3.01265
3.01265
3.01265
3.01265
3.01265
3.01265
3.01265
3.01265
3.01265
3.01265
3.01265
3.01265
3.01265
3.01265
3.01265
3.01265
3.01265
3.01265
3.01265
3.01265
3.01265
3.01265
3.01265
3.01265
3.01265
3.01265
3.01265
3.01265
3.01265
3.01265
3.01265
3.01265
3.01265
3.01265
3.01265
3.01265
3.01265
3.01265
3.01265
3.01265
1.13521
0.574011
0.354347
0.281525
0.376136
0.287464
0.414943
0.609932
0.749604
0.810082
0.822413
0.813896
0.810355
0.815455
0.864477
0.918421
0.962666
0.984283
0.990906
0.984536
0.97927
0.976783
0.976319
0.979588
0.982817
0.988418
0.994152
0.998301
1.00078
1.00181
1.00195
0.989916
0.977194
0.947328
0.906369
0.854215
0.797244
0.733106
0.663339
0.598849
0.534951
0.469082
0.406299
0.344333
0.281611
0.228855
0.19
0.128416
0.0729097
0.031993
0.041914
0.0820307
0.127953
0.170429
0.210884
0.248878
0.284513
0.318519
0.350807
0.381116
0.409534
0.436339
0.461947
0.486069
0.508862
0.530372
0.551135
0.57103
0.590174
0.608454
0.626021
0.643039
0.65965
0.675904
0.691889
0.70764
0.723188
0.738544
0.753468
0.7681
0.781997
0.79568
0.808815
0.821768
0.834223
0.84649
0.858224
0.869777
0.880748
0.891558
0.901744
0.911823
0.921438
0.930964
0.940093
0.94922
0.958483
0.968541
0.976899
0.985222
1.10589
0.95179
0.615376
0.445468
0.141187
0.115295
0.242242
0.449153
0.53463
0.571258
0.533733
0.508301
0.500915
0.526032
0.578617
0.632198
0.668712
0.6833
0.684378
0.676157
0.671929
0.669621
0.669365
0.672236
0.674769
0.681462
0.68809
0.695032
0.69961
0.701332
0.700599
0.68616
0.67121
0.644059
0.603196
0.554652
0.499441
0.434893
0.358814
0.298958
0.238675
0.157935
0.101314
0.0699578
0.117727
0.184897
0.264976
0.337144
0.381975
0.427419
0.467437
0.501679
0.536207
0.566541
0.592961
0.618289
0.641588
0.664631
0.686451
0.707496
0.727369
0.746504
0.765291
0.783177
0.800325
0.816703
0.83241
0.847654
0.862506
0.87708
0.891138
0.904651
0.917837
0.930819
0.943729
0.956496
0.969206
0.981791
0.994139
1.0062
1.01771
1.02894
1.03986
1.05063
1.06116
1.0715
1.0815
1.09132
1.1007
1.10993
1.11865
1.12723
1.13552
1.14364
1.1514
1.15914
1.16705
1.1759
1.18336
1.19101
1.0639
1.08831
0.975448
0.832857
0.603917
0.430631
0.348144
0.400038
0.356569
0.267245
0.16431
0.0538285
0.0231557
0.0961433
0.153552
0.300669
0.361127
0.397904
0.39659
0.380337
0.369297
0.363651
0.366301
0.369275
0.376953
0.384279
0.392064
0.39825
0.399916
0.399067
0.398538
0.389648
0.374483
0.345817
0.298939
0.242662
0.185948
0.127573
0.115219
0.176409
0.315157
0.423576
0.492725
0.555392
0.603987
0.638077
0.671128
0.706288
0.723426
0.741002
0.758177
0.776181
0.793753
0.810952
0.827524
0.844168
0.859729
0.875365
0.890928
0.906213
0.921329
0.935884
0.949982
0.963579
0.977226
0.990525
1.00359
1.0163
1.02865
1.04057
1.05208
1.06334
1.07456
1.08581
1.09711
1.10831
1.11949
1.13056
1.14147
1.15205
1.16225
1.17232
1.1822
1.19194
1.20139
1.2106
1.21946
1.22816
1.23654
1.24477
1.25267
1.26042
1.268
1.27553
1.28276
1.28994
1.2973
1.30584
1.31305
1.32091
1.07496
1.1679
1.18231
1.1309
1.00106
0.838687
0.662277
0.641922
0.630224
0.586775
0.510023
0.408246
0.302899
0.271345
0.260235
0.287513
0.261554
0.211976
0.170775
0.105219
0.0707597
0.0282085
0.00999995
0.031571
0.0532338
0.0786625
0.0968398
0.130147
0.142117
0.150762
0.156025
0.140567
0.122142
0.0898631
0.0798514
0.156286
0.308621
0.4647
0.604994
0.68241
0.764253
0.816338
0.842138
0.863866
0.884685
0.895929
0.911828
0.931932
0.939867
0.944893
0.953919
0.963484
0.972881
0.981594
0.990537
1.00068
1.01101
1.02187
1.03303
1.04372
1.0542
1.06455
1.07496
1.0855
1.09624
1.10692
1.11766
1.12821
1.13884
1.14912
1.15933
1.16937
1.17937
1.18912
1.19877
1.20846
1.21819
1.22797
1.23787
1.24758
1.25715
1.26651
1.27571
1.28462
1.29335
1.30182
1.31019
1.31841
1.3266
1.33444
1.34213
1.34926
1.35631
1.36307
1.3697
1.37626
1.38309
1.391
1.3987
1.40703
1.09353
1.17861
1.24382
1.28798
1.23671
1.15948
1.05908
0.98358
0.977746
0.924797
0.835973
0.730843
0.62166
0.555286
0.504593
0.497979
0.494164
0.477172
0.444559
0.394088
0.3361
0.283879
0.241918
0.208571
0.178724
0.159203
0.136542
0.126108
0.10854
0.0841812
0.0847141
0.105791
0.173467
0.274658
0.410473
0.58749
0.743401
0.881936
0.96736
1.01962
1.06854
1.08788
1.09446
1.0967
1.09781
1.09755
1.10345
1.10467
1.10244
1.09949
1.09898
1.09727
1.0951
1.0982
1.10119
1.10509
1.11012
1.11586
1.12213
1.12859
1.13564
1.14273
1.15033
1.15831
1.16659
1.17521
1.1844
1.19386
1.20324
1.21264
1.22212
1.23123
1.24001
1.24873
1.25758
1.26662
1.27595
1.28525
1.29457
1.30368
1.31247
1.32124
1.33009
1.33877
1.34728
1.35563
1.36378
1.37154
1.3792
1.38659
1.3938
1.40053
1.40729
1.41392
1.4205
1.42707
1.43389
1.4415
1.44953
1.45818
1.09232
1.1845
1.25322
1.31847
1.32851
1.30557
1.27332
1.25709
1.27154
1.27033
1.20362
1.11523
1.0126
0.919397
0.846482
0.8186
0.792326
0.758042
0.713668
0.659856
0.604332
0.548038
0.499047
0.451728
0.414587
0.377689
0.346924
0.316668
0.298989
0.276196
0.276936
0.317079
0.412658
0.561831
0.751808
0.931256
1.05755
1.17208
1.24513
1.29439
1.3258
1.33128
1.32434
1.30801
1.28528
1.26151
1.23533
1.20829
1.20494
1.19778
1.1901
1.18045
1.16781
1.16473
1.16111
1.16381
1.16611
1.16818
1.17082
1.17445
1.17944
1.18507
1.19115
1.19762
1.20462
1.21226
1.22043
1.22889
1.23763
1.24589
1.25408
1.26239
1.27091
1.27973
1.28873
1.29781
1.30677
1.31559
1.32428
1.33281
1.34139
1.35004
1.35862
1.36707
1.37542
1.38325
1.3909
1.3984
1.40601
1.41349
1.42081
1.42773
1.43455
1.44123
1.44785
1.45431
1.46099
1.46828
1.47661
1.48545
1.07217
1.17462
1.2504
1.30937
1.36074
1.36585
1.37503
1.37868
1.39215
1.42045
1.44192
1.3979
1.3422
1.27643
1.21625
1.15732
1.13021
1.09614
1.05064
0.994063
0.930808
0.863243
0.803749
0.743606
0.697292
0.648542
0.610175
0.56645
0.5332
0.488562
0.486727
0.54209
0.676959
0.855124
1.04085
1.17925
1.29405
1.38418
1.44725
1.49026
1.51933
1.52226
1.51454
1.49486
1.46306
1.41775
1.3576
1.30501
1.25073
1.24473
1.23811
1.22742
1.21883
1.20793
1.19843
1.19368
1.19565
1.19776
1.19982
1.20159
1.20389
1.20755
1.21297
1.21914
1.22578
1.23267
1.23951
1.24664
1.2543
1.2623
1.27026
1.27835
1.28666
1.29514
1.30373
1.31246
1.32131
1.33016
1.33894
1.34767
1.35636
1.36483
1.37323
1.3814
1.38927
1.39678
1.40419
1.41159
1.4191
1.42642
1.43374
1.44055
1.44728
1.45393
1.46045
1.46704
1.47388
1.48136
1.48993
1.49914
1.06295
1.15128
1.23745
1.29841
1.35385
1.37629
1.4048
1.42634
1.45765
1.4868
1.51924
1.54351
1.51795
1.48619
1.45112
1.42421
1.40421
1.40304
1.38556
1.34471
1.28908
1.2214
1.15197
1.08673
1.02671
0.969736
0.918205
0.855106
0.815684
0.751863
0.738426
0.803262
0.932656
1.09236
1.23387
1.34938
1.44457
1.51827
1.56915
1.61289
1.6339
1.64258
1.63689
1.62251
1.59928
1.56248
1.51457
1.45336
1.37464
1.31075
1.24559
1.24787
1.24532
1.23995
1.22982
1.22174
1.21309
1.21482
1.21735
1.21953
1.22194
1.22514
1.22914
1.23412
1.23935
1.24517
1.25168
1.25849
1.26567
1.27332
1.28128
1.28933
1.29741
1.30555
1.31382
1.3223
1.33104
1.33978
1.34865
1.35732
1.36586
1.3742
1.38245
1.39038
1.39789
1.40509
1.4123
1.41954
1.42693
1.43422
1.44152
1.44827
1.45482
1.46128
1.46774
1.47432
1.4812
1.48868
1.49756
1.50702
1.06046
1.13481
1.2128
1.28166
1.33492
1.36945
1.40448
1.43107
1.46261
1.5063
1.54391
1.58457
1.60472
1.59488
1.583
1.56901
1.56272
1.56714
1.57408
1.57033
1.54027
1.50173
1.45908
1.41478
1.36915
1.32039
1.26908
1.21161
1.13672
1.0716
1.0156
1.04814
1.13028
1.24059
1.34152
1.43633
1.51429
1.57982
1.63538
1.68194
1.69619
1.7007
1.69811
1.69466
1.6826
1.6622
1.63517
1.59111
1.53031
1.44398
1.36362
1.28084
1.24824
1.25395
1.25284
1.24926
1.2422
1.23703
1.23101
1.23335
1.23654
1.23986
1.24293
1.24661
1.2512
1.25691
1.26331
1.27035
1.27758
1.28483
1.29237
1.30027
1.30846
1.31684
1.3253
1.33347
1.34154
1.34968
1.35788
1.36607
1.37421
1.38235
1.39037
1.3981
1.40553
1.41256
1.41961
1.42668
1.43388
1.44098
1.448
1.45466
1.46107
1.46749
1.47401
1.48069
1.48769
1.49534
1.50447
1.51418
1.06261
1.1271
1.19563
1.26215
1.30996
1.35392
1.39055
1.42301
1.45751
1.49791
1.54529
1.58506
1.62283
1.64282
1.64233
1.64179
1.64467
1.65147
1.66271
1.67346
1.6778
1.65813
1.63433
1.60715
1.57845
1.54789
1.50999
1.46978
1.39101
1.27919
1.20817
1.18782
1.24315
1.31737
1.40126
1.47348
1.54369
1.60585
1.64529
1.66937
1.69326
1.71817
1.72722
1.72614
1.72301
1.71998
1.70901
1.68445
1.65013
1.59932
1.52726
1.42391
1.34534
1.25745
1.26055
1.26572
1.2673
1.26469
1.25928
1.25449
1.25541
1.25748
1.26093
1.26486
1.26891
1.27343
1.27856
1.28437
1.29069
1.29747
1.30467
1.3122
1.32007
1.32828
1.33646
1.34474
1.3526
1.36045
1.36834
1.37637
1.38444
1.39256
1.40047
1.40808
1.41533
1.4222
1.42895
1.4357
1.44251
1.44934
1.45605
1.46264
1.46903
1.47549
1.48206
1.4888
1.49589
1.50366
1.51294
1.52281
1.07133
1.12789
1.18795
1.24686
1.2943
1.33974
1.37206
1.40798
1.4452
1.48562
1.52987
1.57481
1.6133
1.64951
1.66224
1.6711
1.67546
1.68699
1.69884
1.71449
1.72877
1.73845
1.72749
1.71328
1.69651
1.67261
1.64601
1.59221
1.50357
1.36038
1.2133
1.24017
1.28081
1.3354
1.40053
1.46016
1.51968
1.56412
1.59917
1.63224
1.6601
1.68272
1.70432
1.72561
1.7444
1.74351
1.73905
1.73212
1.72387
1.70141
1.6632
1.60518
1.52086
1.41096
1.31627
1.26492
1.27588
1.28549
1.28431
1.28147
1.27633
1.27706
1.27848
1.28175
1.28581
1.28944
1.29369
1.29834
1.30401
1.31052
1.31763
1.32512
1.33289
1.34077
1.34859
1.35639
1.36395
1.37151
1.37919
1.38706
1.39499
1.40292
1.4107
1.41804
1.425
1.43171
1.43839
1.44508
1.45187
1.45863
1.46536
1.47195
1.47825
1.48461
1.49107
1.49769
1.50469
1.5124
1.52174
1.5317
1.08553
1.13407
1.18676
1.23801
1.28724
1.32408
1.36159
1.39444
1.42832
1.46697
1.50727
1.55376
1.59506
1.63471
1.66314
1.67661
1.68647
1.69988
1.71368
1.73115
1.74777
1.76433
1.77574
1.77381
1.76152
1.74245
1.70703
1.6325
1.50823
1.35959
1.21972
1.24209
1.27809
1.3298
1.38019
1.43237
1.47843
1.51873
1.55695
1.59016
1.61577
1.64375
1.66989
1.69615
1.71615
1.73458
1.74818
1.75693
1.75632
1.75613
1.7505
1.72239
1.67388
1.60194
1.49266
1.39865
1.29228
1.28907
1.29995
1.31007
1.30846
1.30523
1.30178
1.30342
1.30562
1.30893
1.31285
1.31777
1.32306
1.32924
1.33606
1.34343
1.35096
1.35825
1.36568
1.37317
1.38019
1.38731
1.39468
1.40202
1.40933
1.41653
1.42373
1.43077
1.43746
1.44387
1.45026
1.45665
1.46314
1.46963
1.47609
1.4826
1.48884
1.49516
1.5016
1.5082
1.51518
1.5229
1.53226
1.54226
1.10407
1.14681
1.19306
1.23901
1.285
1.3197
1.35576
1.38416
1.41481
1.44985
1.48679
1.52871
1.57176
1.609
1.6449
1.66827
1.68251
1.69845
1.71455
1.73173
1.75013
1.76785
1.7851
1.80063
1.78938
1.76404
1.70376
1.59355
1.41604
1.25176
1.2101
1.2338
1.268
1.30512
1.34574
1.38872
1.43005
1.46838
1.50429
1.53749
1.56783
1.59845
1.6262
1.65319
1.67464
1.69777
1.72221
1.74459
1.76629
1.79015
1.78631
1.77996
1.76288
1.73089
1.67696
1.59768
1.48123
1.39488
1.30483
1.31684
1.33218
1.34282
1.34033
1.33635
1.33361
1.33571
1.33916
1.34403
1.34994
1.35619
1.36283
1.36958
1.37686
1.38404
1.39043
1.39665
1.40271
1.40905
1.41586
1.42307
1.42996
1.43662
1.44302
1.44929
1.45552
1.46147
1.4674
1.4734
1.4795
1.48579
1.49209
1.49846
1.50481
1.51111
1.51746
1.52395
1.53078
1.53836
1.54769
1.55758
1.12698
1.16353
1.20447
1.24485
1.28564
1.31954
1.35218
1.38032
1.40913
1.4389
1.47104
1.50763
1.54838
1.5889
1.62079
1.65327
1.66939
1.68726
1.70731
1.72455
1.7377
1.75814
1.77567
1.79342
1.78037
1.73873
1.6451
1.46655
1.33492
1.18966
1.20314
1.22246
1.24828
1.27858
1.3128
1.35044
1.38822
1.42533
1.46093
1.49474
1.52784
1.56033
1.587
1.61378
1.6411
1.67055
1.69882
1.72759
1.75004
1.77352
1.80065
1.80519
1.80303
1.80255
1.78674
1.74663
1.68306
1.5917
1.4751
1.36734
1.34064
1.3559
1.37296
1.37041
1.36675
1.36482
1.36679
1.37023
1.37511
1.38137
1.38719
1.39354
1.39961
1.40637
1.4132
1.41975
1.4257
1.43141
1.43734
1.44358
1.45007
1.45658
1.46273
1.46873
1.47465
1.48037
1.48604
1.49173
1.49751
1.50346
1.50963
1.51593
1.52235
1.52886
1.53542
1.542
1.54879
1.55619
1.56527
1.57483
1.15113
1.1826
1.21941
1.25571
1.29246
1.32399
1.35262
1.38188
1.40641
1.43256
1.46194
1.49323
1.52798
1.56796
1.60133
1.62916
1.65413
1.67922
1.69727
1.71153
1.73092
1.75198
1.77289
1.76527
1.73728
1.66385
1.51865
1.35817
1.20628
1.18795
1.19696
1.21157
1.2318
1.25725
1.2865
1.3189
1.3529
1.38795
1.42285
1.45804
1.49199
1.52463
1.55432
1.585
1.61669
1.64935
1.67583
1.69657
1.7203
1.74843
1.77482
1.79766
1.818
1.83921
1.8364
1.82678
1.80687
1.76088
1.68831
1.56568
1.47389
1.37008
1.38008
1.39351
1.40436
1.40626
1.4052
1.40555
1.4084
1.41304
1.41916
1.42533
1.43043
1.4353
1.4403
1.44556
1.45109
1.45687
1.46274
1.46878
1.47482
1.48081
1.48675
1.49232
1.4977
1.50287
1.50799
1.51319
1.51862
1.52429
1.5302
1.53634
1.54267
1.54912
1.55566
1.56227
1.56897
1.5763
1.58544
1.59484
1.17807
1.20404
1.23661
1.27026
1.3033
1.33213
1.3569
1.38321
1.40651
1.43086
1.45674
1.48483
1.51753
1.55133
1.58732
1.61443
1.63864
1.66327
1.68467
1.70378
1.72491
1.73878
1.74683
1.72578
1.66389
1.54889
1.37918
1.23404
1.18522
1.18924
1.19623
1.20749
1.22345
1.24383
1.26843
1.29642
1.32739
1.36032
1.39446
1.42957
1.46444
1.49624
1.52854
1.56177
1.59737
1.62127
1.64647
1.67345
1.70103
1.72953
1.75771
1.78557
1.81173
1.83346
1.85124
1.86464
1.87013
1.86404
1.82978
1.77287
1.68846
1.56634
1.46384
1.40164
1.41653
1.43122
1.44645
1.44513
1.44552
1.44743
1.45159
1.45695
1.46416
1.4705
1.47425
1.47746
1.48104
1.48548
1.49128
1.49726
1.50358
1.50907
1.5142
1.51891
1.5235
1.52807
1.53267
1.53748
1.54262
1.54808
1.55386
1.55996
1.56625
1.57273
1.57917
1.5857
1.5923
1.59955
1.60876
1.61816
1.20361
1.22532
1.25393
1.28641
1.31641
1.3453
1.36504
1.38761
1.41139
1.4316
1.45371
1.47874
1.50929
1.54176
1.57566
1.6062
1.63079
1.6528
1.67464
1.69628
1.7175
1.71915
1.70383
1.65394
1.55217
1.38693
1.24643
1.18693
1.1904
1.1948
1.20113
1.21008
1.22243
1.23916
1.2601
1.28505
1.31301
1.34326
1.37592
1.40984
1.44417
1.47649
1.51037
1.54432
1.57258
1.601
1.6299
1.65984
1.68896
1.71896
1.74865
1.77766
1.80164
1.82703
1.85378
1.87861
1.90577
1.90435
1.9016
1.88906
1.84844
1.78241
1.67605
1.56449
1.44737
1.4468
1.4573
1.47288
1.48887
1.48707
1.48617
1.48873
1.49208
1.49735
1.50294
1.50703
1.51013
1.51384
1.51836
1.5241
1.52975
1.53559
1.54025
1.54428
1.54844
1.55277
1.55734
1.56219
1.56738
1.57293
1.57883
1.58512
1.5915
1.59804
1.60448
1.61095
1.61755
1.62475
1.63398
1.64346
1.23084
1.24886
1.27274
1.30288
1.33026
1.36046
1.37647
1.39612
1.41948
1.43638
1.455
1.47648
1.50374
1.53437
1.56812
1.59888
1.62405
1.64701
1.66818
1.69283
1.70207
1.68725
1.64287
1.54952
1.38893
1.2464
1.17974
1.1888
1.1953
1.20263
1.20978
1.21826
1.22913
1.24324
1.26103
1.28234
1.30723
1.33534
1.36664
1.39891
1.43097
1.46487
1.49846
1.52724
1.55752
1.58925
1.62054
1.65151
1.68079
1.71164
1.74084
1.76872
1.79581
1.82187
1.84578
1.87252
1.89694
1.9198
1.94434
1.943
1.93808
1.91466
1.86905
1.78887
1.66204
1.57121
1.47149
1.48364
1.50483
1.51663
1.52871
1.52749
1.52761
1.52904
1.53226
1.53543
1.53943
1.54328
1.54713
1.55137
1.55639
1.56158
1.56652
1.57072
1.57486
1.57928
1.58392
1.58867
1.59367
1.59904
1.60486
1.61126
1.61781
1.62448
1.63104
1.63746
1.64405
1.65112
1.66017
1.66951
1.25062
1.26702
1.28779
1.31684
1.34409
1.3765
1.39193
1.40941
1.43014
1.4483
1.46198
1.47947
1.50276
1.53053
1.56102
1.59251
1.61659
1.64548
1.66683
1.6868
1.67352
1.63488
1.54904
1.39121
1.25641
1.16612
1.17912
1.19032
1.20283
1.21202
1.22092
1.23048
1.2414
1.25426
1.27001
1.28897
1.31124
1.33677
1.36456
1.39427
1.42682
1.45965
1.48848
1.51886
1.551
1.58344
1.61395
1.64534
1.67504
1.7057
1.73528
1.76363
1.7909
1.81681
1.84296
1.86747
1.8891
1.91434
1.93867
1.96302
1.98019
1.98136
1.9752
1.93542
1.87561
1.78589
1.66334
1.5504
1.5143
1.52396
1.54406
1.56493
1.57082
1.57069
1.57039
1.57007
1.56942
1.5692
1.57313
1.57715
1.5819
1.58691
1.59241
1.59758
1.60252
1.60724
1.61206
1.61655
1.62097
1.62594
1.63156
1.63792
1.64455
1.65135
1.65791
1.66414
1.67056
1.6775
1.68656
1.69574
1.27934
1.29197
1.30844
1.33198
1.35944
1.38641
1.41093
1.42462
1.44283
1.46361
1.47598
1.48989
1.50869
1.53224
1.5591
1.58653
1.61493
1.6406
1.66639
1.65654
1.62464
1.54806
1.39187
1.27254
1.15364
1.16702
1.18091
1.19521
1.20994
1.22264
1.23398
1.24537
1.25706
1.26969
1.28375
1.30017
1.31914
1.34113
1.36586
1.3939
1.42343
1.45379
1.48519
1.51864
1.55253
1.58151
1.61065
1.64035
1.67093
1.70078
1.73136
1.76063
1.78785
1.81416
1.84137
1.86104
1.88294
1.90624
1.93268
1.96206
1.98879
2.00982
2.01523
2.01615
1.99359
1.94395
1.87219
1.74998
1.6577
1.54773
1.55957
1.57325
1.58664
1.6026
1.6012
1.59824
1.59577
1.59443
1.59456
1.60137
1.60715
1.61408
1.61919
1.62415
1.62861
1.63281
1.63724
1.64187
1.64645
1.65138
1.65692
1.66323
1.67017
1.67705
1.68411
1.69046
1.69678
1.70373
1.71281
1.72188
1.31944
1.30664
1.32327
1.34478
1.37283
1.39718
1.42785
1.44196
1.45895
1.47826
1.49279
1.50549
1.52124
1.54248
1.56649
1.58796
1.61535
1.63358
1.64226
1.61455
1.54449
1.40104
1.27117
1.14633
1.15591
1.16966
1.18478
1.2012
1.21733
1.23335
1.24726
1.26013
1.27309
1.28647
1.30084
1.31668
1.33461
1.35482
1.37782
1.40283
1.43043
1.45996
1.49069
1.52184
1.55291
1.5836
1.6142
1.64353
1.67311
1.703
1.73368
1.7633
1.7892
1.81533
1.83696
1.85947
1.88313
1.90739
1.93158
1.9572
1.98447
2.00859
2.02865
2.04557
2.04017
2.02879
2.00505
1.94798
1.86816
1.7497
1.65733
1.58154
1.58938
1.60962
1.62183
1.63294
1.62817
1.62546
1.6244
1.62544
1.63167
1.63739
1.64432
1.64948
1.65361
1.65721
1.66092
1.66512
1.6696
1.67442
1.67984
1.68608
1.69321
1.70039
1.70779
1.71438
1.72078
1.72798
1.73751
1.74719
1.38369
1.34394
1.3441
1.3609
1.38449
1.4099
1.43739
1.45751
1.47426
1.49619
1.50993
1.52155
1.53517
1.55367
1.5752
1.59916
1.61802
1.6192
1.59725
1.53751
1.41407
1.27299
1.14143
1.1478
1.15836
1.17388
1.19133
1.20936
1.22772
1.24611
1.26369
1.28117
1.29633
1.31166
1.3273
1.34359
1.36093
1.37969
1.40025
1.42275
1.44718
1.47326
1.5009
1.52976
1.55931
1.58899
1.61836
1.64745
1.67626
1.70516
1.73414
1.76214
1.78891
1.81365
1.83481
1.85774
1.88114
1.90378
1.92697
1.95252
1.97791
2.00372
2.03056
2.05298
2.06684
2.06725
2.0636
2.04884
2.00964
1.94829
1.85508
1.74355
1.63419
1.62893
1.62998
1.64044
1.65021
1.65677
1.65568
1.65572
1.65664
1.66145
1.66731
1.67321
1.67857
1.68189
1.68505
1.68872
1.69314
1.69799
1.7038
1.71074
1.71851
1.72623
1.7338
1.73998
1.74605
1.75291
1.76231
1.77222
1.49761
1.39404
1.37146
1.38438
1.40085
1.42338
1.44518
1.47331
1.48743
1.50671
1.53034
1.54125
1.55004
1.56471
1.58374
1.60908
1.61494
1.59021
1.53187
1.42521
1.27691
1.14045
1.14478
1.1542
1.17004
1.18789
1.20699
1.22655
1.2468
1.26743
1.28776
1.30738
1.32405
1.33987
1.35565
1.37159
1.38809
1.40532
1.42376
1.44363
1.46514
1.48834
1.51297
1.53887
1.56581
1.59342
1.62148
1.64997
1.67854
1.70707
1.73412
1.76033
1.78696
1.80874
1.8321
1.85606
1.87738
1.89976
1.92495
1.95031
1.97755
2.00275
2.02695
2.04126
2.06041
2.07521
2.09355
2.09126
2.07917
2.065
2.01784
1.9485
1.82823
1.73973
1.64779
1.6534
1.65983
1.66917
1.68174
1.68749
1.68776
1.68851
1.68992
1.69544
1.70029
1.70528
1.70872
1.71214
1.71636
1.72122
1.72619
1.7326
1.74082
1.74883
1.75722
1.7637
1.77006
1.77676
1.78623
1.79653
1.83886
1.44186
1.41609
1.39828
1.413
1.43442
1.45662
1.48285
1.50021
1.51772
1.53786
1.55577
1.56337
1.57762
1.59043
1.60711
1.58467
1.53103
1.42878
1.28313
1.13959
1.1445
1.15475
1.17131
1.18868
1.20685
1.22592
1.24603
1.26722
1.2886
1.30966
1.32985
1.34862
1.36593
1.38205
1.39792
1.41388
1.43021
1.44721
1.46515
1.48436
1.50482
1.52676
1.54995
1.57446
1.60001
1.62656
1.65405
1.68164
1.70969
1.73714
1.76312
1.78876
1.81207
1.83601
1.85636
1.87846
1.90082
1.92725
1.95254
1.97838
2.00344
2.02148
2.03873
2.05732
2.07628
2.09242
2.10754
2.11594
2.12039
2.10874
2.07434
2.02483
1.9427
1.8207
1.72281
1.66909
1.67282
1.69025
1.70135
1.71384
1.71474
1.71633
1.71818
1.72247
1.72699
1.73207
1.73614
1.74053
1.74516
1.75041
1.75596
1.76378
1.77215
1.78087
1.78841
1.79482
1.80112
1.81044
1.82106
2.11595
1.64656
1.47649
1.4349
1.43231
1.44788
1.47009
1.49062
1.51693
1.52894
1.5451
1.56621
1.57657
1.58797
1.59628
1.57743
1.5265
1.42953
1.28481
1.13239
1.13507
1.14949
1.17027
1.19208
1.20879
1.22646
1.24534
1.26587
1.28731
1.30825
1.32925
1.3498
1.36969
1.38861
1.406
1.42234
1.43843
1.45469
1.47132
1.48853
1.50651
1.52547
1.5454
1.56647
1.58863
1.61198
1.63634
1.66171
1.68768
1.71409
1.74006
1.76575
1.78943
1.81264
1.83604
1.85579
1.87606
1.89962
1.92422
1.95054
1.97671
2.00003
2.01945
2.0385
2.0573
2.0735
2.09056
2.11093
2.12794
2.14793
2.1461
2.13953
2.13136
2.09072
2.02278
1.90154
1.8124
1.70535
1.70578
1.70758
1.72008
1.73072
1.74109
1.74287
1.74626
1.75036
1.75466
1.75971
1.76466
1.76952
1.77381
1.77893
1.78688
1.79561
1.80442
1.81298
1.81908
1.8254
1.83463
1.84511
2.34457
2.00179
1.57037
1.47698
1.45591
1.46829
1.48543
1.50593
1.53138
1.54514
1.55696
1.57321
1.58821
1.59184
1.57094
1.5186
1.42213
1.27749
1.13172
1.12877
1.14164
1.16705
1.18878
1.20827
1.2266
1.24424
1.26292
1.28298
1.30395
1.3249
1.34587
1.36697
1.38797
1.40812
1.42736
1.44497
1.46236
1.47867
1.49521
1.512
1.52901
1.54647
1.56455
1.58345
1.60324
1.62403
1.64582
1.66861
1.69244
1.7171
1.7415
1.76629
1.7879
1.81012
1.83158
1.85332
1.87541
1.89825
1.92215
1.94873
1.97494
1.9988
2.02078
2.03876
2.05349
2.06897
2.08473
2.10214
2.12308
2.14241
2.15975
2.17326
2.17569
2.1754
2.14222
2.0863
2.00357
1.88124
1.77842
1.72523
1.72904
1.74514
1.75659
1.77087
1.77223
1.77462
1.77802
1.78264
1.78727
1.79214
1.79789
1.80325
1.81196
1.82045
1.82958
1.83784
1.84384
1.8506
1.85918
1.86923
2.78422
2.25967
1.89433
1.53884
1.49854
1.47958
1.49371
1.51338
1.53201
1.55692
1.57348
1.58421
1.59484
1.57014
1.51412
1.41244
1.26409
1.11695
1.1066
1.12838
1.15707
1.18533
1.20117
1.2183
1.23665
1.25641
1.27689
1.29787
1.31906
1.34036
1.36179
1.38331
1.40471
1.42587
1.44645
1.46584
1.48446
1.50198
1.5191
1.53547
1.55169
1.56811
1.58471
1.60173
1.61944
1.63802
1.65771
1.67852
1.70047
1.72348
1.74644
1.76928
1.79189
1.81279
1.83445
1.85679
1.87805
1.90028
1.92474
1.94937
1.97431
1.99875
2.01888
2.03649
2.05195
2.06797
2.08394
2.10087
2.11933
2.13841
2.16269
2.18259
2.20367
2.20388
2.19908
2.18027
2.14127
2.08677
1.96898
1.87424
1.76626
1.7671
1.76677
1.78394
1.79569
1.80967
1.81034
1.81128
1.81396
1.81675
1.82271
1.83028
1.84008
1.84821
1.85651
1.86315
1.86876
1.87573
1.88377
1.89357
2.86478
2.64946
2.15065
1.74282
1.55148
1.51264
1.50691
1.52083
1.53631
1.56008
1.58108
1.59256
1.5697
1.51278
1.40438
1.25052
1.10108
1.09737
1.11826
1.147
1.17574
1.19273
1.2112
1.23093
1.25153
1.27242
1.29322
1.31419
1.33532
1.35667
1.37822
1.39992
1.42126
1.44247
1.46355
1.48405
1.50361
1.52232
1.54003
1.55683
1.57292
1.58845
1.60414
1.61996
1.63627
1.65324
1.67102
1.6898
1.70949
1.73
1.75094
1.77226
1.79361
1.81448
1.83564
1.85636
1.87784
1.90026
1.92505
1.95031
1.97446
1.99868
2.01657
2.03456
2.05075
2.06734
2.0836
2.10055
2.11943
2.13862
2.15803
2.17799
2.19799
2.21957
2.22671
2.22928
2.2265
2.2096
2.1548
2.0791
1.96022
1.87105
1.79594
1.80247
1.81338
1.82626
1.84072
1.84779
1.84839
1.8495
1.85177
1.85609
1.86476
1.87337
1.88224
1.88877
1.89496
1.90269
1.91046
1.91982
2.94921
2.78997
2.41846
2.10984
1.67921
1.5712
1.53962
1.53793
1.55738
1.57177
1.59015
1.56642
1.50814
1.39541
1.23514
1.07644
1.08434
1.10476
1.1327
1.16017
1.17887
1.19871
1.21975
1.24183
1.2642
1.28632
1.30797
1.32915
1.35015
1.3713
1.39268
1.41407
1.43546
1.45693
1.47803
1.499
1.51935
1.53884
1.55833
1.57612
1.59352
1.60864
1.62336
1.63833
1.65369
1.66955
1.68623
1.70373
1.722
1.74082
1.76019
1.77981
1.79972
1.81971
1.84001
1.86093
1.88263
1.9053
1.92999
1.95464
1.97874
2.00074
2.02135
2.03887
2.05631
2.07324
2.08948
2.10637
2.12506
2.14458
2.16388
2.18386
2.20324
2.22295
2.24348
2.26605
2.27077
2.26104
2.25793
2.22181
2.15548
2.04927
1.95583
1.85184
1.84616
1.84304
1.85973
1.87349
1.88954
1.89128
1.89224
1.89332
1.89517
1.90292
1.9094
1.91495
1.92094
1.92878
1.93809
1.94803
3.00173
2.91426
2.81773
2.33699
2.01295
1.62673
1.57609
1.55807
1.57463
1.58379
1.56116
1.50066
1.38176
1.21427
1.05565
1.06853
1.09162
1.12172
1.15009
1.16771
1.18694
1.20773
1.22987
1.25283
1.27614
1.29887
1.32135
1.34318
1.36462
1.38592
1.40713
1.42826
1.44943
1.47071
1.49192
1.51295
1.53374
1.55395
1.57435
1.59408
1.61192
1.62838
1.64266
1.65706
1.6718
1.68708
1.70305
1.71981
1.73705
1.7548
1.77289
1.79086
1.80934
1.82804
1.84734
1.86748
1.88857
1.91125
1.93546
1.95934
1.9829
2.00603
2.02543
2.04404
2.06148
2.07848
2.09566
2.11325
2.1322
2.15247
2.1721
2.19219
2.21181
2.22866
2.24594
2.26509
2.28006
2.29455
2.29871
2.29674
2.26957
2.23366
2.15809
2.03988
1.96287
1.88195
1.88569
1.88575
1.90566
1.91832
1.9316
1.93442
1.93674
1.93977
1.94181
1.94739
1.9532
1.96008
1.96994
1.97946
3.00673
3.00974
2.85647
2.78333
2.2854
1.8881
1.6341
1.59636
1.59362
1.56493
1.49751
1.36821
1.1914
1.02386
1.04218
1.07682
1.10922
1.14138
1.15612
1.17287
1.19199
1.21361
1.23755
1.26193
1.2863
1.30966
1.33188
1.35349
1.37498
1.39639
1.41788
1.43948
1.46117
1.48292
1.50468
1.52627
1.54782
1.56879
1.58975
1.61088
1.63056
1.64866
1.66418
1.67894
1.69403
1.70966
1.72603
1.74291
1.76015
1.77725
1.79402
1.81099
1.82829
1.84619
1.86482
1.88448
1.9052
1.92792
1.95113
1.97467
1.99802
2.01914
2.03957
2.05909
2.07767
2.09599
2.11298
2.13023
2.14831
2.1657
2.18425
2.20244
2.21696
2.23161
2.24618
2.25927
2.27137
2.2867
2.30347
2.31864
2.30743
2.29244
2.27079
2.20728
2.09758
2.01931
1.92809
1.90372
1.90913
1.91914
1.93593
1.95276
1.96087
1.96509
1.97024
1.97554
1.98423
1.99271
2.00444
2.01432
3.01147
3.00929
2.96421
2.85253
2.58009
2.15742
1.77955
1.64521
1.59977
1.51647
1.37048
1.179
1.00501
1.02864
1.07064
1.10661
1.14056
1.15292
1.16707
1.18377
1.20342
1.2258
1.24993
1.27429
1.2987
1.32269
1.34611
1.36939
1.3919
1.41427
1.43654
1.45872
1.48092
1.50304
1.52528
1.54735
1.56931
1.59105
1.61261
1.63502
1.65604
1.67667
1.69354
1.7092
1.72528
1.74237
1.7599
1.77746
1.79464
1.81043
1.82647
1.84268
1.85933
1.87651
1.89447
1.91339
1.93363
1.95484
1.97682
1.99836
2.01871
2.03752
2.05524
2.07276
2.08917
2.10405
2.11823
2.13079
2.14368
2.15736
2.1703
2.1839
2.19611
2.20816
2.21901
2.23018
2.24192
2.25539
2.26939
2.2827
2.29867
2.30608
2.31043
2.271
2.23182
2.1729
2.07317
1.99175
1.91065
1.91778
1.92513
1.94536
1.96141
1.97882
1.98643
1.99413
2.00347
2.01437
2.02998
2.04316
3.0124
3.01191
3.00388
2.94251
2.79856
2.4536
2.14553
1.77824
1.5732
1.37995
1.16122
0.965856
0.99902
1.05515
1.09822
1.13768
1.14938
1.16266
1.17818
1.19628
1.21681
1.23921
1.26267
1.28697
1.31152
1.3359
1.36004
1.38405
1.40768
1.43126
1.45491
1.47837
1.50174
1.52504
1.54844
1.57182
1.59514
1.61853
1.64176
1.66565
1.68909
1.71139
1.73125
1.74824
1.76534
1.78313
1.80213
1.81999
1.83738
1.85066
1.86401
1.87702
1.88991
1.90337
1.91746
1.93243
1.94859
1.96529
1.98153
1.99788
2.01212
2.0259
2.03943
2.0528
2.06557
2.07842
2.08962
2.10032
2.1113
2.12312
2.1361
2.15002
2.1637
2.1765
2.18926
2.20248
2.21556
2.22932
2.24301
2.26029
2.27743
2.29361
2.30678
2.30473
2.27945
2.25435
2.2148
2.10709
2.03157
1.93928
1.9218
1.93409
1.94789
1.96667
1.98764
2.00691
2.01869
2.03055
2.04796
2.06287
3.01262
3.01235
3.01023
3.00179
2.91086
2.82014
2.42621
2.06527
1.6346
1.22357
0.999115
1.0486
1.0936
1.13758
1.15748
1.17233
1.18163
1.19324
1.20799
1.22583
1.24589
1.26783
1.2911
1.31578
1.34134
1.36734
1.39356
1.41975
1.44589
1.47194
1.49767
1.52314
1.54813
1.57248
1.59601
1.6184
1.6401
1.66095
1.68119
1.70172
1.72149
1.74019
1.75639
1.76962
1.78282
1.79684
1.81183
1.82571
1.8401
1.84946
1.85859
1.86792
1.87786
1.88828
1.89974
1.91237
1.92591
1.93963
1.95305
1.96656
1.97874
1.99122
2.00418
2.01784
2.031
2.04457
2.05603
2.06723
2.07834
2.0909
2.10453
2.11942
2.13429
2.14974
2.16223
2.17507
2.18746
2.19916
2.21241
2.22628
2.24086
2.25695
2.27182
2.27628
2.27476
2.25694
2.23936
2.20723
2.12731
2.0418
1.97682
1.9165
1.92859
1.93913
1.95652
1.97682
1.99415
2.01569
2.03751
2.04528
3.01267
3.01283
3.01541
3.0113
3.01431
2.8205
2.59814
1.93379
1.33125
0.898684
0.965318
1.0717
1.15173
1.19678
1.20701
1.2182
1.2312
1.2455
1.26287
1.28139
1.30107
1.32246
1.34542
1.36864
1.39226
1.41548
1.43818
1.46045
1.48203
1.50297
1.52315
1.54217
1.56073
1.57926
1.59748
1.61536
1.63277
1.64947
1.66626
1.68347
1.70042
1.71708
1.7321
1.74505
1.7581
1.77179
1.78752
1.80189
1.81692
1.82642
1.83486
1.84383
1.85314
1.86315
1.87391
1.88556
1.89738
1.90955
1.92139
1.9335
1.94512
1.95615
1.96691
1.97922
1.9913
2.00351
2.01399
2.02324
2.03281
2.04357
2.05516
2.0677
2.07951
2.09216
2.10088
2.10912
2.11795
2.12744
2.13789
2.14909
2.16025
2.17272
2.18063
2.19097
2.19699
2.20264
2.19032
2.17756
2.14118
2.1015
2.0163
1.95819
1.89128
1.89768
1.91161
1.93156
1.95896
1.9833
1.99269
2.00189
3.01265
3.0126
3.01216
3.00859
2.97381
2.81527
2.29585
1.37851
0.503081
0.570883
0.706846
0.839677
0.927452
0.994441
1.04064
1.0769
1.1092
1.14063
1.17092
1.19884
1.22548
1.25168
1.27721
1.30239
1.32762
1.35325
1.37846
1.40299
1.42648
1.44948
1.47151
1.49288
1.51352
1.53345
1.55295
1.57126
1.58927
1.60623
1.62287
1.63978
1.65613
1.67199
1.68609
1.69845
1.71077
1.72349
1.73784
1.75092
1.76421
1.77251
1.77914
1.78611
1.79353
1.80177
1.8105
1.81943
1.82854
1.83676
1.84492
1.85343
1.86145
1.86842
1.87624
1.88473
1.8932
1.90193
1.91065
1.91812
1.92647
1.93571
1.94466
1.95488
1.96511
1.97613
1.98655
1.99626
2.00644
2.01745
2.03008
2.04335
2.0566
2.07
2.08069
2.09097
2.10327
2.11699
2.13152
2.12466
2.11349
2.08037
2.0533
1.9684
1.91553
1.8465
1.84809
1.8655
1.89105
1.91092
1.92534
1.91903
3.01265
3.01262
3.01231
3.00978
2.98012
2.84399
2.33227
1.34517
0.338631
0.391839
0.4492
0.518007
0.596623
0.67515
0.748171
0.812357
0.870508
0.920581
0.96743
1.01128
1.0487
1.08421
1.11844
1.15053
1.18069
1.20932
1.23667
1.26345
1.28835
1.3119
1.33426
1.35539
1.37549
1.39448
1.41262
1.42969
1.44608
1.46173
1.47679
1.49173
1.50609
1.52007
1.533
1.5452
1.55759
1.57038
1.58452
1.59784
1.6109
1.62062
1.62847
1.63659
1.64516
1.6547
1.66394
1.67348
1.68147
1.68963
1.69799
1.70706
1.7155
1.72439
1.73455
1.74436
1.75516
1.76658
1.77847
1.79063
1.80299
1.81604
1.82949
1.8442
1.85948
1.87526
1.89031
1.90506
1.91944
1.93458
1.95111
1.96777
1.98436
2.00135
2.01522
2.02967
2.04374
2.05988
2.07694
2.09592
2.09317
2.08323
2.05913
2.03501
1.94982
1.88409
1.8088
1.80255
1.80425
1.80284
1.79886
1.76109
3.01264
3.01262
3.01215
3.00956
2.97628
2.83112
2.29244
1.28041
0.273291
0.404812
0.435847
0.465255
0.499032
0.53634
0.574036
0.612187
0.651466
0.69181
0.732577
0.773481
0.813392
0.851412
0.888228
0.923493
0.957972
0.990483
1.02235
1.05256
1.08222
1.1108
1.13819
1.16444
1.1897
1.21385
1.23717
1.2594
1.2809
1.30162
1.32172
1.34145
1.36055
1.37913
1.39692
1.41402
1.43114
1.44852
1.4668
1.48417
1.50096
1.51482
1.5267
1.53823
1.55025
1.56234
1.57419
1.58439
1.59375
1.60334
1.61319
1.6236
1.63364
1.64442
1.65595
1.66807
1.681
1.69457
1.70879
1.72352
1.73883
1.75472
1.77131
1.78895
1.80678
1.82494
1.84281
1.85958
1.87668
1.89445
1.91322
1.93176
1.94992
1.96782
1.98373
1.99846
2.0137
2.02973
2.04703
2.06614
2.08457
2.09289
2.08016
2.05987
2.0276
1.9449
1.86636
1.79922
1.76232
1.70071
1.63548
1.55363
3.01264
3.01263
3.01218
3.0098
2.97832
2.83961
2.31812
1.309
0.31596
0.42808
0.442163
0.457833
0.482832
0.515177
0.548211
0.580337
0.612229
0.644666
0.677754
0.711417
0.745353
0.779109
0.812528
0.845652
0.878625
0.911398
0.943746
0.97555
1.00638
1.03646
1.06546
1.09377
1.12099
1.14734
1.17261
1.19693
1.22035
1.24312
1.26515
1.28657
1.30735
1.32744
1.34701
1.36593
1.38482
1.40383
1.42346
1.44221
1.4603
1.47569
1.48913
1.50214
1.51547
1.52824
1.54076
1.55093
1.56034
1.56995
1.57986
1.59023
1.60068
1.61188
1.62387
1.6366
1.6502
1.66462
1.67974
1.69543
1.71173
1.72863
1.74616
1.76467
1.78346
1.80258
1.82135
1.83916
1.85726
1.87584
1.89531
1.91437
1.93339
1.95114
1.96761
1.98324
1.99913
2.01491
2.03181
2.05056
2.0732
2.0995
2.09977
2.08687
2.06608
2.0262
1.94906
1.84807
1.74716
1.62398
1.52774
1.40763
3.01264
3.01262
3.01216
3.00971
2.97742
2.83585
2.30677
1.29236
0.29278
0.426611
0.441302
0.455813
0.478752
0.508198
0.538446
0.568327
0.598609
0.629994
0.662619
0.696119
0.729725
0.763021
0.795915
0.828606
0.861293
0.89391
0.926265
0.958241
0.989629
1.0202
1.04988
1.07863
1.10645
1.13316
1.15897
1.18365
1.20752
1.23057
1.25291
1.27454
1.29549
1.31577
1.33561
1.35487
1.3741
1.3934
1.41326
1.43229
1.45063
1.46635
1.48031
1.49369
1.50739
1.52025
1.53292
1.54266
1.552
1.56153
1.57136
1.58154
1.59203
1.60325
1.61524
1.62802
1.64167
1.65618
1.67142
1.68731
1.70383
1.72105
1.73891
1.75775
1.77689
1.79619
1.8155
1.83349
1.85183
1.87068
1.89048
1.90988
1.92922
1.94703
1.96375
1.97967
1.99546
2.01146
2.02767
2.04584
2.06777
2.08724
2.1142
2.1078
2.09241
2.05974
1.98309
1.86886
1.69932
1.54136
1.38404
1.36421
)
;

boundaryField
{
    inlet
    {
        type            calculated;
        value           uniform 3.01265;
    }
    outlet
    {
        type            calculated;
        value           nonuniform List<scalar> 
40
(
0.985222
1.19101
1.32091
1.40703
1.45818
1.48545
1.49914
1.50702
1.51418
1.52281
1.5317
1.54226
1.55758
1.57483
1.59484
1.61816
1.64346
1.66951
1.69574
1.72188
1.74719
1.77222
1.79653
1.82106
1.84511
1.86923
1.89357
1.91982
1.94803
1.97946
2.01432
2.04316
2.06287
2.04528
2.00189
1.91903
1.76109
1.55363
1.40763
1.36421
)
;
    }
    bottom
    {
        type            symmetryPlane;
    }
    top
    {
        type            symmetryPlane;
    }
    obstacle
    {
        type            calculated;
        value           nonuniform List<scalar> 
110
(
0.0244696
0.0652154
0.108105
0.150853
0.196886
0.246487
0.302363
0.374938
0.463902
0.642381
0.843484
0.38012
0.353383
0.263611
0.362209
0.282261
0.41212
0.604216
0.744498
0.807682
0.821475
0.813696
0.810172
0.815375
0.864475
0.918296
0.962553
0.984198
0.990839
0.984505
0.979246
0.976762
0.976303
0.979578
0.982808
0.988417
0.994152
0.998298
1.00077
1.00181
1.00195
0.989913
0.977187
0.947316
0.906365
0.854213
0.797166
0.732839
0.662619
0.597848
0.534059
0.468428
0.40597
0.344277
0.281611
0.228734
0.189931
0.128164
0.0722418
0.0263433
0.0371747
0.0806458
0.126819
0.169597
0.210211
0.248303
0.284031
0.318121
0.350494
0.380867
0.40933
0.43617
0.461808
0.485956
0.508771
0.530296
0.551072
0.570978
0.59013
0.608416
0.625989
0.643011
0.659626
0.675883
0.69187
0.707623
0.723173
0.73853
0.753455
0.768089
0.781987
0.795672
0.808808
0.821761
0.834217
0.846486
0.85822
0.869774
0.880746
0.891556
0.901742
0.911822
0.921437
0.930963
0.940092
0.949219
0.958482
0.96854
0.976898
0.985222
)
;
    }
    defaultFaces
    {
        type            empty;
    }
}


// ************************************************************************* //
