/*--------------------------------*- C++ -*----------------------------------*\
| =========                 |                                                 |
| \\      /  F ield         | OpenFOAM: The Open Source CFD Toolbox           |
|  \\    /   O peration     | Version:  v2106                                 |
|   \\  /    A nd           | Website:  www.openfoam.com                      |
|    \\/     M anipulation  |                                                 |
\*---------------------------------------------------------------------------*/
FoamFile
{
    version     2.0;
    format      ascii;
    arch        "LSB;label=32;scalar=64";
    class       volScalarField;
    location    "19";
    object      psi;
}
// * * * * * * * * * * * * * * * * * * * * * * * * * * * * * * * * * * * * * //

dimensions      [0 -2 2 0 0 0 0];

internalField   nonuniform List<scalar> 
5250
(
1.40845
1.40845
1.40845
1.40845
1.40845
1.40845
1.40845
1.40845
1.40843
1.4083
1.40713
1.39683
1.31912
1.03539
0.657209
0.501257
0.587343
0.604791
0.594133
0.595256
0.594484
0.593093
0.593616
0.594959
0.596991
1.40845
1.40845
1.40845
1.40845
1.40845
1.40845
1.40845
1.40845
1.40843
1.40831
1.40719
1.39739
1.32262
1.04346
0.675901
0.499364
0.590404
0.608255
0.597021
0.597672
0.596587
0.594696
0.594881
0.59595
0.597833
1.40845
1.40845
1.40845
1.40845
1.40845
1.40845
1.40845
1.40845
1.40844
1.40832
1.40728
1.39822
1.32794
1.05565
0.686376
0.492499
0.595176
0.614039
0.601792
0.602169
0.60063
0.597872
0.597641
0.59841
0.600147
1.40845
1.40845
1.40845
1.40845
1.40845
1.40845
1.40845
1.40845
1.40844
1.40833
1.4074
1.3993
1.33508
1.07311
0.702017
0.478735
0.59697
0.619907
0.607705
0.607771
0.605625
0.602097
0.600993
0.601407
0.602819
1.40845
1.40845
1.40845
1.40845
1.40845
1.40845
1.40845
1.40845
1.40844
1.40835
1.40753
1.4005
1.34359
1.09562
0.72312
0.464169
0.592082
0.619238
0.609337
0.612025
0.611225
0.608637
0.605618
0.60534
0.606327
1.40845
1.40845
1.40845
1.40845
1.40845
1.40845
1.40845
1.40845
1.40844
1.40837
1.4077
1.40199
1.3531
1.12319
0.748279
0.45827
0.578932
0.612612
0.606237
0.610661
0.612376
0.611876
0.61052
0.610204
0.611246
1.40845
1.40845
1.40845
1.40845
1.40845
1.40845
1.40845
1.40845
1.40844
1.40839
1.40789
1.40342
1.36323
1.15684
0.781338
0.447993
0.555922
0.598813
0.598105
0.606389
0.611488
0.616399
0.616618
0.615968
0.617785
1.40845
1.40845
1.40845
1.40845
1.40845
1.40845
1.40845
1.40845
1.40845
1.4084
1.40798
1.40421
1.37061
1.18428
0.817563
0.450882
0.546886
0.582688
0.58693
0.598698
0.609115
0.616521
0.622809
0.623548
0.628382
1.40845
1.40845
1.40845
1.40845
1.40845
1.40845
1.40845
1.40845
1.40845
1.40841
1.40808
1.40514
1.37856
1.21746
0.859366
0.464461
0.54927
0.569542
0.574003
0.586937
0.60381
0.617172
0.63143
0.632956
0.646449
1.40845
1.40845
1.40845
1.40845
1.40845
1.40845
1.40845
1.40845
1.40845
1.40842
1.40815
1.40581
1.384
1.24445
0.906931
0.489199
0.563626
0.565498
0.568943
0.577512
0.593118
0.613183
0.6363
0.645011
0.689904
1.40845
1.40845
1.40845
1.40845
1.40845
1.40845
1.40845
1.40845
1.40845
1.40843
1.40824
1.40657
1.39125
1.28295
0.961402
0.517482
0.557882
0.576647
0.576631
0.578748
0.588691
0.6088
0.642727
0.683267
0.790353
1.40845
1.40845
1.40845
1.40845
1.40845
1.40845
1.40845
1.40845
1.40845
1.40844
1.40832
1.40722
1.39768
1.3215
1.02133
0.551556
0.545505
0.592287
0.59118
0.586157
0.590473
0.605076
0.637066
0.678075
0.828113
1.40845
1.40845
1.40845
1.40845
1.40845
1.40845
1.40845
1.40845
1.40845
1.40844
1.40835
1.40758
1.40109
1.34739
1.10553
0.716742
0.524937
0.621609
0.611989
0.597751
0.597038
0.606572
0.632773
0.66955
0.810755
1.40845
1.40845
1.40845
1.40845
1.40845
1.40845
1.40845
1.40845
1.40845
1.40844
1.4084
1.40795
1.40396
1.36785
1.17244
0.799503
0.491217
0.619291
0.629179
0.615344
0.607051
0.613799
0.634388
0.666409
0.774806
1.40845
1.40845
1.40845
1.40845
1.40845
1.40845
1.40845
1.40845
1.40845
1.40845
1.40841
1.40806
1.40512
1.37989
1.22716
0.88475
0.488747
0.616142
0.628406
0.630442
0.622904
0.625578
0.638786
0.663649
0.731374
1.40845
1.40845
1.40845
1.40845
1.40845
1.40845
1.40845
1.40845
1.40845
1.40845
1.40843
1.40823
1.40659
1.39187
1.29131
0.973745
0.510367
0.579309
0.638842
0.654341
0.647899
0.641042
0.647084
0.665424
0.710326
1.40845
1.40845
1.40845
1.40845
1.40845
1.40845
1.40845
1.40845
1.40845
1.40845
1.40843
1.40846
1.4078
1.40184
1.35
1.07559
0.585936
0.536427
0.630944
0.658934
0.656766
0.652995
0.657662
0.670708
0.702883
1.40845
1.40845
1.40845
1.40845
1.40845
1.40845
1.40845
1.40845
1.40845
1.40845
1.40844
1.4084
1.40792
1.40384
1.36867
1.17587
0.798144
0.497068
0.624175
0.645412
0.665038
0.665531
0.67014
0.680307
0.703975
1.40845
1.40845
1.40845
1.40845
1.40845
1.40845
1.40845
1.40845
1.40845
1.40845
1.40845
1.40842
1.40816
1.40591
1.38651
1.26278
0.923088
0.505465
0.599431
0.640076
0.671851
0.679325
0.68508
0.692945
0.709575
1.40845
1.40845
1.40845
1.40845
1.40845
1.40845
1.40845
1.40845
1.40845
1.40845
1.40845
1.40844
1.40834
1.40736
1.39893
1.32972
1.03131
0.552858
0.562074
0.642839
0.680564
0.685529
0.6918
0.701246
0.716722
1.40845
1.40845
1.40845
1.40845
1.40845
1.40845
1.40845
1.40845
1.40845
1.40845
1.40845
1.40844
1.40838
1.40787
1.40357
1.3695
1.19061
0.780656
0.510733
0.637814
0.660974
0.688061
0.696542
0.706283
0.721211
1.40845
1.40845
1.40845
1.40845
1.40845
1.40845
1.40845
1.40845
1.40845
1.40845
1.40845
1.40844
1.40836
1.40838
1.40647
1.39222
1.28913
0.921386
0.53646
0.598995
0.666577
0.694941
0.702911
0.712624
0.72633
1.40845
1.40845
1.40845
1.40845
1.40845
1.40845
1.40845
1.40845
1.40845
1.40845
1.40845
1.40845
1.40844
1.40834
1.40754
1.40107
1.35262
1.13002
0.645617
0.544486
0.663167
0.682446
0.702251
0.715743
0.731167
1.40845
1.40845
1.40845
1.40845
1.40845
1.40845
1.40845
1.40845
1.40845
1.40845
1.40845
1.40845
1.40844
1.40837
1.40811
1.40561
1.39743
1.29285
0.840281
0.521364
0.625333
0.673992
0.705665
0.719501
0.735171
1.40845
1.40845
1.40845
1.40845
1.40845
1.40845
1.40845
1.40845
1.40845
1.40845
1.40845
1.40845
1.40845
1.40843
1.4083
1.40719
1.39854
1.33539
1.07676
0.564024
0.5742
0.670403
0.699711
0.719397
0.735879
1.40845
1.40845
1.40845
1.40845
1.40845
1.40845
1.40845
1.40845
1.40845
1.40845
1.40845
1.40845
1.40845
1.40844
1.40831
1.40832
1.40593
1.3897
1.26518
0.77953
0.520196
0.636233
0.683593
0.719981
0.735478
1.40845
1.40845
1.40845
1.40845
1.40845
1.40845
1.40845
1.40845
1.40845
1.40845
1.40845
1.40845
1.40845
1.40845
1.40843
1.40827
1.40701
1.39728
1.32771
1.05781
0.563159
0.585871
0.682581
0.71194
0.732744
1.40845
1.40845
1.40845
1.40845
1.40845
1.40845
1.40845
1.40845
1.40845
1.40845
1.40845
1.40845
1.40845
1.40845
1.40844
1.40833
1.40841
1.40587
1.39002
1.27335
0.778199
0.526728
0.642959
0.695979
0.730979
1.40845
1.40845
1.40845
1.40845
1.40845
1.40845
1.40845
1.40845
1.40845
1.40845
1.40845
1.40845
1.40845
1.40845
1.40845
1.40843
1.40827
1.40703
1.39785
1.33089
1.05652
0.572051
0.589931
0.690203
0.716808
1.40845
1.40845
1.40845
1.40845
1.40845
1.40845
1.40845
1.40845
1.40845
1.40845
1.40845
1.40845
1.40845
1.40845
1.40845
1.40844
1.40838
1.40853
1.40649
1.39146
1.27921
0.811738
0.537474
0.642474
0.703973
1.40845
1.40845
1.40845
1.40845
1.40845
1.40845
1.40845
1.40845
1.40845
1.40845
1.40845
1.40845
1.40845
1.40845
1.40845
1.40845
1.40844
1.40832
1.40735
1.39963
1.34182
1.08127
0.592155
0.588926
0.690248
1.40845
1.40845
1.40845
1.40845
1.40845
1.40845
1.40845
1.40845
1.40845
1.40845
1.40845
1.40845
1.40845
1.40845
1.40845
1.40845
1.40845
1.40841
1.40839
1.40649
1.39067
1.2838
0.871209
0.554614
0.62566
1.40845
1.40845
1.40845
1.40845
1.40845
1.40845
1.40845
1.40845
1.40845
1.40845
1.40845
1.40845
1.40845
1.40845
1.40845
1.40845
1.40845
1.40844
1.40834
1.40751
1.40111
1.35199
1.10668
0.633181
0.585712
1.40845
1.40845
1.40845
1.40845
1.40845
1.40845
1.40845
1.40845
1.40845
1.40845
1.40845
1.40845
1.40845
1.40845
1.40845
1.40845
1.40845
1.40845
1.40846
1.40873
1.4077
1.39781
1.31873
1.00282
0.609603
1.40845
1.40845
1.40845
1.40845
1.40845
1.40845
1.40845
1.40845
1.40845
1.40845
1.40845
1.40845
1.40845
1.40845
1.40845
1.40845
1.40845
1.40845
1.40844
1.40839
1.408
1.40462
1.39411
1.28634
0.79472
1.40845
1.40845
1.40845
1.40845
1.40845
1.40845
1.40845
1.40845
1.40845
1.40845
1.40845
1.40845
1.40845
1.40845
1.40845
1.40845
1.40845
1.40845
1.40845
1.40846
1.40837
1.40741
1.40103
1.34659
1.08392
1.40845
1.40845
1.40845
1.40845
1.40845
1.40845
1.40845
1.40845
1.40845
1.40845
1.40845
1.40845
1.40845
1.40845
1.40845
1.40845
1.40845
1.40845
1.40845
1.40845
1.40842
1.40821
1.40649
1.39601
1.30529
1.40845
1.40845
1.40845
1.40845
1.40845
1.40845
1.40845
1.40845
1.40845
1.40845
1.40845
1.40845
1.40845
1.40845
1.40845
1.40845
1.40845
1.40845
1.40845
1.40845
1.40844
1.40836
1.40783
1.40429
1.37955
1.40845
1.40845
1.40845
1.40845
1.40845
1.40845
1.40845
1.40845
1.40845
1.40845
1.40845
1.40845
1.40845
1.40845
1.40845
1.40845
1.40845
1.40845
1.40845
1.40845
1.40845
1.40843
1.4083
1.40734
1.40031
1.40845
1.40845
1.40845
1.40845
1.40845
1.40845
1.40845
1.40845
1.40845
1.40845
1.40845
1.40845
1.40845
1.40845
1.40845
1.40845
1.40845
1.40845
1.40845
1.40845
1.40845
1.40844
1.40841
1.40823
1.40659
1.40845
1.40845
1.40845
1.40845
1.40845
1.40845
1.40845
1.40845
1.40845
1.40845
1.40845
1.40845
1.40845
1.40845
1.40845
1.40845
1.40845
1.40845
1.40845
1.40845
1.40845
1.40845
1.40844
1.40837
1.40804
1.40845
1.40845
1.40845
1.40845
1.40845
1.40845
1.40845
1.40845
1.40845
1.40845
1.40845
1.40845
1.40845
1.40845
1.40845
1.40845
1.40845
1.40845
1.40845
1.40845
1.40845
1.40845
1.40845
1.40844
1.40833
1.40845
1.40845
1.40845
1.40845
1.40845
1.40845
1.40845
1.40845
1.40845
1.40845
1.40845
1.40845
1.40845
1.40845
1.40845
1.40845
1.40845
1.40845
1.40845
1.40845
1.40845
1.40845
1.40845
1.40845
1.40842
1.40845
1.40845
1.40845
1.40845
1.40845
1.40845
1.40845
1.40845
1.40845
1.40845
1.40845
1.40845
1.40845
1.40845
1.40845
1.40845
1.40845
1.40845
1.40845
1.40845
1.40845
1.40845
1.40845
1.40845
1.40844
1.40845
1.40845
1.40845
1.40845
1.40845
1.40845
1.40845
1.40845
1.40845
1.40845
1.40845
1.40845
1.40845
1.40845
1.40845
1.40845
1.40845
1.40845
1.40845
1.40845
1.40845
1.40845
1.40845
1.40845
1.40845
1.40845
1.40845
1.40845
1.40845
1.40845
1.40845
1.40845
1.40845
1.40845
1.40845
1.40845
1.40845
1.40845
1.40845
1.40845
1.40845
1.40845
1.40845
1.40845
1.40845
1.40845
1.40845
1.40845
1.40845
1.40845
1.40845
1.40845
1.40845
1.40845
1.40845
1.40845
1.40845
1.40845
1.40845
1.40845
1.40845
1.40845
1.40845
1.40845
1.40845
1.40845
1.40845
1.40845
1.40845
1.40845
1.40845
1.40845
1.40845
1.40845
1.40845
1.40845
1.40845
1.40845
1.40845
1.40845
1.40845
1.40845
1.40845
1.40845
1.40845
1.40845
1.40845
1.40845
1.40845
1.40845
1.40845
1.40845
1.40845
1.40845
1.40845
1.40845
1.40845
1.40845
1.40845
1.40845
1.40845
1.40845
1.40845
1.40845
1.40845
1.40845
1.40845
1.40845
1.40845
1.40845
1.40845
1.40845
1.40845
1.40845
1.40845
1.40845
1.40845
1.40845
1.40845
1.40845
1.40845
1.40845
1.40845
1.40845
1.40845
1.40845
1.40845
1.40845
1.40845
1.40845
1.40845
1.40845
1.40845
1.40845
1.40845
1.40845
1.40845
1.40845
1.40845
1.40845
1.40845
1.40845
1.40845
1.40845
1.40845
1.40845
1.40845
1.40845
1.40845
1.40845
0.711225
0.631171
0.508822
0.51755
0.52259
0.51295
0.505148
0.503235
0.545505
0.563072
0.565917
0.564343
0.562922
0.56182
0.55637
0.567657
0.585785
0.594416
0.596631
0.598008
0.59489
0.594024
0.594026
0.593634
0.59362
0.594175
0.596276
0.597918
0.598949
0.599395
0.599596
0.601217
0.60137
0.599963
0.598729
0.590608
0.58328
0.576015
0.562665
0.553507
0.546292
0.537013
0.530116
0.524914
0.517628
0.512431
0.510852
0.510154
0.508052
0.508069
0.501078
0.503991
0.50584
0.508375
0.510955
0.513325
0.516052
0.518814
0.521754
0.524548
0.527289
0.52994
0.532501
0.535059
0.537394
0.539674
0.542002
0.544417
0.546871
0.549134
0.551408
0.553685
0.556001
0.558303
0.560605
0.562911
0.56524
0.567537
0.569799
0.571928
0.574084
0.576157
0.578261
0.580266
0.582297
0.584204
0.586136
0.587924
0.589737
0.591402
0.593109
0.594722
0.596393
0.597954
0.599604
0.601286
0.603036
0.605808
0.605894
0.604551
0.696567
0.644154
0.592988
0.539937
0.523653
0.501107
0.481175
0.453888
0.487047
0.500847
0.502279
0.493267
0.490179
0.48716
0.485013
0.497228
0.505575
0.510283
0.510004
0.509734
0.508783
0.508088
0.508142
0.507856
0.507935
0.50781
0.50899
0.510163
0.511226
0.511494
0.511526
0.513081
0.513229
0.51214
0.511952
0.507381
0.503818
0.500538
0.493037
0.488875
0.486655
0.485922
0.487387
0.486897
0.484049
0.488708
0.491425
0.49405
0.49884
0.50377
0.510166
0.518486
0.524739
0.531257
0.538101
0.543906
0.55002
0.55544
0.561295
0.566832
0.571992
0.576638
0.580963
0.585446
0.589363
0.592647
0.595877
0.599193
0.602669
0.606009
0.609232
0.61222
0.615131
0.618001
0.620878
0.623676
0.626455
0.629154
0.631742
0.634114
0.636498
0.638821
0.641185
0.643449
0.645744
0.647851
0.649966
0.651897
0.65385
0.655641
0.657475
0.65919
0.660936
0.662487
0.664064
0.66562
0.667231
0.669924
0.669797
0.667811
0.768244
0.710331
0.659815
0.591973
0.562009
0.538519
0.525571
0.498151
0.472931
0.468629
0.462626
0.465855
0.469901
0.465279
0.456577
0.448063
0.462412
0.471101
0.472604
0.474284
0.47019
0.468599
0.468386
0.468578
0.468334
0.469267
0.470034
0.471083
0.471452
0.471215
0.471034
0.472384
0.472652
0.47246
0.472461
0.469398
0.466263
0.465633
0.457911
0.455962
0.459893
0.466355
0.476668
0.486149
0.497995
0.513329
0.527591
0.543613
0.553613
0.564034
0.573467
0.583913
0.591444
0.597978
0.604112
0.60957
0.615811
0.62073
0.626027
0.630732
0.635553
0.639681
0.643566
0.647623
0.651814
0.655507
0.658764
0.661961
0.66479
0.667492
0.670235
0.673053
0.675993
0.679044
0.682197
0.685233
0.688265
0.691081
0.693824
0.696301
0.698744
0.701068
0.703403
0.70562
0.707854
0.709966
0.712105
0.714082
0.71604
0.717823
0.719619
0.721415
0.723216
0.724993
0.72682
0.728694
0.73067
0.733892
0.734061
0.731769
0.822694
0.793676
0.756175
0.694494
0.634228
0.590946
0.583283
0.568468
0.539009
0.509435
0.492757
0.47965
0.477368
0.478624
0.47928
0.467469
0.461921
0.459532
0.456424
0.45625
0.45698
0.458539
0.466558
0.466793
0.465185
0.464726
0.464594
0.464045
0.465412
0.466227
0.466697
0.467873
0.466968
0.463066
0.459524
0.451821
0.451315
0.453531
0.462679
0.481196
0.507708
0.535394
0.552526
0.566146
0.577751
0.591468
0.604863
0.618937
0.623302
0.632427
0.637089
0.643265
0.647995
0.652981
0.657017
0.661173
0.666312
0.670472
0.674836
0.678446
0.681779
0.685248
0.688682
0.692103
0.695623
0.698916
0.702234
0.705277
0.708448
0.711003
0.713357
0.715733
0.718154
0.720687
0.723348
0.726094
0.728912
0.731844
0.734924
0.73773
0.740304
0.742792
0.74514
0.747369
0.749546
0.751736
0.753921
0.756084
0.758194
0.760067
0.761821
0.7636
0.765283
0.766973
0.768692
0.770506
0.772509
0.775558
0.776739
0.774276
0.809316
0.821893
0.808119
0.772541
0.730351
0.682276
0.657447
0.665245
0.63682
0.598285
0.567869
0.538291
0.515856
0.509517
0.508166
0.506033
0.497745
0.48799
0.479887
0.471967
0.467645
0.466227
0.46652
0.467067
0.467883
0.467779
0.46764
0.466476
0.46597
0.46638
0.467219
0.466804
0.46514
0.462306
0.462897
0.469899
0.485943
0.508896
0.542246
0.565589
0.594244
0.611421
0.623964
0.635993
0.64585
0.660817
0.667244
0.676003
0.67792
0.68269
0.683095
0.685443
0.689855
0.692361
0.694742
0.698195
0.701069
0.703988
0.706655
0.710065
0.713666
0.716309
0.718856
0.721512
0.7244
0.727633
0.731235
0.734576
0.737181
0.739426
0.741578
0.743751
0.745987
0.748357
0.750909
0.753665
0.756665
0.759355
0.761862
0.764411
0.767053
0.769806
0.772631
0.775164
0.777367
0.779445
0.781516
0.783545
0.785495
0.787412
0.789293
0.791217
0.793178
0.795009
0.796793
0.798622
0.800603
0.803368
0.805091
0.802433
0.779181
0.818148
0.821457
0.805437
0.784584
0.758702
0.731438
0.745268
0.717572
0.67624
0.644093
0.618139
0.590618
0.572404
0.567784
0.560664
0.548977
0.535491
0.524038
0.50991
0.502781
0.495173
0.488955
0.48431
0.481202
0.478865
0.477237
0.475889
0.474811
0.474134
0.472684
0.472469
0.474776
0.481017
0.493575
0.517928
0.558875
0.594362
0.637786
0.655671
0.67602
0.685266
0.689676
0.693163
0.699825
0.708551
0.709415
0.714177
0.719306
0.720336
0.714888
0.714922
0.718093
0.719063
0.722219
0.724376
0.725777
0.727326
0.729175
0.731772
0.734842
0.737339
0.739553
0.74196
0.744689
0.747817
0.750801
0.753227
0.755449
0.75781
0.760264
0.762751
0.765315
0.767981
0.770553
0.772876
0.775238
0.777637
0.780109
0.782727
0.785492
0.788311
0.790892
0.79315
0.795301
0.79748
0.799672
0.801906
0.804223
0.806358
0.808257
0.810182
0.812036
0.813841
0.815662
0.817544
0.819611
0.822281
0.824659
0.821934
0.747491
0.798131
0.819252
0.821079
0.813984
0.806383
0.794113
0.808717
0.808117
0.783923
0.748557
0.719478
0.694269
0.670328
0.653964
0.643932
0.628566
0.610715
0.593548
0.577955
0.562058
0.549879
0.538036
0.526567
0.519111
0.511454
0.505717
0.498968
0.495331
0.491495
0.486688
0.489123
0.496778
0.513125
0.544435
0.595707
0.657088
0.700219
0.736302
0.750513
0.765199
0.767115
0.764323
0.759507
0.75083
0.737697
0.718651
0.728218
0.741069
0.741272
0.74345
0.743327
0.740633
0.737707
0.739168
0.741097
0.743207
0.744603
0.745172
0.745721
0.747149
0.749874
0.753207
0.755502
0.757416
0.759372
0.761631
0.764307
0.767387
0.770318
0.772707
0.774881
0.777083
0.779391
0.781839
0.784387
0.787006
0.789688
0.792284
0.794822
0.797316
0.79978
0.802151
0.804468
0.806755
0.80907
0.811383
0.813671
0.815981
0.817971
0.819862
0.821809
0.823782
0.825793
0.827859
0.829985
0.832255
0.835072
0.837597
0.834691
0.734741
0.77129
0.804149
0.818081
0.81732
0.820307
0.824159
0.835231
0.851053
0.84658
0.824359
0.796173
0.773551
0.751615
0.732885
0.728727
0.725956
0.713105
0.692371
0.673729
0.652593
0.631675
0.616974
0.601378
0.588016
0.572619
0.561006
0.546995
0.539633
0.531099
0.50902
0.519563
0.542753
0.578944
0.632554
0.703105
0.746333
0.782549
0.808608
0.821461
0.838249
0.838372
0.837537
0.833306
0.822897
0.808104
0.785301
0.760056
0.733931
0.743044
0.76202
0.761755
0.760916
0.756884
0.749636
0.750344
0.75295
0.754286
0.755807
0.756844
0.757766
0.759068
0.760891
0.762594
0.764858
0.767616
0.77059
0.773152
0.775423
0.777651
0.77991
0.782197
0.784527
0.78691
0.789387
0.792051
0.794868
0.797388
0.799852
0.802351
0.804863
0.807376
0.809926
0.812344
0.814653
0.816954
0.819261
0.821528
0.823827
0.825864
0.827789
0.829777
0.831817
0.8339
0.836039
0.83823
0.840591
0.843438
0.846338
0.8435
0.733596
0.756351
0.782994
0.800373
0.813918
0.819751
0.827118
0.840327
0.858398
0.877968
0.874652
0.860286
0.842663
0.828013
0.814993
0.803839
0.805369
0.799193
0.783211
0.761631
0.744247
0.724723
0.709555
0.693688
0.679128
0.663735
0.646977
0.629462
0.611763
0.5758
0.560606
0.578687
0.611206
0.656965
0.726189
0.783443
0.813945
0.839234
0.851149
0.864761
0.88102
0.888388
0.892007
0.889142
0.884237
0.873578
0.852172
0.827915
0.798958
0.753962
0.742399
0.753313
0.764989
0.769454
0.768578
0.764569
0.760096
0.759943
0.76167
0.763849
0.76603
0.76636
0.76716
0.768584
0.770817
0.773865
0.77622
0.778399
0.780687
0.782726
0.784807
0.787021
0.789384
0.79186
0.794191
0.796647
0.799226
0.80189
0.804628
0.807321
0.80993
0.812538
0.815118
0.817381
0.819637
0.821937
0.824261
0.8266
0.829003
0.831157
0.833125
0.835142
0.837228
0.839384
0.841598
0.843885
0.846349
0.849315
0.852419
0.849525
0.737118
0.754893
0.775836
0.786871
0.804935
0.813083
0.824096
0.839144
0.858293
0.876237
0.892935
0.889396
0.882065
0.872241
0.865077
0.858681
0.862184
0.863112
0.858061
0.844919
0.827857
0.813556
0.79874
0.785
0.770224
0.755389
0.738915
0.715571
0.684648
0.609131
0.615793
0.644195
0.67887
0.726322
0.792141
0.823203
0.84474
0.861764
0.879567
0.897918
0.908018
0.912238
0.918433
0.922447
0.921761
0.915959
0.904156
0.890974
0.866307
0.833042
0.797781
0.744144
0.749718
0.771592
0.772036
0.774421
0.773656
0.770706
0.767012
0.767827
0.768787
0.770822
0.77231
0.774071
0.77552
0.777213
0.779346
0.78178
0.78409
0.786371
0.788707
0.791128
0.793576
0.796232
0.798525
0.8008
0.803158
0.80562
0.808228
0.810942
0.813587
0.816268
0.818728
0.820976
0.823234
0.82553
0.827848
0.830177
0.832535
0.834806
0.836867
0.838945
0.841079
0.843266
0.845497
0.847804
0.850304
0.85333
0.85656
0.853565
0.741422
0.756109
0.771532
0.782619
0.794716
0.803991
0.817179
0.832594
0.851095
0.872071
0.88939
0.899762
0.896997
0.892296
0.884173
0.884133
0.890946
0.898567
0.897882
0.89339
0.883011
0.870285
0.860529
0.850477
0.839154
0.826635
0.806181
0.776421
0.717527
0.633786
0.66929
0.692489
0.725355
0.774057
0.816956
0.837017
0.857306
0.874831
0.894197
0.908943
0.922287
0.929447
0.936256
0.935462
0.935995
0.936628
0.93466
0.93151
0.919552
0.900443
0.871552
0.828468
0.782696
0.73654
0.753965
0.76626
0.7802
0.777673
0.777433
0.772684
0.773746
0.774737
0.77677
0.778832
0.781275
0.781902
0.782962
0.785026
0.787705
0.790242
0.792744
0.795259
0.797909
0.800565
0.802878
0.805191
0.807571
0.810052
0.812631
0.815366
0.8179
0.820293
0.822672
0.824947
0.827238
0.829548
0.831854
0.834138
0.836459
0.838635
0.840652
0.842705
0.844841
0.847052
0.849338
0.851729
0.854335
0.857487
0.860912
0.857811
0.745479
0.759873
0.773555
0.783844
0.790966
0.800123
0.809607
0.822479
0.840242
0.862046
0.879955
0.897843
0.90302
0.901065
0.897461
0.899643
0.90373
0.908214
0.915867
0.920771
0.918977
0.913065
0.905464
0.896645
0.886137
0.870632
0.846546
0.797783
0.719777
0.668345
0.70243
0.720098
0.750121
0.791262
0.810121
0.830509
0.851452
0.871233
0.890595
0.902974
0.916214
0.930911
0.94078
0.948401
0.946257
0.944919
0.9465
0.949595
0.949072
0.941122
0.923573
0.896854
0.861786
0.820265
0.762472
0.752225
0.773181
0.779417
0.790718
0.788408
0.787631
0.784977
0.786099
0.786871
0.789252
0.791312
0.792334
0.79377
0.796116
0.798596
0.801195
0.804093
0.806782
0.809059
0.811137
0.813222
0.815461
0.817881
0.820445
0.822793
0.825077
0.827359
0.829643
0.831878
0.834054
0.836243
0.838413
0.840547
0.84269
0.844765
0.846738
0.848743
0.850846
0.853045
0.855345
0.857778
0.86045
0.863685
0.867201
0.863866
0.749218
0.763576
0.776969
0.786279
0.791874
0.799391
0.806283
0.816923
0.831523
0.848006
0.86649
0.886964
0.901385
0.90422
0.903673
0.9044
0.907368
0.913312
0.922834
0.926446
0.933702
0.935767
0.932683
0.924532
0.912288
0.89039
0.847339
0.773092
0.66113
0.695908
0.716547
0.738519
0.768246
0.785553
0.803747
0.823512
0.840208
0.856957
0.871762
0.884915
0.89861
0.911119
0.919705
0.928593
0.93845
0.951144
0.958567
0.960199
0.95783
0.954462
0.951992
0.945492
0.931519
0.903703
0.864388
0.816878
0.753201
0.764548
0.785373
0.796284
0.802828
0.800968
0.798049
0.795592
0.79683
0.798893
0.800947
0.802619
0.805374
0.807702
0.809573
0.811951
0.815143
0.817135
0.819244
0.82145
0.823863
0.82652
0.829608
0.832591
0.834823
0.836934
0.838954
0.840882
0.842824
0.844833
0.846914
0.849059
0.851256
0.853525
0.855624
0.857649
0.859717
0.861844
0.86406
0.866416
0.869054
0.872333
0.87612
0.872715
0.751848
0.765417
0.779951
0.790308
0.795369
0.801107
0.807584
0.816013
0.825903
0.838438
0.855069
0.872973
0.88735
0.900943
0.903199
0.903714
0.908213
0.913475
0.918289
0.924967
0.936469
0.946458
0.942652
0.933966
0.917059
0.878655
0.811349
0.688884
0.692289
0.722733
0.737302
0.752016
0.768277
0.781847
0.797457
0.814152
0.829059
0.843193
0.856511
0.870465
0.883345
0.893343
0.904461
0.916159
0.928172
0.93966
0.946776
0.953001
0.959574
0.96703
0.965554
0.969461
0.970154
0.959059
0.936489
0.901179
0.856037
0.807237
0.759772
0.777465
0.789251
0.810784
0.804526
0.803835
0.801264
0.802077
0.803752
0.805881
0.808259
0.812028
0.813564
0.815173
0.817378
0.820497
0.823041
0.825043
0.827067
0.829181
0.831433
0.83403
0.836327
0.838687
0.841147
0.843679
0.846174
0.84859
0.850941
0.853283
0.855633
0.858015
0.860447
0.862771
0.865074
0.867382
0.869709
0.872095
0.874706
0.877926
0.881772
0.878196
0.753445
0.76627
0.781098
0.79262
0.797852
0.804324
0.810921
0.816677
0.82486
0.835809
0.847809
0.862073
0.877468
0.887666
0.898603
0.902842
0.907794
0.909832
0.915459
0.924676
0.936238
0.938687
0.934693
0.927335
0.901765
0.839837
0.738967
0.694662
0.726768
0.73545
0.744577
0.754265
0.76522
0.776945
0.789904
0.803717
0.816844
0.830202
0.843075
0.856997
0.868098
0.879265
0.891221
0.90422
0.914673
0.922512
0.932552
0.944883
0.958619
0.974781
0.980777
0.982676
0.981807
0.978518
0.975008
0.96377
0.936654
0.895837
0.84303
0.771075
0.775143
0.798915
0.802978
0.815013
0.812557
0.810985
0.80805
0.80893
0.811698
0.815563
0.818268
0.819973
0.821728
0.823773
0.826251
0.828505
0.830554
0.832764
0.83486
0.837084
0.839431
0.841827
0.844255
0.846768
0.849292
0.851626
0.853834
0.855973
0.858119
0.860319
0.862618
0.864922
0.867214
0.869569
0.872003
0.874548
0.877357
0.880817
0.885177
0.881599
0.752602
0.765772
0.780427
0.794207
0.799062
0.804968
0.812964
0.818872
0.826488
0.835444
0.845098
0.856487
0.872202
0.880646
0.888165
0.898544
0.904648
0.907952
0.913165
0.920301
0.929517
0.928346
0.923067
0.904406
0.856345
0.778265
0.696857
0.71994
0.741025
0.744734
0.749416
0.755434
0.763107
0.772265
0.782616
0.794312
0.806687
0.819087
0.83207
0.84538
0.856414
0.868394
0.881798
0.8926
0.901042
0.912318
0.924382
0.937847
0.94993
0.961511
0.969781
0.976909
0.984387
0.988715
0.991953
0.988912
0.980528
0.960706
0.928088
0.884263
0.833159
0.76559
0.780021
0.796004
0.818814
0.821016
0.817646
0.815868
0.816051
0.81789
0.820184
0.823487
0.827357
0.828312
0.829478
0.830891
0.832913
0.835687
0.839692
0.842291
0.844271
0.846342
0.848429
0.850585
0.852851
0.855092
0.85716
0.85911
0.861087
0.863148
0.865384
0.867797
0.870099
0.872405
0.87481
0.877355
0.880206
0.883784
0.888509
0.884887
0.750536
0.764768
0.778915
0.795763
0.800618
0.805093
0.814098
0.820875
0.826998
0.83481
0.844304
0.855792
0.868673
0.878223
0.886038
0.893809
0.902045
0.907557
0.912241
0.917295
0.915764
0.913067
0.901652
0.861309
0.788424
0.695337
0.716444
0.741737
0.745274
0.74803
0.75087
0.754965
0.76117
0.769068
0.778332
0.788292
0.799015
0.810625
0.823278
0.835235
0.846444
0.859685
0.871678
0.881752
0.893221
0.90587
0.917075
0.928738
0.939408
0.950442
0.959258
0.967002
0.975587
0.985269
0.992767
0.995503
0.992025
0.992206
0.982862
0.959086
0.919238
0.868178
0.80763
0.777456
0.79804
0.805673
0.829264
0.827411
0.824111
0.820878
0.821971
0.823957
0.829402
0.831921
0.833787
0.835638
0.837639
0.839865
0.84272
0.846355
0.848259
0.849752
0.851418
0.853264
0.8552
0.857166
0.859153
0.86121
0.863418
0.865809
0.868409
0.87118
0.873697
0.876071
0.878535
0.881123
0.883987
0.887594
0.892497
0.888712
0.746413
0.761791
0.77576
0.793919
0.8015
0.804496
0.813184
0.821983
0.826454
0.833599
0.843003
0.854847
0.868755
0.878693
0.884985
0.892092
0.899673
0.911399
0.91308
0.909671
0.904602
0.893774
0.85987
0.79453
0.693205
0.714589
0.739561
0.749718
0.750801
0.75196
0.753865
0.757107
0.762002
0.768429
0.776216
0.78509
0.79497
0.805994
0.818498
0.828998
0.840994
0.853656
0.863556
0.874753
0.887368
0.89937
0.909399
0.919711
0.930571
0.941568
0.950316
0.95914
0.968151
0.977381
0.986445
0.998546
1.00338
1.00395
1.00124
0.997769
0.982896
0.953313
0.90512
0.853451
0.780786
0.786259
0.806029
0.818313
0.836704
0.836391
0.833593
0.833407
0.834211
0.835951
0.837616
0.839996
0.842776
0.844713
0.846813
0.849279
0.852479
0.854531
0.855596
0.856779
0.858115
0.859586
0.861265
0.863197
0.865425
0.867968
0.87092
0.874328
0.877372
0.880082
0.88286
0.885698
0.888699
0.892355
0.897261
0.893201
0.739558
0.7575
0.773956
0.792175
0.803099
0.804227
0.810771
0.822315
0.826947
0.831937
0.840213
0.851838
0.866712
0.880348
0.885256
0.89157
0.900848
0.912706
0.909958
0.902672
0.890884
0.858924
0.798647
0.700083
0.712177
0.734716
0.748626
0.75154
0.752491
0.75445
0.75712
0.760563
0.764714
0.769832
0.775955
0.783781
0.793117
0.803598
0.815209
0.826662
0.840142
0.848475
0.858769
0.870517
0.882113
0.8917
0.902292
0.912551
0.923541
0.934475
0.943836
0.952781
0.961944
0.971556
0.979594
0.987802
0.997079
1.00896
1.01261
1.01504
1.01061
1.00179
0.977382
0.941514
0.88778
0.834956
0.784452
0.799325
0.813911
0.837317
0.844911
0.840945
0.83909
0.838953
0.839306
0.840465
0.843303
0.847893
0.851147
0.853665
0.856117
0.857799
0.859328
0.860703
0.861899
0.8631
0.864403
0.86599
0.86808
0.870665
0.873725
0.877364
0.8806
0.883443
0.886397
0.889434
0.89264
0.89649
0.901894
0.897842
0.737422
0.752005
0.768551
0.786639
0.804799
0.806744
0.810199
0.820926
0.827856
0.832371
0.839141
0.848779
0.862603
0.87685
0.884102
0.892147
0.908261
0.907492
0.901924
0.893351
0.86388
0.805836
0.704548
0.704903
0.726978
0.741682
0.748792
0.75189
0.755022
0.758442
0.762152
0.766035
0.770154
0.774733
0.780202
0.786604
0.794369
0.803073
0.812979
0.824043
0.834493
0.845344
0.856991
0.868182
0.876132
0.885592
0.895981
0.906792
0.918349
0.928538
0.938996
0.947623
0.956816
0.964347
0.971692
0.98111
0.99197
1.00173
1.01249
1.02228
1.01986
1.01836
1.01255
0.997493
0.968264
0.928928
0.877771
0.801797
0.801674
0.823631
0.829463
0.850162
0.849265
0.845046
0.844806
0.844346
0.844902
0.84711
0.851696
0.857444
0.858445
0.859107
0.860095
0.861302
0.862779
0.864564
0.866434
0.868413
0.870688
0.873418
0.876606
0.88031
0.884078
0.886778
0.889625
0.892656
0.895952
0.899844
0.90568
0.901667
0.713903
0.745362
0.7624
0.780804
0.801545
0.809394
0.81083
0.819054
0.827368
0.833504
0.839937
0.848316
0.859519
0.873898
0.879527
0.888678
0.90168
0.899061
0.891186
0.866778
0.81505
0.721266
0.70318
0.728668
0.737882
0.74732
0.753169
0.75785
0.761435
0.764702
0.76818
0.771867
0.775622
0.779571
0.783969
0.78914
0.795256
0.802612
0.8109
0.820524
0.830136
0.841298
0.851476
0.861546
0.871767
0.881713
0.891028
0.900949
0.910801
0.920793
0.930499
0.93804
0.945918
0.952532
0.960682
0.970657
0.979577
0.988118
0.997297
1.0082
1.01792
1.02011
1.02218
1.02023
1.01437
0.99732
0.961178
0.916283
0.865606
0.800008
0.813413
0.832612
0.846194
0.862243
0.860182
0.85683
0.852795
0.853
0.854252
0.857587
0.863078
0.863914
0.863921
0.86446
0.865591
0.867343
0.869636
0.871969
0.874454
0.877261
0.880451
0.884208
0.88818
0.890817
0.893606
0.896667
0.900055
0.904019
0.909998
0.905898
0.710534
0.736635
0.75822
0.775236
0.794617
0.811315
0.812579
0.817827
0.828048
0.83278
0.838952
0.846656
0.856336
0.869909
0.879875
0.881378
0.884436
0.881907
0.867178
0.820112
0.740686
0.702064
0.730117
0.73458
0.742203
0.750946
0.756786
0.760653
0.764675
0.768789
0.77189
0.775195
0.778941
0.782925
0.787206
0.791891
0.797137
0.803167
0.810106
0.817988
0.826733
0.836311
0.845992
0.856166
0.865954
0.875516
0.885282
0.894696
0.904349
0.913864
0.923218
0.93132
0.938378
0.945635
0.954298
0.963863
0.971725
0.980698
0.991354
1.00395
1.01223
1.02127
1.02607
1.02428
1.02616
1.02499
1.01354
0.992025
0.956915
0.907733
0.851338
0.817557
0.836539
0.845451
0.86314
0.863726
0.861555
0.857626
0.85693
0.858194
0.861337
0.86543
0.867844
0.868367
0.869251
0.870746
0.872763
0.875069
0.877581
0.880759
0.884388
0.888521
0.892778
0.895613
0.898515
0.901663
0.90509
0.90917
0.915024
0.910654
0.686352
0.719763
0.757295
0.771547
0.787073
0.807029
0.81455
0.816481
0.8266
0.835426
0.83825
0.843624
0.852378
0.866045
0.878996
0.872126
0.864834
0.853658
0.816322
0.754088
0.697421
0.727943
0.7299
0.736337
0.745912
0.750517
0.755269
0.760259
0.765737
0.770538
0.774496
0.778004
0.781905
0.786083
0.790325
0.794703
0.799272
0.804389
0.810097
0.816779
0.824291
0.832523
0.841412
0.85078
0.860319
0.869908
0.879603
0.88934
0.89878
0.90738
0.916564
0.924415
0.93249
0.941644
0.951781
0.959194
0.968003
0.978056
0.990816
1.00051
1.00912
1.01352
1.01859
1.02631
1.03576
1.03576
1.03256
1.02883
1.01854
0.989253
0.946181
0.894599
0.827906
0.830225
0.848615
0.852363
0.866997
0.866409
0.862989
0.860088
0.86075
0.863348
0.86762
0.871774
0.873151
0.874747
0.876722
0.879056
0.881496
0.884381
0.888296
0.893217
0.898429
0.901549
0.904451
0.907573
0.910946
0.915207
0.920982
0.916179
0.64236
0.732167
0.744876
0.766739
0.781317
0.799713
0.813615
0.815304
0.822339
0.834333
0.838099
0.841688
0.848868
0.862724
0.868149
0.858621
0.844441
0.806287
0.747425
0.690481
0.7237
0.725266
0.731419
0.740539
0.744024
0.748453
0.753614
0.759498
0.766254
0.771731
0.776378
0.780561
0.784453
0.788484
0.792701
0.796985
0.80142
0.806135
0.811279
0.817034
0.823369
0.830429
0.838031
0.846288
0.854962
0.864167
0.873505
0.883221
0.89232
0.901687
0.909843
0.917959
0.925851
0.934643
0.941263
0.949377
0.959001
0.970955
0.984613
0.991532
0.998655
1.00387
1.01079
1.01906
1.02784
1.03476
1.03917
1.04415
1.04134
1.03316
1.0148
0.981918
0.932067
0.88337
0.819272
0.830919
0.846846
0.860139
0.872729
0.871517
0.868661
0.869248
0.870703
0.87398
0.878269
0.880474
0.88249
0.884754
0.887201
0.890074
0.893424
0.89793
0.904413
0.908909
0.911221
0.91367
0.916633
0.920746
0.926641
0.921552
0.566974
0.672465
0.736578
0.760245
0.774395
0.788752
0.806989
0.812682
0.815704
0.827812
0.836541
0.839476
0.844866
0.853324
0.849516
0.838725
0.802055
0.741512
0.675508
0.709929
0.716846
0.730374
0.740374
0.739773
0.742032
0.746305
0.752443
0.759965
0.767124
0.772596
0.777878
0.782481
0.786902
0.790701
0.794617
0.798693
0.802959
0.807389
0.812067
0.817071
0.822544
0.828587
0.835291
0.842613
0.850662
0.85927
0.868442
0.877971
0.887441
0.896758
0.905379
0.913281
0.921749
0.929401
0.936498
0.945172
0.955729
0.96845
0.979173
0.98833
0.995072
1.00185
1.00913
1.01598
1.02299
1.03153
1.0393
1.04848
1.04874
1.04703
1.04676
1.03918
1.01168
0.96873
0.913229
0.830968
0.832145
0.855113
0.860847
0.874751
0.879373
0.878083
0.877354
0.878617
0.880557
0.883177
0.886554
0.890254
0.89168
0.893879
0.897257
0.902291
0.909931
0.915434
0.917271
0.919168
0.921888
0.925842
0.932357
0.927187
0.618711
0.617701
0.711213
0.740544
0.77191
0.783972
0.798925
0.812116
0.813782
0.819297
0.833514
0.840379
0.838992
0.836571
0.826927
0.794883
0.73775
0.668114
0.698791
0.704674
0.718485
0.733522
0.736464
0.739545
0.742661
0.746755
0.752158
0.758598
0.765871
0.772505
0.778143
0.783119
0.787729
0.791632
0.795565
0.799601
0.803781
0.808291
0.81301
0.817882
0.823056
0.828588
0.834672
0.841423
0.848833
0.856818
0.865397
0.874479
0.883834
0.892934
0.901227
0.908945
0.917403
0.925998
0.934997
0.944203
0.953543
0.963451
0.974228
0.985848
0.992427
0.999311
1.00488
1.01078
1.01749
1.02497
1.03357
1.04219
1.05344
1.05823
1.05914
1.05978
1.0528
1.02854
0.992872
0.945718
0.894674
0.826679
0.842364
0.862675
0.873518
0.89017
0.88942
0.88642
0.887383
0.88932
0.89199
0.894131
0.896603
0.899127
0.90241
0.907739
0.915825
0.919826
0.921949
0.924165
0.926901
0.930533
0.937405
0.932195
0.927514
0.611537
0.655225
0.743181
0.758263
0.780325
0.795391
0.81058
0.814992
0.81947
0.830592
0.833972
0.82715
0.814682
0.781412
0.727142
0.660877
0.684236
0.694159
0.717185
0.726753
0.72785
0.731213
0.735708
0.741263
0.747446
0.752881
0.758394
0.764007
0.769545
0.775052
0.780627
0.786194
0.791718
0.796682
0.801593
0.806216
0.810896
0.815537
0.820372
0.825363
0.83048
0.835909
0.841749
0.848137
0.855257
0.863031
0.871504
0.880466
0.889435
0.897594
0.905673
0.913859
0.922572
0.931867
0.940454
0.949923
0.959967
0.971327
0.980538
0.987968
0.993612
0.999526
1.00568
1.01249
1.0196
1.02745
1.03622
1.04613
1.05466
1.06336
1.06167
1.05798
1.05476
1.04204
1.02007
0.980193
0.919267
0.84973
0.845587
0.86704
0.8729
0.883982
0.895415
0.894877
0.892131
0.893289
0.896068
0.899357
0.904323
0.909493
0.914922
0.922459
0.925529
0.927679
0.92996
0.932439
0.935742
0.942552
0.937315
1.21722
0.815196
0.588127
0.677131
0.750574
0.773195
0.794133
0.807084
0.817594
0.829006
0.826791
0.822044
0.809594
0.772148
0.713168
0.652659
0.676926
0.685691
0.706853
0.71704
0.718319
0.722101
0.7271
0.73312
0.738744
0.744112
0.749722
0.755513
0.761336
0.76711
0.773031
0.779058
0.785258
0.79144
0.797552
0.803083
0.808649
0.813572
0.818614
0.823446
0.82845
0.833608
0.838954
0.844643
0.850804
0.85758
0.865002
0.872887
0.881192
0.88956
0.897683
0.905914
0.913772
0.921829
0.930112
0.938906
0.948183
0.958146
0.969227
0.977729
0.983456
0.989297
0.99569
1.00227
1.00954
1.01627
1.02349
1.03114
1.04
1.04702
1.05301
1.06091
1.06409
1.06102
1.05945
1.05349
1.03467
1.0001
0.955288
0.899433
0.830048
0.84471
0.865853
0.877662
0.899248
0.900507
0.898999
0.899483
0.901599
0.904508
0.908902
0.914778
0.923915
0.928374
0.931314
0.934819
0.937389
0.940814
0.947967
0.942589
1.34534
1.08622
0.618679
0.61696
0.70974
0.751237
0.786596
0.805079
0.825558
0.827352
0.818643
0.805864
0.767786
0.704738
0.639751
0.670615
0.676434
0.697525
0.707625
0.7105
0.714899
0.720019
0.725555
0.731406
0.737283
0.742835
0.748386
0.754053
0.759911
0.766023
0.772342
0.778878
0.785483
0.792213
0.798701
0.80513
0.811589
0.817651
0.823652
0.828634
0.833223
0.838124
0.843269
0.848629
0.854295
0.860431
0.866961
0.873842
0.880925
0.887825
0.894727
0.90188
0.909238
0.916888
0.924921
0.933362
0.942366
0.952247
0.962544
0.970592
0.976702
0.982635
0.988454
0.994626
1.00054
1.00656
1.01298
1.01987
1.02808
1.03496
1.03974
1.04471
1.05049
1.0546
1.05832
1.04962
1.04884
1.04232
1.0137
0.971408
0.924174
0.855534
0.843213
0.861887
0.87162
0.883956
0.89976
0.902599
0.902282
0.90436
0.908173
0.913804
0.920553
0.928494
0.931591
0.935195
0.938928
0.943112
0.950323
0.945488
1.39507
1.30886
1.00108
0.650203
0.676999
0.761531
0.782294
0.80531
0.821993
0.816901
0.804347
0.764274
0.699449
0.631336
0.665217
0.673371
0.689039
0.69903
0.702171
0.707114
0.712654
0.718533
0.724772
0.730634
0.736678
0.74307
0.749684
0.756328
0.762871
0.769336
0.775812
0.782388
0.789053
0.795856
0.802562
0.809059
0.815534
0.821586
0.827735
0.832784
0.837208
0.841717
0.846494
0.851478
0.856714
0.862304
0.868336
0.874516
0.880328
0.886169
0.892307
0.898825
0.905663
0.913016
0.920868
0.929172
0.938076
0.94794
0.957101
0.964098
0.970059
0.975146
0.980429
0.985736
0.991208
0.996838
1.00255
1.00861
1.0155
1.02173
1.0253
1.02884
1.0322
1.03589
1.03992
1.04566
1.04446
1.04207
1.0356
1.01776
0.989302
0.941951
0.885427
0.822122
0.832621
0.853558
0.867237
0.885049
0.900332
0.904785
0.906303
0.909232
0.913111
0.918437
0.926386
0.93337
0.93815
0.943124
0.950149
0.945964
1.40427
1.40592
1.32634
0.869946
0.604425
0.675065
0.769705
0.790205
0.804161
0.7949
0.754879
0.687748
0.623699
0.65756
0.672507
0.699172
0.701754
0.702013
0.704833
0.709379
0.715343
0.722192
0.729744
0.735951
0.741757
0.74764
0.753595
0.759633
0.765732
0.771954
0.778273
0.784707
0.791188
0.797679
0.804157
0.810465
0.816758
0.823156
0.829491
0.835732
0.839908
0.84397
0.848327
0.85298
0.857941
0.863335
0.868902
0.874093
0.878831
0.883822
0.889132
0.894769
0.90082
0.90729
0.914264
0.921687
0.929782
0.938636
0.945774
0.951966
0.956957
0.962167
0.967145
0.97173
0.976496
0.980582
0.984946
0.989389
0.994555
0.998402
1.00245
1.00355
1.00562
1.00776
1.00993
1.01236
1.01575
1.02015
1.01625
1.00922
1.00058
0.976868
0.939578
0.890223
0.806957
0.811557
0.832009
0.847274
0.86461
0.888112
0.896319
0.898362
0.901774
0.906748
0.913736
0.922833
0.932191
0.93872
0.946902
0.94319
1.40753
1.40203
1.36486
1.15911
0.753734
0.618437
0.70883
0.772905
0.772456
0.74116
0.673671
0.607949
0.640215
0.660731
0.690645
0.694075
0.693527
0.695858
0.699452
0.704713
0.711362
0.718848
0.726059
0.732782
0.739572
0.746097
0.752195
0.758258
0.76449
0.770887
0.777452
0.784048
0.790663
0.797031
0.803409
0.809491
0.815607
0.821795
0.828018
0.834685
0.83923
0.842855
0.846901
0.851323
0.856003
0.861462
0.866112
0.869497
0.873092
0.876976
0.881068
0.88546
0.890158
0.895368
0.901075
0.907304
0.91433
0.920896
0.926611
0.930819
0.935094
0.939175
0.943349
0.947283
0.949794
0.952413
0.954559
0.956952
0.959668
0.962916
0.963984
0.964678
0.965688
0.966823
0.968405
0.97041
0.972769
0.975931
0.98292
0.982877
0.980589
0.971994
0.956287
0.939466
0.895026
0.824636
0.788388
0.802803
0.826001
0.840445
0.862787
0.876101
0.881609
0.887628
0.895498
0.904969
0.915916
0.925906
0.935849
0.932971
1.40824
1.40703
1.39968
1.33692
1.06487
0.641058
0.645969
0.717515
0.709103
0.652151
0.595861
0.628884
0.656833
0.689649
0.690738
0.688783
0.690613
0.693722
0.698324
0.704269
0.710977
0.71803
0.725143
0.732434
0.739352
0.745739
0.751826
0.757946
0.764194
0.770599
0.777136
0.783482
0.789687
0.795688
0.801522
0.807152
0.812732
0.81843
0.823993
0.829794
0.834344
0.836978
0.839866
0.84318
0.846816
0.851111
0.855353
0.8566
0.857923
0.85965
0.861633
0.863923
0.86668
0.869916
0.87372
0.877955
0.882662
0.886494
0.889248
0.891813
0.894599
0.897107
0.899593
0.902022
0.903359
0.904782
0.906514
0.908771
0.911703
0.915351
0.918781
0.921515
0.924481
0.927913
0.931744
0.93575
0.940252
0.945421
0.951988
0.960924
0.963259
0.961455
0.956837
0.951403
0.942398
0.906534
0.850008
0.777483
0.781221
0.80307
0.819012
0.834754
0.85319
0.863499
0.872654
0.880133
0.889184
0.899537
0.910594
0.910787
1.40841
1.40817
1.40608
1.39377
1.30534
0.982981
0.6756
0.605418
0.537689
0.553202
0.59107
0.647496
0.660076
0.665951
0.670239
0.673534
0.677767
0.682976
0.68916
0.696326
0.703055
0.709865
0.717021
0.724363
0.731375
0.737865
0.743819
0.74917
0.754287
0.759394
0.764587
0.769796
0.774804
0.779269
0.78324
0.786856
0.790354
0.79393
0.797322
0.800894
0.803354
0.804298
0.805456
0.807068
0.80906
0.811779
0.814226
0.813968
0.814014
0.814755
0.816055
0.817874
0.820261
0.823357
0.827003
0.831185
0.835025
0.838206
0.841523
0.844853
0.848498
0.852375
0.856368
0.86068
0.863936
0.866856
0.870219
0.874413
0.87987
0.885545
0.890687
0.896031
0.900641
0.905359
0.910582
0.916013
0.922021
0.92879
0.937063
0.944369
0.950757
0.957768
0.955889
0.954802
0.956105
0.950596
0.919939
0.868238
0.814145
0.78588
0.798135
0.820497
0.828885
0.841365
0.850786
0.860715
0.869444
0.880458
0.880579
0.884331
1.40846
1.40862
1.41103
1.40803
1.38317
1.25985
0.821895
0.543334
0.395713
0.470223
0.516685
0.573192
0.583833
0.592517
0.60317
0.613728
0.624785
0.63415
0.644314
0.652979
0.660403
0.668062
0.675602
0.682016
0.688492
0.694671
0.700314
0.705468
0.709942
0.714008
0.717413
0.720795
0.724191
0.727662
0.730956
0.734204
0.737564
0.741116
0.744822
0.748762
0.752105
0.754744
0.757642
0.761009
0.764804
0.768969
0.773885
0.775817
0.777273
0.779411
0.782046
0.78508
0.788616
0.792583
0.796847
0.801319
0.805193
0.809143
0.813298
0.817112
0.821364
0.826089
0.831506
0.837401
0.84161
0.845617
0.850479
0.85632
0.863618
0.869675
0.876142
0.883393
0.889243
0.894513
0.900446
0.90691
0.913805
0.921231
0.929847
0.937811
0.944125
0.949983
0.956329
0.963765
0.963078
0.961407
0.956968
0.934778
0.899608
0.848933
0.789228
0.79671
0.816675
0.825525
0.836082
0.847983
0.859286
0.859017
0.86032
0.861715
1.40845
1.40841
1.40799
1.40433
1.37166
1.18914
0.822015
0.448781
0.512693
0.542929
0.544131
0.545075
0.549148
0.553935
0.559602
0.566872
0.575404
0.584574
0.592203
0.60008
0.607383
0.614145
0.620675
0.62721
0.633758
0.640497
0.646919
0.653053
0.658984
0.664841
0.670535
0.676184
0.681923
0.687481
0.693006
0.698267
0.703523
0.708916
0.714402
0.720022
0.725101
0.729633
0.734338
0.73935
0.744627
0.75013
0.756285
0.759939
0.762593
0.765795
0.76943
0.773349
0.777532
0.781975
0.786109
0.78994
0.793857
0.798092
0.802113
0.806159
0.810549
0.815564
0.820981
0.826765
0.832323
0.837557
0.843246
0.849711
0.856091
0.862867
0.870424
0.878715
0.88524
0.89163
0.898308
0.905399
0.912908
0.92079
0.929233
0.936681
0.942697
0.948899
0.955622
0.963017
0.971022
0.976606
0.973885
0.969799
0.952806
0.923844
0.869988
0.801989
0.803534
0.818459
0.831113
0.837258
0.846778
0.845284
0.834002
0.835541
1.40845
1.40842
1.40814
1.40549
1.37917
1.2184
0.860086
0.470217
0.537694
0.556046
0.556433
0.556078
0.559234
0.564307
0.566802
0.570059
0.574298
0.579461
0.585227
0.591105
0.597347
0.604026
0.610136
0.61641
0.622875
0.629507
0.636206
0.642456
0.648711
0.654939
0.661135
0.667336
0.673649
0.679781
0.685806
0.691643
0.697408
0.703198
0.709028
0.714967
0.720574
0.72583
0.731177
0.736687
0.742373
0.748234
0.754599
0.759013
0.762386
0.766052
0.770064
0.774275
0.77861
0.783053
0.786565
0.789904
0.793569
0.797478
0.801453
0.805548
0.810109
0.81512
0.820199
0.826042
0.831863
0.837992
0.84436
0.850399
0.856915
0.864037
0.87241
0.880318
0.887426
0.894263
0.901365
0.908723
0.916544
0.92473
0.933366
0.94096
0.94765
0.954302
0.961576
0.968813
0.976626
0.986045
0.991513
0.987871
0.986041
0.976055
0.946412
0.888364
0.822913
0.812139
0.829372
0.830858
0.836049
0.830408
0.790139
0.803379
1.40845
1.40841
1.40805
1.40481
1.37561
1.20382
0.842787
0.467376
0.536601
0.570372
0.570972
0.572199
0.574582
0.578304
0.580711
0.583357
0.586792
0.591203
0.596258
0.601552
0.606692
0.612035
0.617704
0.623692
0.62998
0.636491
0.643121
0.64986
0.656407
0.66298
0.669506
0.676061
0.68247
0.6887
0.694813
0.700814
0.70676
0.712787
0.718667
0.724612
0.730264
0.735751
0.741337
0.747077
0.752985
0.759019
0.765444
0.77014
0.773836
0.777744
0.781888
0.786212
0.79072
0.794752
0.797789
0.80103
0.804547
0.808263
0.812082
0.816039
0.820493
0.825192
0.830241
0.835829
0.841617
0.847653
0.853809
0.860238
0.866957
0.874072
0.881579
0.889552
0.89673
0.9036
0.910698
0.918204
0.926077
0.934197
0.942554
0.949757
0.956115
0.962489
0.969148
0.976276
0.983415
0.991215
1.00178
1.0074
1.00546
1.00237
0.992526
0.958125
0.901566
0.838801
0.815944
0.813914
0.808394
0.793336
0.743011
0.77182
1.40845
1.40841
1.40807
1.40504
1.37763
1.21268
0.854351
0.469253
0.53767
0.562884
0.562877
0.564345
0.569379
0.576983
0.580862
0.58497
0.589362
0.594325
0.599744
0.605401
0.611373
0.617284
0.623369
0.629711
0.636263
0.642946
0.649645
0.656342
0.663097
0.669754
0.676435
0.682882
0.689339
0.695521
0.701696
0.707731
0.713751
0.719704
0.725487
0.731259
0.73688
0.742423
0.748021
0.75375
0.759606
0.765535
0.771759
0.77653
0.780348
0.784328
0.78851
0.79275
0.797221
0.800798
0.803518
0.806506
0.809774
0.813243
0.816847
0.820637
0.82494
0.829506
0.834432
0.839851
0.845534
0.851407
0.857542
0.863991
0.870623
0.877518
0.884861
0.892732
0.899839
0.906685
0.913745
0.921159
0.928856
0.936748
0.944953
0.951954
0.958175
0.964598
0.971304
0.978296
0.985494
0.993064
1.00114
1.01199
1.0207
1.01458
1.01142
1.00097
0.963307
0.908051
0.850222
0.790118
0.75573
0.707195
0.705612
0.735082
1.40845
1.40841
1.40806
1.40493
1.37674
1.20876
0.849338
0.468756
0.537465
0.567346
0.565941
0.566835
0.571337
0.577897
0.58162
0.585632
0.590037
0.595157
0.600834
0.606932
0.612822
0.618709
0.624828
0.631212
0.63778
0.644441
0.651132
0.657924
0.664827
0.671614
0.678183
0.68467
0.691047
0.697332
0.703495
0.709562
0.715512
0.721449
0.727157
0.732886
0.738502
0.744058
0.749661
0.755386
0.761235
0.767135
0.773301
0.778134
0.782038
0.786086
0.790313
0.79453
0.799035
0.802375
0.804949
0.80788
0.811069
0.814441
0.817954
0.821751
0.826014
0.830525
0.835382
0.84069
0.846314
0.852143
0.858242
0.864656
0.871363
0.878319
0.88567
0.893518
0.900686
0.907565
0.914607
0.922043
0.929766
0.937683
0.945928
0.952956
0.959196
0.965644
0.972321
0.97922
0.98634
0.993693
1.00141
1.0098
1.02453
1.02714
1.02168
1.01613
0.996898
0.949623
0.880208
0.7987
0.706204
0.663975
0.701655
0.710509
)
;

boundaryField
{
    inlet
    {
        type            calculated;
        value           uniform 1.40845;
    }
    outlet
    {
        type            calculated;
        value           nonuniform List<scalar> 
40
(
0.604551
0.667811
0.731769
0.774276
0.802433
0.821934
0.834691
0.8435
0.849525
0.853565
0.857811
0.863866
0.872715
0.878196
0.881599
0.884887
0.888712
0.893201
0.897842
0.901667
0.905898
0.910654
0.916179
0.921552
0.927187
0.932195
0.937315
0.942589
0.945488
0.945964
0.94319
0.932971
0.910787
0.884331
0.861715
0.835541
0.803379
0.77182
0.735082
0.710509
)
;
    }
    bottom
    {
        type            symmetryPlane;
    }
    top
    {
        type            symmetryPlane;
    }
    obstacle
    {
        type            calculated;
        value           nonuniform List<scalar> 
110
(
0.596991
0.597833
0.600147
0.602819
0.606327
0.611246
0.617785
0.628382
0.646449
0.689904
0.711225
0.631171
0.508822
0.51755
0.52259
0.51295
0.505148
0.503235
0.545505
0.563072
0.565917
0.564343
0.562922
0.56182
0.55637
0.567657
0.585785
0.594416
0.596631
0.598008
0.59489
0.594024
0.594026
0.593634
0.59362
0.594175
0.596276
0.597918
0.598949
0.599395
0.599596
0.601217
0.60137
0.599963
0.598729
0.590608
0.58328
0.576015
0.562665
0.553507
0.546292
0.537013
0.530116
0.524914
0.517628
0.512431
0.510852
0.510154
0.508052
0.508069
0.501078
0.503991
0.50584
0.508375
0.510955
0.513325
0.516052
0.518814
0.521754
0.524548
0.527289
0.52994
0.532501
0.535059
0.537394
0.539674
0.542002
0.544417
0.546871
0.549134
0.551408
0.553685
0.556001
0.558303
0.560605
0.562911
0.56524
0.567537
0.569799
0.571928
0.574084
0.576157
0.578261
0.580266
0.582297
0.584204
0.586136
0.587924
0.589737
0.591402
0.593109
0.594722
0.596393
0.597954
0.599604
0.601286
0.603036
0.605808
0.605894
0.604551
)
;
    }
    defaultFaces
    {
        type            empty;
    }
}


// ************************************************************************* //
