/*--------------------------------*- C++ -*----------------------------------*\
| =========                 |                                                 |
| \\      /  F ield         | OpenFOAM: The Open Source CFD Toolbox           |
|  \\    /   O peration     | Version:  v2106                                 |
|   \\  /    A nd           | Website:  www.openfoam.com                      |
|    \\/     M anipulation  |                                                 |
\*---------------------------------------------------------------------------*/
FoamFile
{
    version     2.0;
    format      ascii;
    arch        "LSB;label=32;scalar=64";
    class       volScalarField;
    location    "19";
    object      rho;
}
// * * * * * * * * * * * * * * * * * * * * * * * * * * * * * * * * * * * * * //

dimensions      [1 -3 0 0 0 0 0];

internalField   nonuniform List<scalar> 
5250
(
1.40845
1.40845
1.40845
1.40845
1.40845
1.40845
1.40845
1.40845
1.40845
1.40842
1.40817
1.40591
1.3953
1.50164
2.09823
4.6104
7.53288
6.60055
6.81652
6.95179
6.99818
7.07402
7.14426
7.2098
7.26205
1.40845
1.40845
1.40845
1.40845
1.40845
1.40845
1.40845
1.40845
1.40845
1.40842
1.40818
1.40608
1.39505
1.4961
2.11073
4.52929
7.61559
6.62515
6.84159
6.97083
7.01696
7.08636
7.15127
7.2137
7.26395
1.40845
1.40845
1.40845
1.40845
1.40845
1.40845
1.40845
1.40845
1.40845
1.40842
1.40819
1.40632
1.39485
1.48673
2.07608
4.30539
7.72246
6.64504
6.86418
6.99627
7.0332
7.09092
7.14979
7.20484
7.25032
1.40845
1.40845
1.40845
1.40845
1.40845
1.40845
1.40845
1.40845
1.40845
1.40843
1.40821
1.40665
1.39476
1.47463
2.02844
3.97298
7.82127
6.65945
6.90264
7.03224
7.05722
7.09861
7.14003
7.18597
7.22568
1.40845
1.40845
1.40845
1.40845
1.40845
1.40845
1.40845
1.40845
1.40845
1.40843
1.40822
1.40704
1.39498
1.46062
1.96988
3.59559
7.81133
6.60416
6.86924
7.0244
7.05881
7.10344
7.12132
7.15664
7.18986
1.40845
1.40845
1.40845
1.40845
1.40845
1.40845
1.40845
1.40845
1.40845
1.40843
1.40827
1.40725
1.39534
1.44575
1.89492
3.27314
7.6046
6.49545
6.77161
6.94692
7.01314
7.06817
7.09474
7.1066
7.13426
1.40845
1.40845
1.40845
1.40845
1.40845
1.40845
1.40845
1.40845
1.40845
1.40844
1.40828
1.40751
1.39631
1.43146
1.80694
2.89683
7.20896
6.35077
6.60427
6.82797
6.90964
6.99877
7.04027
7.04146
7.05937
1.40845
1.40845
1.40845
1.40845
1.40845
1.40845
1.40845
1.40845
1.40845
1.40845
1.40827
1.40785
1.3977
1.42111
1.7575
2.62299
6.7807
6.17673
6.38526
6.62749
6.79587
6.88323
6.94257
6.96099
6.94658
1.40845
1.40845
1.40845
1.40845
1.40845
1.40845
1.40845
1.40845
1.40845
1.40845
1.4083
1.40805
1.3994
1.41114
1.68587
2.38859
6.37654
6.03219
6.15036
6.38423
6.5919
6.711
6.80266
6.77655
6.77531
1.40845
1.40845
1.40845
1.40845
1.40845
1.40845
1.40845
1.40845
1.40845
1.40846
1.4083
1.40832
1.39981
1.41127
1.62675
2.20589
6.01091
5.98194
6.01692
6.11262
6.31763
6.49148
6.56093
6.68373
6.5109
1.40845
1.40845
1.40845
1.40845
1.40845
1.40845
1.40845
1.40845
1.40845
1.40845
1.40837
1.40821
1.40326
1.39926
1.55917
2.00427
5.343
6.12567
5.99498
5.96067
6.03194
6.21015
6.23369
6.37818
5.43537
1.40845
1.40845
1.40845
1.40845
1.40845
1.40845
1.40845
1.40845
1.40845
1.40844
1.40844
1.40802
1.40694
1.38806
1.49618
1.81715
4.59245
6.32078
5.93562
5.87166
5.84115
5.89792
5.79356
5.73994
5.40132
1.40845
1.40845
1.40845
1.40845
1.40845
1.40845
1.40845
1.40845
1.40845
1.40845
1.40843
1.40824
1.40716
1.39509
1.4532
1.88583
3.73418
6.64563
5.95119
5.8088
5.74084
5.68467
5.54775
5.35017
5.39271
1.40845
1.40845
1.40845
1.40845
1.40845
1.40845
1.40845
1.40845
1.40845
1.40845
1.40844
1.40829
1.40768
1.39714
1.42314
1.76977
2.88283
6.48758
6.06087
5.83529
5.69291
5.572
5.39527
5.18093
5.14932
1.40845
1.40845
1.40845
1.40845
1.40845
1.40845
1.40845
1.40845
1.40845
1.40845
1.40846
1.40822
1.40854
1.39848
1.41996
1.65087
2.3364
5.8298
6.03784
5.89859
5.68379
5.49348
5.27383
5.05037
4.85952
1.40845
1.40845
1.40845
1.40845
1.40845
1.40845
1.40845
1.40845
1.40845
1.40845
1.40845
1.4084
1.40813
1.40422
1.40068
1.5337
1.91318
4.68694
6.08676
5.97386
5.72408
5.44908
5.20945
4.9851
4.72223
1.40845
1.40845
1.40845
1.40845
1.40845
1.40845
1.40845
1.40845
1.40845
1.40845
1.40844
1.40856
1.40761
1.40894
1.38359
1.44588
1.66043
3.58152
5.93861
5.87119
5.65765
5.43176
5.19091
4.95006
4.66966
1.40845
1.40845
1.40845
1.40845
1.40845
1.40845
1.40845
1.40845
1.40845
1.40845
1.40844
1.40846
1.40821
1.40812
1.39646
1.4266
1.7207
2.61565
5.57219
5.70776
5.67393
5.46201
5.21979
4.95356
4.67042
1.40845
1.40845
1.40845
1.40845
1.40845
1.40845
1.40845
1.40845
1.40845
1.40845
1.40845
1.40845
1.40837
1.40799
1.40343
1.40239
1.58973
2.06837
4.71959
5.65332
5.68264
5.47475
5.23809
4.97541
4.68797
1.40845
1.40845
1.40845
1.40845
1.40845
1.40845
1.40845
1.40845
1.40845
1.40845
1.40845
1.40843
1.4085
1.40776
1.4087
1.38051
1.49202
1.6695
3.60291
5.54989
5.61084
5.41302
5.20708
4.98665
4.72721
1.40845
1.40845
1.40845
1.40845
1.40845
1.40845
1.40845
1.40845
1.40845
1.40845
1.40845
1.40845
1.40844
1.40834
1.40756
1.40186
1.4184
1.6522
2.49155
5.09583
5.39115
5.39479
5.20282
4.993
4.75841
1.40845
1.40845
1.40845
1.40845
1.40845
1.40845
1.40845
1.40845
1.40845
1.40845
1.40845
1.40845
1.40842
1.40876
1.40661
1.41236
1.36058
1.60371
1.95598
4.06561
5.42805
5.42235
5.23165
5.02795
4.80147
1.40845
1.40845
1.40845
1.40845
1.40845
1.40845
1.40845
1.40845
1.40845
1.40845
1.40845
1.40845
1.40845
1.40844
1.40826
1.40736
1.4001
1.43749
1.59799
2.87939
5.13064
5.21915
5.18119
5.03047
4.83291
1.40845
1.40845
1.40845
1.40845
1.40845
1.40845
1.40845
1.40845
1.40845
1.40845
1.40845
1.40845
1.40845
1.40842
1.40866
1.40733
1.42255
1.32647
1.53391
2.07444
4.28422
5.1953
5.21799
5.0668
4.87664
1.40845
1.40845
1.40845
1.40845
1.40845
1.40845
1.40845
1.40845
1.40845
1.40845
1.40845
1.40845
1.40845
1.40845
1.40843
1.40821
1.40717
1.39727
1.46756
1.57415
3.15255
5.01674
5.10838
5.03955
4.88398
1.40845
1.40845
1.40845
1.40845
1.40845
1.40845
1.40845
1.40845
1.40845
1.40845
1.40845
1.40845
1.40845
1.40844
1.40841
1.40888
1.40631
1.41513
1.33335
1.5159
2.13816
4.24067
5.00632
5.05593
4.90381
1.40845
1.40845
1.40845
1.40845
1.40845
1.40845
1.40845
1.40845
1.40845
1.40845
1.40845
1.40845
1.40845
1.40845
1.40845
1.40843
1.40817
1.40716
1.39645
1.483
1.6091
3.12708
4.83697
4.93759
4.87403
1.40845
1.40845
1.40845
1.40845
1.40845
1.40845
1.40845
1.40845
1.40845
1.40845
1.40845
1.40845
1.40845
1.40845
1.40845
1.40842
1.40889
1.40568
1.41692
1.32946
1.48782
2.09429
4.05487
4.84925
4.88424
1.40845
1.40845
1.40845
1.40845
1.40845
1.40845
1.40845
1.40845
1.40845
1.40845
1.40845
1.40845
1.40845
1.40845
1.40845
1.40845
1.40844
1.40816
1.40769
1.39415
1.4745
1.57659
2.9776
4.64459
4.75373
1.40845
1.40845
1.40845
1.40845
1.40845
1.40845
1.40845
1.40845
1.40845
1.40845
1.40845
1.40845
1.40845
1.40845
1.40845
1.40845
1.40844
1.40879
1.40566
1.41335
1.34594
1.48233
1.99335
3.79627
4.69995
1.40845
1.40845
1.40845
1.40845
1.40845
1.40845
1.40845
1.40845
1.40845
1.40845
1.40845
1.40845
1.40845
1.40845
1.40845
1.40845
1.40844
1.40845
1.40811
1.40782
1.39451
1.44987
1.50161
2.73764
4.3661
1.40845
1.40845
1.40845
1.40845
1.40845
1.40845
1.40845
1.40845
1.40845
1.40845
1.40845
1.40845
1.40845
1.40845
1.40845
1.40845
1.40845
1.40845
1.40863
1.40627
1.41035
1.36805
1.4963
1.83648
3.39528
1.40845
1.40845
1.40845
1.40845
1.40845
1.40845
1.40845
1.40845
1.40845
1.40845
1.40845
1.40845
1.40845
1.40845
1.40845
1.40845
1.40845
1.40845
1.40845
1.4082
1.4079
1.39669
1.42451
1.54743
2.46082
1.40845
1.40845
1.40845
1.40845
1.40845
1.40845
1.40845
1.40845
1.40845
1.40845
1.40845
1.40845
1.40845
1.40845
1.40845
1.40845
1.40845
1.40845
1.40845
1.40862
1.40584
1.40797
1.37228
1.48756
1.6868
1.40845
1.40845
1.40845
1.40845
1.40845
1.40845
1.40845
1.40845
1.40845
1.40845
1.40845
1.40845
1.40845
1.40845
1.40845
1.40845
1.40845
1.40845
1.40845
1.40844
1.40843
1.40745
1.42177
1.3166
1.43869
1.40845
1.40845
1.40845
1.40845
1.40845
1.40845
1.40845
1.40845
1.40845
1.40845
1.40845
1.40845
1.40845
1.40845
1.40845
1.40845
1.40845
1.40845
1.40845
1.40847
1.40832
1.40823
1.40827
1.39116
1.43873
1.40845
1.40845
1.40845
1.40845
1.40845
1.40845
1.40845
1.40845
1.40845
1.40845
1.40845
1.40845
1.40845
1.40845
1.40845
1.40845
1.40845
1.40845
1.40845
1.40845
1.40843
1.40843
1.40782
1.41029
1.36464
1.40845
1.40845
1.40845
1.40845
1.40845
1.40845
1.40845
1.40845
1.40845
1.40845
1.40845
1.40845
1.40845
1.40845
1.40845
1.40845
1.40845
1.40845
1.40845
1.40845
1.40845
1.40844
1.40837
1.4084
1.40467
1.40845
1.40845
1.40845
1.40845
1.40845
1.40845
1.40845
1.40845
1.40845
1.40845
1.40845
1.40845
1.40845
1.40845
1.40845
1.40845
1.40845
1.40845
1.40845
1.40845
1.40845
1.40845
1.40844
1.40827
1.40782
1.40845
1.40845
1.40845
1.40845
1.40845
1.40845
1.40845
1.40845
1.40845
1.40845
1.40845
1.40845
1.40845
1.40845
1.40845
1.40845
1.40845
1.40845
1.40845
1.40845
1.40845
1.40845
1.40846
1.40844
1.40791
1.40845
1.40845
1.40845
1.40845
1.40845
1.40845
1.40845
1.40845
1.40845
1.40845
1.40845
1.40845
1.40845
1.40845
1.40845
1.40845
1.40845
1.40845
1.40845
1.40845
1.40845
1.40845
1.40845
1.40842
1.40873
1.40845
1.40845
1.40845
1.40845
1.40845
1.40845
1.40845
1.40845
1.40845
1.40845
1.40845
1.40845
1.40845
1.40845
1.40845
1.40845
1.40845
1.40845
1.40845
1.40845
1.40845
1.40845
1.40845
1.40844
1.40848
1.40845
1.40845
1.40845
1.40845
1.40845
1.40845
1.40845
1.40845
1.40845
1.40845
1.40845
1.40845
1.40845
1.40845
1.40845
1.40845
1.40845
1.40845
1.40845
1.40845
1.40845
1.40845
1.40845
1.40845
1.40846
1.40845
1.40845
1.40845
1.40845
1.40845
1.40845
1.40845
1.40845
1.40845
1.40845
1.40845
1.40845
1.40845
1.40845
1.40845
1.40845
1.40845
1.40845
1.40845
1.40845
1.40845
1.40845
1.40845
1.40845
1.40845
1.40845
1.40845
1.40845
1.40845
1.40845
1.40845
1.40845
1.40845
1.40845
1.40845
1.40845
1.40845
1.40845
1.40845
1.40845
1.40845
1.40845
1.40845
1.40845
1.40845
1.40845
1.40845
1.40845
1.40845
1.40845
1.40845
1.40845
1.40845
1.40845
1.40845
1.40845
1.40845
1.40845
1.40845
1.40845
1.40845
1.40845
1.40845
1.40845
1.40845
1.40845
1.40845
1.40845
1.40845
1.40845
1.40845
1.40845
1.40845
1.40845
1.40845
1.40845
1.40845
1.40845
1.40845
1.40845
1.40845
1.40845
1.40845
1.40845
1.40845
1.40845
1.40845
1.40845
1.40845
1.40845
1.40845
1.40845
1.40845
1.40845
1.40845
1.40845
1.40845
1.40845
1.40845
1.40845
1.40845
1.40845
1.40845
1.40845
1.40845
1.40845
1.40845
1.40845
1.40845
1.40845
1.40845
1.40845
1.40845
1.40845
1.40845
1.40845
1.40845
1.40845
1.40845
1.40845
1.40845
1.40845
1.40845
1.40845
1.40845
1.40845
1.40845
1.40845
1.40845
1.40845
1.40845
1.40845
1.40845
1.40845
1.40845
1.40845
1.40845
1.40845
1.40845
1.40845
1.40845
1.40845
1.40845
1.40845
1.40845
1.40845
1.40845
1.40845
1.40845
1.40845
1.40845
1.40845
1.40845
1.40845
1.40845
1.40845
1.40845
1.40845
1.40845
1.40845
1.40845
1.40845
1.40845
1.40845
1.40845
1.40845
1.40845
1.40845
1.40845
1.40845
1.40845
1.40845
1.40845
1.40845
1.40845
1.92325
1.91976
1.94795
1.68901
1.8276
1.80019
1.674
1.44147
1.37888
1.36127
1.37279
1.38188
1.38288
1.37329
1.30876
1.23953
1.2123
1.2053
1.20758
1.21994
1.22311
1.22432
1.22441
1.22092
1.21596
1.20997
1.20589
1.20319
1.20237
1.20251
1.20345
1.21665
1.23689
1.26775
1.32314
1.38144
1.45117
1.53653
1.62337
1.69592
1.78298
1.86778
1.94694
2.03243
2.11693
2.18444
2.23713
2.30585
2.35364
2.39111
2.40117
2.44526
2.46453
2.48733
2.50252
2.51249
2.51763
2.52006
2.51884
2.51377
2.50575
2.49554
2.48401
2.47125
2.45617
2.43992
2.4233
2.40643
2.38915
2.37074
2.3524
2.33397
2.31565
2.29708
2.27834
2.25935
2.2403
2.22111
2.20197
2.18291
2.16455
2.14627
2.12848
2.11058
2.09309
2.07549
2.05844
2.04135
2.02492
2.00852
1.99297
1.97749
1.96283
1.94818
1.9345
1.92058
1.90713
1.89572
1.87621
1.86091
2.86547
2.55344
2.09729
1.75398
1.89554
1.82975
1.69368
1.32478
1.18466
1.15083
1.17689
1.19742
1.19733
1.16778
1.10875
1.07639
1.05014
1.03895
1.03944
1.04274
1.04733
1.04889
1.04908
1.04648
1.04402
1.03854
1.03503
1.02889
1.02616
1.02526
1.02668
1.04042
1.05915
1.08202
1.1242
1.17068
1.23036
1.30871
1.4063
1.49797
1.5967
1.70002
1.80006
1.88368
1.97256
2.06885
2.13431
2.21857
2.30093
2.36343
2.4366
2.50857
2.55226
2.59432
2.63001
2.65751
2.67871
2.69346
2.70494
2.71147
2.71364
2.71136
2.70658
2.70076
2.69053
2.67642
2.6615
2.64612
2.63065
2.61416
2.59716
2.57905
2.56052
2.5415
2.52218
2.50213
2.48177
2.46107
2.44022
2.41916
2.39884
2.37872
2.35909
2.33938
2.32014
2.30063
2.28165
2.26255
2.24416
2.22585
2.20844
2.19115
2.17456
2.15794
2.14195
2.12585
2.10971
2.09574
2.07217
2.05296
3.79818
3.05026
2.57881
2.10631
2.00833
1.90068
1.66944
1.30827
1.12907
1.10805
1.12233
1.14872
1.1609
1.14393
1.09874
1.00826
0.953521
0.940409
0.941018
0.958132
0.96406
0.966729
0.964686
0.962733
0.956519
0.953618
0.948091
0.945853
0.94496
0.944771
0.944365
0.954172
0.969412
0.994046
1.03709
1.09401
1.15904
1.2144
1.3012
1.37429
1.46054
1.58853
1.73186
1.85929
2.01715
2.16713
2.28752
2.42208
2.52962
2.62955
2.7166
2.79982
2.85621
2.89887
2.93178
2.95933
2.98102
2.99393
3.00282
3.00524
3.0041
2.99729
2.98849
2.97897
2.96837
2.95395
2.93622
2.91725
2.89606
2.87442
2.85294
2.83161
2.81066
2.78984
2.76899
2.74721
2.72491
2.70147
2.67811
2.65459
2.63177
2.60892
2.58641
2.56374
2.54151
2.51938
2.49795
2.47657
2.45585
2.43533
2.41577
2.39684
2.37849
2.36074
2.34372
2.32697
2.31007
2.29544
2.26933
2.24672
4.41449
3.5527
3.02682
2.5324
2.24494
2.07265
1.89228
1.6155
1.3787
1.22785
1.17563
1.1673
1.16696
1.14844
1.0833
0.982402
0.94018
0.926352
0.925678
0.936837
0.943098
0.947867
0.965602
0.963062
0.957772
0.951053
0.94873
0.936166
0.933482
0.930899
0.930717
0.942565
0.957334
0.9682
0.994766
1.02117
1.0779
1.15454
1.28041
1.43858
1.61344
1.79685
1.97371
2.12606
2.27215
2.4317
2.56843
2.70375
2.80208
2.92127
2.97758
3.04731
3.09494
3.14025
3.16853
3.1885
3.20668
3.21635
3.21995
3.2154
3.20781
3.19844
3.18663
3.17284
3.15744
3.13953
3.12059
3.09972
3.07847
3.05431
3.02974
3.00554
2.98135
2.95698
2.93217
2.90705
2.88194
2.85733
2.83366
2.80963
2.78541
2.76125
2.73673
2.7121
2.68788
2.66443
2.64171
2.61958
2.59795
2.57635
2.55538
2.53531
2.51542
2.49624
2.47765
2.4597
2.4418
2.42517
2.39961
2.37394
4.47585
3.8862
3.33615
2.91445
2.65784
2.40938
2.18118
1.91989
1.60364
1.42919
1.35763
1.31707
1.26436
1.22662
1.18669
1.11813
1.04743
0.994341
0.966102
0.957309
0.958895
0.961832
0.961287
0.960476
0.955825
0.950555
0.942479
0.933041
0.932634
0.93296
0.935367
0.937835
0.944352
0.961726
0.997717
1.06107
1.14695
1.26474
1.42375
1.6006
1.78384
1.96156
2.15174
2.33347
2.4915
2.66781
2.76396
2.87421
2.96967
3.07524
3.13146
3.19955
3.25592
3.27939
3.29933
3.32524
3.33743
3.34138
3.34184
3.3406
3.33606
3.32418
3.30906
3.29176
3.27369
3.25529
3.23705
3.21669
3.19288
3.16732
3.14143
3.11569
3.08989
3.06409
3.03839
3.01279
2.98735
2.96039
2.93321
2.90707
2.88194
2.85757
2.83367
2.80902
2.78379
2.75902
2.73509
2.71165
2.68857
2.66633
2.64512
2.62505
2.60552
2.58614
2.56714
2.54855
2.5299
2.5114
2.48575
2.45758
4.43471
4.02826
3.5722
3.1757
2.94016
2.74504
2.52688
2.28138
1.92592
1.67881
1.57659
1.51891
1.45235
1.38174
1.31103
1.21192
1.13695
1.08674
1.05993
1.0413
1.03666
1.02282
1.01182
0.998447
0.990415
0.977877
0.973547
0.958618
0.956569
0.944683
0.947832
0.955477
0.97118
0.998268
1.05109
1.13548
1.24624
1.3749
1.53703
1.67094
1.83233
1.99354
2.15914
2.34098
2.54132
2.73242
2.87269
2.99774
3.07342
3.12112
3.17178
3.25561
3.33092
3.36039
3.39687
3.40367
3.409
3.4166
3.42264
3.42211
3.41424
3.40003
3.38402
3.36819
3.35217
3.33402
3.31164
3.28528
3.25891
3.23466
3.21108
3.18736
3.16292
3.13746
3.11038
3.08193
3.05364
3.02546
2.99787
2.97139
2.94591
2.92092
2.8952
2.86882
2.84318
2.81879
2.7951
2.77219
2.75002
2.72798
2.70644
2.68608
2.66596
2.6462
2.62682
2.60775
2.58872
2.56929
2.54458
2.51492
4.34222
4.05764
3.70817
3.39364
3.14553
2.98674
2.80677
2.63061
2.37367
2.06329
1.85373
1.76027
1.69394
1.61863
1.54199
1.44215
1.34521
1.26402
1.21081
1.17665
1.15046
1.13162
1.10795
1.0832
1.06228
1.04151
1.02448
1.00434
0.997824
0.994816
0.993463
1.01488
1.0397
1.08631
1.16731
1.28861
1.43036
1.54347
1.65496
1.73935
1.84854
1.94516
2.05891
2.18598
2.32466
2.48055
2.65741
2.93551
3.13011
3.18179
3.2269
3.26758
3.31305
3.36442
3.41942
3.44508
3.4491
3.45268
3.44741
3.44459
3.44271
3.43755
3.42643
3.40757
3.38503
3.36285
3.34159
3.32069
3.2998
3.27757
3.25303
3.22746
3.20138
3.17459
3.1472
3.11948
3.09204
3.06517
3.03811
3.01095
2.98384
2.95691
2.93011
2.9041
2.87931
2.85569
2.83269
2.81002
2.78768
2.76492
2.7431
2.72265
2.7028
2.68354
2.66468
2.646
2.62724
2.60775
2.58255
2.55143
4.32406
4.02884
3.76276
3.4992
3.27251
3.1311
2.98616
2.8189
2.64199
2.40145
2.15583
1.99957
1.91781
1.84678
1.77329
1.69853
1.59992
1.48695
1.39674
1.35388
1.32318
1.30161
1.28292
1.24756
1.21254
1.16905
1.14705
1.11204
1.11067
1.08509
1.08938
1.16997
1.23809
1.32305
1.43868
1.56691
1.63309
1.69863
1.75791
1.81026
1.87408
1.93063
2.00073
2.07343
2.16717
2.27305
2.41358
2.5921
2.79616
3.10429
3.32651
3.32031
3.32112
3.34057
3.36865
3.4261
3.46456
3.46513
3.45796
3.45572
3.45456
3.44988
3.43683
3.41959
3.4002
3.38104
3.36238
3.34193
3.32035
3.29772
3.27373
3.2483
3.22168
3.19438
3.16726
3.14066
3.11438
3.08684
3.05928
3.03203
3.00483
2.97792
2.9518
2.92658
2.90255
2.87952
2.85695
2.83447
2.81221
2.78959
2.76781
2.74751
2.72793
2.70876
2.68983
2.67095
2.65197
2.63199
2.60717
2.57564
4.36477
4.04092
3.77699
3.53245
3.37293
3.21552
3.09511
2.95949
2.80948
2.64428
2.43362
2.24718
2.13224
2.05927
1.99366
1.91727
1.83809
1.73579
1.62658
1.5474
1.51469
1.48414
1.46713
1.4364
1.4024
1.36372
1.32336
1.29943
1.26348
1.26618
1.3215
1.4929
1.60323
1.70637
1.82136
1.88135
1.87968
1.89006
1.87896
1.89424
1.93071
1.96304
1.99159
2.02904
2.07484
2.12103
2.20156
2.31414
2.45487
2.61102
2.94357
3.24183
3.37718
3.36846
3.35817
3.37154
3.39676
3.42713
3.45297
3.45764
3.45141
3.43581
3.42547
3.41627
3.40637
3.39152
3.36954
3.34755
3.3268
3.30465
3.28133
3.25641
3.23005
3.20257
3.17474
3.14808
3.12192
3.09583
3.06973
3.04331
3.01663
2.99036
2.9649
2.93978
2.91631
2.89393
2.87186
2.84994
2.82829
2.80605
2.78428
2.76394
2.74442
2.72527
2.70622
2.68715
2.66794
2.64778
2.62281
2.59041
4.43381
4.11233
3.84293
3.58357
3.43726
3.2725
3.16985
3.05974
2.91957
2.76557
2.60781
2.42022
2.28897
2.19746
2.13989
2.08328
2.02392
1.94245
1.85056
1.75621
1.69301
1.66721
1.6423
1.62695
1.59505
1.56966
1.53045
1.51478
1.50049
1.5296
1.78381
1.98231
2.06593
2.15015
2.20831
2.15591
2.09861
2.06138
2.04602
2.04274
2.02445
2.01276
2.02059
2.03815
2.04805
2.06345
2.09884
2.13466
2.19822
2.32714
2.506
2.68329
3.10814
3.40809
3.41135
3.38842
3.373
3.3791
3.39962
3.42459
3.43582
3.42728
3.41648
3.40738
3.39594
3.3828
3.36735
3.34964
3.32959
3.30792
3.28466
3.25962
3.23346
3.20734
3.1795
3.1526
3.12654
3.10058
3.07454
3.04824
3.02178
2.9961
2.97088
2.94654
2.92374
2.90194
2.88045
2.85907
2.8378
2.81644
2.79513
2.77487
2.75537
2.73608
2.71679
2.69744
2.67789
2.65728
2.63179
2.5983
4.49457
4.18082
3.90117
3.65717
3.46951
3.31507
3.21541
3.11144
2.99321
2.86665
2.71702
2.56254
2.4068
2.30373
2.22325
2.19156
2.15098
2.08891
2.01037
1.92718
1.84862
1.79868
1.77689
1.7559
1.74245
1.72019
1.70911
1.70576
1.78235
1.90274
2.41067
2.48948
2.5606
2.59189
2.54165
2.42938
2.35158
2.2936
2.26119
2.22121
2.18579
2.14242
2.10877
2.0681
2.0581
2.05912
2.06654
2.07292
2.10088
2.15067
2.21458
2.34402
2.54107
2.80317
3.23022
3.39876
3.41699
3.36193
3.35816
3.36174
3.39863
3.40308
3.40161
3.39916
3.38809
3.37169
3.35879
3.34543
3.32867
3.30772
3.2839
3.25894
3.23446
3.20978
3.18349
3.15758
3.13225
3.10688
3.08149
3.05618
3.02986
3.00371
2.97894
2.95544
2.93334
2.91201
2.8909
2.86975
2.84866
2.82718
2.80573
2.78524
2.76547
2.74591
2.7264
2.70688
2.68714
2.66632
2.64053
2.60594
4.55558
4.26377
3.98914
3.73925
3.52379
3.37365
3.24273
3.14335
3.04755
2.93023
2.80101
2.67011
2.52215
2.3954
2.3102
2.26723
2.22155
2.17265
2.12136
2.05244
1.98329
1.92113
1.88038
1.85204
1.83866
1.83431
1.84655
1.89463
2.0692
2.43339
2.90209
2.96559
2.98723
2.93165
2.79759
2.69779
2.61783
2.54437
2.47595
2.40408
2.35172
2.30798
2.25642
2.20542
2.14004
2.10018
2.08269
2.08089
2.0813
2.07199
2.08042
2.12628
2.22363
2.39561
2.5855
3.00944
3.37634
3.44608
3.42452
3.37116
3.36118
3.3788
3.40007
3.40321
3.40128
3.39271
3.37898
3.36553
3.34803
3.32674
3.30332
3.2788
3.25465
3.23051
3.20537
3.18005
3.15432
3.12815
3.10161
3.07471
3.04845
3.02303
2.99847
2.97499
2.95263
2.93113
2.90985
2.88846
2.86701
2.84539
2.82374
2.8028
2.78257
2.76259
2.74275
2.72293
2.70289
2.68163
2.65506
2.6188
4.5995
4.32926
4.07089
3.82084
3.59468
3.43048
3.28865
3.18897
3.08386
2.96794
2.86189
2.7467
2.61951
2.48871
2.38544
2.31939
2.27486
2.24017
2.18927
2.12546
2.07891
2.01775
1.95991
1.91467
1.90827
1.92085
1.96401
2.12237
2.35244
3.03116
3.24293
3.26917
3.23437
3.11999
3.02048
2.92258
2.81711
2.72547
2.64007
2.56397
2.49946
2.4336
2.36251
2.30434
2.25795
2.22774
2.18215
2.13335
2.08238
2.04724
2.04994
2.06538
2.09704
2.16866
2.28671
2.48213
2.70026
3.18882
3.4782
3.48439
3.40598
3.36783
3.36962
3.385
3.40484
3.40098
3.38927
3.37526
3.36007
3.33645
3.31255
3.29009
3.26749
3.24087
3.21768
3.19532
3.1726
3.14929
3.12574
3.1011
3.07495
3.04984
3.02522
3.001
2.97781
2.95576
2.93437
2.9134
2.89255
2.8718
2.85047
2.82914
2.80817
2.78732
2.76654
2.74583
2.72502
2.70319
2.67633
2.6387
4.64892
4.38911
4.14776
3.91283
3.68158
3.49963
3.35606
3.2395
3.12647
3.0213
2.91063
2.80154
2.67584
2.57014
2.45943
2.37404
2.32591
2.27794
2.22862
2.19386
2.15052
2.0933
2.02102
1.97619
1.96924
2.00499
2.13466
2.32458
2.96326
3.45394
3.46545
3.43352
3.37439
3.29432
3.20391
3.10276
2.99786
2.89728
2.80203
2.71602
2.63375
2.55331
2.48937
2.43113
2.38061
2.32632
2.26226
2.2044
2.15469
2.11476
2.07365
2.07893
2.08357
2.08867
2.11649
2.19594
2.35188
2.57222
2.88506
3.31846
3.46812
3.45401
3.34083
3.34033
3.36089
3.37813
3.3721
3.35862
3.34442
3.33108
3.30681
3.28641
3.26605
3.2455
3.22051
3.1958
3.17253
3.14866
3.1247
3.10029
3.07427
3.04977
3.02685
3.00505
2.984
2.96347
2.94319
2.92312
2.90304
2.88293
2.86276
2.84212
2.82137
2.80055
2.77957
2.75844
2.73694
2.71429
2.68664
2.64735
4.68276
4.43337
4.20449
3.98249
3.75286
3.57602
3.43351
3.30154
3.19367
3.08699
2.9642
2.85887
2.75079
2.62049
2.52698
2.44032
2.37273
2.30905
2.27704
2.23638
2.18826
2.11184
2.06531
2.05808
2.06514
2.15533
2.3779
2.89027
3.46318
3.56218
3.56765
3.54328
3.49219
3.42123
3.33432
3.23929
3.13745
3.03778
2.9414
2.85492
2.76405
2.68658
2.61663
2.55323
2.4805
2.40845
2.35661
2.31596
2.27865
2.24577
2.1882
2.14288
2.10249
2.06859
2.08319
2.09828
2.14187
2.22461
2.40217
2.59477
3.10776
3.44775
3.45396
3.40341
3.33901
3.32689
3.32854
3.34299
3.3379
3.31846
3.29555
3.27135
3.25157
3.23532
3.21739
3.19595
3.17236
3.1484
3.12367
3.09984
3.07611
3.05251
3.02972
3.00844
2.98826
2.9683
2.94837
2.92831
2.90802
2.88748
2.86659
2.84523
2.82372
2.80234
2.78101
2.75972
2.73826
2.7158
2.68882
2.64838
4.71557
4.48192
4.25611
4.05288
3.81944
3.63645
3.50532
3.37593
3.26419
3.15229
3.03884
2.92662
2.82753
2.69592
2.57711
2.4965
2.42176
2.35535
2.30632
2.26072
2.21078
2.15826
2.12229
2.13424
2.20559
2.43872
2.79691
3.39201
3.6308
3.63451
3.62346
3.59839
3.55728
3.50046
3.43079
3.34853
3.25882
3.16464
3.07143
2.98032
2.88743
2.80545
2.73411
2.65311
2.57417
2.52125
2.4718
2.42803
2.37751
2.32803
2.2706
2.21737
2.17403
2.13443
2.10691
2.07669
2.06677
2.08302
2.15095
2.27818
2.481
2.72655
3.21831
3.44636
3.46448
3.35102
3.2958
3.29221
3.30952
3.30337
3.29042
3.27166
3.25052
3.22334
3.20409
3.18675
3.1695
3.15197
3.1335
3.10759
3.08144
3.05752
3.0345
3.01294
2.99297
2.97374
2.95418
2.93408
2.91369
2.89301
2.87192
2.85028
2.82769
2.80513
2.78291
2.76096
2.73914
2.71653
2.68983
2.64825
4.7231
4.52046
4.30207
4.12476
3.89401
3.69651
3.57333
3.44614
3.32364
3.21934
3.11762
3.00834
2.89616
2.77391
2.65362
2.54957
2.47221
2.40795
2.3447
2.28813
2.23147
2.20933
2.20537
2.25044
2.45591
2.75434
3.36987
3.65674
3.66342
3.65774
3.64699
3.6309
3.60396
3.56256
3.50405
3.433
3.35418
3.27004
3.18595
3.09411
3.00199
2.92735
2.84296
2.75812
2.69286
2.6368
2.57561
2.5184
2.46048
2.40237
2.33738
2.28224
2.23681
2.19437
2.1476
2.10024
2.05559
2.06297
2.06775
2.09225
2.17283
2.33847
2.5383
2.9488
3.34408
3.4257
3.42306
3.29837
3.24624
3.24798
3.26026
3.26533
3.25553
3.22665
3.20191
3.1829
3.16772
3.15238
3.13445
3.11355
3.08453
3.05745
3.03466
3.01428
2.99475
2.9755
2.95636
2.9372
2.91788
2.89822
2.87783
2.85659
2.83367
2.81015
2.78702
2.76411
2.74142
2.71816
2.69097
2.64788
4.74089
4.56216
4.35433
4.18182
3.96962
3.75313
3.62845
3.51409
3.37923
3.27542
3.18356
3.08608
2.9828
2.85541
2.72101
2.6131
2.5294
2.47245
2.38752
2.31398
2.28254
2.27666
2.31482
2.48465
2.73657
3.40214
3.71236
3.73264
3.70205
3.68359
3.67295
3.6611
3.64107
3.6082
3.56207
3.50362
3.43556
3.36001
3.28114
3.1906
3.11518
3.03143
2.94261
2.87201
2.80801
2.73684
2.66295
2.59542
2.53376
2.47054
2.40796
2.3536
2.30371
2.25694
2.21463
2.18096
2.12982
2.08234
2.0442
2.04645
2.05748
2.0895
2.20179
2.40091
2.59732
3.10338
3.40502
3.40859
3.34516
3.26343
3.21799
3.22628
3.22496
3.21549
3.20098
3.18381
3.16714
3.14697
3.12931
3.11104
3.09131
3.06614
3.04045
3.01883
2.99913
2.97963
2.9601
2.94044
2.9206
2.90076
2.88085
2.86063
2.83815
2.81452
2.79143
2.76827
2.74507
2.7211
2.69292
2.64812
4.71903
4.59105
4.42654
4.25394
4.06293
3.82922
3.67623
3.57864
3.4409
3.31986
3.22803
3.14286
3.05579
2.94904
2.80251
2.68533
2.59898
2.5213
2.42402
2.36757
2.35604
2.3855
2.52837
2.75991
3.44235
3.7999
3.82188
3.77417
3.73694
3.71939
3.7065
3.69284
3.67471
3.64814
3.61255
3.56609
3.50889
3.4441
3.36967
3.29404
3.21813
3.12017
3.04889
2.97514
2.89878
2.81589
2.74401
2.67257
2.60787
2.54437
2.48475
2.42592
2.37273
2.32578
2.27506
2.23211
2.19273
2.1565
2.10161
2.06467
2.02487
2.02382
2.05274
2.10497
2.2412
2.47056
2.77347
3.20432
3.38001
3.38147
3.28493
3.19317
3.17655
3.1754
3.17291
3.16876
3.16079
3.14859
3.12977
3.11067
3.09189
3.06924
3.0467
3.02514
3.00408
2.98333
2.96291
2.94307
2.92337
2.90345
2.88313
2.86225
2.83857
2.81402
2.79047
2.76692
2.74336
2.71943
2.69177
2.64602
4.72957
4.59787
4.45063
4.295
4.15064
3.92017
3.72799
3.62604
3.5037
3.37482
3.27127
3.18327
3.1049
3.00937
2.88295
2.76986
2.69316
2.55331
2.48537
2.46436
2.47728
2.59686
2.78543
3.47602
3.90423
3.92419
3.88438
3.83235
3.79505
3.77048
3.75138
3.73377
3.71479
3.69235
3.66262
3.62495
3.57732
3.52108
3.45546
3.38459
3.29756
3.22202
3.14259
3.05673
2.96672
2.89471
2.82623
2.75764
2.69171
2.62421
2.56111
2.49956
2.44561
2.38979
2.33827
2.29971
2.26082
2.21681
2.17293
2.12742
2.06212
2.02974
2.00144
2.00329
2.05282
2.14538
2.30718
2.48804
2.98452
3.32268
3.33668
3.30287
3.19965
3.13637
3.13257
3.13426
3.13745
3.13831
3.13011
3.11613
3.08557
3.05934
3.03857
3.01903
2.99999
2.98061
2.9606
2.94131
2.92243
2.9033
2.88329
2.86204
2.8386
2.81154
2.78613
2.76172
2.73726
2.71312
2.68611
2.63954
4.57009
4.59173
4.48023
4.33648
4.20395
4.0085
3.78675
3.6634
3.55503
3.43741
3.32877
3.23357
3.14517
3.05965
2.92692
2.82547
2.73147
2.63083
2.56855
2.58489
2.68995
2.88713
3.53532
4.04151
4.0493
4.02857
3.98207
3.93051
3.88028
3.83932
3.80875
3.78296
3.75839
3.7321
3.70237
3.6671
3.6249
3.57417
3.51649
3.44962
3.37858
3.30299
3.21709
3.13561
3.05672
2.98054
2.90485
2.83591
2.76693
2.69911
2.6303
2.56251
2.50551
2.44952
2.40751
2.3643
2.3143
2.26483
2.21694
2.17274
2.12402
2.06771
2.0311
2.00896
2.00958
2.01405
2.07172
2.18955
2.38491
2.61313
3.07199
3.30304
3.30303
3.24748
3.16314
3.1231
3.12015
3.12782
3.12579
3.11636
3.10208
3.06899
3.03904
3.01627
2.99675
2.97855
2.95991
2.94109
2.92225
2.90286
2.88262
2.86089
2.83685
2.80793
2.78108
2.75606
2.73088
2.7058
2.67854
2.63107
4.51573
4.5609
4.49145
4.36175
4.23245
4.0953
3.86545
3.70137
3.60493
3.48025
3.37468
3.27901
3.19138
3.11129
2.99737
2.84683
2.75868
2.71446
2.70734
2.7916
3.02135
3.58921
4.16531
4.1757
4.16455
4.13342
4.07919
4.01686
3.96032
3.90824
3.85772
3.81955
3.78966
3.76106
3.73114
3.69762
3.65884
3.61355
3.5619
3.50329
3.43819
3.36682
3.2918
3.21525
3.13487
3.05541
2.97991
2.90528
2.8333
2.76193
2.692
2.62328
2.558
2.50225
2.45844
2.40819
2.35772
2.31274
2.27093
2.22609
2.17228
2.12511
2.07124
2.02492
2.0072
1.99303
2.00285
2.03444
2.10491
2.24756
2.45591
2.8194
3.18445
3.25844
3.25288
3.17456
3.12075
3.09274
3.09731
3.09622
3.08821
3.07259
3.04652
3.01699
2.99406
2.9762
2.95876
2.94059
2.92256
2.90311
2.88159
2.85907
2.8343
2.80477
2.77698
2.7513
2.72566
2.69933
2.67084
2.62212
3.97317
4.45894
4.50271
4.38137
4.2459
4.13898
3.95467
3.74865
3.65275
3.54821
3.4135
3.31325
3.23494
3.1698
3.07493
2.90903
2.82669
2.82403
2.90435
3.16644
3.65418
4.30791
4.32324
4.3108
4.27479
4.20634
4.14815
4.09386
4.03852
3.97651
3.91588
3.86417
3.82548
3.79151
3.75874
3.72365
3.68567
3.64284
3.5951
3.54166
3.48264
3.41862
3.34991
3.27723
3.20162
3.12493
3.04823
2.97199
2.89693
2.82258
2.75572
2.6874
2.62716
2.57552
2.52617
2.4686
2.42204
2.37785
2.33465
2.27892
2.22308
2.16549
2.12115
2.09222
2.06219
2.02239
1.98839
1.99708
2.00528
2.04388
2.13472
2.31981
2.50644
2.95574
3.20457
3.21723
3.20398
3.13482
3.08031
3.056
3.05357
3.0497
3.03783
3.01861
2.99151
2.97033
2.9537
2.93571
2.91664
2.89806
2.87836
2.85594
2.83062
2.79899
2.76976
2.74358
2.71862
2.69218
2.66209
2.61165
2.98393
4.31987
4.396
4.37942
4.27467
4.16246
4.02817
3.81873
3.68226
3.60515
3.47612
3.3589
3.2778
3.21956
3.11443
3.00718
2.96676
3.01632
3.26119
3.72331
4.4569
4.47588
4.45245
4.40166
4.32348
4.26678
4.21509
4.1625
4.106
4.04071
3.97481
3.91445
3.86259
3.81933
3.78061
3.74239
3.70306
3.66152
3.61685
3.56798
3.51474
3.45621
3.39348
3.32659
3.25697
3.18504
3.1108
3.0374
2.96169
2.88941
2.81689
2.75045
2.68889
2.63406
2.57286
2.52448
2.47848
2.43073
2.37966
2.3137
2.25839
2.20885
2.17468
2.13985
2.10279
2.06273
2.0267
2.00477
1.97979
1.97743
1.99792
2.05151
2.18813
2.38681
2.62403
3.01981
3.20277
3.2034
3.15987
3.09026
3.0466
3.03647
3.03043
3.02033
3.00383
2.97759
2.95403
2.93384
2.91439
2.89415
2.87365
2.85223
2.83083
2.79956
2.76477
2.73442
2.70873
2.68224
2.65104
2.59911
2.00973
3.5616
4.38883
4.40489
4.30926
4.18154
4.07705
3.90204
3.71898
3.64148
3.54761
3.41822
3.31965
3.25231
3.17171
3.14533
3.18084
3.40299
3.79849
4.6009
4.67963
4.68144
4.59767
4.47461
4.40571
4.35
4.29721
4.2436
4.18306
4.11399
4.04652
3.97868
3.91561
3.85721
3.80717
3.76186
3.71903
3.67565
3.6308
3.58347
3.53321
3.48005
3.42333
3.36337
3.29987
3.23355
3.16469
3.09319
3.02074
2.94769
2.87495
2.80501
2.74146
2.67824
2.62016
2.57529
2.52744
2.47909
2.41932
2.35848
2.29991
2.25009
2.20822
2.16809
2.13095
2.09947
2.06303
2.03367
1.99147
1.96286
1.96524
1.96545
1.99067
2.06687
2.21698
2.38374
2.84778
3.14633
3.17568
3.1605
3.09571
3.03469
3.0036
2.99383
2.98379
2.9691
2.95136
2.93084
2.90182
2.87968
2.85979
2.84103
2.82259
2.79149
2.7516
2.71796
2.69192
2.6673
2.63804
2.58577
1.50172
2.57365
3.93478
4.30952
4.33432
4.22617
4.11354
3.98978
3.80007
3.66469
3.61119
3.49075
3.35858
3.29057
3.28535
3.34747
3.5829
3.9621
4.7808
4.88357
4.83729
4.76528
4.65248
4.57788
4.50635
4.43475
4.36449
4.29915
4.23936
4.17547
4.10504
4.03192
3.96051
3.89133
3.83029
3.77618
3.72708
3.6816
3.63589
3.5897
3.54218
3.49303
3.44194
3.38855
3.33204
3.27226
3.20907
3.14287
3.07407
3.00317
2.93193
2.8639
2.80463
2.74551
2.69071
2.63764
2.58462
2.53364
2.48053
2.42758
2.36147
2.30549
2.25578
2.21634
2.18248
2.15153
2.11809
2.08412
2.05134
2.00955
1.9736
1.95136
1.92198
1.9396
1.9993
2.12609
2.31324
2.52893
2.94808
3.14469
3.14821
3.11988
3.03695
2.98203
2.9692
2.9571
2.94197
2.92202
2.89818
2.87278
2.85107
2.8305
2.80888
2.7716
2.73297
2.70101
2.67416
2.6504
2.62316
2.57046
1.47204
1.73055
2.97661
4.17083
4.28292
4.28067
4.19328
4.07995
3.91168
3.74189
3.63686
3.52764
3.42114
3.39881
3.47266
3.74385
4.16486
4.98335
5.17517
5.14321
4.96873
4.81746
4.74168
4.67337
4.60391
4.53197
4.45366
4.37753
4.30307
4.22832
4.15369
4.08021
4.00806
3.93823
3.87054
3.80902
3.75171
3.69962
3.65037
3.60364
3.55643
3.5088
3.46021
3.41001
3.35785
3.30298
3.24531
3.1845
3.12069
3.05534
2.98713
2.92193
2.86043
2.80311
2.74604
2.68533
2.63157
2.57649
2.52378
2.46158
2.39933
2.34208
2.29474
2.25327
2.21733
2.18229
2.14942
2.11681
2.08157
2.04345
2.00439
1.95458
1.92535
1.92004
1.9327
1.96346
2.01643
2.17962
2.36618
2.76443
3.05191
3.08411
3.06229
3.01818
2.95082
2.90574
2.89993
2.89075
2.88085
2.86512
2.84258
2.8169
2.79158
2.75149
2.71459
2.68407
2.65614
2.63227
2.6062
2.55363
1.38637
1.51438
1.98387
3.37289
4.26857
4.3189
4.27092
4.16463
4.02944
3.88206
3.67916
3.57588
3.54707
3.60516
3.87965
4.41171
5.2205
5.37736
5.34044
5.16353
4.99789
4.91245
4.83384
4.7547
4.66967
4.58546
4.50636
4.42903
4.35199
4.27447
4.19797
4.12213
4.04848
3.9762
3.90623
3.83818
3.77545
3.71506
3.66052
3.609
3.56178
3.51556
3.46976
3.42329
3.3757
3.32612
3.27354
3.21771
3.15872
3.09731
3.0337
2.97074
2.9077
2.84765
2.78949
2.73329
2.67732
2.62065
2.56343
2.49929
2.435
2.38114
2.33578
2.29396
2.25743
2.22025
2.18635
2.15197
2.11976
2.08039
2.04184
2.00868
1.96705
1.92654
1.91146
1.89597
1.89994
1.94874
2.04619
2.20822
2.42422
2.81802
3.01898
3.03374
3.02188
2.936
2.87295
2.84434
2.83098
2.82074
2.80702
2.78809
2.767
2.7275
2.69173
2.66461
2.63496
2.61145
2.58677
2.53322
1.39508
1.42678
1.49574
2.43688
3.72655
4.22201
4.29565
4.21965
4.12316
3.92606
3.76065
3.71304
3.76757
4.059
4.62764
5.5623
5.63661
5.58271
5.4019
5.2413
5.14509
5.04842
4.95166
4.85376
4.76009
4.66892
4.58162
4.49758
4.41638
4.3376
4.25995
4.18377
4.10776
4.03293
3.95851
3.88711
3.81982
3.75468
3.69407
3.63529
3.58179
3.53484
3.48914
3.44316
3.39657
3.34819
3.2973
3.24399
3.18802
3.12982
3.07039
3.01165
2.95313
2.89546
2.8385
2.78128
2.72397
2.66578
2.60631
2.54138
2.47748
2.42198
2.3734
2.33109
2.29058
2.25262
2.21706
2.18139
2.14687
2.10772
2.0666
2.02837
1.99234
1.95025
1.91738
1.87107
1.87319
1.85054
1.86646
1.94668
2.08993
2.24698
2.58864
2.86803
2.93244
2.93255
2.89505
2.82816
2.77673
2.75669
2.74656
2.73345
2.71582
2.69296
2.65784
2.6307
2.60477
2.57948
2.55354
2.50149
1.40851
1.38331
1.49843
1.67695
2.77081
3.93538
4.1766
4.1703
4.08748
3.9375
3.89111
3.94713
4.25702
4.86239
5.90838
5.91298
5.81633
5.62074
5.45082
5.35635
5.26162
5.16213
5.05789
4.94773
4.84313
4.74702
4.6575
4.57227
4.48846
4.40545
4.32342
4.24252
4.16263
4.08419
4.00657
3.93016
3.8569
3.78478
3.71683
3.65029
3.59007
3.53801
3.4912
3.44526
3.3989
3.35168
3.30279
3.25124
3.19684
3.1416
3.08755
3.03316
2.97875
2.92395
2.86828
2.81186
2.75455
2.69592
2.63396
2.56816
2.50543
2.44867
2.3999
2.35535
2.31441
2.27566
2.23778
2.20136
2.16523
2.12629
2.083
2.04369
2.00595
1.97146
1.93689
1.90386
1.86546
1.83767
1.81426
1.81626
1.83285
1.90898
2.05204
2.26399
2.58195
2.77865
2.80574
2.79462
2.76437
2.71423
2.67492
2.65561
2.63869
2.6265
2.61342
2.5901
2.56193
2.53363
2.50632
2.45726
1.40591
1.43046
1.31389
1.40293
1.77703
3.02401
4.04457
4.1454
4.09007
4.03274
4.10483
4.46821
5.20264
6.31715
6.32502
6.23944
5.92846
5.72554
5.62514
5.53072
5.43218
5.32647
5.21379
5.09262
4.97574
4.86748
4.76603
4.66986
4.57742
4.48807
4.40048
4.31443
4.22936
4.14521
4.06222
3.98031
3.90136
3.82546
3.75131
3.68025
3.60789
3.54668
3.49466
3.44592
3.39857
3.35056
3.30103
3.24911
3.19543
3.14409
3.09375
3.0435
2.99265
2.94082
2.88734
2.83242
2.77537
2.71696
2.65288
2.58939
2.52835
2.47449
2.42439
2.37695
2.33341
2.29051
2.25085
2.21121
2.17353
2.13088
2.08956
2.04254
2.0035
1.96193
1.92337
1.88562
1.84508
1.8077
1.7552
1.71978
1.70986
1.71418
1.75694
1.84997
1.98514
2.30006
2.55305
2.63668
2.66147
2.66991
2.62263
2.57931
2.55724
2.54165
2.53113
2.51961
2.50065
2.47317
2.44805
2.40091
1.40812
1.40912
1.39835
1.41905
1.52845
2.14755
3.39288
4.0574
4.11912
4.22607
4.62495
5.42818
6.60599
6.60025
6.47645
6.11788
5.89226
5.80018
5.71517
5.62468
5.52113
5.4087
5.28848
5.16762
5.05109
4.93742
4.82629
4.72117
4.62214
4.52736
4.43607
4.34704
4.25945
4.17163
4.08563
4.00021
3.91806
3.83867
3.7616
3.6881
3.61028
3.54086
3.48448
3.43321
3.38301
3.33357
3.27919
3.22251
3.17087
3.12215
3.07413
3.02546
2.97617
2.92554
2.87301
2.8183
2.76204
2.70144
2.63929
2.5766
2.51982
2.46649
2.41602
2.36697
2.31723
2.27167
2.22696
2.18492
2.14288
2.10035
2.05157
2.00462
1.96118
1.91896
1.87903
1.8398
1.801
1.76479
1.73159
1.68282
1.64376
1.60611
1.61493
1.62516
1.67592
1.79369
2.00891
2.29734
2.47579
2.51066
2.52435
2.49334
2.45553
2.43146
2.42046
2.41328
2.40608
2.38845
2.3666
2.32488
1.40837
1.4086
1.40724
1.39312
1.43972
1.52526
2.44659
3.54841
4.0569
4.73272
5.80676
7.12262
7.09187
6.86746
6.41425
6.14464
6.04764
5.95797
5.86466
5.76132
5.64769
5.52741
5.40552
5.28324
5.15903
5.0353
4.91568
4.80266
4.69551
4.59314
4.49448
4.39761
4.30238
4.20806
4.11512
4.02396
3.93555
3.85039
3.76666
3.68539
3.60246
3.52159
3.45488
3.39584
3.33885
3.28257
3.22377
3.15738
3.10055
3.05059
3.00185
2.95341
2.90418
2.85364
2.80102
2.74658
2.69059
2.63144
2.57113
2.51433
2.46156
2.40944
2.35855
2.30909
2.25816
2.21091
2.16718
2.12614
2.08602
2.04417
2.00171
1.95714
1.91498
1.87563
1.83773
1.80031
1.76446
1.72954
1.69468
1.66042
1.61228
1.5702
1.54686
1.54722
1.54405
1.57419
1.66546
1.76899
2.04749
2.27952
2.35981
2.3783
2.37483
2.34286
2.314
2.29201
2.2847
2.27406
2.25911
2.23408
1.40847
1.40851
1.40817
1.41003
1.38147
1.48605
1.69263
2.55855
3.80531
5.96362
7.37363
7.44915
6.84561
6.46411
6.26778
6.15545
6.08033
6.00062
5.91115
5.80844
5.69164
5.56912
5.44286
5.3128
5.18331
5.05531
4.92928
4.80501
4.68546
4.57153
4.46241
4.35694
4.25378
4.15121
4.05041
3.95195
3.8566
3.76412
3.67241
3.58284
3.4918
3.40334
3.32755
3.25982
3.19463
3.13129
3.06576
2.99418
2.93484
2.88574
2.83973
2.79477
2.75035
2.70518
2.65875
2.61105
2.56123
2.51052
2.46272
2.41603
2.37193
2.3279
2.28381
2.24073
2.19555
2.15267
2.11403
2.07919
2.04398
2.00519
1.96525
1.9251
1.88376
1.84545
1.81027
1.77549
1.74283
1.71015
1.67852
1.64226
1.6054
1.57189
1.52767
1.50955
1.50934
1.49237
1.51064
1.58867
1.69695
1.87023
2.10197
2.25502
2.27083
2.26122
2.23583
2.21606
2.19685
2.1846
2.15178
2.15718
1.40846
1.40851
1.4097
1.39513
1.40636
1.35502
1.53704
2.20774
3.81437
6.5997
6.66589
6.43849
5.94273
5.7814
5.77883
5.77366
5.75115
5.70106
5.64077
5.55709
5.45844
5.35224
5.23789
5.11217
4.98782
4.86402
4.73852
4.61283
4.48716
4.36423
4.24392
4.13006
4.02028
3.9145
3.81204
3.71447
3.62224
3.53422
3.44886
3.36629
3.28419
3.20602
3.13772
3.07637
3.01766
2.95984
2.90375
2.83917
2.7846
2.74286
2.70473
2.66807
2.63144
2.59414
2.55601
2.51729
2.47638
2.43691
2.39886
2.35958
2.3237
2.28879
2.25183
2.21557
2.17416
2.13484
2.10169
2.07016
2.03604
1.9973
1.96032
1.92423
1.88487
1.84663
1.81339
1.7814
1.74958
1.71795
1.68647
1.65203
1.61526
1.58024
1.5493
1.52288
1.48873
1.47118
1.46036
1.48364
1.53796
1.62309
1.71645
1.94787
2.1179
2.16113
2.1634
2.15352
2.13672
2.10286
2.1017
2.1222
1.40845
1.40844
1.40832
1.40764
1.39904
1.41528
1.75176
2.43505
6.36442
6.38427
5.92237
5.69734
5.65785
5.6049
5.57186
5.53096
5.46794
5.39261
5.29765
5.20457
5.10443
4.99557
4.88324
4.76991
4.65487
4.5396
4.42465
4.31153
4.20087
4.09363
3.99005
3.8913
3.79748
3.70717
3.62133
3.53862
3.46036
3.38604
3.31382
3.2435
3.17364
3.10691
3.04722
2.99227
2.93891
2.88596
2.83459
2.77597
2.7241
2.68488
2.65016
2.6166
2.58296
2.54903
2.51403
2.47907
2.44584
2.41469
2.38165
2.34964
2.31965
2.28885
2.2563
2.22314
2.18741
2.15096
2.11724
2.08268
2.04621
2.0117
1.97692
1.94009
1.89916
1.86003
1.82375
1.78933
1.7557
1.72214
1.68849
1.65274
1.61613
1.58345
1.55447
1.52755
1.50037
1.47251
1.44485
1.43279
1.45218
1.49133
1.55769
1.62765
1.8428
2.01737
2.09085
2.09581
2.09723
2.07597
2.0804
2.15457
1.40845
1.40844
1.40835
1.40777
1.39927
1.40836
1.68935
2.38876
6.37073
6.28456
6.17105
6.07083
5.96191
5.82993
5.69368
5.58702
5.49394
5.40225
5.30564
5.20542
5.10237
4.99293
4.87605
4.76
4.64465
4.52948
4.41452
4.29919
4.18863
4.08169
3.97874
3.88068
3.78775
3.69853
3.61332
3.53139
3.45314
3.37866
3.30735
3.23859
3.17131
3.10655
3.04648
2.98993
2.93523
2.88157
2.82962
2.77265
2.72062
2.67917
2.64326
2.60906
2.57564
2.54258
2.50838
2.47675
2.44877
2.42109
2.39186
2.36384
2.33555
2.30507
2.27474
2.24247
2.20861
2.17416
2.13879
2.10184
2.06702
2.03302
1.99751
1.9591
1.91882
1.87945
1.84278
1.80771
1.77416
1.74064
1.70719
1.67197
1.63679
1.60424
1.57551
1.54675
1.51988
1.49365
1.46322
1.43402
1.43077
1.43489
1.45404
1.51426
1.58773
1.77642
1.97123
2.02364
2.07487
2.07409
2.10283
2.31782
1.40845
1.40845
1.40829
1.40794
1.39887
1.41328
1.72303
2.5073
6.79266
6.31034
6.18878
6.11381
6.03348
5.94097
5.84051
5.74552
5.64714
5.54172
5.42848
5.31028
5.18902
5.06941
4.95227
4.83577
4.71963
4.60321
4.48641
4.3706
4.25571
4.14566
4.04065
3.94072
3.84488
3.75293
3.66529
3.58189
3.50274
3.42782
3.35574
3.28673
3.21939
3.15484
3.09413
3.03643
2.9805
2.9254
2.872
2.81463
2.76137
2.71771
2.6794
2.64364
2.60907
2.57439
2.54032
2.51125
2.4846
2.45777
2.43017
2.40307
2.37504
2.34596
2.31606
2.28424
2.25088
2.21592
2.1801
2.14358
2.1065
2.06869
2.03011
1.99104
1.94956
1.90861
1.87002
1.8334
1.79736
1.76124
1.72531
1.68798
1.65126
1.61778
1.58746
1.55925
1.53081
1.50434
1.47893
1.44579
1.416
1.40519
1.40103
1.42035
1.48524
1.56958
1.73693
1.89892
2.01948
2.12473
2.23382
2.60222
1.40845
1.40845
1.4083
1.408
1.39931
1.41109
1.70342
2.43359
6.6283
6.16361
6.09691
6.08437
6.04351
5.97641
5.8662
5.76832
5.67369
5.57518
5.47016
5.36155
5.2499
5.1338
5.01698
4.90059
4.78377
4.66615
4.54826
4.43132
4.31708
4.20623
4.09985
3.99676
3.89868
3.80397
3.71437
3.62875
3.54747
3.46989
3.39537
3.32434
3.25578
3.19002
3.12737
3.0675
3.00931
2.95212
2.89667
2.83849
2.78396
2.73818
2.69784
2.65991
2.62439
2.58845
2.55471
2.52684
2.50134
2.47565
2.44939
2.42314
2.39578
2.36714
2.33729
2.30546
2.27161
2.23614
2.19951
2.16178
2.12345
2.08484
2.04565
2.00574
1.96349
1.9218
1.88233
1.84468
1.80764
1.77085
1.73467
1.69709
1.66054
1.62753
1.59713
1.56824
1.54012
1.51278
1.48568
1.45931
1.42597
1.38664
1.37727
1.37335
1.40287
1.47421
1.57939
1.72427
1.92969
2.14523
2.51101
2.86776
1.40845
1.40845
1.4083
1.40798
1.39911
1.41198
1.71238
2.46785
6.73929
6.18166
6.0897
6.07805
6.03509
5.96847
5.86902
5.77823
5.6872
5.59074
5.48681
5.3779
5.26261
5.14594
5.0305
4.91565
4.79977
4.68264
4.56475
4.44797
4.33363
4.22222
4.1139
4.00997
3.91048
3.81549
3.72487
3.63877
3.55664
3.47865
3.40362
3.33243
3.26395
3.19819
3.13533
3.07504
3.01639
2.9587
2.90268
2.8444
2.78954
2.7431
2.70196
2.66331
2.6276
2.591
2.55754
2.53065
2.50558
2.48029
2.45467
2.42887
2.40183
2.37346
2.34372
2.31208
2.27833
2.2429
2.20621
2.16852
2.12992
2.09072
2.05079
2.01028
1.96761
1.92543
1.88543
1.84762
1.81022
1.77295
1.73621
1.69811
1.66122
1.62797
1.59718
1.56803
1.53994
1.51248
1.4855
1.45876
1.43613
1.39327
1.35984
1.35445
1.35743
1.40102
1.50222
1.67532
1.887
2.29749
2.83077
2.91142
)
;

boundaryField
{
    inlet
    {
        type            calculated;
        value           uniform 1.40845;
    }
    outlet
    {
        type            calculated;
        value           nonuniform List<scalar> 
40
(
1.86091
2.05296
2.24672
2.37394
2.45758
2.51492
2.55143
2.57564
2.59041
2.5983
2.60594
2.6188
2.6387
2.64735
2.64838
2.64825
2.64788
2.64812
2.64602
2.63954
2.63107
2.62212
2.61165
2.59911
2.58577
2.57046
2.55363
2.53322
2.50149
2.45726
2.40091
2.32488
2.23408
2.15718
2.1222
2.15457
2.31782
2.60222
2.86776
2.91142
)
;
    }
    bottom
    {
        type            symmetryPlane;
    }
    top
    {
        type            symmetryPlane;
    }
    obstacle
    {
        type            calculated;
        value           nonuniform List<scalar> 
110
(
7.26205
7.26395
7.25032
7.22568
7.18986
7.13426
7.05937
6.94658
6.77531
6.5109
1.92325
1.91976
1.94795
1.68901
1.8276
1.80019
1.674
1.44147
1.37888
1.36127
1.37279
1.38188
1.38288
1.37329
1.30876
1.23953
1.2123
1.2053
1.20758
1.21994
1.22311
1.22432
1.22441
1.22092
1.21596
1.20997
1.20589
1.20319
1.20237
1.20251
1.20345
1.21665
1.23689
1.26775
1.32314
1.38144
1.45117
1.53653
1.62337
1.69592
1.78298
1.86778
1.94694
2.03243
2.11693
2.18444
2.23713
2.30585
2.35364
2.39111
2.40117
2.44526
2.46453
2.48733
2.50252
2.51249
2.51763
2.52006
2.51884
2.51377
2.50575
2.49554
2.48401
2.47125
2.45617
2.43992
2.4233
2.40643
2.38915
2.37074
2.3524
2.33397
2.31565
2.29708
2.27834
2.25935
2.2403
2.22111
2.20197
2.18291
2.16455
2.14627
2.12848
2.11058
2.09309
2.07549
2.05844
2.04135
2.02492
2.00852
1.99297
1.97749
1.96283
1.94818
1.9345
1.92058
1.90713
1.89572
1.87621
1.86091
)
;
    }
    defaultFaces
    {
        type            empty;
    }
}


// ************************************************************************* //
