/*--------------------------------*- C++ -*----------------------------------*\
| =========                 |                                                 |
| \\      /  F ield         | OpenFOAM: The Open Source CFD Toolbox           |
|  \\    /   O peration     | Version:  v2106                                 |
|   \\  /    A nd           | Website:  www.openfoam.com                      |
|    \\/     M anipulation  |                                                 |
\*---------------------------------------------------------------------------*/
FoamFile
{
    version     2.0;
    format      ascii;
    arch        "LSB;label=32;scalar=64";
    class       volScalarField;
    location    "9";
    object      Mo;
}
// * * * * * * * * * * * * * * * * * * * * * * * * * * * * * * * * * * * * * //

dimensions      [0 0 0 0 0 0 0];

internalField   nonuniform List<scalar> 
5250
(
3.01265
3.01265
3.01265
3.01265
3.01265
3.01265
3.01265
3.01265
3.01263
3.01252
3.01146
3.00223
2.93024
2.66095
1.87177
0.681765
0.185021
0.355922
0.285896
0.242517
0.209855
0.16584
0.12557
0.0792149
0.0383757
3.01265
3.01265
3.01265
3.01265
3.01265
3.01265
3.01265
3.01265
3.01263
3.01252
3.01149
3.00257
2.93212
2.66764
1.88515
0.69897
0.180648
0.357154
0.286263
0.243849
0.21223
0.170067
0.133419
0.0935366
0.0689074
3.01265
3.01265
3.01265
3.01265
3.01265
3.01265
3.01265
3.01265
3.01264
3.01253
3.01156
3.00334
2.93633
2.68302
1.91794
0.749759
0.181475
0.363369
0.291644
0.250631
0.222144
0.184076
0.152352
0.123085
0.109068
3.01265
3.01265
3.01265
3.01265
3.01265
3.01265
3.01265
3.01265
3.01264
3.01254
3.01163
3.00438
2.94224
2.70489
1.96439
0.824488
0.192783
0.37555
0.306623
0.264296
0.238689
0.205176
0.180747
0.159304
0.150514
3.01265
3.01265
3.01265
3.01265
3.01265
3.01265
3.01265
3.01265
3.01264
3.01256
3.01173
3.00563
2.94976
2.7333
2.02465
0.92515
0.218037
0.391664
0.328799
0.283781
0.261139
0.232414
0.212361
0.200115
0.195827
3.01265
3.01265
3.01265
3.01265
3.01265
3.01265
3.01265
3.01265
3.01264
3.01258
3.01196
3.00692
2.95825
2.76504
2.09506
1.05597
0.259518
0.413026
0.360076
0.310783
0.289681
0.2647
0.25248
0.245646
0.245579
3.01265
3.01265
3.01265
3.01265
3.01265
3.01265
3.01265
3.01265
3.01264
3.0126
3.01212
3.00825
2.96668
2.79771
2.17605
1.19713
0.326963
0.445582
0.402607
0.349761
0.3288
0.303972
0.298662
0.294903
0.303953
3.01265
3.01265
3.01265
3.01265
3.01265
3.01265
3.01265
3.01265
3.01264
3.01262
3.01211
3.00929
2.97332
2.82313
2.25626
1.27246
0.395634
0.479784
0.4481
0.400867
0.3721
0.353008
0.352381
0.35787
0.376379
3.01265
3.01265
3.01265
3.01265
3.01265
3.01265
3.01265
3.01265
3.01264
3.01263
3.0122
3.0101
2.98076
2.85134
2.34444
1.36041
0.45881
0.504389
0.4857
0.454469
0.42609
0.409427
0.416906
0.423582
0.473162
3.01265
3.01265
3.01265
3.01265
3.01265
3.01265
3.01265
3.01265
3.01264
3.01264
3.01222
3.01091
2.98462
2.88227
2.43427
1.46719
0.529662
0.518732
0.520605
0.507953
0.486787
0.471908
0.488932
0.519095
0.646306
3.01265
3.01265
3.01265
3.01265
3.01265
3.01265
3.01265
3.01265
3.01265
3.01263
3.01242
3.01077
2.99463
2.89693
2.5242
1.58057
0.633004
0.505069
0.538166
0.560256
0.551056
0.544392
0.572886
0.654365
0.8764
3.01265
3.01265
3.01265
3.01265
3.01265
3.01265
3.01265
3.01265
3.01265
3.01263
3.01259
3.01116
3.0039
2.92073
2.62961
1.72009
0.795416
0.479002
0.544159
0.576008
0.611034
0.622175
0.654207
0.764003
0.936139
3.01265
3.01265
3.01265
3.01265
3.01265
3.01265
3.01265
3.01265
3.01265
3.01264
3.01256
3.01178
3.00573
2.95064
2.74098
2.05545
1.05655
0.49679
0.559732
0.587559
0.624597
0.681427
0.727416
0.833926
0.961518
3.01265
3.01265
3.01265
3.01265
3.01265
3.01265
3.01265
3.01265
3.01265
3.01264
3.01261
3.01211
3.0087
2.96954
2.80911
2.23642
1.35047
0.585876
0.600926
0.612245
0.640744
0.698867
0.764219
0.863465
0.975859
3.01265
3.01265
3.01265
3.01265
3.01265
3.01265
3.01265
3.01265
3.01265
3.01264
3.01264
3.01216
3.01061
2.98046
2.87195
2.39083
1.53073
0.751894
0.657869
0.655309
0.672977
0.721766
0.787255
0.883783
0.982296
3.01265
3.01265
3.01265
3.01265
3.01265
3.01265
3.01265
3.01265
3.01265
3.01265
3.01263
3.01243
3.01083
2.99572
2.90356
2.54147
1.6806
0.951998
0.698995
0.713068
0.724107
0.753737
0.805996
0.886063
0.979641
3.01265
3.01265
3.01265
3.01265
3.01265
3.01265
3.01265
3.01265
3.01265
3.01265
3.01263
3.01264
3.0114
3.00834
2.93948
2.71497
1.9341
1.22822
0.723841
0.75152
0.765187
0.787256
0.827628
0.89256
0.975766
3.01265
3.01265
3.01265
3.01265
3.01265
3.01265
3.01265
3.01265
3.01265
3.01265
3.01264
3.01262
3.01198
3.00926
2.96947
2.82544
2.29775
1.51215
0.83771
0.791887
0.800865
0.819635
0.853614
0.906576
0.977695
3.01265
3.01265
3.01265
3.01265
3.01265
3.01265
3.01265
3.01265
3.01265
3.01265
3.01265
3.01262
3.01235
3.01024
2.99082
2.87739
2.49359
1.69896
1.03813
0.843295
0.846983
0.86268
0.889704
0.931218
0.98795
3.01265
3.01265
3.01265
3.01265
3.01265
3.01265
3.01265
3.01265
3.01265
3.01265
3.01265
3.01262
3.01263
3.011
3.00664
2.91782
2.70655
1.91173
1.343
0.881723
0.893738
0.906414
0.926986
0.958015
1.0028
3.01265
3.01265
3.01265
3.01265
3.01265
3.01265
3.01265
3.01265
3.01265
3.01265
3.01265
3.01264
3.01258
3.01209
3.00802
2.97523
2.81373
2.31744
1.62454
1.01305
0.93655
0.940339
0.957065
0.984813
1.02206
3.01265
3.01265
3.01265
3.01265
3.01265
3.01265
3.01265
3.01265
3.01265
3.01265
3.01265
3.01264
3.01258
3.01254
3.00912
3.00985
2.84872
2.62586
1.87225
1.26214
0.994741
0.983806
0.995076
1.01586
1.04603
3.01265
3.01265
3.01265
3.01265
3.01265
3.01265
3.01265
3.01265
3.01265
3.01265
3.01265
3.01265
3.01264
3.01255
3.01174
3.00563
2.95749
2.75861
2.14187
1.57775
1.05338
1.02282
1.02591
1.04338
1.0701
3.01265
3.01265
3.01265
3.01265
3.01265
3.01265
3.01265
3.01265
3.01265
3.01265
3.01265
3.01265
3.01263
3.01256
3.01253
3.00828
3.01124
2.81636
2.58037
1.88781
1.28008
1.07581
1.06305
1.0762
1.09707
3.01265
3.01265
3.01265
3.01265
3.01265
3.01265
3.01265
3.01265
3.01265
3.01265
3.01265
3.01265
3.01265
3.01263
3.01251
3.01143
3.00365
2.94131
2.71886
2.04154
1.62625
1.12501
1.10109
1.10709
1.12461
3.01265
3.01265
3.01265
3.01265
3.01265
3.01265
3.01265
3.01265
3.01265
3.01265
3.01265
3.01265
3.01265
3.01263
3.01255
3.01244
3.00781
3.00831
2.80156
2.52158
1.89838
1.32952
1.1551
1.14216
1.15583
3.01265
3.01265
3.01265
3.01265
3.01265
3.01265
3.01265
3.01265
3.01265
3.01265
3.01265
3.01265
3.01265
3.01265
3.01263
3.01249
3.01126
3.00281
2.93441
2.71617
2.06955
1.66861
1.20576
1.18007
1.18398
3.01265
3.01265
3.01265
3.01265
3.01265
3.01265
3.01265
3.01265
3.01265
3.01265
3.01265
3.01265
3.01265
3.01265
3.01263
3.01255
3.01253
3.00772
3.01116
2.80325
2.54521
1.94018
1.40553
1.2311
1.21457
3.01265
3.01265
3.01265
3.01265
3.01265
3.01265
3.01265
3.01265
3.01265
3.01265
3.01265
3.01265
3.01265
3.01265
3.01265
3.01263
3.0125
3.01127
3.00374
2.93519
2.73198
2.13647
1.75257
1.28501
1.25391
3.01265
3.01265
3.01265
3.01265
3.01265
3.01265
3.01265
3.01265
3.01265
3.01265
3.01265
3.01265
3.01265
3.01265
3.01265
3.01265
3.01261
3.01288
3.00889
3.00771
2.82801
2.57726
2.00049
1.50237
1.31074
3.01265
3.01265
3.01265
3.01265
3.01265
3.01265
3.01265
3.01265
3.01265
3.01265
3.01265
3.01265
3.01265
3.01265
3.01265
3.01265
3.01263
3.01256
3.01146
3.00568
2.94566
2.76454
2.23009
1.84207
1.38092
3.01265
3.01265
3.01265
3.01265
3.01265
3.01265
3.01265
3.01265
3.01265
3.01265
3.01265
3.01265
3.01265
3.01265
3.01265
3.01265
3.01265
3.01265
3.013
3.01013
3.00478
2.86365
2.65598
2.0725
1.62444
3.01265
3.01265
3.01265
3.01265
3.01265
3.01265
3.01265
3.01265
3.01265
3.01265
3.01265
3.01265
3.01265
3.01265
3.01265
3.01265
3.01265
3.01263
3.01254
3.01168
3.00607
2.95666
2.77068
2.38174
1.98065
3.01265
3.01265
3.01265
3.01265
3.01265
3.01265
3.01265
3.01265
3.01265
3.01265
3.01265
3.01265
3.01265
3.01265
3.01265
3.01265
3.01265
3.01265
3.01263
3.01258
3.01095
3.00137
2.91994
2.77917
2.21254
3.01265
3.01265
3.01265
3.01265
3.01265
3.01265
3.01265
3.01265
3.01265
3.01265
3.01265
3.01265
3.01265
3.01265
3.01265
3.01265
3.01265
3.01265
3.01263
3.0126
3.01186
3.00652
3.00783
2.8295
2.69219
3.01265
3.01265
3.01265
3.01265
3.01265
3.01265
3.01265
3.01265
3.01265
3.01265
3.01265
3.01265
3.01265
3.01265
3.01265
3.01265
3.01265
3.01265
3.01265
3.01263
3.01257
3.01132
3.00746
2.94797
2.77186
3.01265
3.01265
3.01265
3.01265
3.01265
3.01265
3.01265
3.01265
3.01265
3.01265
3.01265
3.01265
3.01265
3.01265
3.01265
3.01265
3.01265
3.01265
3.01265
3.01264
3.01261
3.0124
3.01097
3.00669
2.9025
3.01265
3.01265
3.01265
3.01265
3.01265
3.01265
3.01265
3.01265
3.01265
3.01265
3.01265
3.01265
3.01265
3.01265
3.01265
3.01265
3.01265
3.01265
3.01265
3.01265
3.01264
3.01256
3.01209
3.00863
3.00577
3.01265
3.01265
3.01265
3.01265
3.01265
3.01265
3.01265
3.01265
3.01265
3.01265
3.01265
3.01265
3.01265
3.01265
3.01265
3.01265
3.01265
3.01265
3.01265
3.01265
3.01265
3.01265
3.01246
3.01191
3.00696
3.01265
3.01265
3.01265
3.01265
3.01265
3.01265
3.01265
3.01265
3.01265
3.01265
3.01265
3.01265
3.01265
3.01265
3.01265
3.01265
3.01265
3.01265
3.01265
3.01265
3.01265
3.01265
3.01262
3.0124
3.01114
3.01265
3.01265
3.01265
3.01265
3.01265
3.01265
3.01265
3.01265
3.01265
3.01265
3.01265
3.01265
3.01265
3.01265
3.01265
3.01265
3.01265
3.01265
3.01265
3.01265
3.01265
3.01265
3.01263
3.01261
3.01187
3.01265
3.01265
3.01265
3.01265
3.01265
3.01265
3.01265
3.01265
3.01265
3.01265
3.01265
3.01265
3.01265
3.01265
3.01265
3.01265
3.01265
3.01265
3.01265
3.01265
3.01265
3.01265
3.01265
3.01263
3.01257
3.01265
3.01265
3.01265
3.01265
3.01265
3.01265
3.01265
3.01265
3.01265
3.01265
3.01265
3.01265
3.01265
3.01265
3.01265
3.01265
3.01265
3.01265
3.01265
3.01265
3.01265
3.01265
3.01265
3.01264
3.01262
3.01265
3.01265
3.01265
3.01265
3.01265
3.01265
3.01265
3.01265
3.01265
3.01265
3.01265
3.01265
3.01265
3.01265
3.01265
3.01265
3.01265
3.01265
3.01265
3.01265
3.01265
3.01265
3.01265
3.01265
3.01264
3.01265
3.01265
3.01265
3.01265
3.01265
3.01265
3.01265
3.01265
3.01265
3.01265
3.01265
3.01265
3.01265
3.01265
3.01265
3.01265
3.01265
3.01265
3.01265
3.01265
3.01265
3.01265
3.01265
3.01265
3.01264
3.01265
3.01265
3.01265
3.01265
3.01265
3.01265
3.01265
3.01265
3.01265
3.01265
3.01265
3.01265
3.01265
3.01265
3.01265
3.01265
3.01265
3.01265
3.01265
3.01265
3.01265
3.01265
3.01265
3.01265
3.01265
3.01265
3.01265
3.01265
3.01265
3.01265
3.01265
3.01265
3.01265
3.01265
3.01265
3.01265
3.01265
3.01265
3.01265
3.01265
3.01265
3.01265
3.01265
3.01265
3.01265
3.01265
3.01265
3.01265
3.01265
3.01265
3.01265
3.01265
3.01265
3.01265
3.01265
3.01265
3.01265
3.01265
3.01265
3.01265
3.01265
3.01265
3.01265
3.01265
3.01265
3.01265
3.01265
3.01265
3.01265
3.01265
3.01265
3.01265
3.01265
3.01265
3.01265
3.01265
3.01265
3.01265
3.01265
3.01265
3.01265
3.01265
3.01265
3.01265
3.01265
3.01265
3.01265
3.01265
3.01265
3.01265
3.01265
3.01265
3.01265
3.01265
3.01265
3.01265
3.01265
3.01265
3.01265
3.01265
3.01265
3.01265
3.01265
3.01265
3.01265
3.01265
3.01265
3.01265
3.01265
3.01265
3.01265
3.01265
3.01265
3.01265
3.01265
3.01265
3.01265
3.01265
3.01265
3.01265
3.01265
3.01265
3.01265
3.01265
3.01265
1.13442
0.557735
0.360318
0.286165
0.372601
0.288168
0.422856
0.593081
0.713329
0.763419
0.775251
0.773481
0.77289
0.793397
0.834046
0.879781
0.911039
0.925704
0.929834
0.930074
0.929978
0.93522
0.941819
0.948918
0.955551
0.959698
0.961684
0.961275
0.957279
0.954564
0.938749
0.920764
0.891242
0.848344
0.802541
0.758521
0.704394
0.648815
0.594296
0.537396
0.476561
0.412557
0.35278
0.292669
0.241741
0.201263
0.143037
0.088439
0.0438333
0.0259708
0.0640899
0.108509
0.149895
0.190142
0.227962
0.263925
0.297735
0.328972
0.35809
0.385648
0.41191
0.436803
0.460452
0.482973
0.504336
0.524814
0.544284
0.562997
0.58079
0.59801
0.614529
0.630689
0.646351
0.661759
0.676717
0.691368
0.705253
0.718766
0.731576
0.744134
0.756139
0.767971
0.779399
0.790704
0.801779
0.812766
0.823684
0.834552
0.845403
0.856231
0.867066
0.877882
0.888729
0.899576
0.910545
0.921595
0.933039
0.945599
0.956082
0.966571
1.10623
0.946211
0.604504
0.434022
0.120048
0.116108
0.248354
0.434634
0.50968
0.538024
0.504299
0.484897
0.483321
0.522367
0.562511
0.60571
0.630358
0.639527
0.641132
0.640046
0.640862
0.642272
0.646676
0.651862
0.657147
0.665426
0.671327
0.674375
0.669374
0.66543
0.64614
0.624269
0.600113
0.555699
0.5101
0.467048
0.409808
0.351571
0.29851
0.245728
0.172103
0.107251
0.0698304
0.108649
0.167241
0.246381
0.3118
0.358232
0.403083
0.440636
0.474204
0.507246
0.539571
0.568194
0.594427
0.618759
0.641995
0.663642
0.684029
0.703165
0.721669
0.739232
0.756195
0.772494
0.78812
0.803311
0.817812
0.83185
0.845423
0.858687
0.871732
0.884563
0.897213
0.909697
0.921978
0.933967
0.945331
0.956382
0.966785
0.977007
0.986704
0.996317
1.00556
1.01479
1.02382
1.03286
1.04183
1.05083
1.05985
1.06888
1.07797
1.08705
1.09619
1.10536
1.11467
1.12414
1.13402
1.14525
1.15506
1.16502
1.06879
1.07912
0.962771
0.815469
0.582896
0.413466
0.332523
0.372925
0.312354
0.212961
0.106131
0.0134206
0.0600014
0.124717
0.192674
0.310456
0.357073
0.380156
0.372291
0.363076
0.357663
0.356211
0.36048
0.367304
0.375427
0.385138
0.388493
0.392262
0.390547
0.387366
0.370014
0.349963
0.319577
0.266813
0.213666
0.16683
0.108731
0.0896949
0.154933
0.290079
0.389252
0.474889
0.542776
0.596094
0.626804
0.659329
0.685012
0.701435
0.717928
0.73396
0.749945
0.766781
0.78468
0.802764
0.819145
0.835376
0.850749
0.866142
0.88109
0.895674
0.910279
0.924472
0.938145
0.951149
0.963731
0.975802
0.987753
0.999395
1.01052
1.0215
1.03251
1.04351
1.05438
1.06515
1.07594
1.08648
1.0966
1.10638
1.11558
1.12459
1.13314
1.14161
1.1497
1.1578
1.16572
1.17367
1.18162
1.18962
1.19766
1.20575
1.21389
1.22207
1.2303
1.23859
1.24698
1.25553
1.2645
1.27488
1.28442
1.29444
1.0776
1.16969
1.17935
1.12329
0.983958
0.815521
0.638761
0.611237
0.586135
0.534214
0.449296
0.343
0.254046
0.238414
0.223391
0.231396
0.191759
0.132967
0.0909657
0.0388889
0.0146768
0.0238204
0.0433753
0.0710451
0.0862085
0.129512
0.144326
0.16488
0.167584
0.157124
0.136162
0.114463
0.0882784
0.0926886
0.156392
0.289235
0.434997
0.552293
0.656527
0.742111
0.793635
0.830288
0.850787
0.871206
0.881231
0.894814
0.907835
0.91665
0.922317
0.930019
0.937594
0.946202
0.956366
0.967993
0.979099
0.989173
0.998946
1.00911
1.01957
1.03053
1.04161
1.05223
1.06263
1.07317
1.08373
1.09411
1.10445
1.11434
1.12382
1.13323
1.14284
1.1525
1.16219
1.17186
1.18165
1.19106
1.2002
1.20882
1.21719
1.2254
1.23345
1.24131
1.24896
1.25644
1.26375
1.271
1.27828
1.28564
1.2931
1.30065
1.30827
1.31591
1.32359
1.33131
1.33911
1.34712
1.35555
1.36534
1.37503
1.38541
1.09423
1.18119
1.24659
1.28839
1.23114
1.14569
1.03834
0.944578
0.927192
0.866404
0.766101
0.65618
0.553308
0.498868
0.450508
0.439917
0.423896
0.395637
0.353314
0.299688
0.248471
0.208402
0.179137
0.153122
0.138519
0.12378
0.107952
0.0843135
0.057783
0.0814565
0.118196
0.192678
0.302306
0.433835
0.582007
0.718721
0.846539
0.917734
0.985605
1.03212
1.05835
1.0686
1.0767
1.08068
1.08058
1.08115
1.08388
1.08253
1.07995
1.078
1.07427
1.07604
1.07909
1.08427
1.08888
1.09259
1.09807
1.10473
1.11149
1.1183
1.125
1.1325
1.14102
1.14998
1.15897
1.1682
1.17704
1.18553
1.19418
1.20294
1.2116
1.22021
1.22893
1.23782
1.24706
1.25588
1.26451
1.27252
1.28028
1.28804
1.29574
1.30328
1.31071
1.31789
1.32498
1.33199
1.33904
1.34616
1.35335
1.36063
1.36797
1.37536
1.3828
1.39031
1.39792
1.40572
1.41394
1.42325
1.43339
1.44409
1.09085
1.18471
1.25502
1.32187
1.32852
1.30323
1.2669
1.23938
1.24708
1.20755
1.12762
1.02756
0.916191
0.838649
0.771392
0.741394
0.704858
0.659694
0.608336
0.550681
0.499493
0.44637
0.408802
0.362974
0.336225
0.296958
0.287823
0.259211
0.247324
0.274764
0.344032
0.456073
0.614122
0.790905
0.925517
1.03516
1.1274
1.18933
1.24134
1.26338
1.27094
1.27246
1.26449
1.25417
1.23816
1.22144
1.21071
1.19774
1.18742
1.17581
1.16317
1.15603
1.15098
1.15195
1.15299
1.15456
1.15724
1.1601
1.16334
1.16772
1.17293
1.17923
1.18636
1.19402
1.20214
1.20996
1.21776
1.22573
1.23364
1.24173
1.2499
1.25812
1.26649
1.27511
1.28375
1.29216
1.30024
1.30772
1.31524
1.32276
1.33021
1.33761
1.34498
1.35208
1.35912
1.3661
1.37312
1.38021
1.3874
1.39463
1.40192
1.40925
1.41661
1.42405
1.43159
1.43934
1.44753
1.45665
1.4673
1.4785
1.07061
1.1747
1.24995
1.30986
1.36086
1.36525
1.37216
1.37498
1.38926
1.40972
1.39044
1.33873
1.27169
1.19722
1.12504
1.08073
1.03419
0.984392
0.928322
0.864057
0.800912
0.733394
0.683734
0.626892
0.589711
0.538588
0.511046
0.460778
0.453646
0.493259
0.594952
0.74857
0.923305
1.07106
1.18375
1.28296
1.35157
1.40398
1.43715
1.4529
1.45459
1.44736
1.43039
1.40381
1.36773
1.3329
1.29243
1.26743
1.25136
1.2345
1.21997
1.20585
1.19411
1.18886
1.18729
1.18963
1.19083
1.191
1.19216
1.19506
1.19974
1.20532
1.21141
1.21783
1.22439
1.23139
1.23899
1.2466
1.25431
1.2621
1.26966
1.27742
1.28545
1.29378
1.30206
1.31022
1.31804
1.32548
1.3329
1.3403
1.34772
1.355
1.36223
1.36925
1.37628
1.38336
1.39051
1.39774
1.40505
1.41239
1.41976
1.42712
1.43452
1.44198
1.44958
1.45741
1.46571
1.47485
1.48579
1.49732
1.05985
1.14971
1.23707
1.29648
1.35256
1.3753
1.40081
1.42441
1.44585
1.47081
1.49703
1.49941
1.46906
1.43561
1.3997
1.36242
1.34653
1.31934
1.27461
1.2128
1.14556
1.06929
1.00757
0.938821
0.887641
0.81836
0.780378
0.712778
0.694059
0.742747
0.857535
1.00492
1.15494
1.27081
1.37542
1.44882
1.50103
1.54038
1.56347
1.57799
1.58108
1.57362
1.55909
1.53399
1.49912
1.45311
1.39142
1.33722
1.27853
1.2643
1.25174
1.23712
1.22576
1.2165
1.20721
1.20454
1.20703
1.20888
1.21054
1.213
1.21653
1.22058
1.22563
1.23157
1.23829
1.24535
1.25283
1.2605
1.26822
1.27535
1.28218
1.28939
1.29715
1.30506
1.31299
1.32101
1.32876
1.33619
1.34353
1.35071
1.35787
1.36497
1.37206
1.37917
1.38637
1.39365
1.40092
1.40825
1.41556
1.4228
1.4301
1.4375
1.44497
1.45255
1.46031
1.46829
1.47672
1.48598
1.49712
1.50892
1.05714
1.13191
1.21186
1.27923
1.3327
1.36664
1.40198
1.42887
1.46391
1.4963
1.52992
1.55894
1.56724
1.55547
1.53872
1.52591
1.52132
1.5184
1.51106
1.47967
1.43848
1.38873
1.33616
1.27683
1.21999
1.15386
1.08549
1.00104
0.957486
0.997887
1.07965
1.19326
1.29159
1.39868
1.48064
1.54496
1.58965
1.61924
1.64009
1.6544
1.65829
1.65454
1.64402
1.62491
1.59996
1.56278
1.51364
1.45381
1.37863
1.31748
1.25502
1.25545
1.25243
1.24749
1.23862
1.22971
1.22788
1.22934
1.23179
1.23453
1.23657
1.23868
1.24205
1.24681
1.2528
1.25917
1.2656
1.2725
1.27925
1.28614
1.29359
1.30143
1.30908
1.31689
1.32437
1.33166
1.33884
1.3459
1.35309
1.36032
1.36754
1.37485
1.38208
1.38915
1.39611
1.40308
1.41014
1.4173
1.42457
1.43189
1.43925
1.44674
1.45439
1.46218
1.47013
1.47829
1.48692
1.49641
1.50785
1.52004
1.06135
1.1254
1.19253
1.25756
1.30569
1.34909
1.38699
1.41855
1.45395
1.49575
1.53457
1.57262
1.60102
1.60625
1.60988
1.61025
1.613
1.61856
1.62558
1.62852
1.6083
1.58193
1.55075
1.5152
1.4717
1.42359
1.34063
1.23816
1.17015
1.16063
1.21558
1.29367
1.38101
1.46022
1.53409
1.59126
1.63328
1.66058
1.68373
1.6931
1.6938
1.69398
1.68795
1.67845
1.66666
1.64343
1.61456
1.57331
1.51608
1.43145
1.36437
1.29115
1.26802
1.26792
1.26609
1.26186
1.25487
1.24913
1.24962
1.25044
1.25152
1.25368
1.25744
1.26169
1.26659
1.27169
1.27717
1.28313
1.28969
1.29663
1.30398
1.3115
1.3192
1.32672
1.33387
1.34108
1.34859
1.35612
1.3636
1.37074
1.3776
1.38423
1.39081
1.39751
1.4044
1.41155
1.41895
1.4263
1.4337
1.44117
1.44871
1.45631
1.46399
1.47182
1.47987
1.4882
1.49706
1.50681
1.51849
1.53094
1.07086
1.12576
1.18466
1.24212
1.2891
1.33393
1.36683
1.40122
1.43798
1.4781
1.52389
1.56199
1.59886
1.62252
1.63349
1.64499
1.65193
1.66067
1.673
1.68492
1.69189
1.68297
1.66706
1.64475
1.61481
1.56214
1.47715
1.33866
1.19863
1.22625
1.27003
1.32592
1.39386
1.45516
1.51499
1.56027
1.59766
1.62486
1.65145
1.67187
1.69373
1.70313
1.70489
1.704
1.70197
1.69381
1.68542
1.66386
1.62934
1.58012
1.51033
1.4152
1.34155
1.26465
1.27302
1.27907
1.27715
1.27243
1.26621
1.26538
1.26768
1.27115
1.27457
1.27802
1.28185
1.28569
1.29077
1.29681
1.30388
1.31101
1.31831
1.32602
1.33322
1.33995
1.34662
1.35346
1.36062
1.36785
1.37525
1.38233
1.38897
1.39547
1.40204
1.40874
1.41561
1.42272
1.42995
1.43731
1.44471
1.45213
1.45961
1.46716
1.47483
1.48267
1.49073
1.49908
1.50793
1.51764
1.52925
1.54172
1.08585
1.13304
1.1843
1.23464
1.27868
1.32216
1.35363
1.38802
1.42138
1.45919
1.50075
1.54361
1.58065
1.61443
1.63827
1.65343
1.66509
1.67832
1.6947
1.71111
1.7265
1.73936
1.72747
1.71066
1.67866
1.61263
1.50528
1.3594
1.21473
1.23409
1.26883
1.32191
1.37483
1.43186
1.47861
1.52222
1.5568
1.58724
1.61659
1.6408
1.66323
1.67905
1.69638
1.71597
1.72242
1.7215
1.72341
1.71667
1.7053
1.6803
1.63665
1.57591
1.48318
1.39587
1.3042
1.28792
1.29629
1.30224
1.30077
1.2983
1.29626
1.29551
1.2976
1.29976
1.3027
1.30616
1.31074
1.31645
1.32321
1.32983
1.33667
1.34302
1.34918
1.35538
1.36189
1.36886
1.37569
1.38261
1.3893
1.39596
1.40259
1.4092
1.41581
1.42243
1.4291
1.43585
1.44272
1.4497
1.45679
1.46398
1.47131
1.47879
1.48647
1.49437
1.5025
1.51089
1.51974
1.52943
1.54102
1.55354
1.10483
1.14667
1.19042
1.23671
1.2796
1.31323
1.3464
1.37689
1.4073
1.44177
1.47996
1.5202
1.5609
1.59497
1.62695
1.64727
1.66247
1.67881
1.69661
1.71706
1.7372
1.75954
1.75002
1.73082
1.68424
1.58886
1.41961
1.26918
1.19824
1.22342
1.26038
1.30214
1.34655
1.39102
1.43452
1.47423
1.5082
1.53991
1.5681
1.5944
1.61987
1.64536
1.67328
1.69634
1.71222
1.73108
1.74395
1.74251
1.74269
1.73518
1.72161
1.69257
1.64332
1.5718
1.46732
1.38868
1.30356
1.31307
1.32383
1.33197
1.32912
1.32571
1.32238
1.3241
1.32659
1.33038
1.33459
1.33922
1.34434
1.35
1.35591
1.36205
1.36837
1.37426
1.38024
1.38646
1.39292
1.39951
1.40615
1.41247
1.41868
1.42494
1.43127
1.43769
1.4442
1.45084
1.45768
1.46465
1.47175
1.47899
1.48641
1.49405
1.50193
1.50996
1.5182
1.52662
1.53546
1.54509
1.55657
1.56906
1.12599
1.16314
1.20184
1.24354
1.28212
1.31508
1.34693
1.37216
1.39994
1.43079
1.465
1.50068
1.54167
1.57711
1.60646
1.63451
1.64962
1.66577
1.68412
1.70925
1.73058
1.75061
1.73925
1.70638
1.63058
1.4891
1.33419
1.18258
1.19486
1.214
1.24159
1.274
1.31074
1.34998
1.38921
1.42714
1.46223
1.49594
1.52598
1.55434
1.58442
1.61352
1.64391
1.66493
1.68723
1.70988
1.72688
1.74522
1.7603
1.76391
1.76973
1.76139
1.74536
1.71002
1.65263
1.56576
1.46149
1.36308
1.33722
1.35162
1.36457
1.36249
1.3599
1.3561
1.3577
1.36037
1.36432
1.36875
1.37282
1.37775
1.38208
1.38712
1.39235
1.39835
1.40413
1.40981
1.41572
1.42142
1.42674
1.43233
1.43812
1.44392
1.44976
1.45581
1.46208
1.46857
1.47527
1.48215
1.48913
1.49626
1.50357
1.5111
1.51887
1.52677
1.53488
1.54319
1.55192
1.5615
1.57316
1.5857
1.14941
1.18221
1.21682
1.25392
1.28901
1.32072
1.3516
1.3738
1.39847
1.42571
1.4564
1.48934
1.52368
1.56134
1.5914
1.62078
1.63927
1.65664
1.6728
1.69515
1.71789
1.72367
1.70256
1.64175
1.52713
1.35727
1.20588
1.17145
1.18167
1.19784
1.22018
1.24801
1.27961
1.31413
1.35036
1.38686
1.42267
1.45767
1.48907
1.52067
1.55161
1.58406
1.60918
1.63462
1.65987
1.68175
1.70467
1.72997
1.75144
1.77245
1.79541
1.7966
1.80243
1.79359
1.77295
1.72789
1.65704
1.54651
1.46427
1.36968
1.37727
1.38798
1.39923
1.3982
1.39607
1.39629
1.39848
1.40104
1.40489
1.40984
1.41302
1.41655
1.42067
1.42595
1.43098
1.43608
1.44063
1.44501
1.44982
1.45525
1.46114
1.46704
1.47302
1.47891
1.48494
1.49121
1.49776
1.50456
1.51152
1.51865
1.52595
1.53344
1.54113
1.54891
1.5569
1.56505
1.57356
1.58289
1.59439
1.60663
1.17542
1.20352
1.23421
1.26791
1.29995
1.3287
1.3582
1.37877
1.40087
1.4254
1.45239
1.48222
1.51276
1.54634
1.57862
1.60839
1.63008
1.64635
1.66608
1.68395
1.69717
1.68385
1.63842
1.5403
1.37494
1.22558
1.15855
1.16493
1.17478
1.18892
1.20706
1.22959
1.25622
1.28672
1.32015
1.3556
1.39109
1.42654
1.45989
1.49296
1.52592
1.55339
1.5819
1.61059
1.6354
1.66061
1.68754
1.71396
1.74108
1.76934
1.79323
1.81186
1.83097
1.83429
1.83954
1.82294
1.79148
1.74008
1.66176
1.55133
1.45582
1.40055
1.41391
1.42576
1.43696
1.43642
1.43413
1.4334
1.43506
1.43771
1.44341
1.44901
1.45195
1.45507
1.4578
1.46128
1.46546
1.47014
1.47512
1.48018
1.48563
1.49159
1.49753
1.50334
1.50939
1.51573
1.52229
1.529
1.53588
1.54291
1.55011
1.55758
1.5652
1.57303
1.58104
1.58898
1.59731
1.60653
1.61817
1.63028
1.20109
1.2249
1.25243
1.28351
1.31331
1.34036
1.36819
1.38654
1.40638
1.42874
1.45381
1.48034
1.50739
1.53594
1.56799
1.59844
1.62003
1.64129
1.65863
1.67312
1.66129
1.62396
1.54031
1.38417
1.25284
1.1519
1.15714
1.1643
1.1735
1.1854
1.20073
1.22024
1.24397
1.27135
1.30173
1.33472
1.36857
1.40331
1.43749
1.47149
1.5006
1.531
1.56127
1.59066
1.61897
1.64714
1.67509
1.70345
1.73239
1.76019
1.78365
1.80863
1.83045
1.84935
1.86808
1.87099
1.86877
1.85736
1.81686
1.75284
1.64427
1.54951
1.4398
1.44331
1.45555
1.46738
1.47963
1.47593
1.47358
1.47363
1.47421
1.47711
1.48017
1.48311
1.4863
1.48992
1.49391
1.49852
1.50382
1.50895
1.51399
1.51897
1.52421
1.52965
1.53551
1.54188
1.54849
1.55526
1.562
1.56886
1.57593
1.58331
1.591
1.59894
1.60709
1.61495
1.62307
1.63204
1.64348
1.65526
1.2292
1.24849
1.27228
1.29901
1.32847
1.35485
1.3812
1.39805
1.41448
1.43453
1.4576
1.48258
1.50561
1.53198
1.55866
1.58605
1.61503
1.63754
1.65569
1.64462
1.61156
1.5362
1.38661
1.27075
1.15136
1.15765
1.16422
1.17129
1.18002
1.19075
1.20424
1.22099
1.24135
1.26545
1.29282
1.32279
1.35455
1.38799
1.42161
1.45298
1.4844
1.51577
1.54768
1.57928
1.61174
1.63925
1.66815
1.69736
1.72607
1.75248
1.77824
1.80171
1.82633
1.85233
1.8765
1.89347
1.90793
1.91495
1.911
1.87934
1.82932
1.75479
1.6422
1.56084
1.47198
1.48179
1.49844
1.50877
1.51627
1.51244
1.50894
1.50874
1.50966
1.51353
1.51773
1.52264
1.52613
1.52987
1.53397
1.53911
1.54415
1.54921
1.55376
1.55839
1.56347
1.56921
1.57567
1.5822
1.58904
1.59606
1.60315
1.61045
1.61786
1.62544
1.63322
1.64086
1.64873
1.65753
1.66889
1.68067
1.24914
1.26701
1.28985
1.31393
1.34413
1.36987
1.39599
1.41519
1.42655
1.44289
1.46307
1.4873
1.50777
1.52987
1.55221
1.58191
1.6097
1.63782
1.62972
1.60143
1.53238
1.39397
1.26793
1.14582
1.15098
1.15924
1.16861
1.17851
1.18902
1.2005
1.21345
1.22865
1.24657
1.26779
1.29183
1.31894
1.3487
1.3794
1.41087
1.44276
1.47551
1.50818
1.54075
1.57347
1.60392
1.633
1.66301
1.69207
1.72096
1.74821
1.77495
1.79967
1.82403
1.84866
1.87443
1.89993
1.92349
1.9504
1.94988
1.94744
1.93327
1.90491
1.84667
1.76274
1.65054
1.54911
1.51283
1.52135
1.53419
1.55093
1.54823
1.54536
1.54348
1.54433
1.54583
1.55091
1.55576
1.5609
1.56495
1.56898
1.57281
1.57692
1.58131
1.58572
1.59089
1.59674
1.60319
1.61007
1.61717
1.6245
1.6314
1.63831
1.64526
1.65216
1.65923
1.66654
1.6743
1.68305
1.69453
1.70669
1.28099
1.29232
1.31026
1.33166
1.3561
1.38371
1.40828
1.4361
1.44283
1.45441
1.47172
1.49349
1.51263
1.53071
1.5529
1.58183
1.60541
1.6207
1.59471
1.53122
1.40807
1.27105
1.14058
1.14471
1.15185
1.16213
1.17386
1.18613
1.1985
1.21123
1.22449
1.23889
1.25509
1.27373
1.29524
1.3197
1.34666
1.37568
1.40647
1.43899
1.47148
1.50426
1.53699
1.56917
1.59787
1.62812
1.65829
1.68781
1.71753
1.74689
1.77177
1.79607
1.82075
1.84491
1.86926
1.89388
1.92179
1.94741
1.9672
1.9855
1.98605
1.98693
1.96509
1.91887
1.84976
1.7352
1.64622
1.54117
1.54962
1.55912
1.57044
1.58453
1.58113
1.57803
1.57739
1.57747
1.58168
1.58753
1.59338
1.5966
1.59937
1.6024
1.60628
1.61099
1.61687
1.62356
1.63049
1.63786
1.645
1.65244
1.65946
1.6659
1.67253
1.67923
1.68608
1.69322
1.70089
1.70965
1.72122
1.7336
1.32166
1.30966
1.32644
1.34809
1.36945
1.39701
1.42213
1.4479
1.46474
1.47021
1.48349
1.50154
1.52381
1.53786
1.56012
1.57983
1.59949
1.58171
1.52883
1.42509
1.27673
1.1323
1.13521
1.14273
1.15505
1.1683
1.18261
1.19684
1.21174
1.22624
1.24054
1.25505
1.27046
1.2874
1.30672
1.32844
1.35326
1.38055
1.41055
1.44164
1.47328
1.50494
1.53665
1.56747
1.59881
1.62938
1.65935
1.68874
1.71774
1.74535
1.772
1.79635
1.821
1.84408
1.86821
1.89373
1.91946
1.94427
1.96899
1.99291
2.00973
2.02261
2.02735
2.00826
1.97677
1.92784
1.85346
1.7395
1.657
1.57151
1.57717
1.59507
1.60544
1.61636
1.61386
1.6131
1.61311
1.61487
1.61948
1.62378
1.62791
1.63143
1.63542
1.64021
1.64542
1.65194
1.65892
1.66648
1.67354
1.67981
1.68625
1.69244
1.699
1.70571
1.71268
1.72002
1.72792
1.73681
1.74845
1.76094
1.38216
1.34572
1.34696
1.36233
1.3821
1.40685
1.43388
1.4572
1.48289
1.48845
1.49834
1.51479
1.53705
1.55167
1.56938
1.58408
1.56845
1.52167
1.42762
1.28138
1.13294
1.12411
1.13429
1.14999
1.1645
1.17872
1.19365
1.20968
1.22712
1.24409
1.25986
1.27541
1.2913
1.30808
1.32637
1.34666
1.36916
1.39396
1.42083
1.44939
1.47945
1.50994
1.54094
1.57198
1.60158
1.6311
1.66037
1.68886
1.71713
1.74372
1.77
1.79403
1.81814
1.84134
1.86492
1.88919
1.91494
1.93956
1.96482
1.99069
2.01417
2.03648
2.04859
2.04822
2.04498
2.03486
1.99897
1.93798
1.84503
1.73313
1.62034
1.60642
1.61015
1.62633
1.64102
1.64909
1.64797
1.64744
1.64771
1.64989
1.65363
1.65832
1.66324
1.66833
1.67379
1.6798
1.68667
1.69324
1.70018
1.70688
1.71322
1.71961
1.72614
1.7331
1.74047
1.7481
1.75633
1.76526
1.77657
1.78845
1.52193
1.41981
1.38621
1.39258
1.40766
1.42495
1.44966
1.4718
1.49641
1.50528
1.51453
1.53081
1.5509
1.56821
1.58022
1.56287
1.51769
1.4294
1.28594
1.14483
1.11057
1.12931
1.14818
1.16667
1.17981
1.19417
1.21016
1.22788
1.24707
1.26564
1.28291
1.29908
1.31537
1.33209
1.34967
1.36853
1.38897
1.41133
1.43553
1.46162
1.48923
1.51796
1.54715
1.57658
1.60597
1.63532
1.66425
1.69289
1.72028
1.74711
1.77228
1.79737
1.82037
1.84385
1.86715
1.89118
1.91602
1.94114
1.9673
1.98845
2.00965
2.03315
2.0549
2.068
2.08152
2.08208
2.07725
2.0518
2.00546
1.93365
1.81522
1.72868
1.63215
1.64033
1.65334
1.66456
1.67826
1.68292
1.68208
1.68189
1.68299
1.68505
1.69097
1.69678
1.7021
1.70731
1.71316
1.7192
1.7259
1.73319
1.74057
1.7477
1.75442
1.76138
1.76877
1.77638
1.78443
1.79319
1.80425
1.81582
1.85272
1.45419
1.43051
1.412
1.42658
1.44068
1.45972
1.48334
1.50607
1.5244
1.5303
1.54529
1.5594
1.58138
1.56252
1.51797
1.43057
1.28598
1.14635
1.10373
1.12545
1.14836
1.17135
1.1838
1.19804
1.21402
1.23191
1.25083
1.27055
1.28998
1.30833
1.32469
1.34104
1.35759
1.37462
1.39247
1.41153
1.432
1.45403
1.4776
1.50266
1.52893
1.55611
1.58383
1.61183
1.6399
1.66792
1.69585
1.72281
1.74897
1.77373
1.79816
1.82183
1.84532
1.86833
1.89183
1.91542
1.93995
1.96376
1.98629
2.00678
2.0273
2.04585
2.06735
2.08571
2.1091
2.11047
2.11025
2.09368
2.06497
2.01142
1.9289
1.81105
1.7062
1.66308
1.66968
1.68933
1.70221
1.71557
1.71475
1.71399
1.71449
1.7172
1.72233
1.72846
1.73426
1.74025
1.74667
1.753
1.76041
1.76869
1.77753
1.78473
1.79089
1.79724
1.80434
1.81201
1.82039
1.83119
1.84237
2.13527
1.67339
1.48212
1.44806
1.4487
1.45655
1.4694
1.49153
1.51203
1.53955
1.55443
1.56316
1.57179
1.56042
1.52011
1.43499
1.28879
1.14757
1.09274
1.11731
1.14455
1.17294
1.1867
1.20137
1.21709
1.23399
1.25244
1.27153
1.29147
1.31152
1.33065
1.34822
1.3647
1.38133
1.39825
1.4157
1.43381
1.45286
1.47302
1.49436
1.51695
1.54071
1.56553
1.59125
1.61765
1.64451
1.67144
1.69857
1.72512
1.75045
1.7751
1.79855
1.82237
1.84609
1.86973
1.89366
1.91706
1.93997
1.9622
1.98324
2.00447
2.02402
2.04388
2.06299
2.08499
2.10536
2.12217
2.13612
2.13775
2.13861
2.11291
2.06874
2.00387
1.88923
1.805
1.70607
1.71049
1.71309
1.72712
1.73746
1.74901
1.74851
1.74803
1.7481
1.75239
1.75872
1.76588
1.7736
1.7811
1.78917
1.79681
1.80444
1.81052
1.81668
1.82265
1.83009
1.83808
1.8471
1.85794
1.86861
2.36626
2.04631
1.59733
1.49612
1.47052
1.47709
1.48777
1.50263
1.52146
1.54411
1.56422
1.58199
1.56265
1.51813
1.43343
1.2865
1.15077
1.08173
1.10626
1.13665
1.16685
1.18387
1.20087
1.21778
1.23531
1.25379
1.27252
1.29203
1.31189
1.33182
1.35145
1.36958
1.38684
1.40358
1.42056
1.43789
1.45564
1.47389
1.49275
1.51243
1.53303
1.55468
1.57738
1.60109
1.62565
1.65088
1.67644
1.70233
1.7279
1.75225
1.7766
1.79916
1.82142
1.84437
1.86839
1.89262
1.91635
1.94041
1.96065
1.98165
2.00192
2.02219
2.043
2.06151
2.08064
2.09929
2.12088
2.13902
2.15832
2.16245
2.1593
2.14916
2.1305
2.07978
2.00589
1.89081
1.80966
1.7289
1.7368
1.75027
1.7628
1.77863
1.78498
1.78474
1.78491
1.78758
1.79146
1.80092
1.81038
1.8204
1.82827
1.83228
1.83643
1.84125
1.8476
1.85628
1.86468
1.87359
1.88371
1.89383
2.84188
2.28407
1.9224
1.54335
1.50665
1.48856
1.50406
1.51859
1.53837
1.55636
1.5746
1.56018
1.51735
1.42953
1.27866
1.14225
1.07283
1.0977
1.12989
1.16073
1.17841
1.19593
1.21422
1.23343
1.253
1.27242
1.29183
1.31134
1.3311
1.351
1.37054
1.38958
1.40746
1.42518
1.44245
1.45996
1.47772
1.49555
1.5137
1.53221
1.5513
1.57108
1.59175
1.61332
1.63587
1.65917
1.6832
1.70735
1.73147
1.75541
1.7788
1.80161
1.82464
1.84777
1.87157
1.89492
1.91855
1.94199
1.96436
1.98742
2.00526
2.02359
2.04186
2.06037
2.08012
2.09967
2.11999
2.13836
2.15911
2.17848
2.19231
2.19639
2.19791
2.17866
2.14762
2.09177
1.99976
1.89268
1.78529
1.78198
1.78122
1.80007
1.81109
1.8232
1.82315
1.82337
1.82531
1.82996
1.84058
1.85043
1.85627
1.85832
1.86139
1.86508
1.87195
1.88131
1.89082
1.9013
1.91152
1.92135
2.83215
2.72068
2.19147
1.75696
1.55787
1.52698
1.52252
1.53672
1.55782
1.57478
1.55881
1.51202
1.42049
1.26618
1.12114
1.05997
1.08614
1.12066
1.15355
1.17244
1.18926
1.20786
1.22855
1.25007
1.27158
1.29171
1.31136
1.33045
1.34954
1.36891
1.38852
1.40802
1.42711
1.44576
1.46382
1.48176
1.49954
1.51733
1.53496
1.5526
1.57046
1.58879
1.60771
1.62743
1.64796
1.6693
1.69117
1.71351
1.7359
1.75852
1.78137
1.80422
1.82724
1.85026
1.87367
1.89662
1.9202
1.94332
1.96568
1.98673
2.00558
2.02359
2.04199
2.06139
2.08209
2.10242
2.12337
2.14079
2.1591
2.17712
2.19717
2.21643
2.22776
2.23211
2.23425
2.21505
2.16232
2.10088
1.99154
1.91434
1.82307
1.82541
1.82408
1.83881
1.85014
1.86277
1.86522
1.86845
1.87448
1.88278
1.88631
1.88837
1.89068
1.89369
1.89826
1.90902
1.91899
1.92775
1.93778
1.9462
2.95138
2.79817
2.43984
2.12456
1.69466
1.57767
1.54869
1.56311
1.58037
1.56741
1.51709
1.41518
1.25423
1.09518
1.05302
1.07785
1.1128
1.14444
1.16842
1.18409
1.20162
1.22119
1.24335
1.26521
1.2871
1.30793
1.32808
1.34774
1.36694
1.38646
1.40643
1.42633
1.44609
1.46538
1.48378
1.5021
1.52021
1.53797
1.55521
1.57186
1.58873
1.60593
1.62358
1.64181
1.66076
1.6804
1.70057
1.72122
1.74223
1.76358
1.78526
1.80724
1.82983
1.85246
1.87563
1.89857
1.92202
1.94564
1.96818
1.99028
2.00965
2.02903
2.04876
2.06894
2.09045
2.11243
2.13418
2.15255
2.17044
2.18681
2.20189
2.21922
2.23543
2.24887
2.26441
2.25599
2.24248
2.217
2.16407
2.0753
1.97169
1.88272
1.84317
1.84876
1.85627
1.87236
1.89058
1.89968
1.90668
1.91436
1.91925
1.92232
1.92464
1.9269
1.92865
1.94068
1.95131
1.95907
1.96548
1.97038
3.00137
2.92212
2.78943
2.36219
2.03732
1.65293
1.58151
1.58091
1.5674
1.51495
1.40287
1.23255
1.06744
1.04927
1.07175
1.10683
1.13743
1.16159
1.178
1.19561
1.21394
1.23431
1.25536
1.27689
1.29875
1.32041
1.34153
1.36193
1.3818
1.4017
1.42186
1.44202
1.46216
1.48211
1.50113
1.51988
1.53878
1.55672
1.57451
1.59082
1.60704
1.62355
1.64045
1.65786
1.67584
1.69424
1.71311
1.73244
1.75228
1.77269
1.79372
1.81554
1.83815
1.8613
1.88473
1.90816
1.93218
1.95698
1.98049
2.0031
2.02367
2.04274
2.06189
2.08097
2.10058
2.11879
2.13632
2.15048
2.16396
2.17592
2.1879
2.19938
2.21183
2.22348
2.23667
2.24626
2.25776
2.24681
2.23116
2.19511
2.12716
2.01766
1.93793
1.84633
1.85504
1.86128
1.8855
1.90504
1.91846
1.92746
1.93337
1.93846
1.94377
1.94926
1.95406
1.96691
1.97762
1.98633
1.99463
1.9988
3.0071
3.00803
2.86178
2.79577
2.30587
1.94232
1.64953
1.60432
1.52421
1.39143
1.20099
1.01267
1.02707
1.06027
1.0982
1.13618
1.15095
1.16515
1.18151
1.20076
1.22293
1.24491
1.26717
1.28866
1.31044
1.3321
1.3533
1.37411
1.39447
1.4146
1.435
1.45561
1.47607
1.49655
1.51634
1.5358
1.55552
1.57431
1.59273
1.60916
1.6257
1.64261
1.66011
1.67809
1.69629
1.71473
1.7334
1.75258
1.77237
1.79285
1.81405
1.83597
1.85863
1.88173
1.90463
1.92724
1.94955
1.97192
1.99239
2.01214
2.02786
2.04238
2.05628
2.07031
2.08347
2.09659
2.109
2.12068
2.13253
2.14389
2.15579
2.16748
2.17994
2.19224
2.20492
2.22039
2.23464
2.25277
2.25377
2.2484
2.21026
2.15315
2.05708
1.97957
1.88775
1.85499
1.86523
1.88044
1.90003
1.91902
1.93422
1.94368
1.95243
1.96164
1.9697
1.98336
1.99613
2.00656
2.01691
2.02167
3.01167
3.0096
2.97066
2.87135
2.67181
2.21161
1.85971
1.63859
1.42143
1.1907
0.964054
0.98826
1.0341
1.08061
1.12317
1.14091
1.15466
1.16938
1.18681
1.20671
1.22808
1.25003
1.27221
1.29448
1.31698
1.33934
1.36144
1.38375
1.40547
1.42715
1.44903
1.47113
1.49317
1.5151
1.53687
1.55855
1.58068
1.60239
1.62323
1.64232
1.66075
1.67943
1.69864
1.7176
1.73675
1.75446
1.77203
1.78923
1.80618
1.82293
1.83965
1.85643
1.87361
1.89029
1.90692
1.92281
1.93792
1.95376
1.96912
1.98493
1.99826
2.01022
2.02269
2.035
2.04802
2.0609
2.07432
2.08802
2.10188
2.11458
2.12774
2.14089
2.15391
2.16751
2.1823
2.19736
2.21479
2.22946
2.25072
2.24476
2.23402
2.21632
2.16586
2.10711
2.00735
1.93417
1.85407
1.86363
1.87406
1.89575
1.91578
1.92768
1.93868
1.95118
1.96549
1.98265
2.0046
2.02558
2.03029
2.03267
3.01244
3.0117
3.00763
2.9545
2.85516
2.59504
2.12627
1.72508
1.34509
1.00736
1.02964
1.07689
1.11982
1.14096
1.16058
1.1673
1.17676
1.18954
1.2061
1.22632
1.2474
1.26996
1.29313
1.31683
1.34098
1.36544
1.39
1.41408
1.43829
1.46278
1.48744
1.51229
1.53656
1.56003
1.58267
1.60424
1.62563
1.64536
1.6641
1.68031
1.69473
1.70935
1.72372
1.7381
1.75065
1.76218
1.77388
1.78589
1.79803
1.81052
1.8233
1.83644
1.84989
1.86362
1.87761
1.89198
1.90646
1.9214
1.93637
1.95187
1.96531
1.97888
1.99123
2.00393
2.01726
2.03134
2.04532
2.05987
2.07234
2.08372
2.09541
2.10677
2.11754
2.12839
2.14051
2.15321
2.16469
2.17645
2.18917
2.19782
2.20219
2.19135
2.16753
2.13181
2.08054
1.98433
1.9236
1.85908
1.84317
1.85708
1.87825
1.89608
1.91384
1.92912
1.94454
1.96496
1.9854
1.99735
1.99942
1.99656
3.01256
3.01251
3.00941
3.00133
2.88242
2.7455
2.11479
1.44002
0.957917
0.99672
1.06343
1.13831
1.2052
1.21687
1.22506
1.23263
1.24201
1.25338
1.26774
1.2862
1.30663
1.32896
1.35197
1.37446
1.39716
1.41799
1.43851
1.45884
1.4779
1.49602
1.51382
1.53168
1.54967
1.56756
1.58487
1.60229
1.61946
1.63594
1.65211
1.66629
1.6794
1.69266
1.70588
1.71916
1.73081
1.74089
1.75132
1.7621
1.77321
1.78458
1.79626
1.80824
1.82057
1.83326
1.84626
1.85943
1.87239
1.88589
1.89753
1.90958
1.92163
1.93412
1.94418
1.95349
1.96294
1.97263
1.98272
1.99118
1.99839
2.00571
2.01326
2.02101
2.0292
2.03807
2.04839
2.05912
2.07034
2.08225
2.09316
2.10493
2.1146
2.12309
2.1146
2.09651
2.07108
2.0258
1.95296
1.89291
1.83509
1.79824
1.8139
1.83471
1.85981
1.88475
1.91235
1.93658
1.95527
1.95517
1.94975
1.92677
3.01261
3.01236
3.01029
2.99234
2.88058
2.52266
1.64294
0.733743
0.558168
0.686823
0.841688
0.945379
1.02391
1.06543
1.09905
1.12766
1.15482
1.17985
1.20361
1.2271
1.25147
1.27612
1.30018
1.32411
1.34733
1.3709
1.39287
1.41381
1.43422
1.45427
1.47419
1.49361
1.51271
1.5315
1.5496
1.56763
1.58544
1.60267
1.61912
1.63432
1.64795
1.66185
1.67565
1.68866
1.70011
1.7084
1.71616
1.72397
1.73174
1.73931
1.74686
1.75435
1.76167
1.76896
1.77646
1.7832
1.78983
1.79705
1.80417
1.81167
1.81954
1.8265
1.83334
1.84073
1.84888
1.85777
1.86724
1.87702
1.88702
1.89732
1.90759
1.91821
1.92939
1.94143
1.95479
1.96948
1.9838
1.99917
2.0113
2.02438
2.03774
2.05441
2.06801
2.06736
2.0655
2.03553
2.00701
1.92896
1.85866
1.80396
1.75812
1.77217
1.7919
1.82191
1.85212
1.87832
1.88789
1.88474
1.85633
1.79974
3.01262
3.01244
3.01081
2.99643
2.9014
2.56005
1.66264
0.671767
0.343941
0.446577
0.53208
0.61359
0.697161
0.773351
0.842937
0.904848
0.956959
1.00306
1.04259
1.0791
1.1156
1.14834
1.18022
1.20944
1.23686
1.26259
1.2862
1.30986
1.33073
1.35011
1.36818
1.38531
1.40184
1.41787
1.43358
1.44909
1.46484
1.48006
1.49477
1.50799
1.52062
1.53357
1.54635
1.55834
1.56805
1.57614
1.58303
1.58948
1.59559
1.60153
1.60759
1.61389
1.6205
1.62758
1.63525
1.6435
1.65239
1.662
1.67223
1.68321
1.69466
1.70669
1.7192
1.73215
1.74552
1.75951
1.77431
1.7893
1.80432
1.8195
1.83412
1.84889
1.86406
1.88
1.89729
1.91485
1.93255
1.9506
1.96513
1.98021
1.99583
2.01426
2.03204
2.05028
2.05028
2.05053
2.02028
2.00297
1.93535
1.84711
1.77896
1.72498
1.73604
1.75482
1.77351
1.78919
1.79051
1.76946
1.69608
1.60857
3.01264
3.01237
3.01105
2.99262
2.89568
2.49899
1.50987
0.469808
0.338395
0.414113
0.459867
0.494727
0.533381
0.575153
0.617435
0.659855
0.702487
0.745986
0.789104
0.831256
0.872621
0.91229
0.949277
0.985177
1.01873
1.05027
1.07957
1.10594
1.1316
1.15517
1.17757
1.1988
1.2192
1.23895
1.25842
1.2778
1.29707
1.31626
1.33513
1.35303
1.37053
1.38823
1.40558
1.42191
1.43624
1.44861
1.46004
1.47086
1.48134
1.49191
1.50263
1.51362
1.52493
1.53655
1.54856
1.5609
1.57365
1.58691
1.60059
1.61489
1.62974
1.64517
1.66105
1.67722
1.69381
1.71085
1.72825
1.74585
1.76352
1.78071
1.79811
1.8147
1.83179
1.84941
1.86819
1.88713
1.906
1.92361
1.9395
1.95531
1.97152
1.98836
2.00652
2.02661
2.04279
2.05442
2.05194
2.03861
1.99535
1.93822
1.85497
1.77014
1.72566
1.72323
1.71953
1.69468
1.66471
1.592
1.50647
1.41427
3.01263
3.01242
3.01073
2.99485
2.89555
2.53226
1.56754
0.558083
0.361452
0.438559
0.468176
0.486793
0.511403
0.541536
0.573099
0.605011
0.637027
0.669151
0.701436
0.73399
0.767122
0.800856
0.834614
0.867769
0.900364
0.93202
0.962977
0.993383
1.02255
1.05059
1.07721
1.10259
1.12669
1.14975
1.17181
1.19319
1.21436
1.23531
1.25625
1.27662
1.29677
1.31694
1.33669
1.35585
1.37308
1.38927
1.40397
1.41842
1.43201
1.44556
1.45892
1.47217
1.48546
1.49878
1.51236
1.52607
1.54013
1.55461
1.56954
1.585
1.60098
1.6175
1.6345
1.65192
1.66964
1.68772
1.70612
1.7247
1.74329
1.76197
1.77972
1.79761
1.81542
1.83375
1.85336
1.87275
1.89257
1.90933
1.92663
1.94271
1.95941
1.97674
1.99488
2.01347
2.03553
2.05571
2.06658
2.06391
2.04439
2.01623
1.95752
1.86187
1.78714
1.71918
1.66891
1.61008
1.51641
1.426
1.3293
1.32989
3.01264
3.01238
3.01109
2.99287
2.89755
2.5051
1.51835
0.4864
0.368643
0.434919
0.46305
0.481415
0.505357
0.533802
0.562908
0.59216
0.622005
0.65257
0.683597
0.714954
0.746773
0.779017
0.811065
0.842913
0.874716
0.90608
0.936997
0.967589
0.997764
1.02707
1.05518
1.08163
1.10678
1.13038
1.15305
1.17485
1.1964
1.21763
1.23875
1.25941
1.27998
1.30073
1.32112
1.34094
1.35937
1.3763
1.39193
1.40675
1.42086
1.43468
1.4482
1.46176
1.47525
1.48878
1.50249
1.5164
1.53061
1.54522
1.56024
1.57578
1.59186
1.60853
1.62574
1.64344
1.66157
1.68002
1.69876
1.71776
1.73671
1.75556
1.77411
1.79235
1.81068
1.82953
1.84957
1.86909
1.88882
1.90605
1.92358
1.93953
1.95612
1.97389
1.99196
2.01052
2.02864
2.05033
2.06777
2.08929
2.08547
2.05794
2.03808
1.96018
1.86603
1.75485
1.65284
1.53218
1.43558
1.33162
1.33544
1.33975
3.01263
3.01241
3.01085
2.99411
2.89428
2.51591
1.52997
0.51805
0.377895
0.444809
0.470625
0.486921
0.509537
0.537322
0.566115
0.594962
0.623929
0.653195
0.682888
0.713244
0.744522
0.77638
0.808128
0.839919
0.871774
0.903295
0.934415
0.965211
0.995586
1.02495
1.05288
1.07926
1.10405
1.12757
1.15014
1.17208
1.19386
1.21529
1.23659
1.2573
1.27792
1.2986
1.31894
1.33878
1.35718
1.37439
1.39003
1.40502
1.41907
1.43297
1.44645
1.45995
1.47331
1.48669
1.50022
1.51399
1.52808
1.54259
1.55757
1.5731
1.5892
1.60591
1.62318
1.64099
1.65924
1.67782
1.69669
1.71577
1.7349
1.75376
1.77265
1.79093
1.80939
1.82833
1.84839
1.86788
1.88746
1.90533
1.92171
1.93798
1.95499
1.97264
1.99155
2.00997
2.02914
2.0458
2.06864
2.09349
2.09635
2.09079
2.05589
1.99821
1.89856
1.76183
1.57712
1.448
1.32643
1.3315
1.33769
1.34307
)
;

boundaryField
{
    inlet
    {
        type            calculated;
        value           uniform 3.01265;
    }
    outlet
    {
        type            calculated;
        value           nonuniform List<scalar> 
40
(
0.966571
1.16502
1.29444
1.38541
1.44409
1.4785
1.49732
1.50892
1.52004
1.53094
1.54172
1.55354
1.56906
1.5857
1.60663
1.63028
1.65526
1.68067
1.70669
1.7336
1.76094
1.78845
1.81582
1.84237
1.86861
1.89383
1.92135
1.9462
1.97038
1.9988
2.02167
2.03267
1.99656
1.92677
1.79974
1.60857
1.41427
1.32989
1.33975
1.34307
)
;
    }
    bottom
    {
        type            symmetryPlane;
    }
    top
    {
        type            symmetryPlane;
    }
    obstacle
    {
        type            calculated;
        value           nonuniform List<scalar> 
110
(
0.0245291
0.0640196
0.105837
0.148163
0.193796
0.243514
0.300222
0.373269
0.462718
0.64285
0.839539
0.362437
0.359905
0.267029
0.35978
0.284547
0.42002
0.58734
0.708536
0.761475
0.774532
0.773264
0.772695
0.79334
0.834045
0.879705
0.910966
0.925646
0.929783
0.930046
0.929957
0.935205
0.94181
0.948915
0.955549
0.959697
0.961683
0.961272
0.957278
0.954562
0.938747
0.920756
0.891223
0.848342
0.802537
0.758465
0.704155
0.648363
0.593632
0.536894
0.476225
0.412284
0.352768
0.292668
0.241658
0.201236
0.142745
0.0877889
0.0400645
0.0181769
0.0622172
0.107289
0.149036
0.189426
0.227373
0.263431
0.297331
0.32865
0.357831
0.385438
0.411741
0.436662
0.460333
0.482874
0.504255
0.524748
0.544229
0.562951
0.580751
0.597978
0.614502
0.630665
0.64633
0.661742
0.676702
0.691355
0.705242
0.718757
0.731568
0.744127
0.756133
0.767965
0.779395
0.7907
0.801775
0.812763
0.82368
0.834549
0.845401
0.856229
0.867064
0.877881
0.888727
0.899575
0.910543
0.921594
0.933038
0.945598
0.956081
0.966571
)
;
    }
    defaultFaces
    {
        type            empty;
    }
}


// ************************************************************************* //
