/*--------------------------------*- C++ -*----------------------------------*\
| =========                 |                                                 |
| \\      /  F ield         | OpenFOAM: The Open Source CFD Toolbox           |
|  \\    /   O peration     | Version:  v2106                                 |
|   \\  /    A nd           | Website:  www.openfoam.com                      |
|    \\/     M anipulation  |                                                 |
\*---------------------------------------------------------------------------*/
FoamFile
{
    version     2.0;
    format      ascii;
    arch        "LSB;label=32;scalar=64";
    class       volScalarField;
    location    "9";
    object      psi;
}
// * * * * * * * * * * * * * * * * * * * * * * * * * * * * * * * * * * * * * //

dimensions      [0 -2 2 0 0 0 0];

internalField   nonuniform List<scalar> 
5250
(
1.40845
1.40845
1.40845
1.40845
1.40845
1.40845
1.40845
1.40845
1.40844
1.40832
1.40727
1.39809
1.32698
1.05313
0.685153
0.479321
0.585968
0.608055
0.59653
0.597357
0.596165
0.593775
0.593418
0.594709
0.592366
1.40845
1.40845
1.40845
1.40845
1.40845
1.40845
1.40845
1.40845
1.40844
1.40832
1.4073
1.39841
1.32905
1.05803
0.689606
0.477303
0.588238
0.610216
0.598189
0.598647
0.5973
0.594768
0.594353
0.595579
0.593023
1.40845
1.40845
1.40845
1.40845
1.40845
1.40845
1.40845
1.40845
1.40844
1.40833
1.40738
1.3991
1.33369
1.06937
0.699833
0.469772
0.590213
0.612994
0.600614
0.601168
0.599684
0.596821
0.596387
0.597659
0.595023
1.40845
1.40845
1.40845
1.40845
1.40845
1.40845
1.40845
1.40845
1.40844
1.40834
1.40747
1.39999
1.34016
1.08611
0.714997
0.460033
0.586724
0.611851
0.600281
0.602001
0.601191
0.598992
0.598902
0.600261
0.597537
1.40845
1.40845
1.40845
1.40845
1.40845
1.40845
1.40845
1.40845
1.40844
1.40836
1.40758
1.40106
1.34827
1.10896
0.735432
0.45768
0.578519
0.607403
0.597682
0.601127
0.601542
0.60115
0.601576
0.603292
0.60076
1.40845
1.40845
1.40845
1.40845
1.40845
1.40845
1.40845
1.40845
1.40844
1.40838
1.40778
1.40263
1.35721
1.13602
0.760712
0.453714
0.566659
0.59965
0.592792
0.598224
0.600764
0.601933
0.604065
0.607448
0.605428
1.40845
1.40845
1.40845
1.40845
1.40845
1.40845
1.40845
1.40845
1.40844
1.4084
1.40795
1.4039
1.36603
1.16637
0.79325
0.447888
0.549961
0.587557
0.585281
0.593262
0.59916
0.603517
0.608657
0.612255
0.611714
1.40845
1.40845
1.40845
1.40845
1.40845
1.40845
1.40845
1.40845
1.40845
1.4084
1.40801
1.40448
1.37289
1.19317
0.828327
0.454443
0.545227
0.577355
0.57737
0.586706
0.595828
0.603891
0.611284
0.619365
0.622298
1.40845
1.40845
1.40845
1.40845
1.40845
1.40845
1.40845
1.40845
1.40845
1.40841
1.4081
1.40532
1.38008
1.22421
0.868841
0.470618
0.550091
0.567383
0.568537
0.576482
0.589209
0.603469
0.618535
0.626915
0.639751
1.40845
1.40845
1.40845
1.40845
1.40845
1.40845
1.40845
1.40845
1.40845
1.40842
1.40816
1.40587
1.38508
1.2497
0.915032
0.495293
0.566946
0.567308
0.569042
0.574604
0.584606
0.599726
0.621007
0.636833
0.683522
1.40845
1.40845
1.40845
1.40845
1.40845
1.40845
1.40845
1.40845
1.40845
1.40843
1.40823
1.40652
1.39121
1.28659
0.968375
0.522565
0.559484
0.580216
0.579049
0.57746
0.584843
0.601311
0.630064
0.671641
0.783454
1.40845
1.40845
1.40845
1.40845
1.40845
1.40845
1.40845
1.40845
1.40845
1.40844
1.40833
1.40731
1.39798
1.32402
1.0277
0.560713
0.545618
0.596612
0.595469
0.58671
0.587804
0.600358
0.627728
0.66655
0.814675
1.40845
1.40845
1.40845
1.40845
1.40845
1.40845
1.40845
1.40845
1.40845
1.40844
1.40836
1.40761
1.40131
1.3491
1.11062
0.723073
0.522565
0.625745
0.618004
0.602287
0.596393
0.603106
0.628089
0.659765
0.79595
1.40845
1.40845
1.40845
1.40845
1.40845
1.40845
1.40845
1.40845
1.40845
1.40844
1.4084
1.40797
1.40412
1.36891
1.17651
0.804878
0.489957
0.622151
0.631336
0.621144
0.60923
0.612101
0.631194
0.660742
0.764004
1.40845
1.40845
1.40845
1.40845
1.40845
1.40845
1.40845
1.40845
1.40845
1.40845
1.40842
1.40811
1.40546
1.3815
1.23306
0.888844
0.488907
0.614919
0.629274
0.63516
0.627251
0.625826
0.637434
0.660634
0.725236
1.40845
1.40845
1.40845
1.40845
1.40845
1.40845
1.40845
1.40845
1.40845
1.40845
1.40843
1.40824
1.40659
1.39207
1.29366
0.978477
0.512542
0.5752
0.638155
0.659997
0.65426
0.643714
0.648384
0.664517
0.706319
1.40845
1.40845
1.40845
1.40845
1.40845
1.40845
1.40845
1.40845
1.40845
1.40845
1.40844
1.40837
1.40766
1.4015
1.34899
1.08361
0.604805
0.53226
0.62981
0.659358
0.659132
0.656631
0.660864
0.672756
0.703118
1.40845
1.40845
1.40845
1.40845
1.40845
1.40845
1.40845
1.40845
1.40845
1.40845
1.40844
1.40839
1.40794
1.40401
1.3701
1.1818
0.80814
0.497289
0.624636
0.642979
0.664735
0.666999
0.673042
0.683908
0.706118
1.40845
1.40845
1.40845
1.40845
1.40845
1.40845
1.40845
1.40845
1.40845
1.40845
1.40845
1.40842
1.40816
1.40597
1.38719
1.26648
0.929026
0.506594
0.597457
0.642168
0.672536
0.679634
0.687293
0.697483
0.714921
1.40845
1.40845
1.40845
1.40845
1.40845
1.40845
1.40845
1.40845
1.40845
1.40845
1.40845
1.40844
1.40834
1.40737
1.39905
1.33052
1.03889
0.557959
0.55995
0.64226
0.68156
0.685376
0.691556
0.702163
0.719717
1.40845
1.40845
1.40845
1.40845
1.40845
1.40845
1.40845
1.40845
1.40845
1.40845
1.40845
1.40844
1.40838
1.40788
1.40373
1.37063
1.19497
0.788811
0.510409
0.635627
0.660662
0.688907
0.697214
0.707245
0.722911
1.40845
1.40845
1.40845
1.40845
1.40845
1.40845
1.40845
1.40845
1.40845
1.40845
1.40845
1.40844
1.40836
1.40837
1.40664
1.39415
1.29799
0.926942
0.533029
0.593293
0.663452
0.695599
0.704839
0.714687
0.727839
1.40845
1.40845
1.40845
1.40845
1.40845
1.40845
1.40845
1.40845
1.40845
1.40845
1.40845
1.40845
1.40844
1.40834
1.40755
1.40112
1.35271
1.1308
0.653468
0.539258
0.658963
0.679793
0.70335
0.716725
0.731662
1.40845
1.40845
1.40845
1.40845
1.40845
1.40845
1.40845
1.40845
1.40845
1.40845
1.40845
1.40845
1.40844
1.40833
1.40836
1.40621
1.39175
1.28253
0.855676
0.528092
0.624069
0.676319
0.706863
0.719141
0.733261
1.40845
1.40845
1.40845
1.40845
1.40845
1.40845
1.40845
1.40845
1.40845
1.40845
1.40845
1.40845
1.40845
1.40843
1.4083
1.40724
1.39885
1.33738
1.08125
0.569308
0.573108
0.67192
0.699582
0.718495
0.734146
1.40845
1.40845
1.40845
1.40845
1.40845
1.40845
1.40845
1.40845
1.40845
1.40845
1.40845
1.40845
1.40845
1.40844
1.40831
1.4083
1.40596
1.38912
1.26535
0.794462
0.523
0.636506
0.686412
0.71982
0.734312
1.40845
1.40845
1.40845
1.40845
1.40845
1.40845
1.40845
1.40845
1.40845
1.40845
1.40845
1.40845
1.40845
1.40845
1.40843
1.40828
1.40706
1.39779
1.33085
1.06325
0.566598
0.584266
0.682796
0.710696
0.731446
1.40845
1.40845
1.40845
1.40845
1.40845
1.40845
1.40845
1.40845
1.40845
1.40845
1.40845
1.40845
1.40845
1.40845
1.40844
1.40831
1.40836
1.40592
1.38951
1.27235
0.793106
0.528809
0.641478
0.695878
0.729973
1.40845
1.40845
1.40845
1.40845
1.40845
1.40845
1.40845
1.40845
1.40845
1.40845
1.40845
1.40845
1.40845
1.40845
1.40845
1.40843
1.40828
1.4071
1.39835
1.33383
1.06241
0.57424
0.587548
0.688797
0.712209
1.40845
1.40845
1.40845
1.40845
1.40845
1.40845
1.40845
1.40845
1.40845
1.40845
1.40845
1.40845
1.40845
1.40845
1.40845
1.40845
1.40841
1.40859
1.40655
1.39009
1.27461
0.821186
0.539918
0.639688
0.703166
1.40845
1.40845
1.40845
1.40845
1.40845
1.40845
1.40845
1.40845
1.40845
1.40845
1.40845
1.40845
1.40845
1.40845
1.40845
1.40845
1.40843
1.40832
1.40736
1.39997
1.34409
1.08867
0.604737
0.583802
0.686876
1.40845
1.40845
1.40845
1.40845
1.40845
1.40845
1.40845
1.40845
1.40845
1.40845
1.40845
1.40845
1.40845
1.40845
1.40845
1.40845
1.40845
1.40846
1.40869
1.40721
1.39255
1.28541
0.883205
0.557429
0.623029
1.40845
1.40845
1.40845
1.40845
1.40845
1.40845
1.40845
1.40845
1.40845
1.40845
1.40845
1.40845
1.40845
1.40845
1.40845
1.40845
1.40845
1.40844
1.40834
1.40749
1.40116
1.35331
1.11157
0.638437
0.570038
1.40845
1.40845
1.40845
1.40845
1.40845
1.40845
1.40845
1.40845
1.40845
1.40845
1.40845
1.40845
1.40845
1.40845
1.40845
1.40845
1.40845
1.40845
1.40843
1.40832
1.40719
1.39637
1.31345
1.02415
0.614438
1.40845
1.40845
1.40845
1.40845
1.40845
1.40845
1.40845
1.40845
1.40845
1.40845
1.40845
1.40845
1.40845
1.40845
1.40845
1.40845
1.40845
1.40845
1.40844
1.40837
1.40778
1.40102
1.40426
1.3128
0.822897
1.40845
1.40845
1.40845
1.40845
1.40845
1.40845
1.40845
1.40845
1.40845
1.40845
1.40845
1.40845
1.40845
1.40845
1.40845
1.40845
1.40845
1.40845
1.40845
1.40843
1.40832
1.40733
1.40029
1.34955
1.08945
1.40845
1.40845
1.40845
1.40845
1.40845
1.40845
1.40845
1.40845
1.40845
1.40845
1.40845
1.40845
1.40845
1.40845
1.40845
1.40845
1.40845
1.40845
1.40845
1.40844
1.4084
1.40815
1.4066
1.39829
1.31835
1.40845
1.40845
1.40845
1.40845
1.40845
1.40845
1.40845
1.40845
1.40845
1.40845
1.40845
1.40845
1.40845
1.40845
1.40845
1.40845
1.40845
1.40845
1.40845
1.40845
1.40844
1.40838
1.40781
1.40389
1.40144
1.40845
1.40845
1.40845
1.40845
1.40845
1.40845
1.40845
1.40845
1.40845
1.40845
1.40845
1.40845
1.40845
1.40845
1.40845
1.40845
1.40845
1.40845
1.40845
1.40845
1.40845
1.40845
1.40835
1.40735
1.40168
1.40845
1.40845
1.40845
1.40845
1.40845
1.40845
1.40845
1.40845
1.40845
1.40845
1.40845
1.40845
1.40845
1.40845
1.40845
1.40845
1.40845
1.40845
1.40845
1.40845
1.40845
1.40845
1.40841
1.40819
1.40664
1.40845
1.40845
1.40845
1.40845
1.40845
1.40845
1.40845
1.40845
1.40845
1.40845
1.40845
1.40845
1.40845
1.40845
1.40845
1.40845
1.40845
1.40845
1.40845
1.40845
1.40845
1.40845
1.40844
1.40837
1.40781
1.40845
1.40845
1.40845
1.40845
1.40845
1.40845
1.40845
1.40845
1.40845
1.40845
1.40845
1.40845
1.40845
1.40845
1.40845
1.40845
1.40845
1.40845
1.40845
1.40845
1.40845
1.40845
1.40845
1.40843
1.40832
1.40845
1.40845
1.40845
1.40845
1.40845
1.40845
1.40845
1.40845
1.40845
1.40845
1.40845
1.40845
1.40845
1.40845
1.40845
1.40845
1.40845
1.40845
1.40845
1.40845
1.40845
1.40845
1.40845
1.40844
1.40841
1.40845
1.40845
1.40845
1.40845
1.40845
1.40845
1.40845
1.40845
1.40845
1.40845
1.40845
1.40845
1.40845
1.40845
1.40845
1.40845
1.40845
1.40845
1.40845
1.40845
1.40845
1.40845
1.40845
1.40845
1.40844
1.40845
1.40845
1.40845
1.40845
1.40845
1.40845
1.40845
1.40845
1.40845
1.40845
1.40845
1.40845
1.40845
1.40845
1.40845
1.40845
1.40845
1.40845
1.40845
1.40845
1.40845
1.40845
1.40845
1.40845
1.40845
1.40845
1.40845
1.40845
1.40845
1.40845
1.40845
1.40845
1.40845
1.40845
1.40845
1.40845
1.40845
1.40845
1.40845
1.40845
1.40845
1.40845
1.40845
1.40845
1.40845
1.40845
1.40845
1.40845
1.40845
1.40845
1.40845
1.40845
1.40845
1.40845
1.40845
1.40845
1.40845
1.40845
1.40845
1.40845
1.40845
1.40845
1.40845
1.40845
1.40845
1.40845
1.40845
1.40845
1.40845
1.40845
1.40845
1.40845
1.40845
1.40845
1.40845
1.40845
1.40845
1.40845
1.40845
1.40845
1.40845
1.40845
1.40845
1.40845
1.40845
1.40845
1.40845
1.40845
1.40845
1.40845
1.40845
1.40845
1.40845
1.40845
1.40845
1.40845
1.40845
1.40845
1.40845
1.40845
1.40845
1.40845
1.40845
1.40845
1.40845
1.40845
1.40845
1.40845
1.40845
1.40845
1.40845
1.40845
1.40845
1.40845
1.40845
1.40845
1.40845
1.40845
1.40845
1.40845
1.40845
1.40845
1.40845
1.40845
1.40845
1.40845
1.40845
1.40845
1.40845
1.40845
1.40845
1.40845
1.40845
1.40845
1.40845
1.40845
1.40845
1.40845
1.40845
1.40845
1.40845
1.40845
1.40845
1.40845
1.40845
1.40845
1.40845
1.40845
1.40845
1.40845
0.705511
0.624154
0.514768
0.522774
0.527147
0.518655
0.511582
0.515307
0.548964
0.562766
0.564842
0.564592
0.564086
0.560903
0.558525
0.574415
0.585658
0.59075
0.591721
0.591789
0.591139
0.5907
0.590492
0.591796
0.594782
0.597388
0.59887
0.59976
0.600373
0.599556
0.600413
0.600113
0.598796
0.595985
0.586466
0.579093
0.57382
0.564538
0.556756
0.550092
0.543724
0.532723
0.525797
0.519436
0.514543
0.512396
0.510936
0.508343
0.507434
0.50115
0.502924
0.504841
0.507035
0.509177
0.51111
0.513297
0.515607
0.51794
0.52027
0.522683
0.525044
0.527417
0.529756
0.532131
0.534544
0.536881
0.539232
0.541461
0.543722
0.545866
0.548047
0.550128
0.552227
0.554274
0.556323
0.558239
0.560168
0.562016
0.563891
0.565704
0.567546
0.569334
0.571159
0.572946
0.574772
0.576583
0.578431
0.580275
0.582154
0.58403
0.585925
0.587823
0.589735
0.591681
0.593647
0.595725
0.597839
0.601329
0.601358
0.599638
0.684201
0.633489
0.585875
0.538369
0.52399
0.513608
0.496411
0.475948
0.509729
0.521253
0.523076
0.513252
0.510884
0.508594
0.509364
0.521356
0.527353
0.530651
0.530853
0.530767
0.530665
0.529133
0.52751
0.526974
0.52694
0.529653
0.532357
0.534753
0.536078
0.535408
0.535183
0.533701
0.531284
0.530929
0.524097
0.519118
0.516555
0.509521
0.505584
0.502046
0.499996
0.497119
0.4941
0.487749
0.489935
0.492088
0.493998
0.498756
0.502112
0.507009
0.513043
0.519418
0.526849
0.533244
0.538313
0.543699
0.549633
0.554848
0.558557
0.562027
0.565568
0.569007
0.572175
0.575321
0.578615
0.581829
0.584891
0.587959
0.591128
0.594176
0.597275
0.600167
0.602995
0.605688
0.608323
0.610626
0.612856
0.614856
0.61686
0.618746
0.620648
0.622526
0.624449
0.626389
0.628382
0.630392
0.632452
0.634533
0.636659
0.638796
0.640954
0.6431
0.64526
0.647453
0.649676
0.651987
0.654443
0.65827
0.658825
0.656864
0.754471
0.698015
0.648727
0.584462
0.555428
0.541296
0.533718
0.509174
0.489439
0.489562
0.487218
0.494292
0.505823
0.496372
0.490325
0.484488
0.500619
0.506054
0.506662
0.505702
0.504875
0.504205
0.50281
0.502508
0.502447
0.504734
0.504575
0.504866
0.506304
0.506099
0.50669
0.506766
0.503518
0.501976
0.497262
0.494098
0.492354
0.479318
0.47761
0.478416
0.480635
0.48557
0.492748
0.502678
0.513696
0.525593
0.534794
0.544788
0.553648
0.56146
0.569576
0.576875
0.585221
0.593433
0.598376
0.603111
0.608239
0.614187
0.618956
0.623133
0.627112
0.631156
0.634685
0.637652
0.640519
0.643427
0.646202
0.649015
0.651948
0.65503
0.658253
0.661463
0.66448
0.66743
0.670399
0.673023
0.675489
0.67768
0.679807
0.681698
0.68355
0.685339
0.687168
0.689022
0.690948
0.692917
0.694949
0.697014
0.699122
0.701255
0.703411
0.705573
0.70775
0.709949
0.712195
0.714517
0.717044
0.720921
0.721881
0.71942
0.809259
0.779903
0.741298
0.678908
0.621427
0.583797
0.580026
0.566164
0.541088
0.516481
0.5038
0.498341
0.500932
0.506345
0.506252
0.494778
0.491969
0.493087
0.494114
0.49689
0.506431
0.51176
0.508499
0.508151
0.507286
0.506772
0.506976
0.508454
0.509401
0.508189
0.506074
0.503669
0.496914
0.486912
0.4832
0.48387
0.483575
0.488011
0.498641
0.51503
0.533132
0.544222
0.561833
0.572452
0.583306
0.595996
0.604562
0.609518
0.617417
0.623486
0.628778
0.634165
0.63983
0.646355
0.650122
0.653659
0.657622
0.662806
0.666552
0.670113
0.673128
0.67632
0.679929
0.683556
0.686956
0.689839
0.692052
0.694295
0.69673
0.699432
0.702369
0.705474
0.708613
0.711747
0.714921
0.71759
0.719925
0.722156
0.7244
0.726514
0.728535
0.730394
0.732211
0.734021
0.735863
0.737751
0.739712
0.741755
0.743878
0.746062
0.748285
0.750535
0.7528
0.755092
0.757452
0.759889
0.762554
0.766411
0.768057
0.765109
0.800186
0.811568
0.795704
0.757593
0.714232
0.665035
0.640364
0.643985
0.618259
0.58388
0.552203
0.533126
0.522295
0.522619
0.524134
0.521546
0.515159
0.507149
0.503091
0.500422
0.501435
0.50359
0.506119
0.508306
0.509772
0.50872
0.509025
0.509716
0.51127
0.510993
0.507573
0.502758
0.494889
0.495579
0.500548
0.511441
0.527
0.546514
0.565211
0.587073
0.597773
0.610786
0.625935
0.636889
0.646969
0.655733
0.661012
0.664228
0.668041
0.670819
0.675099
0.678316
0.683307
0.686158
0.68887
0.691934
0.695506
0.699894
0.701451
0.703428
0.70615
0.709385
0.713463
0.717095
0.71968
0.721771
0.723947
0.72635
0.728906
0.731529
0.734196
0.736945
0.739839
0.74291
0.746191
0.74871
0.750855
0.753014
0.755193
0.757392
0.759525
0.761473
0.763367
0.765261
0.767173
0.769126
0.771142
0.773233
0.775404
0.777645
0.779941
0.782293
0.784671
0.787062
0.789501
0.792011
0.794759
0.798451
0.801041
0.797887
0.773885
0.811031
0.812276
0.794535
0.771938
0.744445
0.715617
0.720779
0.694623
0.656615
0.622404
0.596227
0.575576
0.565764
0.563354
0.556297
0.547016
0.536488
0.528437
0.520965
0.517227
0.514184
0.512891
0.512114
0.512667
0.513001
0.513593
0.513534
0.512056
0.510387
0.507512
0.508275
0.512201
0.519586
0.534359
0.557074
0.583855
0.615913
0.634068
0.657265
0.6678
0.680984
0.688035
0.696281
0.697474
0.700726
0.704918
0.706616
0.70617
0.706259
0.707385
0.709928
0.713568
0.716114
0.71863
0.72038
0.722044
0.72396
0.725973
0.72804
0.731709
0.735006
0.737685
0.739931
0.7419
0.744105
0.746702
0.749434
0.751833
0.754103
0.756449
0.758939
0.761604
0.764444
0.767089
0.76927
0.771456
0.773718
0.776052
0.778319
0.780381
0.782306
0.784217
0.786157
0.788134
0.790181
0.792327
0.794566
0.796879
0.799263
0.801697
0.804168
0.806644
0.809126
0.811661
0.814294
0.817186
0.820829
0.824195
0.820879
0.744276
0.792319
0.811841
0.811488
0.803617
0.794737
0.781002
0.788461
0.778403
0.751799
0.717442
0.690075
0.663993
0.638582
0.62714
0.614001
0.60048
0.586837
0.573631
0.561521
0.551933
0.544022
0.538235
0.532413
0.529493
0.525067
0.52372
0.521425
0.516139
0.51704
0.51879
0.523264
0.536392
0.565327
0.6101
0.643984
0.679186
0.702365
0.72078
0.733391
0.737446
0.741188
0.739289
0.736448
0.730035
0.73378
0.735357
0.735449
0.736571
0.735999
0.732023
0.73299
0.735416
0.736972
0.739636
0.74127
0.741594
0.74232
0.743779
0.745616
0.748946
0.75152
0.75295
0.754762
0.756963
0.759376
0.762036
0.764157
0.766063
0.76797
0.770057
0.772392
0.774948
0.777658
0.780116
0.782335
0.784486
0.786662
0.788814
0.790891
0.792913
0.794938
0.796984
0.799086
0.801255
0.803504
0.805838
0.808239
0.810681
0.813155
0.815666
0.81823
0.820815
0.823377
0.825979
0.828661
0.831573
0.835125
0.838795
0.835371
0.735516
0.769276
0.798713
0.810579
0.808656
0.810559
0.813733
0.824477
0.825066
0.816966
0.793721
0.767696
0.744684
0.726201
0.70911
0.701294
0.686809
0.667035
0.646447
0.626449
0.611503
0.596911
0.586068
0.573845
0.565966
0.555676
0.550585
0.543693
0.528137
0.531281
0.541705
0.561548
0.597024
0.653472
0.698011
0.730873
0.75934
0.778909
0.796648
0.801849
0.806623
0.806497
0.802252
0.795092
0.782156
0.765929
0.746067
0.750837
0.757267
0.755345
0.755473
0.754667
0.751401
0.751098
0.752361
0.754195
0.756281
0.756919
0.757436
0.757965
0.758841
0.760658
0.762691
0.765176
0.767569
0.769426
0.771316
0.773099
0.774647
0.776261
0.778226
0.780652
0.783598
0.786216
0.788158
0.790094
0.792081
0.79413
0.796241
0.798427
0.800661
0.802921
0.805145
0.807352
0.809573
0.811829
0.814136
0.816463
0.81884
0.821307
0.823896
0.826587
0.829235
0.831883
0.834558
0.837319
0.840329
0.844018
0.847976
0.844535
0.736902
0.759234
0.7835
0.800004
0.807314
0.813562
0.820892
0.833819
0.852387
0.854686
0.847655
0.832715
0.815173
0.800041
0.785214
0.780308
0.773687
0.758129
0.737857
0.716819
0.697211
0.677485
0.660629
0.643984
0.628246
0.61133
0.596914
0.576967
0.566505
0.567153
0.587504
0.621901
0.678778
0.744751
0.772468
0.792898
0.813715
0.831145
0.8444
0.854562
0.860425
0.862003
0.859125
0.853099
0.839097
0.822155
0.801357
0.775409
0.749565
0.75674
0.772448
0.771332
0.769443
0.764979
0.759984
0.762315
0.763095
0.764059
0.765295
0.764956
0.765299
0.766755
0.768977
0.77105
0.773593
0.775647
0.777043
0.778413
0.780031
0.782115
0.784782
0.787431
0.789312
0.79111
0.792956
0.79488
0.79694
0.79923
0.801654
0.804025
0.806194
0.808324
0.810448
0.812587
0.814774
0.817041
0.819401
0.821861
0.824418
0.826962
0.829443
0.831905
0.834392
0.836933
0.839568
0.842368
0.84546
0.849248
0.853338
0.849749
0.741461
0.757729
0.776675
0.787538
0.802702
0.809519
0.819342
0.833527
0.851126
0.867969
0.873319
0.867025
0.858258
0.850796
0.842861
0.839284
0.835838
0.830229
0.816857
0.800551
0.783699
0.767005
0.75001
0.733038
0.714867
0.690944
0.66442
0.596612
0.601104
0.62396
0.653657
0.697063
0.761823
0.797173
0.815903
0.834733
0.851527
0.865117
0.877041
0.889942
0.89698
0.900534
0.899857
0.895981
0.886466
0.87629
0.856776
0.83127
0.803934
0.758052
0.755481
0.764667
0.774634
0.775281
0.774779
0.77235
0.768678
0.770322
0.770495
0.77104
0.771774
0.773502
0.776239
0.777533
0.778355
0.779606
0.781318
0.783466
0.785808
0.788125
0.790561
0.792719
0.794398
0.796165
0.798081
0.800226
0.80275
0.805046
0.806933
0.80883
0.810744
0.812719
0.81481
0.81706
0.819497
0.822143
0.824836
0.827194
0.82942
0.831625
0.833854
0.836141
0.838516
0.841013
0.843657
0.846484
0.849578
0.853334
0.857361
0.853655
0.744757
0.759336
0.774419
0.784284
0.796642
0.804127
0.815215
0.829582
0.847033
0.864508
0.880653
0.880453
0.878029
0.875019
0.870339
0.869005
0.873352
0.874415
0.869057
0.858372
0.845723
0.833202
0.820303
0.80508
0.783147
0.754787
0.703379
0.624359
0.649813
0.672946
0.705358
0.755593
0.801568
0.821232
0.841542
0.861229
0.877603
0.891923
0.906437
0.912827
0.916199
0.921122
0.922524
0.921399
0.918644
0.914588
0.902384
0.886757
0.863006
0.828843
0.793297
0.748173
0.757179
0.774989
0.784606
0.783188
0.781196
0.775963
0.77734
0.778777
0.78009
0.782605
0.782647
0.783023
0.78392
0.785902
0.788038
0.790356
0.793005
0.794918
0.796531
0.798027
0.799598
0.801295
0.803214
0.805464
0.807912
0.810064
0.811885
0.81377
0.815732
0.817791
0.819946
0.822205
0.824539
0.826921
0.829171
0.831404
0.833677
0.83599
0.838354
0.840795
0.843321
0.845934
0.848635
0.851452
0.854482
0.858163
0.862136
0.85835
0.746808
0.762667
0.775559
0.78637
0.793785
0.800515
0.809593
0.822108
0.839274
0.857858
0.874282
0.885406
0.888138
0.887097
0.88547
0.887523
0.892199
0.895432
0.900748
0.898158
0.890542
0.88064
0.869933
0.85314
0.829283
0.786556
0.720833
0.656704
0.690835
0.707826
0.738719
0.783194
0.803138
0.824222
0.847073
0.865642
0.88461
0.900878
0.915661
0.923659
0.932583
0.9326
0.933617
0.933545
0.934819
0.934377
0.930994
0.924387
0.910248
0.889324
0.863409
0.826649
0.776614
0.761652
0.778182
0.784847
0.79249
0.791521
0.790527
0.788069
0.788265
0.789126
0.791451
0.791806
0.792624
0.794416
0.79661
0.798302
0.800778
0.801899
0.803033
0.804332
0.805893
0.807833
0.810163
0.81281
0.814843
0.81672
0.818663
0.820668
0.822759
0.824823
0.82687
0.828932
0.831024
0.833163
0.835361
0.837613
0.83994
0.842363
0.84489
0.847511
0.850187
0.852885
0.85561
0.858421
0.861434
0.865107
0.869037
0.865057
0.749184
0.765881
0.777017
0.788391
0.794425
0.801457
0.808056
0.817528
0.831067
0.847055
0.865324
0.877979
0.888822
0.894613
0.894272
0.895606
0.89865
0.904249
0.91373
0.91961
0.915136
0.906526
0.897514
0.879589
0.841334
0.776234
0.669691
0.685666
0.708068
0.730165
0.761907
0.782651
0.801821
0.82206
0.842537
0.858398
0.874213
0.887323
0.898796
0.909577
0.920907
0.93085
0.941654
0.942172
0.942517
0.942418
0.942853
0.943737
0.941046
0.935667
0.922156
0.898286
0.862726
0.820519
0.762863
0.771001
0.789084
0.797786
0.802039
0.800556
0.797095
0.795739
0.797206
0.798755
0.80032
0.801546
0.803949
0.805364
0.807053
0.809279
0.811081
0.812713
0.814325
0.816073
0.818049
0.820195
0.82241
0.824557
0.826567
0.828654
0.830849
0.833132
0.835472
0.837847
0.840164
0.842401
0.84467
0.847009
0.849446
0.852008
0.85468
0.857419
0.860185
0.862859
0.865555
0.86832
0.871287
0.874928
0.878772
0.874519
0.749576
0.766874
0.778909
0.791362
0.797991
0.803843
0.809417
0.817688
0.828396
0.84076
0.855214
0.869867
0.880956
0.89355
0.89525
0.896165
0.899346
0.904971
0.913136
0.925467
0.921483
0.914348
0.902223
0.874187
0.815913
0.724476
0.682749
0.716264
0.729778
0.746396
0.766046
0.781728
0.798524
0.8155
0.831307
0.845114
0.858873
0.870878
0.882913
0.895699
0.909227
0.918266
0.925748
0.934928
0.942774
0.950732
0.951763
0.954491
0.957759
0.960726
0.955654
0.94616
0.925328
0.893652
0.852379
0.80203
0.764595
0.781358
0.792504
0.808799
0.804901
0.804348
0.79971
0.801278
0.802804
0.803649
0.805464
0.80749
0.807963
0.808598
0.809901
0.811754
0.814444
0.817323
0.81979
0.821779
0.823646
0.825607
0.827853
0.8303
0.832864
0.835419
0.837828
0.840232
0.842687
0.845213
0.84785
0.850564
0.853242
0.85596
0.858739
0.861576
0.864476
0.867252
0.870059
0.872979
0.876161
0.880083
0.884519
0.88041
0.750913
0.767645
0.779319
0.790853
0.80027
0.806749
0.811619
0.818803
0.828138
0.83989
0.851033
0.864237
0.873671
0.885103
0.894672
0.895523
0.898348
0.902483
0.910266
0.922462
0.91817
0.910772
0.89015
0.841878
0.765405
0.686283
0.716548
0.729219
0.740022
0.751546
0.763773
0.776674
0.791052
0.805518
0.819682
0.833292
0.846218
0.857678
0.869747
0.883267
0.893107
0.903216
0.915602
0.925125
0.934486
0.94482
0.954174
0.967
0.968787
0.970331
0.966729
0.966564
0.959862
0.946745
0.920063
0.881265
0.837996
0.773145
0.777013
0.799738
0.80248
0.812316
0.809355
0.808448
0.807132
0.807179
0.807697
0.811414
0.812192
0.81296
0.814313
0.816235
0.818869
0.822629
0.824709
0.825996
0.827413
0.829143
0.83131
0.834111
0.836962
0.838995
0.841111
0.843361
0.845811
0.848471
0.851304
0.854215
0.856992
0.859812
0.862711
0.865669
0.868681
0.871543
0.874413
0.877415
0.880726
0.884817
0.889515
0.8853
0.750677
0.767709
0.779329
0.789525
0.801013
0.807552
0.812719
0.819573
0.828118
0.838783
0.850256
0.862277
0.873314
0.879935
0.891358
0.893409
0.896202
0.900851
0.909151
0.908832
0.906219
0.895007
0.856861
0.787109
0.687732
0.709288
0.734564
0.740148
0.746436
0.753243
0.761527
0.771276
0.782906
0.795645
0.808958
0.822535
0.834771
0.846583
0.859094
0.870268
0.880815
0.893474
0.904986
0.91503
0.927199
0.937085
0.948732
0.957885
0.964014
0.972727
0.972274
0.972426
0.972242
0.970692
0.960864
0.945699
0.916865
0.874732
0.826486
0.7678
0.78186
0.797448
0.820044
0.819621
0.817552
0.813901
0.813015
0.812892
0.813919
0.817032
0.821366
0.821697
0.822489
0.823667
0.825592
0.827869
0.830171
0.832759
0.835432
0.837578
0.839534
0.841303
0.843269
0.845512
0.848058
0.850792
0.853517
0.856235
0.858924
0.861723
0.864706
0.867857
0.87088
0.873799
0.876836
0.880101
0.883762
0.888219
0.893572
0.889449
0.74974
0.767324
0.780234
0.788809
0.80093
0.808273
0.813006
0.819977
0.828332
0.837851
0.847991
0.85916
0.871207
0.880957
0.888226
0.892405
0.897413
0.9034
0.902522
0.898356
0.889645
0.85947
0.799835
0.701851
0.711569
0.735586
0.740219
0.744154
0.747621
0.752104
0.758538
0.766804
0.776637
0.787718
0.799818
0.813001
0.825076
0.838224
0.849765
0.860282
0.872189
0.884744
0.895522
0.907847
0.916791
0.926044
0.936288
0.945928
0.95476
0.961022
0.968308
0.976938
0.978468
0.98201
0.981343
0.981205
0.969881
0.944638
0.906916
0.857052
0.794555
0.783667
0.804501
0.811076
0.828787
0.826656
0.822841
0.817858
0.818424
0.819402
0.821668
0.825193
0.826786
0.828007
0.82936
0.831085
0.833313
0.835706
0.838463
0.840426
0.842282
0.84417
0.846139
0.848433
0.851027
0.853787
0.856324
0.858812
0.861409
0.864139
0.867051
0.870081
0.873197
0.87621
0.879378
0.882787
0.886624
0.89122
0.89684
0.892673
0.746314
0.764585
0.779599
0.788078
0.798647
0.80955
0.813191
0.819049
0.827377
0.837118
0.846036
0.855094
0.866322
0.880465
0.886345
0.893304
0.900202
0.898851
0.893915
0.88652
0.859717
0.805981
0.710406
0.710042
0.730334
0.738
0.742489
0.745101
0.747969
0.751996
0.757618
0.764991
0.77385
0.783975
0.795263
0.807034
0.818926
0.831469
0.841828
0.852902
0.864924
0.875649
0.887074
0.897983
0.905925
0.915701
0.92601
0.935904
0.943701
0.952515
0.960866
0.969347
0.97874
0.986988
0.988529
0.994251
0.990953
0.983123
0.965238
0.936341
0.895641
0.850795
0.782786
0.790401
0.810435
0.819938
0.834245
0.832625
0.830028
0.826558
0.826991
0.82756
0.829774
0.834729
0.835999
0.836514
0.837425
0.838846
0.84106
0.844357
0.846312
0.848014
0.849874
0.852053
0.854658
0.857596
0.860837
0.863325
0.865769
0.868339
0.871076
0.873956
0.877001
0.880076
0.88322
0.886564
0.890323
0.894798
0.900415
0.896257
0.740021
0.758996
0.778369
0.789762
0.797029
0.809162
0.81343
0.817465
0.825166
0.835507
0.84456
0.852081
0.861374
0.87535
0.886053
0.900105
0.897467
0.8913
0.884194
0.861191
0.81193
0.723836
0.707807
0.731623
0.73611
0.742012
0.746193
0.749775
0.753201
0.756964
0.761484
0.767189
0.774495
0.783165
0.793276
0.803904
0.8159
0.82614
0.836596
0.847548
0.858894
0.869097
0.880103
0.888684
0.898394
0.909123
0.919133
0.928118
0.937299
0.946936
0.954094
0.962044
0.97108
0.981113
0.989922
0.997929
0.99952
0.996604
0.995395
0.98725
0.966911
0.929859
0.883149
0.835168
0.786239
0.80001
0.814666
0.839646
0.839579
0.836467
0.83374
0.832051
0.832343
0.833623
0.837226
0.840914
0.842236
0.843208
0.844545
0.846315
0.848525
0.850543
0.852704
0.855413
0.858768
0.862019
0.865023
0.867786
0.870375
0.873048
0.875843
0.878684
0.881533
0.884491
0.887602
0.890951
0.894752
0.899345
0.90504
0.900664
0.736251
0.752282
0.771245
0.787845
0.796303
0.80838
0.816152
0.81687
0.822902
0.832625
0.843958
0.849567
0.857758
0.86942
0.883273
0.896921
0.892303
0.882445
0.861694
0.816604
0.74043
0.706688
0.734916
0.737696
0.742425
0.747794
0.751849
0.755784
0.759254
0.762714
0.76655
0.771125
0.776863
0.783803
0.79202
0.801516
0.812341
0.822823
0.8336
0.84486
0.854128
0.86404
0.873316
0.882939
0.893613
0.904543
0.91414
0.92404
0.934088
0.940322
0.947823
0.956153
0.964796
0.974034
0.98426
0.993669
1.00418
1.00769
1.00707
1.00534
1.00236
0.985117
0.957738
0.918846
0.872464
0.804857
0.802757
0.824089
0.827854
0.845366
0.843948
0.840216
0.836143
0.836249
0.837069
0.840267
0.844676
0.847873
0.848791
0.850182
0.851924
0.854039
0.856285
0.859147
0.862869
0.86601
0.868362
0.870886
0.873588
0.876276
0.879074
0.882136
0.885274
0.888549
0.891981
0.895577
0.899537
0.90424
0.909926
0.905305
0.713927
0.748207
0.76394
0.782439
0.793643
0.804554
0.819349
0.81977
0.821593
0.829117
0.841767
0.849846
0.855056
0.864806
0.882368
0.884131
0.878226
0.864606
0.822173
0.756494
0.697058
0.731303
0.734419
0.74045
0.748093
0.750958
0.754351
0.758601
0.763374
0.767118
0.770696
0.774475
0.778907
0.784404
0.791071
0.799128
0.808
0.81811
0.829303
0.839179
0.848908
0.858938
0.868533
0.879066
0.888448
0.897999
0.907292
0.917097
0.925588
0.934112
0.94222
0.95098
0.958576
0.967237
0.977367
0.98632
0.99471
1.00355
1.01072
1.01184
1.01589
1.01099
1.0004
0.985234
0.957107
0.915391
0.868605
0.798884
0.807323
0.825383
0.837132
0.851986
0.85086
0.846838
0.845256
0.845522
0.84721
0.850012
0.854687
0.856018
0.857459
0.85915
0.86111
0.863518
0.866838
0.870391
0.873068
0.875264
0.877774
0.880518
0.883467
0.886735
0.88997
0.893396
0.897024
0.900724
0.904637
0.909273
0.914654
0.909868
0.709665
0.737349
0.759141
0.773467
0.789326
0.79997
0.817483
0.823016
0.822614
0.82736
0.836628
0.848977
0.854053
0.861887
0.873532
0.868481
0.859035
0.824185
0.761765
0.688839
0.721994
0.729874
0.739428
0.74908
0.750727
0.753188
0.756532
0.761097
0.76632
0.769812
0.773293
0.776822
0.780698
0.785269
0.790755
0.79738
0.805155
0.813916
0.823499
0.833531
0.843885
0.853638
0.863731
0.87274
0.882252
0.89176
0.900926
0.910445
0.919186
0.928433
0.936568
0.945011
0.953634
0.962623
0.971867
0.981516
0.992358
1.00022
1.00798
1.01722
1.02172
1.02103
1.02118
1.02074
1.01
0.986814
0.949198
0.900878
0.844287
0.808753
0.826001
0.835861
0.851601
0.859798
0.856629
0.851996
0.851637
0.8527
0.85515
0.858645
0.860879
0.863438
0.865959
0.868476
0.871231
0.874207
0.87687
0.879956
0.883322
0.885893
0.888615
0.891621
0.894917
0.898412
0.902453
0.90621
0.909916
0.914298
0.919578
0.914824
0.672501
0.713128
0.754183
0.773335
0.788977
0.79949
0.813134
0.823713
0.824162
0.828144
0.83634
0.849924
0.854895
0.857297
0.855679
0.849944
0.821339
0.764465
0.684073
0.705314
0.718598
0.74048
0.74585
0.74736
0.749825
0.753104
0.757293
0.762328
0.76725
0.770925
0.774603
0.77828
0.782043
0.786145
0.790837
0.796418
0.803039
0.810623
0.819244
0.828557
0.838391
0.848211
0.857505
0.867153
0.876508
0.885963
0.895322
0.904127
0.913227
0.921445
0.929906
0.937761
0.946206
0.954652
0.963417
0.973024
0.984981
0.992828
1.00004
1.00905
1.01675
1.02618
1.02663
1.03158
1.0292
1.02452
1.00741
0.978453
0.936685
0.889772
0.817415
0.819371
0.837913
0.84627
0.865432
0.865994
0.863597
0.861344
0.860954
0.861481
0.863346
0.867133
0.872855
0.874362
0.876498
0.878961
0.881634
0.884824
0.88884
0.892112
0.894416
0.897124
0.900138
0.903494
0.907168
0.911242
0.915373
0.919856
0.925013
0.920205
0.642383
0.73259
0.746463
0.770554
0.786547
0.797388
0.809498
0.823478
0.825587
0.827207
0.834439
0.849798
0.852146
0.844819
0.837028
0.811305
0.760747
0.680162
0.69603
0.709989
0.733221
0.738403
0.740257
0.743993
0.74838
0.753455
0.758621
0.762992
0.767293
0.771363
0.775005
0.778834
0.782714
0.786742
0.791122
0.796135
0.801971
0.808771
0.816443
0.824894
0.833905
0.843368
0.852772
0.862085
0.871598
0.88125
0.890672
0.899839
0.90869
0.917061
0.925686
0.934201
0.942719
0.951408
0.960421
0.969876
0.978845
0.987932
0.995472
1.00322
1.01125
1.01922
1.02775
1.03795
1.04012
1.03798
1.03505
1.02416
1.00646
0.972445
0.921779
0.872214
0.818877
0.833207
0.848649
0.8631
0.876055
0.87442
0.869221
0.868491
0.869974
0.872578
0.876176
0.880959
0.884046
0.886052
0.888209
0.890612
0.893671
0.897182
0.900411
0.902437
0.905232
0.908654
0.912655
0.916801
0.921143
0.925907
0.930875
0.926002
0.563707
0.653433
0.734787
0.762028
0.779194
0.790849
0.802877
0.81872
0.8244
0.825572
0.829827
0.841177
0.838911
0.829278
0.80122
0.750864
0.672088
0.685261
0.701513
0.727564
0.734375
0.734971
0.738241
0.742732
0.747857
0.753634
0.75945
0.764091
0.768427
0.772331
0.775804
0.77941
0.783285
0.787402
0.791878
0.796775
0.802281
0.808428
0.815327
0.822956
0.831175
0.839881
0.848932
0.858243
0.867655
0.877149
0.886586
0.896171
0.904874
0.913412
0.922222
0.931407
0.94088
0.950224
0.959263
0.968537
0.976518
0.984514
0.992284
1.00049
1.00813
1.01664
1.0239
1.03156
1.0407
1.04414
1.04445
1.0438
1.03882
1.02145
0.995203
0.958542
0.909708
0.833745
0.834616
0.855476
0.860458
0.873304
0.880509
0.879808
0.876269
0.876798
0.878979
0.882549
0.886808
0.890768
0.893476
0.896821
0.899771
0.902681
0.905764
0.908246
0.911025
0.914478
0.918894
0.924074
0.928038
0.932196
0.936712
0.931959
0.601144
0.601405
0.699672
0.739665
0.774057
0.787948
0.800945
0.813329
0.826853
0.837171
0.833155
0.82761
0.82126
0.795792
0.744095
0.662782
0.673222
0.690011
0.717025
0.728085
0.72923
0.732609
0.736729
0.741513
0.746974
0.752803
0.757868
0.763043
0.767755
0.772032
0.775776
0.779613
0.783635
0.787976
0.792635
0.797671
0.803123
0.809015
0.815426
0.822358
0.829923
0.838077
0.84675
0.855826
0.865244
0.874687
0.884083
0.893494
0.902069
0.91066
0.919196
0.928163
0.937652
0.947398
0.957372
0.966836
0.974997
0.982116
0.989894
0.9981
1.00493
1.01135
1.01805
1.02549
1.03351
1.04019
1.04919
1.04769
1.04535
1.04231
1.03527
1.01741
0.982313
0.936718
0.890449
0.825405
0.834942
0.854691
0.866037
0.886906
0.886693
0.883199
0.880923
0.881752
0.883886
0.887543
0.89406
0.902833
0.907253
0.908974
0.910779
0.913451
0.916849
0.920972
0.925649
0.932173
0.935537
0.938765
0.942049
0.937499
0.994956
0.631721
0.664299
0.74674
0.76073
0.782729
0.798547
0.81135
0.8246
0.832742
0.826165
0.814085
0.785199
0.734839
0.653957
0.663294
0.679675
0.705745
0.718127
0.719796
0.723661
0.728579
0.734073
0.739732
0.74503
0.750138
0.755314
0.760509
0.765801
0.771002
0.775684
0.780218
0.784875
0.789757
0.794974
0.800433
0.806101
0.812043
0.818166
0.824644
0.83154
0.838994
0.846951
0.855443
0.864277
0.873096
0.882048
0.890666
0.899177
0.907642
0.916247
0.925089
0.934113
0.943078
0.952403
0.960669
0.968731
0.977539
0.983624
0.989128
0.995599
1.00247
1.01018
1.01686
1.02447
1.03015
1.03477
1.03995
1.04682
1.04374
1.04283
1.03775
1.02324
1.00139
0.966785
0.917084
0.859481
0.832275
0.850294
0.859767
0.872923
0.887427
0.886451
0.884087
0.885693
0.889387
0.894818
0.903714
0.911251
0.911209
0.912144
0.914389
0.917813
0.923099
0.92989
0.936748
0.94091
0.945475
0.947676
0.943607
1.30701
0.825863
0.581352
0.669236
0.748035
0.769618
0.794896
0.806889
0.819263
0.816491
0.809436
0.780381
0.724892
0.643294
0.655668
0.672637
0.69919
0.712677
0.713619
0.716476
0.721163
0.727269
0.733841
0.739144
0.743998
0.748958
0.7539
0.759023
0.76444
0.770166
0.77599
0.781525
0.787017
0.7926
0.798299
0.804156
0.80985
0.815614
0.821467
0.827494
0.833829
0.84054
0.847754
0.855402
0.863442
0.871755
0.879933
0.888167
0.896722
0.905355
0.914176
0.92291
0.931663
0.940213
0.948891
0.956806
0.964956
0.971963
0.977638
0.98341
0.989375
0.995748
1.00186
1.00839
1.0144
1.01868
1.02193
1.02603
1.0303
1.03549
1.03943
1.03815
1.03599
1.02883
1.00914
0.976099
0.937409
0.88702
0.822496
0.825898
0.847934
0.857068
0.87329
0.883025
0.884194
0.88601
0.889798
0.895615
0.905677
0.906896
0.90892
0.911884
0.915791
0.921321
0.930693
0.939511
0.942047
0.945275
0.949336
0.94629
1.35439
1.1023
0.627115
0.620118
0.707627
0.749748
0.782204
0.810332
0.808533
0.799083
0.770561
0.714898
0.632377
0.652134
0.667648
0.692548
0.707318
0.708116
0.709791
0.713402
0.718997
0.726234
0.733837
0.739386
0.744621
0.749944
0.755289
0.760727
0.766486
0.772646
0.779122
0.785157
0.790869
0.796591
0.802405
0.808315
0.814154
0.819524
0.825
0.830666
0.836508
0.842616
0.849083
0.855946
0.863119
0.870517
0.877885
0.885383
0.893059
0.900877
0.908875
0.916913
0.925178
0.933103
0.941092
0.94854
0.955927
0.962756
0.967576
0.972179
0.977056
0.982059
0.987364
0.992368
0.997436
1.00149
1.00337
1.0057
1.00786
1.01036
1.01336
1.01822
1.01672
1.01384
1.00713
0.996992
0.976149
0.940626
0.893333
0.834753
0.797137
0.815778
0.834524
0.84921
0.868548
0.875197
0.877853
0.882217
0.888506
0.893946
0.897804
0.902393
0.907839
0.914921
0.926465
0.938444
0.940032
0.942733
0.948099
0.946003
1.39652
1.3148
1.0198
0.656301
0.67606
0.752515
0.779049
0.806824
0.798559
0.764938
0.70236
0.625695
0.649816
0.661974
0.684407
0.700991
0.702508
0.705027
0.708496
0.712983
0.71966
0.726466
0.732187
0.738294
0.744599
0.750805
0.756783
0.762818
0.768991
0.775422
0.782011
0.788227
0.794079
0.79993
0.805829
0.811737
0.817784
0.822862
0.82775
0.832866
0.838193
0.84375
0.849656
0.855889
0.862318
0.868723
0.875208
0.881831
0.888628
0.895657
0.90296
0.910433
0.917943
0.925191
0.93189
0.938173
0.944174
0.949757
0.952787
0.955633
0.958563
0.961845
0.964947
0.968127
0.971614
0.972768
0.973585
0.974624
0.975329
0.976212
0.976915
0.977839
0.978238
0.980162
0.978305
0.975359
0.970028
0.960587
0.930463
0.890061
0.840859
0.773425
0.785809
0.81347
0.824354
0.840691
0.857403
0.860696
0.865633
0.871482
0.877967
0.885298
0.892718
0.901587
0.914956
0.927816
0.932396
0.937215
0.943144
0.941412
1.40155
1.40451
1.32959
0.889746
0.614909
0.678519
0.768783
0.780616
0.757979
0.689135
0.61042
0.648556
0.657741
0.688721
0.696169
0.694936
0.696936
0.700402
0.705435
0.712323
0.721687
0.727508
0.733469
0.739783
0.746435
0.753067
0.759204
0.765255
0.771392
0.777738
0.784383
0.79102
0.797004
0.802735
0.808429
0.814013
0.819771
0.824477
0.828897
0.83356
0.838427
0.843449
0.848673
0.853742
0.85864
0.863612
0.868587
0.873627
0.878808
0.884104
0.889541
0.894949
0.900178
0.904966
0.909157
0.913155
0.917252
0.920988
0.92265
0.923368
0.924368
0.925389
0.926367
0.927539
0.9277
0.927462
0.92755
0.927919
0.928587
0.929653
0.931111
0.933098
0.935426
0.938472
0.942202
0.948272
0.948725
0.945946
0.938101
0.917812
0.889354
0.846891
0.771497
0.764597
0.780951
0.796018
0.811893
0.834487
0.842297
0.847687
0.854282
0.861878
0.870282
0.880116
0.893607
0.908909
0.917176
0.923496
0.929331
0.928815
1.40753
1.40274
1.37058
1.18322
0.814213
0.616251
0.698096
0.708849
0.669335
0.593812
0.638712
0.658065
0.690736
0.697571
0.695437
0.696674
0.699494
0.70385
0.708807
0.716358
0.722738
0.729032
0.735334
0.741833
0.748724
0.755332
0.761135
0.766774
0.772554
0.778495
0.784794
0.791153
0.797104
0.802603
0.807741
0.812611
0.817596
0.821713
0.824717
0.827818
0.831041
0.834296
0.837603
0.840207
0.84277
0.845481
0.848267
0.850798
0.853184
0.855638
0.857969
0.860313
0.862772
0.864279
0.865599
0.866962
0.868548
0.870216
0.871005
0.871679
0.87285
0.874628
0.876745
0.87928
0.881907
0.884902
0.887949
0.890882
0.894036
0.897577
0.901388
0.905604
0.910324
0.915526
0.920711
0.926646
0.936656
0.937036
0.933633
0.93038
0.920448
0.896255
0.861145
0.812183
0.756468
0.767273
0.79154
0.802933
0.819692
0.831677
0.83545
0.840942
0.847934
0.856395
0.867104
0.879508
0.890953
0.893763
0.898252
0.905022
1.4082
1.40716
1.40197
1.35445
1.1189
0.751584
0.588301
0.535563
0.540377
0.586699
0.617564
0.654609
0.660407
0.668616
0.671933
0.67695
0.683236
0.690307
0.698648
0.708076
0.7144
0.720764
0.726732
0.732291
0.73805
0.74446
0.750753
0.755741
0.760163
0.764608
0.769131
0.773971
0.778187
0.781545
0.78405
0.786348
0.788582
0.789002
0.789259
0.789778
0.790642
0.791811
0.792564
0.793009
0.793778
0.795015
0.796612
0.798512
0.800711
0.803094
0.805666
0.808352
0.81114
0.814031
0.817024
0.820109
0.823431
0.826793
0.830057
0.833155
0.836551
0.840174
0.844303
0.848916
0.853969
0.859393
0.863926
0.868439
0.873433
0.878816
0.884451
0.89034
0.896742
0.903663
0.911298
0.917569
0.924448
0.932392
0.937286
0.937203
0.93468
0.928554
0.9122
0.881402
0.828902
0.769891
0.774622
0.788345
0.801061
0.813549
0.827109
0.832559
0.837869
0.843868
0.85148
0.861908
0.862691
0.865002
0.865557
0.871105
1.40837
1.408
1.40578
1.39076
1.28738
0.939522
0.61399
0.383393
0.476842
0.502082
0.559657
0.583793
0.590022
0.59876
0.609327
0.619338
0.627535
0.636411
0.646518
0.658093
0.667816
0.675601
0.682069
0.686899
0.691476
0.696166
0.701213
0.706085
0.709672
0.712226
0.714694
0.717284
0.719944
0.722535
0.725214
0.727942
0.730414
0.732482
0.734494
0.73675
0.739314
0.742247
0.744896
0.747211
0.749901
0.753102
0.756664
0.760459
0.764399
0.768489
0.772598
0.776812
0.781095
0.785466
0.789755
0.794087
0.798557
0.803129
0.808115
0.813324
0.818124
0.822655
0.827901
0.833806
0.840713
0.846779
0.852107
0.857853
0.863963
0.870332
0.876901
0.883754
0.890972
0.898595
0.906866
0.913923
0.921457
0.928125
0.936626
0.942851
0.94619
0.943001
0.939028
0.928792
0.902379
0.859825
0.794147
0.78224
0.791571
0.806967
0.81563
0.824587
0.832894
0.839414
0.848188
0.845515
0.845913
0.844394
0.826705
0.834926
1.40841
1.40815
1.40603
1.38832
1.27259
0.944607
0.530544
0.484155
0.508577
0.539532
0.550265
0.55097
0.553344
0.557475
0.563319
0.571064
0.578158
0.585054
0.592197
0.599907
0.608059
0.615544
0.621795
0.627924
0.633226
0.638476
0.643923
0.64958
0.655241
0.660667
0.665933
0.671246
0.676682
0.682197
0.687534
0.692817
0.697833
0.702219
0.706418
0.710803
0.715454
0.720385
0.724923
0.728374
0.732044
0.736161
0.740564
0.745101
0.749675
0.754286
0.758748
0.763302
0.767975
0.772627
0.777222
0.782097
0.78726
0.792592
0.798231
0.804098
0.809704
0.815602
0.821853
0.828416
0.835142
0.84197
0.848854
0.855574
0.862148
0.868767
0.875634
0.882825
0.890434
0.898416
0.906752
0.915039
0.921981
0.928819
0.936475
0.944681
0.952211
0.960854
0.959855
0.957503
0.948894
0.930931
0.878622
0.81372
0.78621
0.796776
0.813532
0.820295
0.828973
0.841036
0.836241
0.837158
0.834926
0.817373
0.773993
0.793311
1.40843
1.40823
1.40661
1.39247
1.2947
0.983784
0.558951
0.493398
0.543851
0.573286
0.570024
0.565668
0.566253
0.569344
0.571081
0.573781
0.577605
0.582145
0.587495
0.593728
0.599601
0.605656
0.611941
0.617518
0.623029
0.628703
0.634356
0.640044
0.645994
0.65212
0.658407
0.664853
0.67159
0.677941
0.683783
0.689218
0.694578
0.699111
0.703699
0.708546
0.71365
0.71891
0.723834
0.727834
0.731865
0.735985
0.740234
0.744431
0.748522
0.752696
0.756882
0.761207
0.765742
0.770419
0.775262
0.780395
0.785766
0.791361
0.79743
0.80347
0.809772
0.816352
0.823126
0.830088
0.837397
0.844965
0.852687
0.86011
0.867384
0.874751
0.882377
0.890297
0.898629
0.907243
0.916482
0.924638
0.932363
0.939354
0.94715
0.955406
0.964041
0.975232
0.97939
0.978242
0.975764
0.967322
0.952711
0.901436
0.841206
0.801174
0.810821
0.827871
0.831783
0.840169
0.837014
0.829405
0.812973
0.779617
0.717836
0.751028
1.40843
1.40823
1.4065
1.39054
1.278
0.95381
0.513909
0.520366
0.543525
0.571064
0.572249
0.57347
0.575254
0.578899
0.581865
0.585072
0.58897
0.593324
0.597637
0.602084
0.606721
0.611836
0.617546
0.623457
0.629437
0.635543
0.641904
0.64845
0.655145
0.662165
0.669403
0.676131
0.682032
0.687428
0.692552
0.697503
0.702396
0.707247
0.712218
0.717444
0.722884
0.728511
0.733725
0.737799
0.741568
0.745369
0.749208
0.753116
0.757137
0.761284
0.765607
0.770083
0.774711
0.7795
0.784433
0.789606
0.794977
0.800554
0.806566
0.812847
0.819479
0.826297
0.833195
0.840351
0.847694
0.855185
0.862704
0.870216
0.877481
0.884887
0.892395
0.900303
0.90844
0.916936
0.925699
0.933638
0.940308
0.947226
0.954523
0.962177
0.970115
0.978527
0.988016
0.994011
0.995614
0.991923
0.983808
0.960433
0.921798
0.846604
0.811277
0.824445
0.840095
0.83795
0.830542
0.813767
0.77522
0.729957
0.705434
0.727692
1.40843
1.40823
1.4065
1.39122
1.28733
0.9716
0.528634
0.509368
0.538796
0.565566
0.565241
0.566722
0.570567
0.5768
0.581051
0.585354
0.589916
0.594816
0.600272
0.606397
0.613211
0.620907
0.628597
0.635713
0.642864
0.649863
0.656543
0.663033
0.669252
0.674826
0.679835
0.684497
0.689098
0.693712
0.698436
0.703337
0.708469
0.713818
0.719348
0.724973
0.730606
0.736196
0.741237
0.745512
0.749566
0.75351
0.757434
0.761278
0.76518
0.769135
0.773147
0.777275
0.781544
0.786004
0.790653
0.795599
0.800827
0.806329
0.812167
0.81833
0.824793
0.831451
0.838284
0.84525
0.852438
0.85976
0.867271
0.874707
0.882099
0.88933
0.896808
0.904495
0.912512
0.920789
0.929457
0.936862
0.943122
0.949978
0.956977
0.964509
0.972312
0.980447
0.988869
0.996522
1.0072
1.00487
1.00086
0.992602
0.972252
0.928045
0.869352
0.815262
0.816843
0.817719
0.808344
0.779399
0.723484
0.707263
0.729636
0.729924
1.40843
1.40824
1.40655
1.39086
1.2797
0.957267
0.514253
0.521089
0.542963
0.566804
0.565834
0.566993
0.570812
0.57639
0.58037
0.584638
0.589562
0.595229
0.601526
0.608408
0.615971
0.623947
0.631235
0.638017
0.644889
0.651462
0.657606
0.663395
0.668712
0.673625
0.678219
0.682758
0.687333
0.692035
0.696931
0.702094
0.707555
0.713295
0.719248
0.725314
0.731316
0.73736
0.742776
0.747377
0.751482
0.75545
0.759208
0.762949
0.766739
0.770604
0.774547
0.778595
0.782782
0.787153
0.791731
0.79658
0.801692
0.807055
0.812736
0.818731
0.825086
0.831717
0.838572
0.845592
0.852761
0.860123
0.867563
0.875099
0.88246
0.889834
0.897352
0.905087
0.913119
0.92135
0.930008
0.937102
0.943492
0.950257
0.957115
0.964555
0.972439
0.980655
0.988343
0.995698
1.00345
1.01351
1.01687
1.01012
1.00114
0.982814
0.925489
0.864036
0.809337
0.763736
0.737738
0.699463
0.70239
0.720242
0.724601
0.723261
1.40843
1.40824
1.4065
1.39085
1.28309
0.962891
0.514776
0.516558
0.539183
0.563399
0.562415
0.56375
0.567993
0.574002
0.578282
0.582764
0.587831
0.593658
0.600275
0.607652
0.615766
0.623798
0.630765
0.637241
0.643776
0.649906
0.655486
0.660713
0.665654
0.670329
0.674885
0.679483
0.684215
0.68916
0.694408
0.700009
0.705961
0.712215
0.718591
0.724857
0.731061
0.737169
0.742658
0.747358
0.751573
0.755569
0.759339
0.763059
0.766833
0.770664
0.774566
0.778566
0.782706
0.787028
0.791569
0.79638
0.80148
0.80685
0.812532
0.818535
0.824884
0.831507
0.838383
0.845408
0.85258
0.859933
0.867379
0.874883
0.882296
0.889688
0.897183
0.904917
0.91292
0.921104
0.929708
0.936751
0.942993
0.949606
0.956652
0.964181
0.972223
0.980017
0.98863
0.994277
1.00138
1.01067
1.02142
1.01849
1.01252
0.996909
0.963319
0.902873
0.823821
0.749039
0.663491
0.674316
0.696227
0.704196
0.706933
0.705884
)
;

boundaryField
{
    inlet
    {
        type            calculated;
        value           uniform 1.40845;
    }
    outlet
    {
        type            calculated;
        value           nonuniform List<scalar> 
40
(
0.599638
0.656864
0.71942
0.765109
0.797887
0.820879
0.835371
0.844535
0.849749
0.853655
0.85835
0.865057
0.874519
0.88041
0.8853
0.889449
0.892673
0.896257
0.900664
0.905305
0.909868
0.914824
0.920205
0.926002
0.931959
0.937499
0.943607
0.94629
0.946003
0.941412
0.928815
0.905022
0.871105
0.834926
0.793311
0.751028
0.727692
0.729924
0.723261
0.705884
)
;
    }
    bottom
    {
        type            symmetryPlane;
    }
    top
    {
        type            symmetryPlane;
    }
    obstacle
    {
        type            calculated;
        value           nonuniform List<scalar> 
110
(
0.592366
0.593023
0.595023
0.597537
0.60076
0.605428
0.611714
0.622298
0.639751
0.683522
0.705511
0.624154
0.514768
0.522774
0.527147
0.518655
0.511582
0.515307
0.548964
0.562766
0.564842
0.564592
0.564086
0.560903
0.558525
0.574415
0.585658
0.59075
0.591721
0.591789
0.591139
0.5907
0.590492
0.591796
0.594782
0.597388
0.59887
0.59976
0.600373
0.599556
0.600413
0.600113
0.598796
0.595985
0.586466
0.579093
0.57382
0.564538
0.556756
0.550092
0.543724
0.532723
0.525797
0.519436
0.514543
0.512396
0.510936
0.508343
0.507434
0.50115
0.502924
0.504841
0.507035
0.509177
0.51111
0.513297
0.515607
0.51794
0.52027
0.522683
0.525044
0.527417
0.529756
0.532131
0.534544
0.536881
0.539232
0.541461
0.543722
0.545866
0.548047
0.550128
0.552227
0.554274
0.556323
0.558239
0.560168
0.562016
0.563891
0.565704
0.567546
0.569334
0.571159
0.572946
0.574772
0.576583
0.578431
0.580275
0.582154
0.58403
0.585925
0.587823
0.589735
0.591681
0.593647
0.595725
0.597839
0.601329
0.601358
0.599638
)
;
    }
    defaultFaces
    {
        type            empty;
    }
}


// ************************************************************************* //
