/*--------------------------------*- C++ -*----------------------------------*\
| =========                 |                                                 |
| \\      /  F ield         | OpenFOAM: The Open Source CFD Toolbox           |
|  \\    /   O peration     | Version:  v2106                                 |
|   \\  /    A nd           | Website:  www.openfoam.com                      |
|    \\/     M anipulation  |                                                 |
\*---------------------------------------------------------------------------*/
FoamFile
{
    version     2.0;
    format      ascii;
    arch        "LSB;label=32;scalar=64";
    class       volScalarField;
    location    "9";
    object      rho;
}
// * * * * * * * * * * * * * * * * * * * * * * * * * * * * * * * * * * * * * //

dimensions      [1 -3 0 0 0 0 0];

internalField   nonuniform List<scalar> 
5250
(
1.40845
1.40845
1.40845
1.40845
1.40845
1.40845
1.40845
1.40845
1.40845
1.40842
1.40819
1.40627
1.39496
1.48851
2.08925
4.21213
7.76247
6.59704
6.85884
6.99236
7.03491
7.09812
7.1553
7.21961
7.21786
1.40845
1.40845
1.40845
1.40845
1.40845
1.40845
1.40845
1.40845
1.40845
1.40842
1.4082
1.40636
1.39491
1.48493
2.07634
4.13625
7.81384
6.60419
6.87076
6.99847
7.04063
7.10244
7.15904
7.22142
7.21754
1.40845
1.40845
1.40845
1.40845
1.40845
1.40845
1.40845
1.40845
1.40845
1.40843
1.40821
1.40658
1.39486
1.47699
2.04551
3.93143
7.87433
6.60342
6.87705
7.00902
7.04277
7.09807
7.15166
7.21309
7.20396
1.40845
1.40845
1.40845
1.40845
1.40845
1.40845
1.40845
1.40845
1.40845
1.40843
1.40821
1.40692
1.39499
1.46628
1.99999
3.66184
7.85814
6.55411
6.83152
6.97865
7.01837
7.0779
7.13429
7.1878
7.17931
1.40845
1.40845
1.40845
1.40845
1.40845
1.40845
1.40845
1.40845
1.40845
1.40843
1.40821
1.40733
1.39541
1.45344
1.93637
3.41197
7.72918
6.47475
6.74554
6.92114
6.96468
7.03968
7.09299
7.15566
7.14537
1.40845
1.40845
1.40845
1.40845
1.40845
1.40845
1.40845
1.40845
1.40845
1.40844
1.40829
1.40733
1.39565
1.43989
1.86324
3.12355
7.5182
6.37765
6.63115
6.82712
6.89318
6.97498
7.04918
7.09425
7.09012
1.40845
1.40845
1.40845
1.40845
1.40845
1.40845
1.40845
1.40845
1.40845
1.40844
1.40832
1.40749
1.39659
1.42741
1.79013
2.79681
7.12894
6.25714
6.46241
6.6949
6.78846
6.8824
6.9617
7.02535
7.01785
1.40845
1.40845
1.40845
1.40845
1.40845
1.40845
1.40845
1.40845
1.40845
1.40845
1.40828
1.4079
1.39818
1.41801
1.73952
2.55913
6.73622
6.14233
6.28058
6.50637
6.64045
6.77467
6.85093
6.92685
6.90249
1.40845
1.40845
1.40845
1.40845
1.40845
1.40845
1.40845
1.40845
1.40845
1.40845
1.40831
1.40808
1.39983
1.40925
1.6738
2.35286
6.35827
6.01917
6.09082
6.27036
6.45428
6.56483
6.69232
6.7174
6.74062
1.40845
1.40845
1.40845
1.40845
1.40845
1.40845
1.40845
1.40845
1.40845
1.40846
1.40829
1.40838
1.40023
1.40995
1.61812
2.18342
6.01618
6.01751
6.01147
6.06537
6.23183
6.36221
6.43487
6.60786
6.47828
1.40845
1.40845
1.40845
1.40845
1.40845
1.40845
1.40845
1.40845
1.40845
1.40845
1.40839
1.4081
1.40413
1.39959
1.55304
1.98878
5.31902
6.17712
6.00819
5.92873
6.01353
6.1353
6.12239
6.26996
5.40045
1.40845
1.40845
1.40845
1.40845
1.40845
1.40845
1.40845
1.40845
1.40845
1.40844
1.40846
1.40796
1.40705
1.38832
1.49215
1.81828
4.55614
6.39735
5.96853
5.84668
5.81743
5.87974
5.71331
5.63833
5.30528
1.40845
1.40845
1.40845
1.40845
1.40845
1.40845
1.40845
1.40845
1.40845
1.40845
1.40843
1.40825
1.40723
1.39528
1.45063
1.87916
3.67593
6.72288
6.01026
5.85323
5.72347
5.67466
5.51259
5.2716
5.30797
1.40845
1.40845
1.40845
1.40845
1.40845
1.40845
1.40845
1.40845
1.40845
1.40845
1.40844
1.4083
1.40768
1.3973
1.42193
1.76304
2.84336
6.49057
6.07731
5.89864
5.69833
5.56758
5.37912
5.15863
5.09172
1.40845
1.40845
1.40845
1.40845
1.40845
1.40845
1.40845
1.40845
1.40845
1.40845
1.40846
1.40827
1.40837
1.39908
1.41533
1.64047
2.30823
5.77515
6.05635
5.95808
5.71291
5.5065
5.26242
5.03854
4.84183
1.40845
1.40845
1.40845
1.40845
1.40845
1.40845
1.40845
1.40845
1.40845
1.40845
1.40845
1.4084
1.40811
1.40458
1.40061
1.52987
1.89607
4.61495
6.09589
6.03308
5.77448
5.47732
5.23042
4.96821
4.69231
1.40845
1.40845
1.40845
1.40845
1.40845
1.40845
1.40845
1.40845
1.40845
1.40845
1.40844
1.40848
1.40797
1.40851
1.38751
1.44685
1.67973
3.51359
5.93715
5.87031
5.68077
5.47148
5.22838
4.96395
4.66175
1.40845
1.40845
1.40845
1.40845
1.40845
1.40845
1.40845
1.40845
1.40845
1.40845
1.40845
1.40846
1.40823
1.4081
1.39714
1.42356
1.72019
2.58591
5.56326
5.70011
5.68291
5.48711
5.25636
4.98429
4.68389
1.40845
1.40845
1.40845
1.40845
1.40845
1.40845
1.40845
1.40845
1.40845
1.40845
1.40845
1.40845
1.40838
1.40801
1.40369
1.40192
1.58253
2.04619
4.66882
5.69073
5.6986
5.48578
5.26361
5.01452
4.71946
1.40845
1.40845
1.40845
1.40845
1.40845
1.40845
1.40845
1.40845
1.40845
1.40845
1.40845
1.40844
1.40849
1.40784
1.40845
1.38261
1.49502
1.65488
3.54701
5.54939
5.62085
5.41406
5.20911
4.99428
4.74405
1.40845
1.40845
1.40845
1.40845
1.40845
1.40845
1.40845
1.40845
1.40845
1.40845
1.40845
1.40845
1.40844
1.40834
1.4076
1.40188
1.41671
1.6483
2.4526
5.05302
5.38288
5.40204
5.21184
5.00024
4.765
1.40845
1.40845
1.40845
1.40845
1.40845
1.40845
1.40845
1.40845
1.40845
1.40845
1.40845
1.40845
1.40842
1.40874
1.40684
1.41272
1.35595
1.57854
1.91863
4.01457
5.39191
5.42477
5.24291
5.03762
4.80394
1.40845
1.40845
1.40845
1.40845
1.40845
1.40845
1.40845
1.40845
1.40845
1.40845
1.40845
1.40845
1.40845
1.40844
1.40827
1.40731
1.39972
1.44012
1.61348
2.849
5.09298
5.21057
5.19486
5.03444
4.83078
1.40845
1.40845
1.40845
1.40845
1.40845
1.40845
1.40845
1.40845
1.40845
1.40845
1.40845
1.40845
1.40845
1.40842
1.40882
1.40639
1.41466
1.34124
1.56392
2.07319
4.23385
5.21673
5.22896
5.06309
4.86418
1.40845
1.40845
1.40845
1.40845
1.40845
1.40845
1.40845
1.40845
1.40845
1.40845
1.40845
1.40845
1.40845
1.40845
1.40843
1.4082
1.4072
1.39736
1.46405
1.56182
3.109
5.02642
5.11651
5.03952
4.87778
1.40845
1.40845
1.40845
1.40845
1.40845
1.40845
1.40845
1.40845
1.40845
1.40845
1.40845
1.40845
1.40845
1.40844
1.40842
1.40887
1.40649
1.41401
1.34274
1.52179
2.10981
4.20536
5.02472
5.0521
4.89919
1.40845
1.40845
1.40845
1.40845
1.40845
1.40845
1.40845
1.40845
1.40845
1.40845
1.40845
1.40845
1.40845
1.40845
1.40845
1.40843
1.40818
1.40727
1.39637
1.47529
1.58732
3.08435
4.82924
4.9241
4.86818
1.40845
1.40845
1.40845
1.40845
1.40845
1.40845
1.40845
1.40845
1.40845
1.40845
1.40845
1.40845
1.40845
1.40845
1.40844
1.40841
1.40889
1.40601
1.41548
1.34013
1.49471
2.06469
4.01154
4.84026
4.87072
1.40845
1.40845
1.40845
1.40845
1.40845
1.40845
1.40845
1.40845
1.40845
1.40845
1.40845
1.40845
1.40845
1.40845
1.40845
1.40845
1.40844
1.40816
1.40772
1.39433
1.46607
1.55524
2.93528
4.61558
4.72907
1.40845
1.40845
1.40845
1.40845
1.40845
1.40845
1.40845
1.40845
1.40845
1.40845
1.40845
1.40845
1.40845
1.40845
1.40845
1.40845
1.40844
1.40879
1.40541
1.41149
1.35371
1.49343
1.97952
3.73828
4.69114
1.40845
1.40845
1.40845
1.40845
1.40845
1.40845
1.40845
1.40845
1.40845
1.40845
1.40845
1.40845
1.40845
1.40845
1.40845
1.40845
1.40844
1.40845
1.40815
1.40786
1.39496
1.44593
1.50776
2.67668
4.32542
1.40845
1.40845
1.40845
1.40845
1.40845
1.40845
1.40845
1.40845
1.40845
1.40845
1.40845
1.40845
1.40845
1.40845
1.40845
1.40845
1.40845
1.40845
1.40865
1.40571
1.40791
1.36703
1.50114
1.8128
3.34159
1.40845
1.40845
1.40845
1.40845
1.40845
1.40845
1.40845
1.40845
1.40845
1.40845
1.40845
1.40845
1.40845
1.40845
1.40845
1.40845
1.40845
1.40845
1.40844
1.40825
1.40782
1.39815
1.41803
1.54037
2.39488
1.40845
1.40845
1.40845
1.40845
1.40845
1.40845
1.40845
1.40845
1.40845
1.40845
1.40845
1.40845
1.40845
1.40845
1.40845
1.40845
1.40845
1.40845
1.40845
1.40846
1.40788
1.40658
1.38729
1.50473
1.68175
1.40845
1.40845
1.40845
1.40845
1.40845
1.40845
1.40845
1.40845
1.40845
1.40845
1.40845
1.40845
1.40845
1.40845
1.40845
1.40845
1.40845
1.40845
1.40845
1.40846
1.40823
1.40597
1.43539
1.3068
1.41001
1.40845
1.40845
1.40845
1.40845
1.40845
1.40845
1.40845
1.40845
1.40845
1.40845
1.40845
1.40845
1.40845
1.40845
1.40845
1.40845
1.40845
1.40845
1.40845
1.40844
1.40846
1.40809
1.40871
1.39524
1.42417
1.40845
1.40845
1.40845
1.40845
1.40845
1.40845
1.40845
1.40845
1.40845
1.40845
1.40845
1.40845
1.40845
1.40845
1.40845
1.40845
1.40845
1.40845
1.40845
1.40845
1.40845
1.40846
1.40834
1.40992
1.37155
1.40845
1.40845
1.40845
1.40845
1.40845
1.40845
1.40845
1.40845
1.40845
1.40845
1.40845
1.40845
1.40845
1.40845
1.40845
1.40845
1.40845
1.40845
1.40845
1.40845
1.40845
1.40842
1.40842
1.40873
1.42892
1.40845
1.40845
1.40845
1.40845
1.40845
1.40845
1.40845
1.40845
1.40845
1.40845
1.40845
1.40845
1.40845
1.40845
1.40845
1.40845
1.40845
1.40845
1.40845
1.40845
1.40845
1.40847
1.40833
1.40836
1.40896
1.40845
1.40845
1.40845
1.40845
1.40845
1.40845
1.40845
1.40845
1.40845
1.40845
1.40845
1.40845
1.40845
1.40845
1.40845
1.40845
1.40845
1.40845
1.40845
1.40845
1.40845
1.40845
1.40845
1.40838
1.40842
1.40845
1.40845
1.40845
1.40845
1.40845
1.40845
1.40845
1.40845
1.40845
1.40845
1.40845
1.40845
1.40845
1.40845
1.40845
1.40845
1.40845
1.40845
1.40845
1.40845
1.40845
1.40845
1.40845
1.40846
1.40825
1.40845
1.40845
1.40845
1.40845
1.40845
1.40845
1.40845
1.40845
1.40845
1.40845
1.40845
1.40845
1.40845
1.40845
1.40845
1.40845
1.40845
1.40845
1.40845
1.40845
1.40845
1.40845
1.40845
1.40845
1.40846
1.40845
1.40845
1.40845
1.40845
1.40845
1.40845
1.40845
1.40845
1.40845
1.40845
1.40845
1.40845
1.40845
1.40845
1.40845
1.40845
1.40845
1.40845
1.40845
1.40845
1.40845
1.40845
1.40845
1.40845
1.40845
1.40845
1.40845
1.40845
1.40845
1.40845
1.40845
1.40845
1.40845
1.40845
1.40845
1.40845
1.40845
1.40845
1.40845
1.40845
1.40845
1.40845
1.40845
1.40845
1.40845
1.40845
1.40845
1.40845
1.40845
1.40845
1.40845
1.40845
1.40845
1.40845
1.40845
1.40845
1.40845
1.40845
1.40845
1.40845
1.40845
1.40845
1.40845
1.40845
1.40845
1.40845
1.40845
1.40845
1.40845
1.40845
1.40845
1.40845
1.40845
1.40845
1.40845
1.40845
1.40845
1.40845
1.40845
1.40845
1.40845
1.40845
1.40845
1.40845
1.40845
1.40845
1.40845
1.40845
1.40845
1.40845
1.40845
1.40845
1.40845
1.40845
1.40845
1.40845
1.40845
1.40845
1.40845
1.40845
1.40845
1.40845
1.40845
1.40845
1.40845
1.40845
1.40845
1.40845
1.40845
1.40845
1.40845
1.40845
1.40845
1.40845
1.40845
1.40845
1.40845
1.40845
1.40845
1.40845
1.40845
1.40845
1.40845
1.40845
1.40845
1.40845
1.40845
1.40845
1.40845
1.40845
1.40845
1.40845
1.40845
1.40845
1.40845
1.40845
1.40845
1.40845
1.40845
1.40845
1.40845
1.40845
1.40845
1.40845
1.40845
1.40845
1.40845
1.40845
1.40845
1.40845
1.40845
1.40845
1.40845
1.40845
1.40845
1.40845
1.40845
1.40845
1.40845
1.40845
1.40845
1.40845
1.40845
1.40845
1.40845
1.40845
1.40845
1.40845
1.40845
1.40845
1.40845
1.40845
1.40845
1.40845
1.40845
1.40845
1.40845
1.40845
1.40845
1.40845
1.40845
1.40845
1.40845
1.40845
1.40845
1.40845
1.40845
1.40845
1.40845
1.40845
1.40845
1.40845
1.40845
1.40845
1.40845
1.40845
1.40845
1.40845
1.40845
1.40845
1.91475
1.9077
1.97194
1.71185
1.85111
1.8205
1.69663
1.49525
1.44186
1.42575
1.42982
1.43372
1.4308
1.40343
1.33941
1.30123
1.27988
1.27521
1.27557
1.27737
1.2768
1.27279
1.26507
1.25849
1.25567
1.25316
1.25288
1.25334
1.25917
1.2619
1.28019
1.30709
1.3457
1.40341
1.45434
1.50611
1.57902
1.64848
1.71514
1.79235
1.87993
1.95691
2.02989
2.11677
2.1822
2.23802
2.29862
2.34923
2.38659
2.4006
2.43945
2.46327
2.48577
2.50071
2.5101
2.51688
2.51917
2.51678
2.51168
2.50485
2.49599
2.48507
2.47225
2.45819
2.44311
2.42689
2.41041
2.39346
2.37688
2.35994
2.3434
2.32647
2.30973
2.29262
2.27543
2.25788
2.2408
2.22386
2.20756
2.19138
2.17573
2.16011
2.14498
2.12979
2.11499
2.1001
2.08543
2.07065
2.056
2.04113
2.02629
2.01116
1.99609
1.98063
1.96525
1.94933
1.93332
1.9198
1.89531
1.876
2.80827
2.51047
2.07151
1.76564
1.91082
1.87099
1.74382
1.40109
1.28438
1.26163
1.29036
1.29909
1.28666
1.24848
1.19584
1.17324
1.15532
1.14806
1.14822
1.14829
1.14833
1.14265
1.13366
1.12418
1.1183
1.11291
1.11393
1.11495
1.12396
1.12801
1.14377
1.16668
1.1907
1.23967
1.28606
1.3302
1.40378
1.47817
1.55867
1.64575
1.73235
1.83154
1.90676
1.97848
2.06452
2.13039
2.20895
2.29332
2.35379
2.42203
2.48195
2.52947
2.57865
2.61587
2.63967
2.66152
2.68133
2.69227
2.693
2.69015
2.68533
2.67771
2.66691
2.65482
2.642
2.62755
2.61209
2.59676
2.58212
2.56712
2.55245
2.53683
2.52087
2.50404
2.48677
2.46837
2.45019
2.43167
2.4138
2.39583
2.37836
2.36107
2.34433
2.32775
2.31162
2.2955
2.27966
2.26375
2.24799
2.23205
2.2161
2.19985
2.18356
2.16702
2.15036
2.13334
2.116
2.10093
2.07411
2.05183
3.74282
3.01102
2.54196
2.08776
1.99021
1.90587
1.70376
1.35904
1.22442
1.22276
1.23584
1.2662
1.28876
1.24957
1.20353
1.11687
1.08362
1.07755
1.08074
1.08888
1.08912
1.08529
1.07538
1.06556
1.05824
1.05445
1.05577
1.05228
1.06053
1.06362
1.07683
1.09967
1.12272
1.17249
1.23077
1.28275
1.33922
1.39346
1.45193
1.53287
1.63382
1.7594
1.88159
2.0271
2.15815
2.27308
2.37481
2.48234
2.57714
2.66004
2.73581
2.79126
2.84533
2.89247
2.91587
2.93614
2.95381
2.96715
2.97216
2.9715
2.9679
2.96205
2.95082
2.93501
2.91748
2.89925
2.88021
2.8615
2.84366
2.82653
2.81007
2.79332
2.77556
2.75704
2.73818
2.71807
2.69805
2.67785
2.65807
2.63771
2.61765
2.59767
2.57827
2.55913
2.54052
2.52202
2.50379
2.48555
2.46742
2.44917
2.43089
2.41246
2.39393
2.37524
2.35636
2.33722
2.31764
2.29987
2.27007
2.24318
4.35766
3.50182
2.9708
2.47927
2.2131
2.05018
1.89239
1.63262
1.42405
1.29488
1.25679
1.26403
1.26392
1.24136
1.17451
1.08458
1.0617
1.06145
1.0677
1.07685
1.09819
1.10497
1.09557
1.08396
1.08305
1.06482
1.06151
1.05264
1.06051
1.06421
1.07594
1.09538
1.10088
1.11889
1.16827
1.21894
1.28885
1.38833
1.50474
1.64399
1.79263
1.94065
2.1172
2.24828
2.39298
2.53048
2.63311
2.7353
2.84418
2.92082
2.98745
3.04169
3.08732
3.13283
3.14738
3.15926
3.17427
3.18644
3.18832
3.18393
3.17393
3.16263
3.15013
3.13594
3.11969
3.0998
3.07631
3.05371
3.03263
3.01285
2.99385
2.9751
2.95588
2.9359
2.91558
2.89361
2.87152
2.85022
2.82947
2.80851
2.78753
2.76628
2.74523
2.72442
2.70387
2.6835
2.66336
2.64341
2.62359
2.60384
2.58409
2.56436
2.54451
2.52466
2.50464
2.48441
2.46365
2.44371
2.41253
2.38086
4.44176
3.8471
3.28605
2.86074
2.60662
2.35376
2.13493
1.89292
1.6061
1.44646
1.37978
1.35855
1.31939
1.29212
1.25579
1.19053
1.13375
1.0909
1.07788
1.07751
1.08199
1.08345
1.08274
1.07607
1.0734
1.05748
1.06339
1.06023
1.06957
1.06917
1.07084
1.07706
1.09205
1.13568
1.20515
1.28549
1.3892
1.51744
1.6577
1.80331
1.94492
2.1112
2.28338
2.43473
2.58438
2.71711
2.82036
2.92481
3.01835
3.09092
3.16288
3.21112
3.26073
3.27988
3.29282
3.31018
3.3284
3.33554
3.32783
3.31914
3.30839
3.29859
3.28945
3.27521
3.25413
3.22995
3.20676
3.18525
3.16444
3.14385
3.12305
3.102
3.08074
3.05926
3.03808
3.0142
2.99042
2.96816
2.94643
2.92493
2.90342
2.88147
2.85973
2.83825
2.81688
2.79565
2.7745
2.75349
2.73258
2.7118
2.69112
2.67063
2.65007
2.62947
2.6086
2.58743
2.56577
2.54383
2.51318
2.47832
4.40998
3.99759
3.53495
3.13456
2.89922
2.6988
2.4668
2.21324
1.90481
1.68955
1.58499
1.5275
1.45903
1.39459
1.32769
1.24571
1.19078
1.15514
1.1406
1.12776
1.12189
1.10885
1.10405
1.08918
1.09122
1.07484
1.07852
1.0619
1.06927
1.07074
1.07721
1.09539
1.12325
1.17068
1.24248
1.33444
1.45507
1.59734
1.74098
1.90377
2.06077
2.23511
2.38649
2.55494
2.68259
2.81325
2.92551
3.01483
3.09141
3.17802
3.25262
3.31793
3.36043
3.37674
3.39319
3.40836
3.41497
3.41955
3.41733
3.41533
3.41123
3.40106
3.38476
3.36295
3.33917
3.3168
3.29649
3.27695
3.25532
3.23282
3.21009
3.18715
3.16376
3.14032
3.11605
3.09078
3.06731
3.04537
3.024
3.00246
2.98018
2.95758
2.9353
2.91334
2.89143
2.86971
2.84812
2.82666
2.80531
2.78421
2.76326
2.74244
2.72152
2.70046
2.67918
2.65764
2.63564
2.61248
2.58241
2.54508
4.30894
4.01801
3.67296
3.35622
3.1123
2.95061
2.76145
2.56597
2.28837
2.03259
1.85595
1.7691
1.68882
1.59675
1.51655
1.41314
1.33731
1.27717
1.23614
1.20878
1.1911
1.17037
1.15296
1.13066
1.11913
1.09831
1.0994
1.08942
1.09123
1.10561
1.11716
1.13694
1.18456
1.26127
1.3753
1.48397
1.60402
1.71233
1.82419
1.93673
2.05309
2.17707
2.30831
2.45046
2.60066
2.79647
2.94951
3.05868
3.14261
3.20918
3.26297
3.34929
3.40518
3.42951
3.45669
3.45854
3.45534
3.46345
3.46525
3.46726
3.46515
3.44972
3.42947
3.41006
3.39047
3.37036
3.35061
3.32849
3.3055
3.28246
3.25904
3.235
3.21078
3.18698
3.16236
3.13771
3.11433
3.092
3.06983
3.04737
3.02474
3.00228
2.98006
2.95817
2.93641
2.91481
2.89333
2.8719
2.85048
2.82919
2.80807
2.78715
2.76618
2.74492
2.7233
2.70119
2.67849
2.65418
2.62366
2.58463
4.32849
4.01749
3.73475
3.47318
3.24527
3.10704
2.95565
2.79368
2.57891
2.36092
2.14425
2.0095
1.92211
1.84185
1.75388
1.65941
1.5449
1.44962
1.38716
1.34791
1.32427
1.29077
1.26382
1.22179
1.20667
1.17038
1.17897
1.14886
1.15311
1.20255
1.24683
1.29918
1.37397
1.48465
1.56911
1.64791
1.72998
1.80689
1.88171
1.95235
2.03814
2.11954
2.21492
2.31616
2.43214
2.5781
2.73431
2.98499
3.16364
3.22693
3.27918
3.32878
3.37957
3.43071
3.47612
3.49771
3.49297
3.48889
3.48797
3.48444
3.47895
3.468
3.4549
3.4402
3.42063
3.39981
3.37939
3.35652
3.33112
3.30567
3.28118
3.25842
3.23736
3.21419
3.18829
3.16348
3.13979
3.11675
3.09417
3.07214
3.0504
3.02889
3.00725
2.98552
2.96362
2.94161
2.91947
2.89723
2.87526
2.85377
2.83279
2.8121
2.79107
2.76962
2.74767
2.72519
2.70218
2.67765
2.64713
2.6072
4.37844
4.05517
3.78087
3.53741
3.35302
3.20677
3.08435
2.94634
2.80532
2.60512
2.41122
2.24968
2.14008
2.06376
1.98057
1.90436
1.80292
1.69129
1.60063
1.54191
1.50352
1.46282
1.42897
1.38853
1.34487
1.31751
1.28708
1.31884
1.30849
1.42024
1.50149
1.58804
1.69835
1.78709
1.79493
1.81741
1.86134
1.90674
1.94829
1.99505
2.04189
2.08701
2.14054
2.19261
2.2694
2.37386
2.4991
2.66197
2.85875
3.14728
3.35226
3.35239
3.35692
3.38262
3.41389
3.46975
3.48207
3.48815
3.48667
3.47393
3.47226
3.46875
3.45834
3.44286
3.42647
3.40773
3.38611
3.36383
3.34139
3.31906
3.2974
3.27514
3.25003
3.22499
3.20032
3.17597
3.15248
3.13057
3.10951
3.08844
3.06649
3.04437
3.02216
2.99989
2.97757
2.95529
2.9332
2.91146
2.89019
2.869
2.84757
2.82585
2.80387
2.78162
2.75913
2.73632
2.71307
2.68833
2.65742
2.61637
4.44876
4.11771
3.84491
3.59024
3.43651
3.2716
3.16591
3.04738
2.91404
2.76736
2.59487
2.42263
2.31124
2.23049
2.15771
2.08341
2.00198
1.91223
1.81094
1.74039
1.69337
1.66094
1.61806
1.59044
1.54184
1.52907
1.4971
1.51664
1.69974
1.85997
1.93199
2.01545
2.08636
2.05458
2.00512
1.99236
1.99598
2.00426
2.01855
2.04815
2.06927
2.09386
2.11405
2.13608
2.18214
2.22831
2.29688
2.41158
2.55816
2.69476
3.03364
3.29082
3.39796
3.38795
3.39538
3.40875
3.43998
3.4698
3.47295
3.46605
3.46769
3.46884
3.46384
3.44556
3.42554
3.40634
3.38772
3.36838
3.34872
3.32855
3.30813
3.28564
3.26121
3.23776
3.21463
3.19199
3.17041
3.14783
3.1242
3.10132
3.07858
3.05601
3.03368
3.01178
2.99037
2.96938
2.94834
2.92605
2.90336
2.88059
2.85782
2.83498
2.81211
2.78918
2.76616
2.7428
2.71888
2.69333
2.6614
2.61943
4.51086
4.19794
3.91715
3.66906
3.49021
3.329
3.22589
3.1178
2.9966
2.86471
2.72405
2.55646
2.43105
2.34447
2.26975
2.21275
2.15712
2.07939
1.99174
1.90576
1.84559
1.80823
1.77981
1.75141
1.73185
1.72278
1.77029
1.85612
2.29858
2.37
2.44147
2.48414
2.44572
2.34031
2.2751
2.23634
2.20408
2.17998
2.16386
2.13717
2.11809
2.12224
2.11807
2.12709
2.14342
2.15698
2.19173
2.23831
2.29916
2.42115
2.59891
2.78731
3.17417
3.41952
3.43843
3.40157
3.40533
3.41343
3.45334
3.46632
3.47052
3.46535
3.4503
3.43949
3.43133
3.41916
3.40238
3.38252
3.36152
3.33893
3.31629
3.29317
3.26968
3.24617
3.22346
3.20233
3.18182
3.1594
3.13574
3.11305
3.09089
3.06908
3.04749
3.02591
3.00402
2.98172
2.95882
2.93593
2.91329
2.89068
2.868
2.84515
2.82206
2.79867
2.77497
2.75078
2.72602
2.69977
2.66725
2.62473
4.55998
4.28082
4.00119
3.75902
3.5466
3.3844
3.26457
3.16418
3.05757
2.9388
2.80914
2.66907
2.53858
2.4355
2.35634
2.30756
2.24988
2.1889
2.12942
2.04909
1.97311
1.92471
1.89591
1.88094
1.88373
1.91555
2.06392
2.32207
2.80277
2.88053
2.91085
2.87002
2.73615
2.64018
2.56886
2.49616
2.44231
2.39195
2.34661
2.29311
2.25357
2.2012
2.16552
2.14405
2.13952
2.14313
2.14757
2.15243
2.17658
2.23742
2.32699
2.48464
2.66527
3.03044
3.36733
3.4571
3.44229
3.41686
3.41717
3.43313
3.44898
3.46211
3.45931
3.44786
3.44173
3.43388
3.41898
3.39943
3.37872
3.35168
3.32809
3.30678
3.28579
3.26479
3.24359
3.22293
3.19985
3.1769
3.15489
3.13311
3.11123
3.089
3.06658
3.04404
3.02136
2.99852
2.97552
2.95235
2.92937
2.90654
2.88373
2.86065
2.83709
2.81304
2.78858
2.76364
2.7382
2.71127
2.67784
2.63418
4.59776
4.34703
4.07304
3.83744
3.62321
3.46127
3.31764
3.21129
3.10242
2.98775
2.87948
2.74548
2.62506
2.52534
2.43216
2.36745
2.3124
2.26617
2.21304
2.14914
2.0643
2.00997
1.99451
1.98943
2.01669
2.1303
2.31346
2.93889
3.21308
3.24361
3.21155
3.09341
2.98647
2.88803
2.79532
2.7023
2.62609
2.55314
2.48614
2.42584
2.37404
2.3253
2.28565
2.22576
2.18544
2.15287
2.13908
2.13708
2.14822
2.16523
2.20298
2.26759
2.38173
2.56825
2.76814
3.20742
3.48087
3.49085
3.4399
3.41092
3.40802
3.43561
3.45716
3.45707
3.44825
3.4384
3.42244
3.40192
3.38342
3.36523
3.34421
3.32352
3.30226
3.28237
3.2626
3.24248
3.22155
3.19997
3.17791
3.15643
3.13506
3.11379
3.0926
3.07124
3.04911
3.02625
3.00311
2.97988
2.95678
2.9337
2.91036
2.8865
2.86202
2.83683
2.81135
2.78548
2.75917
2.73134
2.69663
2.65142
4.63905
4.40592
4.14729
3.92084
3.71038
3.53535
3.38736
3.27483
3.16119
3.04184
2.92625
2.81339
2.68422
2.59358
2.49561
2.41713
2.36053
2.31432
2.26335
2.21774
2.12515
2.08062
2.0753
2.08885
2.17636
2.39463
2.89087
3.4553
3.4751
3.44873
3.38744
3.29696
3.20137
3.09735
2.99154
2.88717
2.79486
2.7088
2.63445
2.56945
2.50958
2.43921
2.37559
2.3304
2.28347
2.24318
2.19664
2.17087
2.16151
2.15982
2.1656
2.17543
2.21439
2.29512
2.43245
2.62541
2.94602
3.33378
3.4689
3.46244
3.38916
3.38795
3.39731
3.42877
3.4261
3.41399
3.40341
3.38704
3.36722
3.34916
3.3301
3.31123
3.29281
3.27483
3.25737
3.23828
3.21821
3.19782
3.17687
3.15554
3.13499
3.11485
3.09406
3.07296
3.0514
3.02946
3.00724
2.98473
2.96182
2.93858
2.91487
2.89061
2.86575
2.84016
2.81448
2.78863
2.7625
2.73506
2.7014
2.65575
4.67255
4.45218
4.20174
3.9752
3.78163
3.60567
3.45357
3.33814
3.22927
3.11611
2.9872
2.8754
2.74958
2.64195
2.56257
2.47056
2.40562
2.34941
2.31242
2.26132
2.19249
2.15665
2.16031
2.22392
2.44943
2.81502
3.44644
3.60495
3.61255
3.5832
3.52558
3.44926
3.35742
3.25469
3.14863
3.04392
2.94449
2.85075
2.76932
2.69992
2.6194
2.54954
2.50012
2.44088
2.38912
2.34835
2.30687
2.28214
2.22829
2.19215
2.15454
2.15313
2.15987
2.16745
2.20794
2.31405
2.48916
2.67404
3.13711
3.4614
3.47296
3.43747
3.38193
3.37558
3.38947
3.38581
3.38791
3.38042
3.3564
3.3365
3.32216
3.31006
3.29868
3.28701
3.26556
3.24291
3.22196
3.20127
3.18133
3.16227
3.14185
3.11845
3.09633
3.07491
3.05368
3.03234
3.01053
2.98792
2.96442
2.94071
2.91673
2.8925
2.86777
2.84209
2.81618
2.79011
2.7638
2.73611
2.70225
2.65531
4.70964
4.50214
4.26076
4.02806
3.84558
3.6673
3.51326
3.39503
3.2881
3.18255
3.06634
2.9508
2.83771
2.70993
2.62215
2.52568
2.45484
2.39427
2.34353
2.28054
2.25364
2.24784
2.28452
2.45858
2.72286
3.38582
3.69683
3.70257
3.68638
3.65432
3.60641
3.54433
3.46721
3.37849
3.28166
3.18393
3.08221
2.98666
2.90298
2.81786
2.73868
2.67991
2.6136
2.55035
2.50683
2.45571
2.41482
2.3627
2.30531
2.26373
2.20552
2.17031
2.1448
2.12838
2.14492
2.17378
2.2382
2.36597
2.55901
2.80102
3.25305
3.46484
3.48764
3.3861
3.34762
3.3441
3.35606
3.35464
3.35321
3.34314
3.33185
3.30411
3.28799
3.27469
3.25973
3.24175
3.22258
3.20424
3.18593
3.16536
3.14244
3.11871
3.09641
3.07475
3.05328
3.03141
3.00856
2.98462
2.96023
2.93596
2.91175
2.88736
2.86179
2.8356
2.80982
2.78416
2.75825
2.73104
2.69829
2.65061
4.72494
4.54421
4.32639
4.08609
3.90805
3.73306
3.57116
3.4523
3.34535
3.23711
3.12422
3.0164
2.91385
2.80262
2.68531
2.59316
2.51839
2.44794
2.37373
2.33118
2.32634
2.3609
2.50547
2.72474
3.37894
3.75266
3.75727
3.74649
3.72789
3.70396
3.66862
3.61858
3.55417
3.47829
3.39428
3.30564
3.2085
3.11916
3.0262
2.93722
2.86607
2.79619
2.72462
2.66903
2.60662
2.54819
2.49335
2.43321
2.37648
2.32138
2.27726
2.24118
2.19347
2.1668
2.1419
2.13476
2.13915
2.1734
2.24471
2.40798
2.60017
3.04048
3.39852
3.46016
3.4419
3.35445
3.30856
3.31057
3.32303
3.32396
3.31959
3.3068
3.28863
3.2724
3.2588
3.2441
3.22598
3.20548
3.18421
3.16062
3.13866
3.11768
3.09707
3.07596
3.05349
3.02976
3.00436
2.97892
2.95398
2.92934
2.90457
2.87952
2.85361
2.82721
2.80159
2.77621
2.7504
2.72315
2.69046
2.64177
4.74316
4.58243
4.3903
4.15371
3.95262
3.80035
3.62827
3.49954
3.40046
3.29779
3.18147
3.06741
2.97022
2.88487
2.76392
2.66677
2.57377
2.47858
2.42356
2.41077
2.43636
2.56476
2.75503
3.39965
3.79916
3.81515
3.80483
3.788
3.77097
3.74943
3.71951
3.67849
3.62622
3.56349
3.49013
3.40948
3.32633
3.23989
3.14483
3.06175
2.98541
2.90599
2.83507
2.76618
2.68549
2.6225
2.56147
2.50318
2.44407
2.39537
2.34844
2.30483
2.26247
2.21795
2.16838
2.14781
2.11158
2.10466
2.123
2.18528
2.31141
2.49391
2.69198
3.15719
3.43905
3.44461
3.39072
3.31973
3.28569
3.28968
3.29992
3.30177
3.29963
3.29062
3.26387
3.23921
3.21943
3.20081
3.18282
3.1652
3.14096
3.11805
3.09701
3.07613
3.05464
3.03218
3.00842
2.98128
2.95435
2.9282
2.90212
2.87604
2.84954
2.82234
2.79549
2.76882
2.7417
2.71345
2.68057
2.6317
4.71935
4.60899
4.46194
4.25327
4.01671
3.86402
3.69349
3.54604
3.44817
3.35429
3.2434
3.12237
3.0202
2.94482
2.85006
2.76195
2.61283
2.53473
2.50675
2.52101
2.62781
2.82773
3.43575
3.89795
3.89987
3.89215
3.87605
3.85769
3.83637
3.81148
3.78173
3.74615
3.70105
3.6467
3.58092
3.50823
3.43006
3.34073
3.2551
3.17264
3.08988
3.00269
2.92274
2.83612
2.76559
2.70326
2.63756
2.57435
2.51745
2.46502
2.40839
2.35771
2.31101
2.26931
2.22526
2.18675
2.13883
2.09684
2.10334
2.11328
2.13131
2.19901
2.34132
2.55348
2.8311
3.23679
3.41267
3.42875
3.32519
3.26869
3.26134
3.26897
3.27256
3.27297
3.26227
3.24282
3.21679
3.19409
3.17643
3.15876
3.13855
3.11587
3.09472
3.0742
3.05335
3.03034
3.00517
2.9787
2.95129
2.92484
2.89815
2.87052
2.84294
2.81524
2.78786
2.76102
2.7341
2.70592
2.67284
2.62304
4.72228
4.60358
4.47405
4.32091
4.09777
3.93128
3.77963
3.60139
3.49552
3.4085
3.31247
3.18282
3.07625
2.99189
2.91593
2.81469
2.69106
2.61127
2.61486
2.70285
2.92449
3.47858
4.02733
4.03007
4.01701
3.99297
3.96234
3.93518
3.90572
3.87531
3.84336
3.80828
3.76714
3.71847
3.66125
3.59504
3.51973
3.43835
3.35368
3.26844
3.17323
3.08623
3.00002
2.92316
2.86023
2.7929
2.724
2.66049
2.60088
2.53327
2.47973
2.43279
2.38958
2.34934
2.30387
2.25907
2.2143
2.16109
2.11849
2.09121
2.07682
2.08732
2.12956
2.22697
2.39923
2.58295
3.05133
3.37615
3.39358
3.37289
3.28456
3.23442
3.2256
3.23676
3.24255
3.23733
3.222
3.19548
3.16723
3.14771
3.1309
3.11272
3.09392
3.07399
3.05175
3.02534
2.99673
2.97063
2.94379
2.91613
2.88905
2.86125
2.8337
2.80645
2.77921
2.75233
2.72526
2.69676
2.66268
2.61168
4.59943
4.6196
4.49262
4.35469
4.16803
3.9786
3.8651
3.67658
3.52717
3.44762
3.37175
3.25404
3.12502
3.03626
2.97528
2.84887
2.76857
2.7413
2.78774
3.02251
3.4581
4.14025
4.16869
4.16181
4.13204
4.07694
4.03601
4.00526
3.97478
3.93807
3.9007
3.86233
3.82151
3.77556
3.72368
3.66305
3.59618
3.52114
3.44187
3.35218
3.26606
3.18412
3.10236
3.02729
2.94561
2.87203
2.80329
2.73803
2.66993
2.60861
2.55198
2.50145
2.44853
2.40206
2.35722
2.30177
2.25347
2.21074
2.16828
2.12089
2.1007
2.05823
2.07152
2.1021
2.16711
2.29268
2.47286
2.6728
3.12252
3.37874
3.37877
3.32403
3.25013
3.20365
3.20842
3.2096
3.20651
3.19669
3.18192
3.15116
3.12796
3.10788
3.08804
3.06863
3.04617
3.02049
2.99126
2.96059
2.93275
2.90537
2.8786
2.85111
2.82289
2.79601
2.769
2.74228
2.71509
2.68572
2.65017
2.59876
4.51521
4.57381
4.5071
4.37971
4.23732
4.0434
3.92431
3.76322
3.58768
3.4829
3.40293
3.31448
3.17786
3.07585
3.00326
2.91207
2.88883
2.9207
3.11803
3.46703
4.21959
4.3212
4.31891
4.28794
4.2162
4.16578
4.12156
4.07956
4.03738
3.99074
3.94941
3.90913
3.86755
3.82268
3.77332
3.71818
3.65637
3.58819
3.51411
3.43541
3.35418
3.26835
3.18525
3.1003
3.02278
2.94793
2.87498
2.80746
2.74051
2.68126
2.62229
2.56951
2.5182
2.46972
2.42115
2.37238
2.32772
2.27798
2.23097
2.18711
2.13816
2.09276
2.07771
2.07275
2.07839
2.10378
2.175
2.31324
2.51533
2.878
3.25218
3.35447
3.34862
3.28354
3.20408
3.16754
3.17485
3.17446
3.16862
3.15312
3.12944
3.10702
3.083
3.0604
3.03687
3.01034
2.98331
2.95573
2.9272
2.89673
2.86812
2.84107
2.81319
2.78694
2.7603
2.73073
2.70112
2.67079
2.63547
2.58469
3.92475
4.46658
4.53962
4.42927
4.29231
4.11105
3.9581
3.82621
3.6578
3.5421
3.45444
3.37519
3.23731
3.11093
3.03225
3.02043
3.05491
3.24328
3.52828
4.26456
4.49885
4.51277
4.41219
4.33601
4.29338
4.24896
4.19912
4.14588
4.09237
4.04014
3.99567
3.95316
3.90942
3.86351
3.81481
3.7625
3.70525
3.64313
3.57526
3.50239
3.42425
3.34478
3.26153
3.18225
3.10281
3.02633
2.95282
2.88072
2.81489
2.75052
2.69148
2.6341
2.58321
2.5325
2.48299
2.43728
2.38928
2.32815
2.2741
2.23405
2.19024
2.15435
2.10477
2.08436
2.05324
2.04629
2.05777
2.10498
2.21773
2.39447
2.56733
3.0345
3.31093
3.32495
3.29757
3.21493
3.15641
3.1365
3.13231
3.12914
3.12251
3.10871
3.08614
3.04956
3.02251
2.99766
2.97353
2.94885
2.92166
2.89009
2.85705
2.82861
2.80067
2.7726
2.74468
2.716
2.6861
2.65527
2.6202
2.56986
2.92957
4.26791
4.39251
4.381
4.28076
4.15413
4.00166
3.88059
3.71275
3.56799
3.48997
3.42915
3.29364
3.16446
3.13055
3.16895
3.35999
3.64281
4.40272
4.69373
4.6948
4.55036
4.45554
4.41616
4.37794
4.33133
4.27581
4.2112
4.14844
4.09077
4.03855
3.99225
3.94593
3.89881
3.85029
3.79939
3.7455
3.68761
3.6252
3.55813
3.48689
3.41188
3.33429
3.25439
3.17569
3.09826
3.02134
2.94686
2.8773
2.81088
2.74971
2.69131
2.63637
2.58426
2.53452
2.48627
2.43663
2.38684
2.3361
2.29173
2.24988
2.20819
2.17046
2.13729
2.09148
2.05276
2.03195
2.04863
2.07317
2.12233
2.25253
2.46493
2.72755
3.13175
3.29946
3.29639
3.24043
3.16357
3.11334
3.11176
3.10712
3.09606
3.07788
3.05128
3.02052
2.99034
2.96345
2.93669
2.90856
2.87873
2.84533
2.81004
2.78257
2.75603
2.72816
2.69996
2.67121
2.64085
2.60471
2.55479
1.88722
3.37119
4.36382
4.40647
4.30212
4.1955
4.07877
3.95783
3.80254
3.62901
3.50179
3.4391
3.34362
3.28749
3.30327
3.47903
3.76206
4.55899
4.90933
4.90801
4.73792
4.60684
4.55058
4.50142
4.45506
4.40448
4.34837
4.28281
4.21563
4.14924
4.08775
4.03343
3.98309
3.93354
3.88371
3.83317
3.78069
3.72571
3.66768
3.60581
3.53991
3.47019
3.39739
3.32213
3.24578
3.16931
3.09416
3.02195
2.95064
2.88372
2.82244
2.76425
2.70684
2.65018
2.59426
2.54121
2.4865
2.43467
2.38608
2.34161
2.2979
2.2594
2.21621
2.17725
2.13989
2.0946
2.06005
2.03833
2.0167
2.02903
2.07762
2.16468
2.31428
2.4727
2.9374
3.22284
3.23869
3.21709
3.16331
3.10124
3.0554
3.05045
3.04331
3.02967
3.00711
2.97957
2.9464
2.91811
2.88784
2.85812
2.82681
2.79417
2.76483
2.73971
2.71443
2.68667
2.65465
2.62281
2.58655
2.53816
1.49814
2.49057
3.8748
4.32369
4.35547
4.2392
4.13234
4.00583
3.89564
3.77273
3.572
3.45391
3.43207
3.45491
3.63452
3.90472
4.74051
5.13642
5.12549
4.95319
4.79716
4.72447
4.65799
4.5973
4.53769
4.47694
4.41156
4.34654
4.27766
4.2072
4.13849
4.07694
4.02069
3.96791
3.91634
3.86488
3.81269
3.7591
3.70324
3.64506
3.58425
3.52054
3.45395
3.38465
3.3125
3.23894
3.1645
3.09073
3.01702
2.94892
2.885
2.82597
2.7695
2.71273
2.65602
2.59934
2.54163
2.48546
2.43818
2.39469
2.34865
2.3031
2.26129
2.22421
2.1857
2.14548
2.11208
2.05923
2.0289
2.01319
2.01204
2.01801
2.06545
2.18256
2.36969
2.55095
2.9597
3.1809
3.19405
3.17251
3.08119
3.01142
2.97999
2.96913
2.95741
2.94373
2.92612
2.90351
2.86682
2.82714
2.79429
2.77102
2.74886
2.72491
2.70069
2.67633
2.63972
2.60491
2.56803
2.5221
1.48999
1.70001
2.9034
4.09801
4.25793
4.24608
4.17059
4.048
3.91756
3.78457
3.64341
3.57306
3.59578
3.79011
4.07581
4.95638
5.3816
5.35307
5.16529
4.98549
4.90081
4.83144
4.75972
4.6858
4.6104
4.53794
4.46803
4.39813
4.32849
4.25849
4.18817
4.12229
4.06207
4.00635
3.95357
3.90093
3.84827
3.79458
3.73996
3.68406
3.62677
3.56734
3.50538
3.44014
3.37206
3.30054
3.22868
3.15581
3.08483
3.01712
2.95265
2.89136
2.83162
2.77248
2.71492
2.65506
2.59663
2.54394
2.48467
2.42918
2.38391
2.34149
2.30336
2.26077
2.22329
2.17891
2.13517
2.09541
2.06126
2.01135
1.99046
1.96645
1.97434
2.00229
2.05909
2.19199
2.38639
2.71087
3.02272
3.09084
3.08763
3.04211
2.9693
2.92142
2.90965
2.89818
2.88586
2.8687
2.83723
2.78857
2.75719
2.73686
2.71976
2.70154
2.67814
2.65069
2.61491
2.58232
2.54266
2.50034
1.31197
1.41042
1.89006
3.27295
4.20642
4.26495
4.22873
4.1166
3.96092
3.80202
3.74638
3.76369
3.97652
4.29426
5.22951
5.65639
5.62467
5.42144
5.20917
5.10209
5.02865
4.95299
4.87179
4.77964
4.69316
4.61353
4.53523
4.45926
4.38591
4.31521
4.24612
4.17838
4.1147
4.05516
3.99844
3.94322
3.8873
3.83192
3.77609
3.72016
3.6635
3.60583
3.54626
3.48429
3.41956
3.35241
3.2831
3.21324
3.14508
3.07688
3.01061
2.94564
2.88202
2.81913
2.7579
2.69604
2.63665
2.57713
2.51933
2.46814
2.42213
2.37952
2.33612
2.29402
2.24971
2.20369
2.15956
2.12248
2.0842
2.04879
2.00941
1.97012
1.94259
1.91727
1.90889
1.9513
2.03235
2.19661
2.34087
2.69357
2.93409
2.96832
2.96267
2.91312
2.85211
2.81486
2.79735
2.78834
2.7747
2.73145
2.70636
2.68843
2.67345
2.66157
2.64712
2.61996
2.5773
2.54222
2.51151
2.47417
1.39379
1.41472
1.48489
2.41219
3.65693
4.16987
4.23912
4.17296
4.00658
3.91061
3.93135
4.16198
4.52888
5.55911
5.92536
5.87955
5.67719
5.44408
5.31509
5.23291
5.15501
5.06893
4.97771
4.87663
4.78205
4.69483
4.61153
4.53122
4.45524
4.38272
4.31273
4.24167
4.17184
4.10589
4.04292
3.98156
3.92149
3.86125
3.80383
3.74786
3.69154
3.63461
3.5766
3.51675
3.4549
3.39095
3.32553
3.25932
3.19307
3.12679
3.06124
2.99598
2.93193
2.86773
2.80497
2.74257
2.68168
2.62187
2.56071
2.50564
2.45667
2.40979
2.36443
2.31789
2.27116
2.22312
2.17391
2.13077
2.08822
2.04808
2.00731
1.9691
1.91629
1.87551
1.83805
1.83044
1.83358
1.86847
1.96757
2.10038
2.35674
2.66476
2.80299
2.82066
2.80779
2.75218
2.70355
2.68154
2.67072
2.64958
2.63101
2.61902
2.60861
2.60148
2.5941
2.57213
2.52454
2.48969
2.46684
2.43332
1.40684
1.38592
1.49072
1.64919
2.71356
3.83514
4.15085
4.16051
4.04773
4.07875
4.35132
4.89161
5.94282
6.20227
6.13548
5.9447
5.70228
5.57454
5.47742
5.39121
5.2971
5.18774
5.07686
4.9771
4.88302
4.79258
4.70443
4.62026
4.53961
4.46265
4.38772
4.31174
4.23555
4.16276
4.09277
4.02462
3.95883
3.89178
3.8289
3.77042
3.71266
3.65483
3.59654
3.53746
3.47719
3.41577
3.35346
3.29055
3.2269
3.16259
3.09747
3.03134
2.96475
2.89786
2.83065
2.76463
2.69954
2.63621
2.57092
2.51278
2.46014
2.41115
2.36164
2.31258
2.2639
2.21009
2.15938
2.11237
2.0651
2.01951
1.97265
1.9276
1.87956
1.83944
1.7881
1.75265
1.7274
1.70502
1.72029
1.78195
1.90787
2.05289
2.38239
2.6186
2.64974
2.64573
2.61938
2.56711
2.54545
2.53426
2.53256
2.52761
2.52312
2.52028
2.51849
2.49999
2.46409
2.436
2.41294
2.38101
1.40646
1.43277
1.32172
1.41482
1.74664
2.93785
3.94192
4.1029
4.16303
4.51283
5.20424
6.507
6.58693
6.50778
6.15676
5.88298
5.77726
5.69744
5.61572
5.5304
5.43139
5.30443
5.18825
5.08114
4.97955
4.88232
4.78661
4.69531
4.60802
4.52475
4.445
4.36658
4.28563
4.20613
4.12932
4.05406
3.98162
3.90835
3.8408
3.77974
3.72052
3.66132
3.60166
3.54061
3.47914
3.41821
3.35673
3.29439
3.23084
3.16597
3.09966
3.03181
2.96262
2.89254
2.82274
2.75451
2.68816
2.62195
2.55401
2.49011
2.43298
2.3776
2.32303
2.2692
2.21334
2.15816
2.10624
2.05656
2.00872
1.96292
1.91868
1.87624
1.83467
1.79575
1.75673
1.72243
1.67709
1.63974
1.60767
1.62155
1.6627
1.74639
1.84304
2.12483
2.37572
2.47667
2.49777
2.49923
2.45075
2.41882
2.40671
2.4036
2.40459
2.4076
2.40897
2.40272
2.37675
2.35397
2.33759
2.31787
1.40824
1.40931
1.40012
1.41466
1.55994
2.02666
3.24404
3.92107
4.5401
5.40646
7.04315
7.07591
6.93749
6.51008
6.17862
6.05772
5.97172
5.87852
5.78524
5.68354
5.5601
5.44246
5.32351
5.20765
5.09889
4.99386
4.88807
4.78612
4.68943
4.59637
4.50824
4.42235
4.33592
4.24898
4.16231
4.07664
3.99369
3.91093
3.83134
3.76014
3.69233
3.62483
3.5574
3.4882
3.42205
3.35918
3.29661
3.23243
3.16678
3.09965
3.03053
2.95975
2.88841
2.81389
2.74097
2.67086
2.60327
2.53578
2.46821
2.40532
2.34912
2.29691
2.24593
2.19703
2.14819
2.10122
2.05337
2.00622
1.96125
1.91854
1.87711
1.83749
1.79901
1.7611
1.72256
1.68752
1.65645
1.60387
1.56696
1.55915
1.55657
1.58341
1.65172
1.76708
1.88747
2.16651
2.35772
2.38288
2.38076
2.35593
2.31803
2.30425
2.2985
2.29391
2.28773
2.27505
2.25829
2.23134
2.23603
2.25646
1.40845
1.40865
1.40886
1.39153
1.43441
1.58319
2.18487
3.35431
5.32806
7.07116
7.07171
6.86477
6.40068
6.2186
6.08312
6.04627
5.98742
5.90775
5.82308
5.7226
5.59679
5.47484
5.35058
5.22203
5.10096
4.99185
4.88695
4.77665
4.66655
4.56071
4.45867
4.36202
4.26456
4.16559
4.06574
3.96785
3.87183
3.77146
3.68027
3.59854
3.52155
3.4462
3.37031
3.29825
3.23335
3.17248
3.11281
3.05388
2.99489
2.93562
2.87568
2.81533
2.75422
2.69345
2.63272
2.57226
2.51345
2.45496
2.39816
2.34376
2.29389
2.24657
2.20217
2.15813
2.11442
2.07048
2.02388
1.97965
1.93928
1.90034
1.86231
1.82539
1.79016
1.75465
1.71986
1.68227
1.64853
1.61672
1.57953
1.54543
1.52474
1.52426
1.54039
1.58168
1.66993
1.8127
2.02812
2.19605
2.26716
2.27739
2.27517
2.25064
2.23219
2.21849
2.20504
2.18908
2.15476
2.14851
2.16291
2.20966
1.40841
1.40854
1.40806
1.41031
1.37944
1.54448
2.01493
3.01931
6.24661
6.56421
6.55303
6.07801
5.71942
5.6571
5.66202
5.64466
5.60748
5.56504
5.51611
5.45662
5.36584
5.25334
5.13353
5.00612
4.88238
4.76531
4.65385
4.54401
4.42997
4.31426
4.20314
4.09614
3.99255
3.89235
3.79626
3.70238
3.6102
3.52151
3.43875
3.36346
3.29313
3.22646
3.16103
3.1002
3.04783
3.00041
2.95433
2.90842
2.86243
2.81574
2.76825
2.71971
2.67019
2.61998
2.56832
2.51685
2.46641
2.41654
2.36926
2.32169
2.27313
2.22698
2.18599
2.14586
2.10623
2.0624
2.0195
1.98082
1.94408
1.90792
1.87198
1.83656
1.80155
1.76628
1.73134
1.69348
1.65893
1.62352
1.59425
1.55727
1.52646
1.49628
1.49835
1.50626
1.54234
1.61052
1.71473
1.89629
2.08146
2.18861
2.19901
2.1944
2.18133
2.16193
2.14642
2.10345
2.09687
2.09783
2.11716
2.23528
1.40844
1.40841
1.40806
1.4044
1.39929
1.58519
2.08396
4.93669
6.2274
6.08263
5.80195
5.59317
5.53688
5.49044
5.45225
5.38588
5.31016
5.2298
5.1464
5.0602
4.9693
4.87014
4.7604
4.65319
4.54134
4.43234
4.32971
4.23166
4.136
4.0411
3.94793
3.85838
3.77306
3.69166
3.61239
3.53508
3.45896
3.38407
3.31376
3.24995
3.19041
3.1331
3.07587
3.01992
2.97339
2.93327
2.89444
2.85538
2.81584
2.77528
2.73343
2.69082
2.6478
2.60336
2.55868
2.51572
2.47186
2.42792
2.38394
2.33923
2.29416
2.25143
2.20972
2.16819
2.12582
2.08376
2.04222
2.00095
1.9603
1.9213
1.88406
1.84799
1.81272
1.77742
1.74181
1.70586
1.66895
1.63521
1.6058
1.57664
1.54695
1.52265
1.49195
1.48289
1.48719
1.49175
1.55704
1.64858
1.81383
2.0258
2.14668
2.15198
2.14392
2.13084
2.07541
2.07528
2.06611
2.08547
2.13354
2.38832
1.40844
1.40841
1.40809
1.405
1.39737
1.54098
2.02402
4.62763
6.58604
6.28868
6.07234
5.92238
5.82457
5.70883
5.57721
5.46664
5.37555
5.29039
5.20381
5.10647
4.99806
4.88854
4.77689
4.6588
4.54334
4.43239
4.32405
4.22106
4.12521
4.03276
3.94378
3.85828
3.77715
3.69676
3.61608
3.5364
3.4597
3.3826
3.31287
3.24991
3.19036
3.13235
3.07542
3.02026
2.97234
2.92927
2.88887
2.84908
2.80921
2.76976
2.72978
2.69005
2.64993
2.60924
2.56857
2.52772
2.48554
2.4444
2.40219
2.35891
2.3167
2.27412
2.23209
2.19059
2.14991
2.10895
2.06763
2.02613
1.98568
1.9471
1.91053
1.87496
1.8402
1.80505
1.77056
1.73361
1.69795
1.66386
1.63469
1.60536
1.57608
1.5497
1.51084
1.48117
1.46851
1.4786
1.48564
1.53224
1.6298
1.76978
1.98342
2.11143
2.11321
2.11329
2.0832
2.08614
2.10135
2.1651
2.2637
2.65363
1.40845
1.40836
1.40821
1.40296
1.39902
1.57221
2.03536
5.37696
6.37832
6.20104
6.07038
5.98412
5.90752
5.81751
5.71899
5.62322
5.52356
5.41932
5.3101
5.19702
5.08292
4.97086
4.85953
4.74667
4.63474
4.52482
4.41846
4.31416
4.21358
4.11987
4.03085
3.94222
3.85189
3.7626
3.67551
3.59095
3.5101
3.43372
3.36309
3.29823
3.23685
3.17799
3.12023
3.06332
3.0124
2.96695
2.92468
2.88436
2.84518
2.80647
2.76827
2.73
2.69154
2.65271
2.61366
2.57406
2.5338
2.49342
2.45228
2.41069
2.36858
2.32555
2.28229
2.23961
2.19653
2.15316
2.10961
2.06645
2.02358
1.98253
1.94295
1.90549
1.86812
1.83138
1.7943
1.75631
1.71839
1.68447
1.65338
1.6235
1.59381
1.5646
1.53525
1.49947
1.47054
1.45028
1.44532
1.46881
1.50835
1.57625
1.71601
1.93796
2.06125
2.08187
2.10721
2.13365
2.23478
2.37987
2.66155
2.97136
1.40845
1.4084
1.40807
1.40437
1.39916
1.55448
1.99147
5.03189
6.31095
6.0851
5.9672
5.9276
5.88088
5.81504
5.72196
5.63266
5.54287
5.4532
5.36176
5.26726
5.17198
5.07628
4.97431
4.86497
4.75578
4.64705
4.53751
4.42904
4.32225
4.21493
4.1084
4.00415
3.90398
3.80782
3.71626
3.62967
3.54839
3.47259
3.40266
3.33734
3.27497
3.21438
3.1543
3.0964
3.0441
2.99667
2.95302
2.91151
2.87179
2.83285
2.79426
2.75607
2.71789
2.67941
2.64076
2.60166
2.56189
2.52149
2.48028
2.43823
2.39523
2.35143
2.30725
2.26254
2.21809
2.17334
2.12892
2.08436
2.04065
1.99804
1.95773
1.91866
1.88082
1.84321
1.80577
1.76675
1.72847
1.69521
1.663
1.63305
1.60288
1.57296
1.54214
1.50967
1.48399
1.44122
1.42013
1.42145
1.43426
1.47691
1.56427
1.68221
1.89029
2.04494
2.13478
2.24091
2.38914
2.73574
3.06207
3.06203
1.40845
1.40836
1.40821
1.40297
1.39906
1.56867
2.01725
5.32752
6.24914
6.07566
5.95969
5.92485
5.87668
5.80962
5.72301
5.64085
5.55696
5.4691
5.37836
5.28775
5.19872
5.10723
5.00523
4.89593
4.78598
4.6747
4.56151
4.44726
4.33205
4.21839
4.10791
4.00222
3.90123
3.80539
3.71469
3.62951
3.54996
3.47608
3.40764
3.34363
3.28207
3.22273
3.16346
3.10563
3.05233
3.00439
2.95987
2.91838
2.87888
2.8405
2.80259
2.76496
2.72746
2.68973
2.65169
2.61309
2.57371
2.53362
2.49269
2.45099
2.4083
2.36472
2.32014
2.27517
2.22977
2.18449
2.13909
2.09414
2.04958
2.0065
1.96515
1.92532
1.88653
1.84785
1.80986
1.76988
1.73177
1.69795
1.66559
1.63594
1.60576
1.57555
1.5445
1.51353
1.48388
1.45617
1.42375
1.38416
1.38652
1.38677
1.44512
1.5513
1.70878
1.90006
2.14708
2.37077
2.75609
3.0265
3.03118
3.00243
1.40845
1.40838
1.4081
1.40384
1.39895
1.5627
1.98734
5.21158
6.21185
6.03245
5.91814
5.89399
5.85321
5.79135
5.70629
5.62433
5.54171
5.45763
5.37317
5.28982
5.20646
5.11544
5.00974
4.89739
4.78488
4.67021
4.55283
4.43472
4.31754
4.20291
4.09258
3.98743
3.88768
3.79328
3.70458
3.62166
3.54451
3.47296
3.40619
3.34279
3.28177
3.22242
3.16313
3.10525
3.05171
3.00321
2.95839
2.91675
2.87738
2.83916
2.80156
2.76433
2.72732
2.69011
2.65259
2.61451
2.57561
2.53586
2.49519
2.45358
2.41089
2.3672
2.32259
2.27729
2.23158
2.18594
2.14025
2.09497
2.0503
2.00688
1.96512
1.92512
1.88613
1.84739
1.80943
1.76949
1.73121
1.69747
1.66621
1.63615
1.60621
1.57504
1.54553
1.51082
1.48333
1.45479
1.42438
1.38492
1.36457
1.36814
1.39759
1.47119
1.61986
1.86236
2.11569
2.65645
2.96724
2.97489
2.94944
2.92633
)
;

boundaryField
{
    inlet
    {
        type            calculated;
        value           uniform 1.40845;
    }
    outlet
    {
        type            calculated;
        value           nonuniform List<scalar> 
40
(
1.876
2.05183
2.24318
2.38086
2.47832
2.54508
2.58463
2.6072
2.61637
2.61943
2.62473
2.63418
2.65142
2.65575
2.65531
2.65061
2.64177
2.6317
2.62304
2.61168
2.59876
2.58469
2.56986
2.55479
2.53816
2.5221
2.50034
2.47417
2.43332
2.38101
2.31787
2.25646
2.20966
2.23528
2.38832
2.65363
2.97136
3.06203
3.00243
2.92633
)
;
    }
    bottom
    {
        type            symmetryPlane;
    }
    top
    {
        type            symmetryPlane;
    }
    obstacle
    {
        type            calculated;
        value           nonuniform List<scalar> 
110
(
7.21786
7.21754
7.20396
7.17931
7.14537
7.09012
7.01785
6.90249
6.74062
6.47828
1.91475
1.9077
1.97194
1.71185
1.85111
1.8205
1.69663
1.49525
1.44186
1.42575
1.42982
1.43372
1.4308
1.40343
1.33941
1.30123
1.27988
1.27521
1.27557
1.27737
1.2768
1.27279
1.26507
1.25849
1.25567
1.25316
1.25288
1.25334
1.25917
1.2619
1.28019
1.30709
1.3457
1.40341
1.45434
1.50611
1.57902
1.64848
1.71514
1.79235
1.87993
1.95691
2.02989
2.11677
2.1822
2.23802
2.29862
2.34923
2.38659
2.4006
2.43945
2.46327
2.48577
2.50071
2.5101
2.51688
2.51917
2.51678
2.51168
2.50485
2.49599
2.48507
2.47225
2.45819
2.44311
2.42689
2.41041
2.39346
2.37688
2.35994
2.3434
2.32647
2.30973
2.29262
2.27543
2.25788
2.2408
2.22386
2.20756
2.19138
2.17573
2.16011
2.14498
2.12979
2.11499
2.1001
2.08543
2.07065
2.056
2.04113
2.02629
2.01116
1.99609
1.98063
1.96525
1.94933
1.93332
1.9198
1.89531
1.876
)
;
    }
    defaultFaces
    {
        type            empty;
    }
}


// ************************************************************************* //
