/*--------------------------------*- C++ -*----------------------------------*\
| =========                 |                                                 |
| \\      /  F ield         | OpenFOAM: The Open Source CFD Toolbox           |
|  \\    /   O peration     | Version:  v2106                                 |
|   \\  /    A nd           | Website:  www.openfoam.com                      |
|    \\/     M anipulation  |                                                 |
\*---------------------------------------------------------------------------*/
FoamFile
{
    version     2.0;
    format      ascii;
    arch        "LSB;label=32;scalar=64";
    class       volScalarField;
    location    "10";
    object      rho;
}
// * * * * * * * * * * * * * * * * * * * * * * * * * * * * * * * * * * * * * //

dimensions      [1 -3 0 0 0 0 0];

internalField   nonuniform List<scalar> 
5250
(
1.40845
1.40845
1.40845
1.40845
1.40845
1.40845
1.40845
1.40845
1.40845
1.40842
1.40818
1.40615
1.39498
1.49296
2.10176
4.38109
7.67794
6.62515
6.85949
6.99948
7.04363
7.10784
7.16159
7.21806
7.26287
1.40845
1.40845
1.40845
1.40845
1.40845
1.40845
1.40845
1.40845
1.40845
1.40842
1.40819
1.40625
1.3949
1.48925
2.08872
4.30322
7.73582
6.63957
6.88265
7.01064
7.05511
7.1175
7.16665
7.22208
7.265
1.40845
1.40845
1.40845
1.40845
1.40845
1.40845
1.40845
1.40845
1.40845
1.40842
1.4082
1.40646
1.39481
1.48115
2.0583
4.10622
7.83114
6.65239
6.90609
7.03214
7.06749
7.11999
7.16402
7.21396
7.25192
1.40845
1.40845
1.40845
1.40845
1.40845
1.40845
1.40845
1.40845
1.40845
1.40843
1.40821
1.40678
1.39485
1.47005
2.01502
3.7813
7.89539
6.64939
6.92413
7.06014
7.08664
7.12462
7.15425
7.19515
7.22801
1.40845
1.40845
1.40845
1.40845
1.40845
1.40845
1.40845
1.40845
1.40845
1.40843
1.40821
1.40719
1.39518
1.45664
1.95143
3.4924
7.77116
6.5656
6.85024
7.01856
7.06312
7.11828
7.13641
7.16595
7.19287
1.40845
1.40845
1.40845
1.40845
1.40845
1.40845
1.40845
1.40845
1.40845
1.40843
1.40828
1.40731
1.3955
1.44249
1.87744
3.18992
7.55041
6.45187
6.73622
6.92647
7.0054
7.075
7.1081
7.11599
7.13856
1.40845
1.40845
1.40845
1.40845
1.40845
1.40845
1.40845
1.40845
1.40845
1.40844
1.4083
1.40751
1.39646
1.42917
1.79725
2.84
7.15084
6.31214
6.55419
6.78583
6.89524
6.99574
7.04992
7.05193
7.06453
1.40845
1.40845
1.40845
1.40845
1.40845
1.40845
1.40845
1.40845
1.40845
1.40845
1.40828
1.40788
1.39796
1.41931
1.74687
2.58502
6.74597
6.15379
6.3456
6.57706
6.76639
6.88067
6.94929
6.96979
6.95323
1.40845
1.40845
1.40845
1.40845
1.40845
1.40845
1.40845
1.40845
1.40845
1.40845
1.4083
1.40807
1.39965
1.41
1.67826
2.3655
6.35649
6.01994
6.10932
6.32276
6.55091
6.69175
6.80737
6.78451
6.78292
1.40845
1.40845
1.40845
1.40845
1.40845
1.40845
1.40845
1.40845
1.40845
1.40846
1.4083
1.40832
1.40005
1.41047
1.6209
2.19044
5.9994
6.00702
6.02255
6.08266
6.27914
6.4644
6.55781
6.69054
6.51732
1.40845
1.40845
1.40845
1.40845
1.40845
1.40845
1.40845
1.40845
1.40845
1.40845
1.40838
1.40811
1.40385
1.39949
1.55467
1.99185
5.3143
6.14842
6.00902
5.9458
6.02742
6.19467
6.22579
6.37935
5.43827
1.40845
1.40845
1.40845
1.40845
1.40845
1.40845
1.40845
1.40845
1.40845
1.40844
1.40845
1.40802
1.40706
1.38816
1.49299
1.81767
4.55635
6.36754
5.95559
5.85695
5.83375
5.8988
5.7803
5.73651
5.40044
1.40845
1.40845
1.40845
1.40845
1.40845
1.40845
1.40845
1.40845
1.40845
1.40845
1.40843
1.40825
1.40721
1.39522
1.4511
1.88037
3.68012
6.69658
5.9953
5.83766
5.73765
5.6929
5.55207
5.34894
5.3928
1.40845
1.40845
1.40845
1.40845
1.40845
1.40845
1.40845
1.40845
1.40845
1.40845
1.40844
1.4083
1.40769
1.39727
1.42216
1.76455
2.84822
6.47863
6.06876
5.87331
5.6938
5.57695
5.39827
5.1817
5.15415
1.40845
1.40845
1.40845
1.40845
1.40845
1.40845
1.40845
1.40845
1.40845
1.40845
1.40846
1.40827
1.40838
1.39887
1.41626
1.6425
2.31263
5.77665
6.05194
5.93573
5.69559
5.50009
5.27855
5.05739
4.87127
1.40845
1.40845
1.40845
1.40845
1.40845
1.40845
1.40845
1.40845
1.40845
1.40845
1.40845
1.4084
1.4081
1.40456
1.40068
1.53043
1.8983
4.62009
6.09693
6.0151
5.753
5.46456
5.21984
4.99406
4.73227
1.40845
1.40845
1.40845
1.40845
1.40845
1.40845
1.40845
1.40845
1.40845
1.40845
1.40844
1.40849
1.40794
1.4087
1.38669
1.44644
1.67628
3.5212
5.94092
5.86661
5.66809
5.45161
5.2094
4.96082
4.67793
1.40845
1.40845
1.40845
1.40845
1.40845
1.40845
1.40845
1.40845
1.40845
1.40845
1.40845
1.40846
1.40823
1.40811
1.397
1.4241
1.72067
2.59008
5.56447
5.69926
5.67598
5.47294
5.23629
4.96957
4.68057
1.40845
1.40845
1.40845
1.40845
1.40845
1.40845
1.40845
1.40845
1.40845
1.40845
1.40845
1.40845
1.40838
1.40801
1.40363
1.40205
1.58436
2.05099
4.6854
5.67145
5.69143
5.4744
5.24731
4.99319
4.70263
1.40845
1.40845
1.40845
1.40845
1.40845
1.40845
1.40845
1.40845
1.40845
1.40845
1.40845
1.40843
1.40849
1.4078
1.4085
1.38176
1.49376
1.66393
3.57021
5.54978
5.61505
5.41151
5.20429
4.98564
4.73303
1.40845
1.40845
1.40845
1.40845
1.40845
1.40845
1.40845
1.40845
1.40845
1.40845
1.40845
1.40845
1.40844
1.40834
1.40759
1.40208
1.41677
1.64872
2.46653
5.07049
5.37712
5.3845
5.20101
4.99556
4.76154
1.40845
1.40845
1.40845
1.40845
1.40845
1.40845
1.40845
1.40845
1.40845
1.40845
1.40845
1.40845
1.40842
1.40874
1.4066
1.41352
1.35813
1.59084
1.93047
4.02586
5.38251
5.39337
5.228
5.0353
4.80604
1.40845
1.40845
1.40845
1.40845
1.40845
1.40845
1.40845
1.40845
1.40845
1.40845
1.40845
1.40845
1.40845
1.40844
1.40826
1.40738
1.39919
1.43732
1.60735
2.85982
5.08126
5.18454
5.17916
5.03708
4.83758
1.40845
1.40845
1.40845
1.40845
1.40845
1.40845
1.40845
1.40845
1.40845
1.40845
1.40845
1.40845
1.40844
1.40842
1.4088
1.40654
1.41711
1.32663
1.54149
2.07559
4.23914
5.20194
5.2298
5.07465
4.87542
1.40845
1.40845
1.40845
1.40845
1.40845
1.40845
1.40845
1.40845
1.40845
1.40845
1.40845
1.40845
1.40845
1.40845
1.40843
1.4082
1.40723
1.39656
1.46553
1.5682
3.12318
5.02509
5.12692
5.05653
4.8882
1.40845
1.40845
1.40845
1.40845
1.40845
1.40845
1.40845
1.40845
1.40845
1.40845
1.40845
1.40845
1.40845
1.40844
1.40841
1.40887
1.40644
1.41373
1.33894
1.51923
2.12152
4.22158
5.03605
5.07355
4.9084
1.40845
1.40845
1.40845
1.40845
1.40845
1.40845
1.40845
1.40845
1.40845
1.40845
1.40845
1.40845
1.40845
1.40845
1.40845
1.40843
1.40818
1.40721
1.39619
1.47735
1.59219
3.09555
4.8484
4.94578
4.86923
1.40845
1.40845
1.40845
1.40845
1.40845
1.40845
1.40845
1.40845
1.40845
1.40845
1.40845
1.40845
1.40845
1.40845
1.40845
1.40842
1.40889
1.40587
1.41547
1.33973
1.49699
2.07184
4.03183
4.85369
4.86846
1.40845
1.40845
1.40845
1.40845
1.40845
1.40845
1.40845
1.40845
1.40845
1.40845
1.40845
1.40845
1.40845
1.40845
1.40845
1.40845
1.40844
1.40817
1.4077
1.39459
1.46785
1.55937
2.94595
4.62984
4.72859
1.40845
1.40845
1.40845
1.40845
1.40845
1.40845
1.40845
1.40845
1.40845
1.40845
1.40845
1.40845
1.40845
1.40845
1.40845
1.40845
1.40844
1.4088
1.40563
1.41236
1.35228
1.49
1.97809
3.74988
4.68745
1.40845
1.40845
1.40845
1.40845
1.40845
1.40845
1.40845
1.40845
1.40845
1.40845
1.40845
1.40845
1.40845
1.40845
1.40845
1.40845
1.40844
1.40845
1.40814
1.40784
1.39488
1.44646
1.50629
2.68832
4.32882
1.40845
1.40845
1.40845
1.40845
1.40845
1.40845
1.40845
1.40845
1.40845
1.40845
1.40845
1.40845
1.40845
1.40845
1.40845
1.40845
1.40845
1.40845
1.40865
1.40598
1.40813
1.36644
1.49907
1.81485
3.34902
1.40845
1.40845
1.40845
1.40845
1.40845
1.40845
1.40845
1.40845
1.40845
1.40845
1.40845
1.40845
1.40845
1.40845
1.40845
1.40845
1.40845
1.40845
1.40843
1.40825
1.40765
1.39868
1.42126
1.53951
2.40943
1.40845
1.40845
1.40845
1.40845
1.40845
1.40845
1.40845
1.40845
1.40845
1.40845
1.40845
1.40845
1.40845
1.40845
1.40845
1.40845
1.40845
1.40845
1.40845
1.40842
1.408
1.40736
1.38317
1.50466
1.69431
1.40845
1.40845
1.40845
1.40845
1.40845
1.40845
1.40845
1.40845
1.40845
1.40845
1.40845
1.40845
1.40845
1.40845
1.40845
1.40845
1.40845
1.40845
1.40845
1.40845
1.40841
1.40571
1.43396
1.30721
1.41317
1.40845
1.40845
1.40845
1.40845
1.40845
1.40845
1.40845
1.40845
1.40845
1.40845
1.40845
1.40845
1.40845
1.40845
1.40845
1.40845
1.40845
1.40845
1.40845
1.40845
1.40844
1.40804
1.40869
1.39407
1.43643
1.40845
1.40845
1.40845
1.40845
1.40845
1.40845
1.40845
1.40845
1.40845
1.40845
1.40845
1.40845
1.40845
1.40845
1.40845
1.40845
1.40845
1.40845
1.40845
1.40845
1.40844
1.40845
1.4082
1.41001
1.36389
1.40845
1.40845
1.40845
1.40845
1.40845
1.40845
1.40845
1.40845
1.40845
1.40845
1.40845
1.40845
1.40845
1.40845
1.40845
1.40845
1.40845
1.40845
1.40845
1.40845
1.40846
1.40841
1.40835
1.40827
1.40563
1.40845
1.40845
1.40845
1.40845
1.40845
1.40845
1.40845
1.40845
1.40845
1.40845
1.40845
1.40845
1.40845
1.40845
1.40845
1.40845
1.40845
1.40845
1.40845
1.40845
1.40845
1.40847
1.40835
1.4084
1.40781
1.40845
1.40845
1.40845
1.40845
1.40845
1.40845
1.40845
1.40845
1.40845
1.40845
1.40845
1.40845
1.40845
1.40845
1.40845
1.40845
1.40845
1.40845
1.40845
1.40845
1.40845
1.40845
1.40844
1.40842
1.40835
1.40845
1.40845
1.40845
1.40845
1.40845
1.40845
1.40845
1.40845
1.40845
1.40845
1.40845
1.40845
1.40845
1.40845
1.40845
1.40845
1.40845
1.40845
1.40845
1.40845
1.40845
1.40845
1.40845
1.40844
1.40842
1.40845
1.40845
1.40845
1.40845
1.40845
1.40845
1.40845
1.40845
1.40845
1.40845
1.40845
1.40845
1.40845
1.40845
1.40845
1.40845
1.40845
1.40845
1.40845
1.40845
1.40845
1.40845
1.40845
1.40844
1.40847
1.40845
1.40845
1.40845
1.40845
1.40845
1.40845
1.40845
1.40845
1.40845
1.40845
1.40845
1.40845
1.40845
1.40845
1.40845
1.40845
1.40845
1.40845
1.40845
1.40845
1.40845
1.40845
1.40845
1.40845
1.40845
1.40845
1.40845
1.40845
1.40845
1.40845
1.40845
1.40845
1.40845
1.40845
1.40845
1.40845
1.40845
1.40845
1.40845
1.40845
1.40845
1.40845
1.40845
1.40845
1.40845
1.40845
1.40845
1.40845
1.40845
1.40845
1.40845
1.40845
1.40845
1.40845
1.40845
1.40845
1.40845
1.40845
1.40845
1.40845
1.40845
1.40845
1.40845
1.40845
1.40845
1.40845
1.40845
1.40845
1.40845
1.40845
1.40845
1.40845
1.40845
1.40845
1.40845
1.40845
1.40845
1.40845
1.40845
1.40845
1.40845
1.40845
1.40845
1.40845
1.40845
1.40845
1.40845
1.40845
1.40845
1.40845
1.40845
1.40845
1.40845
1.40845
1.40845
1.40845
1.40845
1.40845
1.40845
1.40845
1.40845
1.40845
1.40845
1.40845
1.40845
1.40845
1.40845
1.40845
1.40845
1.40845
1.40845
1.40845
1.40845
1.40845
1.40845
1.40845
1.40845
1.40845
1.40845
1.40845
1.40845
1.40845
1.40845
1.40845
1.40845
1.40845
1.40845
1.40845
1.40845
1.40845
1.40845
1.40845
1.40845
1.40845
1.40845
1.40845
1.40845
1.40845
1.40845
1.40845
1.40845
1.40845
1.40845
1.40845
1.40845
1.40845
1.40845
1.40845
1.40845
1.40845
1.40845
1.40845
1.40845
1.40845
1.40845
1.40845
1.40845
1.40845
1.40845
1.40845
1.40845
1.40845
1.40845
1.40845
1.40845
1.40845
1.40845
1.40845
1.40845
1.40845
1.40845
1.40845
1.40845
1.40845
1.40845
1.40845
1.40845
1.40845
1.40845
1.40845
1.40845
1.40845
1.40845
1.40845
1.40845
1.40845
1.40845
1.40845
1.40845
1.40845
1.40845
1.40845
1.40845
1.40845
1.40845
1.40845
1.40845
1.40845
1.40845
1.40845
1.92942
1.92933
2.00367
1.73862
1.8818
1.84982
1.72216
1.49153
1.43201
1.41343
1.41989
1.42717
1.42702
1.40659
1.34251
1.292
1.26624
1.2617
1.26754
1.26922
1.27184
1.27177
1.26921
1.26524
1.26234
1.25415
1.25118
1.24889
1.24896
1.25074
1.26411
1.28022
1.31462
1.36683
1.41455
1.46796
1.53656
1.61207
1.6838
1.75733
1.85514
1.92607
1.9997
2.08098
2.15205
2.21616
2.28374
2.33835
2.38303
2.41289
2.45054
2.47858
2.50069
2.51671
2.52717
2.53332
2.536
2.53542
2.53195
2.52572
2.51739
2.50685
2.49492
2.48194
2.46765
2.45275
2.43744
2.42107
2.404
2.38687
2.36963
2.3518
2.33376
2.31578
2.29793
2.27973
2.26198
2.24404
2.22672
2.20949
2.1929
2.17639
2.16031
2.14419
2.12835
2.11258
2.0972
2.08194
2.06723
2.05247
2.03805
2.02345
2.00904
1.99431
1.97963
1.96443
1.9491
1.93602
1.91273
1.89384
2.85929
2.55346
2.11105
1.79424
1.9451
1.89845
1.76291
1.39461
1.26311
1.23362
1.26121
1.27591
1.27314
1.23507
1.1769
1.15146
1.13046
1.12096
1.12316
1.12373
1.1265
1.1267
1.12482
1.12175
1.12024
1.11216
1.10575
1.10233
1.10227
1.10262
1.11803
1.13193
1.15633
1.1986
1.23865
1.28853
1.35806
1.43602
1.5176
1.59799
1.70512
1.80025
1.88181
1.92882
2.02917
2.11139
2.1901
2.28045
2.35377
2.42607
2.49171
2.5452
2.58982
2.62493
2.64993
2.66936
2.68291
2.69203
2.69555
2.69671
2.69693
2.69423
2.68708
2.67828
2.66738
2.65418
2.64034
2.62583
2.61116
2.59588
2.58046
2.5643
2.54741
2.52986
2.51256
2.49478
2.47722
2.45858
2.44029
2.42162
2.4036
2.38561
2.36813
2.3505
2.33316
2.31564
2.2985
2.2814
2.26481
2.24821
2.23187
2.21542
2.19913
2.18276
2.1664
2.14983
2.13307
2.11816
2.09349
2.07183
3.8053
3.06303
2.59177
2.12924
2.03325
1.94511
1.72779
1.36254
1.20339
1.19273
1.21062
1.23567
1.27086
1.23704
1.18997
1.0985
1.05479
1.0442
1.04588
1.06096
1.06258
1.06147
1.05901
1.05371
1.05246
1.0436
1.04234
1.03892
1.03925
1.03803
1.04894
1.06008
1.08478
1.12784
1.17751
1.22957
1.28713
1.35304
1.41135
1.4843
1.59487
1.71905
1.83936
1.98411
2.12412
2.26165
2.37236
2.49024
2.59572
2.69289
2.76462
2.8252
2.88434
2.91795
2.94248
2.96474
2.97948
2.98727
2.99143
2.99001
2.9852
2.97768
2.96774
2.95633
2.94316
2.92775
2.91096
2.89275
2.87423
2.8553
2.83617
2.81662
2.79648
2.77592
2.75565
2.73509
2.71515
2.69437
2.67389
2.65289
2.63243
2.61218
2.59242
2.5728
2.55354
2.53427
2.51542
2.4966
2.47836
2.46007
2.44189
2.42349
2.40497
2.38628
2.36738
2.34822
2.32867
2.31039
2.28185
2.25545
4.41991
3.5632
3.03335
2.53715
2.26244
2.09602
1.92977
1.65682
1.42803
1.28625
1.24394
1.24244
1.24873
1.23088
1.16777
1.06655
1.03851
1.0309
1.03483
1.04539
1.05538
1.078
1.07647
1.06923
1.06697
1.05726
1.04908
1.03815
1.03971
1.03787
1.05218
1.05915
1.07072
1.08992
1.11312
1.16018
1.23278
1.32492
1.4547
1.59164
1.76062
1.91698
2.08438
2.2259
2.37045
2.49945
2.61243
2.73178
2.85471
2.93146
3.00716
3.0668
3.11893
3.14387
3.16799
3.1916
3.20759
3.2087
3.20319
3.19717
3.19219
3.18605
3.17392
3.15628
3.13682
3.11692
3.09767
3.07868
3.05826
3.03736
3.01614
2.99446
2.97236
2.94985
2.92611
2.9026
2.88
2.85766
2.83585
2.81382
2.7921
2.77034
2.74889
2.7275
2.70627
2.68512
2.66441
2.6444
2.625
2.60593
2.58689
2.56788
2.54874
2.52936
2.50961
2.48947
2.46874
2.44855
2.41825
2.38706
4.4868
3.89686
3.34068
2.91765
2.66636
2.41239
2.19208
1.94293
1.62085
1.46065
1.38955
1.362
1.31584
1.28888
1.25322
1.18896
1.12586
1.07756
1.05832
1.05055
1.06014
1.06188
1.06388
1.05867
1.06012
1.05257
1.04617
1.0408
1.04537
1.04671
1.04811
1.05074
1.06473
1.09172
1.14815
1.22497
1.32253
1.45456
1.61099
1.75648
1.9244
2.07697
2.2532
2.42313
2.55928
2.68329
2.79894
2.9072
3.01568
3.08958
3.1692
3.22539
3.25979
3.28665
3.31958
3.33347
3.33604
3.33478
3.33473
3.33457
3.33292
3.32043
3.30065
3.27959
3.25923
3.24083
3.22339
3.20233
3.17978
3.15728
3.13489
3.11269
3.09041
3.0676
3.04188
3.01612
2.99135
2.9672
2.94375
2.92123
2.89909
2.87689
2.85479
2.83269
2.81045
2.7884
2.76674
2.74591
2.7257
2.7058
2.68583
2.66581
2.64566
2.62542
2.60497
2.58426
2.56311
2.54151
2.51196
2.47791
4.45168
4.04599
3.58007
3.18119
2.95169
2.7532
2.52919
2.28084
1.93655
1.70215
1.59939
1.54534
1.47591
1.41078
1.34389
1.25635
1.19129
1.14832
1.13157
1.11655
1.11397
1.10105
1.09378
1.08353
1.07898
1.0707
1.06707
1.05135
1.0519
1.05097
1.05477
1.06841
1.08907
1.13129
1.19364
1.28374
1.40283
1.55166
1.69817
1.84825
2.00433
2.15635
2.32826
2.49884
2.63454
2.77337
2.89672
2.99744
3.07627
3.15671
3.23888
3.30801
3.34464
3.39765
3.40633
3.40918
3.4163
3.4225
3.42769
3.42291
3.41223
3.39848
3.38134
3.3641
3.34698
3.32712
3.3022
3.2783
3.25588
3.23445
3.21368
3.19283
3.16983
3.1436
3.11649
3.09011
3.06479
3.0408
3.01818
2.99523
2.97174
2.94866
2.92595
2.90344
2.88111
2.85914
2.83682
2.81535
2.7945
2.77389
2.75325
2.7326
2.7119
2.69115
2.67028
2.6492
2.62775
2.60505
2.57646
2.54062
4.34877
4.06894
3.72612
3.40693
3.16017
2.99966
2.81326
2.62758
2.37447
2.07071
1.86487
1.77872
1.7049
1.63116
1.5449
1.4599
1.36339
1.29095
1.24434
1.21622
1.20058
1.17645
1.1595
1.13674
1.12544
1.10517
1.09821
1.08341
1.08207
1.08736
1.10289
1.11701
1.15771
1.22288
1.31723
1.44653
1.57091
1.68141
1.77376
1.8774
1.97486
2.08716
2.21417
2.34082
2.48257
2.64217
2.87062
3.02589
3.12999
3.20643
3.25345
3.30259
3.37095
3.43064
3.44724
3.44716
3.45601
3.45974
3.46429
3.45979
3.44981
3.44047
3.42724
3.40802
3.38806
3.36689
3.34507
3.32366
3.30312
3.28298
3.26104
3.23708
3.21181
3.18598
3.15993
3.13474
3.11083
3.08728
3.06291
3.03868
3.0151
2.99217
2.96978
2.94765
2.92561
2.90317
2.88053
2.85889
2.83781
2.81688
2.79601
2.77515
2.75419
2.73309
2.71188
2.69053
2.66893
2.64607
2.61784
2.58097
4.33338
4.03535
3.77353
3.51932
3.29177
3.15218
3.00187
2.83107
2.64246
2.40612
2.16841
2.00865
1.93406
1.86604
1.78134
1.69644
1.58772
1.48692
1.41649
1.37784
1.34893
1.32199
1.29271
1.25512
1.22894
1.19707
1.18061
1.16344
1.16536
1.17456
1.22949
1.2699
1.34787
1.44581
1.55251
1.64688
1.71915
1.77808
1.8349
1.89988
1.96344
2.04432
2.12884
2.21133
2.3108
2.44929
2.60364
2.76601
3.06106
3.24621
3.28238
3.31024
3.34604
3.39009
3.445
3.47085
3.47924
3.47353
3.46647
3.47096
3.46932
3.46471
3.4519
3.4284
3.40906
3.39052
3.37158
3.35164
3.33023
3.30746
3.28242
3.25816
3.23489
3.2118
3.18855
3.1634
3.13712
3.11179
3.08756
3.06428
3.04178
3.01923
2.99669
2.97429
2.95184
2.92949
2.90719
2.88575
2.86487
2.84403
2.82313
2.80215
2.78105
2.75985
2.73858
2.71724
2.69568
2.67285
2.64457
2.60682
4.36836
4.05126
3.78528
3.56204
3.38782
3.23576
3.11783
2.97709
2.81863
2.64766
2.44196
2.26027
2.14598
2.07946
2.00754
1.92977
1.83698
1.72543
1.63046
1.57145
1.53379
1.50114
1.46958
1.43512
1.39545
1.36233
1.32766
1.30711
1.31591
1.38259
1.50855
1.59177
1.69369
1.79163
1.85557
1.85754
1.84922
1.87263
1.90872
1.95013
1.9932
2.03705
2.07781
2.11571
2.17694
2.25968
2.34727
2.48581
2.668
2.89573
3.19774
3.36955
3.36518
3.36979
3.38508
3.4341
3.46032
3.46355
3.46454
3.47226
3.46639
3.45723
3.448
3.43522
3.42004
3.40347
3.38531
3.36491
3.34221
3.31762
3.29426
3.27253
3.251
3.22791
3.2031
3.17749
3.15207
3.1283
3.10504
3.08141
3.05763
3.03414
3.01104
2.98837
2.9661
2.94425
2.92282
2.9018
2.88096
2.86002
2.83889
2.81759
2.79619
2.77473
2.75323
2.73159
2.70965
2.68636
2.65753
2.61879
4.43283
4.11132
3.84243
3.59381
3.44957
3.29391
3.19211
3.07538
2.93933
2.78764
2.61332
2.4361
2.30422
2.22706
2.16367
2.10258
2.0461
1.96039
1.85108
1.76672
1.71783
1.68792
1.65964
1.63678
1.59754
1.57118
1.54354
1.5513
1.58241
1.82706
1.97073
2.06731
2.1472
2.18165
2.15425
2.07909
2.04323
2.04181
2.0396
2.04022
2.04465
2.05919
2.07829
2.09102
2.12004
2.14621
2.18324
2.26589
2.38148
2.53951
2.70843
3.11121
3.3952
3.40307
3.39057
3.39531
3.41033
3.44158
3.4579
3.46004
3.45802
3.44481
3.44182
3.43798
3.42837
3.41317
3.39384
3.37019
3.34813
3.32778
3.30652
3.28373
3.26036
3.23638
3.21206
3.18825
3.16536
3.14197
3.1176
3.09362
3.07013
3.04699
3.02421
3.0019
2.98008
2.95867
2.93725
2.91545
2.89348
2.87135
2.84914
2.82708
2.80517
2.78347
2.76184
2.74012
2.71802
2.69451
2.66539
2.62592
4.50109
4.18712
3.91308
3.66612
3.48632
3.33603
3.23589
3.13584
3.01424
2.88058
2.73497
2.57229
2.42562
2.3249
2.25958
2.21133
2.15958
2.10033
2.02129
1.93452
1.87139
1.83103
1.80406
1.7828
1.76115
1.75011
1.75214
1.8377
1.98837
2.36621
2.47839
2.54165
2.55391
2.48563
2.37459
2.31694
2.28351
2.25094
2.21389
2.17449
2.13832
2.1169
2.10341
2.09758
2.10404
2.10455
2.12342
2.15531
2.19549
2.27045
2.41566
2.60982
2.85892
3.24922
3.43676
3.42819
3.40439
3.41083
3.42284
3.4398
3.45081
3.45131
3.44686
3.43732
3.42755
3.41568
3.39996
3.3828
3.36232
3.33896
3.31674
3.29443
3.27201
3.24904
3.22547
3.20147
3.1784
3.15529
3.13177
3.10853
3.08567
3.06315
3.04089
3.01897
2.99731
2.97564
2.95374
2.93162
2.90926
2.88629
2.86338
2.84085
2.8186
2.79647
2.77426
2.75181
2.72897
2.70476
2.67482
2.63435
4.55723
4.26961
3.99854
3.74817
3.53278
3.3851
3.2616
3.16397
3.06217
2.951
2.82205
2.68241
2.53676
2.42237
2.33959
2.29905
2.24894
2.19596
2.1403
2.06439
2.00016
1.94174
1.90607
1.88775
1.88079
1.89253
1.95782
2.07355
2.58711
2.87318
2.91891
2.90975
2.84664
2.72413
2.62985
2.56203
2.49357
2.42429
2.37031
2.33255
2.29132
2.25583
2.19558
2.14571
2.11548
2.1137
2.12116
2.11522
2.11688
2.14964
2.2065
2.29929
2.47013
2.64737
3.09814
3.43803
3.46336
3.44268
3.41636
3.4163
3.42309
3.43558
3.43722
3.43337
3.42618
3.41698
3.40346
3.3864
3.36874
3.34751
3.32544
3.30432
3.28365
3.26289
3.24127
3.21955
3.19536
3.17159
3.14893
3.12641
3.1039
3.08182
3.06002
3.03855
3.01716
2.99567
2.97404
2.95226
2.93026
2.90768
2.88424
2.86107
2.8383
2.81556
2.79264
2.76947
2.74593
2.72103
2.69012
2.64832
4.59885
4.3362
4.07702
3.82992
3.60192
3.44253
3.30619
3.20148
3.10132
2.98746
2.87724
2.75775
2.6345
2.51165
2.41104
2.35197
2.31019
2.27284
2.21469
2.15419
2.09778
2.02658
1.98529
1.97518
1.98321
2.02927
2.21422
2.50015
3.18728
3.23014
3.22804
3.18107
3.07568
2.97479
2.87947
2.77108
2.68121
2.6004
2.53538
2.47795
2.41015
2.34882
2.30293
2.26524
2.22298
2.18475
2.13828
2.111
2.10663
2.11274
2.12184
2.15841
2.23014
2.36009
2.56272
2.82655
3.28732
3.48933
3.50287
3.42043
3.40395
3.40318
3.43723
3.43932
3.42703
3.41364
3.4051
3.39786
3.38609
3.36926
3.34326
3.31684
3.29303
3.27313
3.25575
3.23766
3.21586
3.19015
3.16631
3.14507
3.12436
3.10324
3.08138
3.05934
3.03723
3.01507
2.99301
2.971
2.94917
2.92633
2.90247
2.8794
2.85694
2.83464
2.81222
2.7895
2.76622
2.74133
2.71016
2.66689
4.64224
4.39297
4.15704
3.91655
3.68856
3.51034
3.36794
3.25924
3.14833
3.03235
2.92533
2.82089
2.6959
2.59034
2.48183
2.40762
2.35682
2.30777
2.26202
2.22091
2.17057
2.09544
2.04253
2.0374
2.07417
2.2213
2.44107
3.1128
3.45375
3.47294
3.43341
3.36154
3.26306
3.16208
3.05019
2.94514
2.85281
2.76115
2.68085
2.59955
2.53073
2.47446
2.42536
2.37963
2.33725
2.27193
2.21932
2.17475
2.14133
2.11977
2.11836
2.12314
2.13098
2.17154
2.25418
2.42272
2.61585
3.04692
3.41869
3.47163
3.44674
3.38266
3.37104
3.3754
3.3861
3.3848
3.38227
3.37547
3.36015
3.335
3.31527
3.29755
3.28173
3.26712
3.24728
3.22429
3.20232
3.18101
3.16048
3.13916
3.11779
3.09734
3.07675
3.05607
3.03523
3.01405
2.9926
2.97101
2.94952
2.92628
2.9026
2.87999
2.85807
2.83631
2.81448
2.79242
2.76992
2.74589
2.71624
2.67245
4.67635
4.43532
4.2133
3.98879
3.75978
3.58496
3.4442
3.32323
3.20758
3.09654
2.98129
2.87651
2.75823
2.6431
2.55211
2.46543
2.39411
2.35007
2.30792
2.26935
2.18166
2.13927
2.12309
2.1354
2.23982
2.43772
3.04906
3.57233
3.59049
3.5832
3.54253
3.47838
3.39977
3.3091
3.2101
3.10833
3.00624
2.90731
2.82042
2.73763
2.66541
2.59793
2.54001
2.48623
2.41161
2.35455
2.32006
2.28754
2.25652
2.21037
2.16066
2.11941
2.1064
2.11176
2.13093
2.19503
2.29917
2.47973
2.68608
3.17572
3.45797
3.48472
3.39268
3.35455
3.35202
3.37387
3.37343
3.36772
3.35538
3.33485
3.30989
3.29245
3.28041
3.26738
3.25013
3.22285
3.19804
3.17677
3.15737
3.13791
3.11659
3.09566
3.07486
3.05415
3.03356
3.01293
2.99205
2.97077
2.94933
2.92617
2.90269
2.88035
2.85858
2.83699
2.8153
2.79315
2.77045
2.74615
2.71654
2.67156
4.71018
4.48202
4.26266
4.05784
3.82639
3.64079
3.51806
3.39153
3.27786
3.16672
3.05061
2.94
2.84567
2.71855
2.60802
2.5138
2.43675
2.3912
2.34322
2.28325
2.22686
2.19076
2.20032
2.27984
2.52768
2.96972
3.54052
3.66863
3.67385
3.65694
3.62353
3.57504
3.51073
3.43086
3.33878
3.24113
3.13852
3.04349
2.95163
2.86512
2.78582
2.71784
2.64812
2.57542
2.51901
2.4729
2.42974
2.38453
2.33207
2.27275
2.23074
2.17028
2.13437
2.10023
2.10353
2.10849
2.12958
2.20522
2.35394
2.57239
2.90409
3.3259
3.46645
3.46716
3.33902
3.31889
3.32247
3.34766
3.34174
3.3281
3.31256
3.29715
3.27631
3.26061
3.24543
3.22766
3.20576
3.18278
3.15918
3.13851
3.11787
3.09685
3.07546
3.05412
3.03296
3.01187
2.99069
2.96938
2.94793
2.92546
2.90064
2.87686
2.8539
2.83134
2.80903
2.78646
2.76347
2.73918
2.71026
2.66466
4.71481
4.5226
4.31289
4.12909
3.90113
3.69869
3.57786
3.45771
3.33958
3.23368
3.12798
3.02128
2.91365
2.80533
2.6716
2.56339
2.4939
2.43863
2.35713
2.29297
2.28665
2.27893
2.32331
2.53616
2.89053
3.50424
3.72519
3.73597
3.72195
3.70144
3.67538
3.63743
3.5847
3.51774
3.43964
3.35275
3.26069
3.16829
3.0753
2.98632
2.91395
2.82728
2.74457
2.684
2.63034
2.57789
2.51548
2.4531
2.39082
2.33735
2.28789
2.23852
2.19825
2.14092
2.1212
2.08446
2.0948
2.10599
2.14594
2.23294
2.42376
2.61623
3.12684
3.43966
3.4454
3.39261
3.32235
3.29304
3.29538
3.29402
3.29514
3.29214
3.28256
3.25844
3.23542
3.21788
3.19953
3.18001
3.16013
3.13685
3.11357
3.09329
3.07317
3.05266
3.03192
3.01093
2.98961
2.96822
2.94659
2.92351
2.89719
2.87199
2.84789
2.82434
2.8016
2.77901
2.75578
2.73128
2.70247
2.65586
4.72555
4.5595
4.36778
4.18875
3.98015
3.75914
3.62651
3.52749
3.40099
3.28538
3.18919
3.09491
2.99796
2.89008
2.7459
2.63023
2.55451
2.46857
2.39047
2.34556
2.3473
2.39381
2.57062
2.84708
3.52481
3.78873
3.81075
3.7787
3.7559
3.73613
3.71421
3.6845
3.6426
3.58864
3.52079
3.44471
3.36241
3.27854
3.18767
3.10754
3.01617
2.92658
2.85898
2.79951
2.7266
2.65756
2.58717
2.52155
2.46284
2.40876
2.35623
2.30952
2.26068
2.2196
2.19064
2.13456
2.10743
2.07737
2.07634
2.10345
2.15926
2.28904
2.50161
2.74236
3.2243
3.43992
3.44917
3.34048
3.27476
3.2538
3.26068
3.26517
3.26452
3.2533
3.23874
3.21416
3.19216
3.17482
3.15815
3.14063
3.12092
3.09724
3.07578
3.05538
3.03521
3.01513
2.99419
2.9723
2.94953
2.9254
2.89744
2.87054
2.84492
2.81964
2.79534
2.77195
2.74797
2.72243
2.69285
2.64542
4.70263
4.59107
4.44094
4.25957
4.06985
3.83816
3.67266
3.58123
3.4637
3.33807
3.23549
3.14459
3.05907
2.9693
2.82968
2.71084
2.60845
2.50182
2.44429
2.43076
2.4584
2.60706
2.83704
3.5341
3.86304
3.90454
3.84826
3.81183
3.79206
3.77367
3.75261
3.72667
3.69274
3.64874
3.59372
3.52808
3.45471
3.37195
3.28798
3.20113
3.105
3.03587
2.96378
2.8864
2.80236
2.72713
2.66367
2.60289
2.53549
2.47595
2.42029
2.3668
2.31718
2.27278
2.23298
2.19662
2.1577
2.1229
2.07852
2.07344
2.06524
2.09542
2.16377
2.3165
2.50708
2.97377
3.35956
3.40197
3.38809
3.28468
3.22544
3.21883
3.23753
3.23717
3.22862
3.21273
3.19547
3.1714
3.15091
3.13359
3.11588
3.09315
3.07
3.04998
3.03029
3.01074
2.99051
2.96966
2.94804
2.92437
2.89438
2.86597
2.83992
2.81473
2.78934
2.76554
2.74149
2.715
2.68374
2.63526
4.70531
4.5905
4.46266
4.30429
4.15833
3.93959
3.72922
3.62515
3.52298
3.39733
3.29117
3.19632
3.1066
3.02082
2.90175
2.79707
2.63722
2.56496
2.54091
2.55759
2.67973
2.86966
3.56538
3.99386
4.02432
3.97508
3.91995
3.88441
3.85806
3.8316
3.80531
3.77777
3.7475
3.70975
3.66404
3.60551
3.53738
3.45899
3.37899
3.28519
3.20851
3.13106
3.04088
2.95148
2.88266
2.81143
2.74361
2.68077
2.61995
2.55977
2.50139
2.44795
2.39868
2.35448
2.30879
2.26867
2.22702
2.19055
2.12861
2.06549
2.0478
2.03705
2.03433
2.0971
2.21472
2.398
2.60687
3.10116
3.38699
3.39089
3.32628
3.2425
3.19907
3.20046
3.19804
3.19492
3.18672
3.17299
3.15518
3.1271
3.1051
3.08533
3.06387
3.04354
3.02307
3.00269
2.98256
2.96205
2.94041
2.91644
2.88671
2.85857
2.83252
2.8073
2.78124
2.75637
2.73191
2.70537
2.67355
2.62432
4.59515
4.61362
4.49691
4.34459
4.19942
4.0335
3.80426
3.6602
3.57354
3.4452
3.33438
3.2398
3.15151
3.06372
2.96473
2.82457
2.70734
2.64005
2.65623
2.7686
2.99227
3.6173
4.14288
4.13927
4.11063
4.06334
4.01192
3.95988
3.9178
3.883
3.85174
3.82106
3.78989
3.75475
3.71292
3.66215
3.60097
3.53279
3.45628
3.3774
3.29692
3.20476
3.12253
3.04361
2.97115
2.89781
2.82831
2.76013
2.69521
2.6347
2.57134
2.51499
2.46089
2.41054
2.36234
2.31681
2.26809
2.22189
2.1604
2.1097
2.05797
2.03481
2.02515
2.03243
2.05817
2.12116
2.27225
2.4953
2.81806
3.22822
3.35671
3.35495
3.25711
3.19199
3.17255
3.1697
3.17284
3.17039
3.15795
3.14045
3.10745
3.08267
3.06029
3.04071
3.02186
3.00102
2.97836
2.95507
2.93202
2.909
2.884
2.85263
2.82411
2.79783
2.7709
2.74532
2.72039
2.69434
2.66305
2.61348
4.5094
4.5747
4.51562
4.38336
4.2315
4.09882
3.89147
3.70413
3.61506
3.49944
3.36286
3.26948
3.18446
3.10979
3.0171
2.86172
2.79367
2.77411
2.85407
3.09827
3.6723
4.26141
4.26018
4.24099
4.20465
4.16067
4.09933
4.04124
3.98768
3.94089
3.90053
3.86332
3.82702
3.79023
3.75011
3.70468
3.65158
3.59058
3.5218
3.44753
3.36845
3.289
3.20829
3.12771
3.04873
2.97289
2.90044
2.8274
2.75835
2.69014
2.62616
2.56511
2.50812
2.45579
2.40728
2.3612
2.31619
2.2717
2.22128
2.18328
2.14655
2.10168
2.05523
2.00858
2.00857
2.02916
2.07792
2.17825
2.34254
2.51786
3.00745
3.3077
3.31869
3.28533
3.20591
3.15638
3.14778
3.15097
3.14631
3.13125
3.11287
3.08064
3.05384
3.03385
3.01388
2.99484
2.97475
2.95321
2.93045
2.90735
2.88176
2.84665
2.81565
2.78906
2.76228
2.7358
2.70949
2.68248
2.65067
2.60144
3.93414
4.46501
4.54772
4.44233
4.28865
4.14453
3.96794
3.75857
3.63646
3.54724
3.41431
3.29804
3.22479
3.16768
3.05351
2.9459
2.9183
2.97709
3.21986
3.71781
4.40148
4.40604
4.39065
4.34881
4.2925
4.22875
4.17015
4.11309
4.05599
3.99791
3.94716
3.90311
3.86145
3.82155
3.78139
3.73896
3.69108
3.6367
3.57528
3.50768
3.43564
3.35982
3.28095
3.2017
3.12233
3.04514
2.97006
2.89662
2.82797
2.75889
2.69728
2.63712
2.58258
2.52977
2.479
2.43001
2.38305
2.33092
2.28762
2.24368
2.20142
2.15671
2.11847
2.05872
2.01447
2.01662
2.02138
2.03782
2.08678
2.21048
2.42721
2.64937
3.07494
3.28772
3.28723
3.25064
3.16594
3.11105
3.10976
3.10953
3.09865
3.07912
3.05776
3.02941
3.00708
2.99089
2.97381
2.95371
2.93083
2.90716
2.87979
2.84181
2.8089
2.78135
2.75415
2.72611
2.69861
2.6711
2.63922
2.58957
2.94959
4.28125
4.3984
4.38598
4.28274
4.14584
4.02269
3.83007
3.65859
3.57987
3.48153
3.34888
3.26633
3.20204
3.1168
3.08686
3.12614
3.34667
3.80197
4.51891
4.55427
4.55059
4.51623
4.44158
4.37241
4.31218
4.25314
4.19283
4.12995
4.06874
4.00861
3.95574
3.90768
3.86303
3.81854
3.77342
3.72574
3.6744
3.61811
3.55663
3.4902
3.41932
3.34564
3.26945
3.19237
3.11548
3.03922
2.96396
2.88981
2.82014
2.75339
2.69196
2.63391
2.57837
2.52754
2.47229
2.42152
2.37229
2.32688
2.2882
2.24619
2.2041
2.14864
2.10376
2.06473
2.03053
2.01736
1.99242
2.00864
2.05726
2.1294
2.29171
2.49606
2.86232
3.19436
3.24014
3.23806
3.15827
3.10313
3.07439
3.06929
3.06356
3.05344
3.03387
3.00559
2.97936
2.96095
2.94388
2.92497
2.90369
2.87689
2.83496
2.7993
2.77075
2.74323
2.71542
2.68865
2.66141
2.62771
2.57676
1.92583
3.42705
4.34964
4.38056
4.29285
4.1667
4.05992
3.9157
3.71467
3.61429
3.54259
3.41041
3.30402
3.24301
3.23493
3.28748
3.50929
3.88671
4.69939
4.76019
4.73269
4.6903
4.59587
4.52123
4.45717
4.39148
4.32341
4.25476
4.18891
4.12568
4.0604
3.99702
3.94169
3.89223
3.84423
3.79673
3.74883
3.69918
3.64651
3.58972
3.52856
3.46356
3.39501
3.32362
3.25023
3.17489
3.09948
3.02316
2.94997
2.87796
2.81339
2.75391
2.69739
2.64332
2.59077
2.53744
2.48855
2.43769
2.38644
2.34104
2.29573
2.25042
2.20395
2.15919
2.12238
2.08979
2.05264
2.02462
2.01126
2.01455
2.01078
2.05197
2.14797
2.33058
2.53587
2.97757
3.20897
3.21679
3.18592
3.10777
3.05797
3.03959
3.02561
3.01048
2.99253
2.96986
2.94912
2.92993
2.91036
2.88892
2.85664
2.81518
2.78076
2.75266
2.72588
2.69872
2.67052
2.64297
2.6102
2.55913
1.5146
2.46675
3.85985
4.31458
4.35703
4.25242
4.12192
3.99757
3.82514
3.67491
3.60397
3.47326
3.36471
3.34685
3.40813
3.65101
4.03654
4.89632
4.98864
4.95671
4.89914
4.77025
4.68153
4.61451
4.54493
4.47056
4.39453
4.32151
4.25102
4.18228
4.117
4.04906
3.98473
3.92793
3.87521
3.82396
3.77292
3.72154
3.66896
3.61447
3.55755
3.49784
3.43506
3.36962
3.30158
3.23163
3.15913
3.08641
3.01303
2.94226
2.87526
2.81331
2.75549
2.69935
2.64381
2.59326
2.53773
2.48188
2.42586
2.3737
2.33546
2.29674
2.24505
2.19844
2.15793
2.12276
2.08983
2.0576
2.02277
2.00815
1.99529
1.96681
1.98296
2.05277
2.2008
2.40203
2.75596
3.109
3.15909
3.14715
3.11027
3.02719
2.97022
2.97059
2.96437
2.95197
2.9355
2.91789
2.89886
2.87716
2.83816
2.79574
2.76256
2.73584
2.71002
2.68439
2.65478
2.62439
2.59069
2.54118
1.47903
1.70516
2.92734
4.15288
4.29396
4.28686
4.17966
4.07075
3.93178
3.74975
3.62463
3.53709
3.5003
3.53624
3.77048
4.16276
5.04863
5.25609
5.19773
5.07293
4.93036
4.84078
4.76655
4.69065
4.60937
4.52884
4.45313
4.37899
4.30555
4.2326
4.16214
4.09221
4.02062
3.95655
3.89765
3.84261
3.78935
3.73668
3.68413
3.63128
3.57755
3.52242
3.46535
3.40569
3.34331
3.27798
3.21004
3.13957
3.0666
2.99585
2.92896
2.86622
2.8074
2.75069
2.6947
2.64031
2.58669
2.53263
2.48188
2.43501
2.3896
2.34376
2.29265
2.24641
2.20499
2.171
2.13813
2.10606
2.0746
2.04614
1.99682
1.95857
1.93796
1.93751
1.96893
2.05968
2.2658
2.45448
2.83973
3.06827
3.08419
3.06937
3.00317
2.94099
2.89923
2.88617
2.88108
2.87569
2.86601
2.84857
2.81551
2.7708
2.73404
2.70817
2.6844
2.66006
2.63071
2.59844
2.5645
2.51969
1.38162
1.52024
1.96739
3.33731
4.24832
4.29298
4.23774
4.1424
4.04972
3.83673
3.68015
3.64712
3.68869
3.92647
4.31539
5.25775
5.52921
5.50051
5.30521
5.12749
5.03299
4.9502
4.8689
4.78213
4.69111
4.60814
4.5284
4.44977
4.37274
4.29725
4.22332
4.1502
4.07507
4.00358
3.93856
3.87763
3.81978
3.76346
3.70893
3.65551
3.60255
3.54932
3.49515
3.43945
3.3814
3.32083
3.25733
3.19135
3.12311
3.0567
2.99177
2.93066
2.87043
2.8124
2.75557
2.69875
2.64319
2.5861
2.53289
2.48122
2.42602
2.37514
2.33245
2.28217
2.23685
2.19988
2.16386
2.13063
2.09598
2.06045
2.02927
1.97603
1.91298
1.90062
1.89286
1.90859
1.94845
2.05447
2.21952
2.5889
2.86028
2.96019
2.97485
2.95733
2.87819
2.82518
2.81183
2.80803
2.80608
2.79578
2.77441
2.73094
2.69451
2.66695
2.64259
2.61922
2.59256
2.56329
2.53457
2.49206
1.3952
1.42393
1.49649
2.39986
3.68681
4.19259
4.25894
4.19434
4.09186
3.91127
3.81978
3.84673
4.09101
4.54529
5.51148
5.76945
5.72934
5.54444
5.3374
5.22769
5.13354
5.04126
4.95106
4.85965
4.76756
4.68155
4.59912
4.51778
4.4372
4.35823
4.28051
4.20425
4.12569
4.04836
3.97746
3.91177
3.84982
3.79023
3.73332
3.67953
3.6274
3.57537
3.52295
3.46974
3.41442
3.35632
3.29529
3.23147
3.1661
3.10045
3.03579
2.97216
2.91061
2.84989
2.78998
2.73111
2.67233
2.61668
2.56333
2.51204
2.45988
2.41011
2.35862
2.30842
2.26345
2.22293
2.18549
2.1488
2.11222
2.07692
2.03926
2.00078
1.94977
1.88684
1.85798
1.84188
1.80352
1.8182
1.90357
2.0465
2.20284
2.57118
2.81083
2.84224
2.84267
2.79227
2.74739
2.72863
2.7235
2.71488
2.69673
2.67135
2.64412
2.61161
2.58317
2.56019
2.5394
2.51689
2.49293
2.45106
1.40856
1.3867
1.49474
1.65858
2.74367
3.90431
4.14548
4.15881
4.04296
3.98699
4.01796
4.30186
4.87382
5.96463
6.1297
6.07316
5.82449
5.59474
5.47564
5.38574
5.29721
5.20381
5.10439
5.00116
4.89878
4.8011
4.7084
4.61817
4.52997
4.4436
4.3596
4.27746
4.19746
4.11608
4.04001
3.96898
3.90041
3.83405
3.76942
3.71049
3.65567
3.60197
3.54843
3.49436
3.43889
3.38171
3.3224
3.26089
3.19905
3.13729
3.07542
3.01403
2.95216
2.89094
2.82918
2.76849
2.70904
2.6499
2.59328
2.53896
2.48284
2.4288
2.37832
2.32578
2.27384
2.22796
2.18547
2.14295
2.10321
2.06167
2.01943
1.97417
1.91964
1.86606
1.82026
1.77068
1.73628
1.71827
1.72849
1.74635
1.83523
1.99651
2.24691
2.5189
2.66894
2.68963
2.68545
2.64829
2.61181
2.59725
2.58921
2.57641
2.56121
2.53428
2.51207
2.49283
2.47718
2.45952
2.43981
2.39941
1.4063
1.43213
1.3115
1.39921
1.75868
2.99099
4.01776
4.13682
4.07644
4.12868
4.45798
5.11739
6.36908
6.40631
6.29266
6.0614
5.84078
5.71637
5.61197
5.51009
5.40444
5.29658
5.19097
5.08787
4.98531
4.88366
4.78616
4.6921
4.59995
4.50923
4.42005
4.33319
4.24882
4.16351
4.08135
4.00378
3.92804
3.85521
3.78163
3.71605
3.65817
3.60354
3.5496
3.49535
3.44058
3.38302
3.32351
3.26463
3.20532
3.14615
3.08599
3.02505
2.9628
2.90031
2.8357
2.77204
2.70763
2.64415
2.58385
2.52454
2.46655
2.41178
2.35907
2.30242
2.24564
2.1952
2.14796
2.10364
2.05957
2.0166
1.9735
1.93091
1.883
1.83214
1.79054
1.75185
1.70461
1.68169
1.64391
1.63745
1.65842
1.71473
1.82437
1.95339
2.2423
2.46024
2.51916
2.52975
2.51684
2.48203
2.45671
2.4381
2.43178
2.42455
2.40903
2.39973
2.38787
2.37596
2.36698
2.33515
1.40817
1.40922
1.39906
1.41776
1.52769
2.139
3.38695
3.92377
4.14041
4.57693
5.39443
6.81209
6.83165
6.7098
6.30885
6.05954
5.95107
5.85076
5.751
5.64371
5.52973
5.41105
5.29867
5.18847
5.0806
4.97232
4.86768
4.76772
4.67036
4.57433
4.47985
4.38721
4.29762
4.20771
4.12021
4.03598
3.95356
3.87499
3.79423
3.71992
3.65512
3.59529
3.53648
3.47751
3.41786
3.35465
3.29209
3.23259
3.17333
3.11348
3.05287
2.99124
2.92742
2.86263
2.79643
2.73009
2.66156
2.59667
2.53131
2.46994
2.41125
2.35701
2.30449
2.24866
2.19335
2.14519
2.10188
2.06066
2.0203
1.98071
1.94172
1.90261
1.85563
1.80932
1.76681
1.73083
1.69355
1.66238
1.61401
1.57975
1.58228
1.58735
1.61117
1.68454
1.787
2.03172
2.28118
2.40585
2.4175
2.40474
2.38591
2.36219
2.3259
2.30224
2.28755
2.27654
2.26817
2.26215
2.25922
2.25059
1.40843
1.40867
1.40797
1.39069
1.43301
1.54472
2.33961
3.42002
4.34111
5.59169
7.27905
7.26782
7.05439
6.6005
6.32394
6.19471
6.08967
5.98126
5.87044
5.75068
5.63143
5.51696
5.40176
5.28459
5.16988
5.05812
4.94765
4.83856
4.72986
4.62001
4.51061
4.40275
4.2978
4.19548
4.09569
4.00029
3.90684
3.81724
3.7241
3.63597
3.56132
3.49266
3.42486
3.35754
3.28817
3.21688
3.15218
3.09122
3.03221
2.97372
2.91577
2.85766
2.79927
2.74046
2.68099
2.62224
2.56233
2.50636
2.45071
2.39846
2.34953
2.3011
2.25259
2.20201
2.15186
2.10831
2.06887
2.03069
1.99217
1.95476
1.91805
1.87978
1.834
1.79242
1.75382
1.72053
1.68721
1.65598
1.62755
1.58681
1.5551
1.54172
1.53379
1.5388
1.59595
1.71327
1.84493
2.11446
2.30089
2.31859
2.31609
2.30812
2.2733
2.23443
2.21742
2.19967
2.19146
2.17441
2.16686
2.18538
1.40845
1.40848
1.40775
1.40948
1.3854
1.49184
1.75567
2.59699
4.34984
7.05524
7.16257
6.95726
6.43413
6.15501
6.08878
6.06473
6.02171
5.95195
5.85487
5.73509
5.61061
5.48991
5.37142
5.25417
5.13461
5.01219
4.88992
4.77214
4.65401
4.53332
4.41008
4.28618
4.16599
4.04732
3.93304
3.82466
3.72073
3.62102
3.52228
3.43169
3.3546
3.28582
3.22013
3.15631
3.09206
3.02883
2.97393
2.92568
2.87936
2.83331
2.78754
2.74128
2.6955
2.6492
2.6027
2.55605
2.50833
2.46249
2.41526
2.36952
2.32686
2.28429
2.24114
2.19803
2.15092
2.10819
2.07103
2.03348
1.99514
1.95751
1.92012
1.88125
1.84113
1.8033
1.76907
1.73565
1.70351
1.67201
1.64027
1.60829
1.57047
1.53188
1.50916
1.49946
1.49921
1.54849
1.64007
1.73802
1.99601
2.17628
2.23681
2.24062
2.22997
2.18832
2.16161
2.14234
2.12499
2.11997
2.1266
2.1689
1.40845
1.40842
1.40928
1.40237
1.40486
1.39435
1.77022
2.35282
5.82976
6.35172
6.33641
5.95238
5.64954
5.54869
5.52221
5.50795
5.48807
5.45315
5.40273
5.33349
5.23589
5.1325
5.0282
4.92351
4.8187
4.70368
4.58069
4.45484
4.3314
4.21042
4.09275
3.9795
3.87097
3.76694
3.66822
3.57569
3.48861
3.4055
3.32409
3.24867
3.1853
3.12931
3.07588
3.02336
2.97103
2.91705
2.87171
2.83286
2.79586
2.75889
2.72204
2.68526
2.64862
2.61074
2.57291
2.53348
2.49364
2.45472
2.41536
2.3745
2.33368
2.29459
2.25596
2.21591
2.17298
2.13084
2.08955
2.04953
2.01152
1.97423
1.93578
1.89632
1.85497
1.81356
1.77652
1.74244
1.70958
1.67649
1.64354
1.61152
1.58022
1.54429
1.50613
1.4809
1.47711
1.47954
1.51588
1.58899
1.67739
1.88594
2.07935
2.16309
2.16778
2.15518
2.12766
2.08765
2.08752
2.09321
2.11202
2.24052
1.40845
1.40843
1.40829
1.4074
1.39667
1.43794
1.85457
2.79978
6.76835
6.23967
5.74628
5.64719
5.61605
5.57471
5.51335
5.44232
5.34979
5.26192
5.16961
5.06915
4.96222
4.8562
4.7436
4.63208
4.52341
4.41829
4.31755
4.22
4.12449
4.02947
3.93616
3.8445
3.75566
3.6699
3.5866
3.50733
3.43159
3.35856
3.28695
3.2194
3.16002
3.10613
3.05395
3.00293
2.95275
2.90187
2.85887
2.82181
2.78816
2.75541
2.72222
2.68926
2.6554
2.62104
2.58625
2.54999
2.51383
2.47693
2.43927
2.40028
2.36093
2.32164
2.28152
2.23895
2.19634
2.15395
2.10944
2.06809
2.02853
1.98948
1.94962
1.90953
1.86755
1.82765
1.7913
1.75772
1.7249
1.69218
1.65859
1.62479
1.58923
1.55722
1.52451
1.49295
1.46532
1.45737
1.46478
1.49561
1.55198
1.62522
1.79162
1.99987
2.11629
2.1183
2.11331
2.09195
2.09434
2.11563
2.16081
2.43065
1.40845
1.40844
1.40829
1.40749
1.39651
1.42989
1.80953
2.79609
7.16428
6.27674
6.20809
6.1244
6.01078
5.79844
5.64114
5.52672
5.43118
5.33935
5.24217
5.13327
5.02313
4.9204
4.81893
4.71589
4.61552
4.51508
4.41397
4.3105
4.21133
4.11543
4.02144
3.92942
3.8396
3.75269
3.66924
3.58818
3.51041
3.43516
3.36103
3.29017
3.22627
3.16747
3.11181
3.05851
3.00659
2.95508
2.91025
2.87082
2.83487
2.80004
2.76554
2.73108
2.69599
2.66098
2.62517
2.58777
2.55138
2.5135
2.4744
2.43398
2.39321
2.35204
2.30958
2.26658
2.22271
2.17838
2.13467
2.09149
2.04939
2.00788
1.96664
1.92546
1.88346
1.84251
1.80464
1.7686
1.73377
1.69873
1.66456
1.62775
1.59293
1.56137
1.53228
1.50296
1.47475
1.44518
1.43653
1.44027
1.45173
1.50935
1.58918
1.73288
1.94978
2.07096
2.08244
2.10185
2.13641
2.23044
2.36006
2.76807
1.40845
1.40844
1.40825
1.40746
1.39601
1.43489
1.83889
2.94977
7.4174
6.27804
6.24748
6.21121
6.14927
6.04434
5.95722
5.86989
5.77466
5.66734
5.55161
5.43188
5.31257
5.19571
5.08336
4.97516
4.86734
4.75594
4.6416
4.52843
4.41502
4.30316
4.19382
4.08769
3.98393
3.88386
3.78679
3.69439
3.6059
3.52162
3.44098
3.36578
3.29675
3.23266
3.17153
3.11347
3.0553
2.99947
2.94939
2.90503
2.86504
2.82722
2.79041
2.75401
2.71725
2.68049
2.64339
2.60569
2.56815
2.52984
2.49077
2.45061
2.40962
2.36781
2.32533
2.28214
2.23808
2.19326
2.14779
2.10309
2.0595
2.01701
1.97451
1.93258
1.8899
1.84918
1.81093
1.77498
1.73953
1.7043
1.66936
1.63211
1.59612
1.56511
1.53644
1.50887
1.48233
1.45452
1.42024
1.40902
1.41274
1.42763
1.47408
1.55246
1.69461
1.90631
2.03735
2.12738
2.25046
2.39488
2.75936
3.03788
1.40845
1.40844
1.40825
1.40753
1.39623
1.43249
1.82575
2.89035
7.40024
6.19726
6.23555
6.25384
6.21316
6.12506
6.04193
5.97454
5.91019
5.84553
5.7671
5.66827
5.56094
5.451
5.32897
5.19106
5.05195
4.91438
4.77703
4.64029
4.50663
4.37693
4.25208
4.13237
4.01805
3.90887
3.80542
3.70784
3.61613
3.52971
3.44868
3.37296
3.30258
3.23628
3.17207
3.11097
3.05017
2.9932
2.9419
2.896
2.855
2.81651
2.77937
2.74246
2.70591
2.66974
2.63365
2.59728
2.56096
2.52403
2.48612
2.44703
2.40694
2.36584
2.32372
2.28054
2.23646
2.19149
2.14644
2.10157
2.05748
2.01388
1.97094
1.92839
1.88586
1.84526
1.80715
1.77064
1.73484
1.6991
1.66385
1.62612
1.59051
1.55988
1.5317
1.50604
1.48029
1.45468
1.42909
1.39561
1.37932
1.3773
1.38738
1.43967
1.53841
1.69219
1.92617
2.17501
2.39135
2.7643
3.02952
3.02129
1.40845
1.40844
1.40825
1.40749
1.39611
1.43374
1.83524
2.91803
7.40193
6.1751
6.17877
6.18074
6.13344
6.04815
5.98028
5.92131
5.86378
5.80546
5.74227
5.66431
5.56943
5.45726
5.33077
5.19305
5.05339
4.91369
4.77365
4.63379
4.49648
4.36347
4.23593
4.1142
3.99827
3.88831
3.78448
3.68713
3.59568
3.50982
3.42895
3.35351
3.28276
3.21576
3.15111
3.08979
3.0289
2.97247
2.92117
2.87537
2.83459
2.79668
2.76017
2.72399
2.68834
2.65321
2.61812
2.58286
2.54747
2.5115
2.47453
2.43634
2.39695
2.35642
2.31484
2.2723
2.22878
2.18421
2.1392
2.09433
2.05017
2.00679
1.96403
1.92202
1.87994
1.83986
1.80221
1.76605
1.73067
1.69495
1.65989
1.62273
1.5878
1.55665
1.53008
1.50385
1.47879
1.45385
1.42868
1.39539
1.36222
1.35523
1.354
1.3758
1.46663
1.63943
1.90148
2.18637
2.69179
2.93716
2.97024
2.93083
)
;

boundaryField
{
    inlet
    {
        type            calculated;
        value           uniform 1.40845;
    }
    outlet
    {
        type            calculated;
        value           nonuniform List<scalar> 
40
(
1.89384
2.07183
2.25545
2.38706
2.47791
2.54062
2.58097
2.60682
2.61879
2.62592
2.63435
2.64832
2.66689
2.67245
2.67156
2.66466
2.65586
2.64542
2.63526
2.62432
2.61348
2.60144
2.58957
2.57676
2.55913
2.54118
2.51969
2.49206
2.45106
2.39941
2.33515
2.25059
2.18538
2.1689
2.24052
2.43065
2.76807
3.03788
3.02129
2.93083
)
;
    }
    bottom
    {
        type            symmetryPlane;
    }
    top
    {
        type            symmetryPlane;
    }
    obstacle
    {
        type            calculated;
        value           nonuniform List<scalar> 
110
(
7.26287
7.265
7.25192
7.22801
7.19287
7.13856
7.06453
6.95323
6.78292
6.51732
1.92942
1.92933
2.00367
1.73862
1.8818
1.84982
1.72216
1.49153
1.43201
1.41343
1.41989
1.42717
1.42702
1.40659
1.34251
1.292
1.26624
1.2617
1.26754
1.26922
1.27184
1.27177
1.26921
1.26524
1.26234
1.25415
1.25118
1.24889
1.24896
1.25074
1.26411
1.28022
1.31462
1.36683
1.41455
1.46796
1.53656
1.61207
1.6838
1.75733
1.85514
1.92607
1.9997
2.08098
2.15205
2.21616
2.28374
2.33835
2.38303
2.41289
2.45054
2.47858
2.50069
2.51671
2.52717
2.53332
2.536
2.53542
2.53195
2.52572
2.51739
2.50685
2.49492
2.48194
2.46765
2.45275
2.43744
2.42107
2.404
2.38687
2.36963
2.3518
2.33376
2.31578
2.29793
2.27973
2.26198
2.24404
2.22672
2.20949
2.1929
2.17639
2.16031
2.14419
2.12835
2.11258
2.0972
2.08194
2.06723
2.05247
2.03805
2.02345
2.00904
1.99431
1.97963
1.96443
1.9491
1.93602
1.91273
1.89384
)
;
    }
    defaultFaces
    {
        type            empty;
    }
}


// ************************************************************************* //
