/*--------------------------------*- C++ -*----------------------------------*\
| =========                 |                                                 |
| \\      /  F ield         | OpenFOAM: The Open Source CFD Toolbox           |
|  \\    /   O peration     | Version:  v2106                                 |
|   \\  /    A nd           | Website:  www.openfoam.com                      |
|    \\/     M anipulation  |                                                 |
\*---------------------------------------------------------------------------*/
FoamFile
{
    version     2.0;
    format      ascii;
    arch        "LSB;label=32;scalar=64";
    class       volScalarField;
    location    "13";
    object      Mo;
}
// * * * * * * * * * * * * * * * * * * * * * * * * * * * * * * * * * * * * * //

dimensions      [0 0 0 0 0 0 0];

internalField   nonuniform List<scalar> 
5250
(
3.01265
3.01265
3.01265
3.01265
3.01265
3.01265
3.01265
3.01264
3.01264
3.01235
3.01097
2.99099
2.88943
2.47609
1.48205
0.427835
0.332089
0.345044
0.30743
0.262457
0.228251
0.181575
0.134904
0.0857439
0.0400422
3.01265
3.01265
3.01265
3.01265
3.01265
3.01265
3.01265
3.01264
3.01264
3.01236
3.01101
2.99162
2.89201
2.48493
1.49235
0.439875
0.326528
0.346645
0.309268
0.263827
0.230676
0.186178
0.144542
0.101983
0.0746717
3.01265
3.01265
3.01265
3.01265
3.01265
3.01265
3.01265
3.01264
3.01264
3.01236
3.01117
2.9922
2.89894
2.50537
1.51832
0.47616
0.317952
0.350455
0.311385
0.265695
0.237197
0.199103
0.164201
0.132305
0.117198
3.01265
3.01265
3.01265
3.01265
3.01265
3.01265
3.01265
3.01265
3.01263
3.01243
3.0108
2.99536
2.89836
2.53703
1.55855
0.528239
0.302071
0.35417
0.31404
0.272108
0.24957
0.217996
0.191411
0.17005
0.160935
3.01265
3.01265
3.01265
3.01265
3.01265
3.01265
3.01265
3.01265
3.01263
3.01247
3.01108
2.99885
2.91069
2.58512
1.65169
0.605197
0.282904
0.358123
0.316697
0.281319
0.264455
0.241062
0.222731
0.210261
0.207731
3.01265
3.01265
3.01265
3.01265
3.01265
3.01265
3.01265
3.01265
3.01263
3.01251
3.01134
3.00163
2.9267
2.64678
1.80942
0.723524
0.273093
0.37161
0.325876
0.292828
0.283717
0.268966
0.25986
0.254971
0.257329
3.01265
3.01265
3.01265
3.01265
3.01265
3.01265
3.01265
3.01265
3.01264
3.01255
3.01158
3.00464
2.94357
2.71117
1.98663
0.901972
0.292305
0.400182
0.353535
0.314539
0.310245
0.300852
0.301254
0.301988
0.315086
3.01265
3.01265
3.01265
3.01265
3.01265
3.01265
3.01265
3.01265
3.01264
3.01257
3.01196
3.00687
2.95812
2.76543
2.10023
1.12499
0.355845
0.441891
0.394913
0.348212
0.344421
0.340292
0.347087
0.360803
0.386396
3.01265
3.01265
3.01265
3.01265
3.01265
3.01265
3.01265
3.01265
3.01264
3.01259
3.01219
3.00852
2.96927
2.80881
2.20636
1.27541
0.46085
0.500369
0.458183
0.40379
0.388136
0.391013
0.40295
0.422244
0.481073
3.01265
3.01265
3.01265
3.01265
3.01265
3.01265
3.01265
3.01265
3.01264
3.01263
3.01218
3.00993
2.97879
2.84665
2.3139
1.37172
0.550658
0.558768
0.527108
0.481783
0.448803
0.451559
0.469222
0.511356
0.649893
3.01265
3.01265
3.01265
3.01265
3.01265
3.01265
3.01265
3.01265
3.01264
3.01264
3.01228
3.01086
2.98651
2.88279
2.43207
1.48603
0.639935
0.566306
0.5731
0.557939
0.523906
0.528154
0.553006
0.640403
0.871043
3.01265
3.01265
3.01265
3.01265
3.01265
3.01265
3.01265
3.01265
3.01265
3.01262
3.01243
3.01054
2.99619
2.90271
2.54968
1.62565
0.763121
0.555073
0.593589
0.62307
0.606193
0.606988
0.635733
0.750079
0.922021
3.01265
3.01265
3.01265
3.01265
3.01265
3.01265
3.01265
3.01265
3.01265
3.01264
3.01253
3.01151
3.004
2.9344
2.67823
1.8647
0.962389
0.53243
0.594766
0.636702
0.669029
0.682021
0.708849
0.802461
0.936793
3.01265
3.01265
3.01265
3.01265
3.01265
3.01265
3.01265
3.01265
3.01265
3.01265
3.01256
3.01238
3.00704
2.96251
2.7826
2.16979
1.28873
0.572891
0.616749
0.648009
0.683362
0.730957
0.771253
0.844633
0.956958
3.01265
3.01265
3.01265
3.01265
3.01265
3.01265
3.01265
3.01265
3.01265
3.01264
3.01262
3.01216
3.00973
2.97736
2.84035
2.32196
1.47211
0.712699
0.667337
0.675484
0.701769
0.749918
0.807054
0.883389
0.975778
3.01265
3.01265
3.01265
3.01265
3.01265
3.01265
3.01265
3.01265
3.01265
3.01264
3.01264
3.01234
3.01101
2.99052
2.89454
2.4769
1.61814
0.889361
0.724867
0.723763
0.736392
0.774123
0.829431
0.903668
0.989543
3.01265
3.01265
3.01265
3.01265
3.01265
3.01265
3.01265
3.01265
3.01265
3.01265
3.01263
3.0125
3.01135
3.00122
2.92777
2.64502
1.80079
1.13426
0.742405
0.765296
0.779337
0.804392
0.848253
0.911866
0.989959
3.01265
3.01265
3.01265
3.01265
3.01265
3.01265
3.01265
3.01265
3.01265
3.01265
3.01264
3.01262
3.01178
3.00863
2.95674
2.80661
2.22491
1.45293
0.810086
0.802241
0.812769
0.833593
0.869052
0.922566
0.99103
3.01265
3.01265
3.01265
3.01265
3.01265
3.01265
3.01265
3.01265
3.01265
3.01265
3.01264
3.01261
3.01228
3.00972
2.98602
2.86137
2.4408
1.66442
0.991465
0.845972
0.852557
0.868205
0.896532
0.939737
0.997879
3.01265
3.01265
3.01265
3.01265
3.01265
3.01265
3.01265
3.01265
3.01265
3.01265
3.01264
3.0126
3.01259
3.01028
3.00951
2.89076
2.67232
1.87733
1.26914
0.886678
0.896537
0.908006
0.929286
0.962756
1.0097
3.01265
3.01265
3.01265
3.01265
3.01265
3.01265
3.01265
3.01265
3.01265
3.01265
3.01265
3.01264
3.01258
3.01199
3.00777
2.96915
2.80772
2.25789
1.56944
0.981145
0.934273
0.938677
0.956716
0.986245
1.02611
3.01265
3.01265
3.01265
3.01265
3.01265
3.01265
3.01265
3.01265
3.01265
3.01265
3.01265
3.01264
3.01259
3.01263
3.00892
3.01064
2.81979
2.58178
1.84423
1.21478
0.985254
0.979222
0.993495
1.01643
1.04884
3.01265
3.01265
3.01265
3.01265
3.01265
3.01265
3.01265
3.01265
3.01265
3.01265
3.01265
3.01265
3.01263
3.01253
3.01162
3.00451
2.9493
2.73884
2.03076
1.55969
1.02992
1.01396
1.02531
1.04372
1.07184
3.01265
3.01265
3.01265
3.01265
3.01265
3.01265
3.01265
3.01265
3.01265
3.01265
3.01265
3.01265
3.01264
3.01256
3.01261
3.00725
3.01525
2.77388
2.50247
1.84061
1.23215
1.07379
1.063
1.07736
1.09974
3.01265
3.01265
3.01265
3.01265
3.01265
3.01265
3.01265
3.01265
3.01265
3.01265
3.01265
3.01265
3.01265
3.01263
3.01249
3.01122
3.00229
2.9327
2.71737
1.99184
1.54004
1.11703
1.09812
1.1079
1.12591
3.01265
3.01265
3.01265
3.01265
3.01265
3.01265
3.01265
3.01265
3.01265
3.01265
3.01265
3.01265
3.01265
3.01263
3.01263
3.01156
3.007
2.9989
2.74561
2.49093
1.85618
1.28709
1.15919
1.1436
1.15851
3.01265
3.01265
3.01265
3.01265
3.01265
3.01265
3.01265
3.01265
3.01265
3.01265
3.01265
3.01265
3.01265
3.01265
3.01262
3.01244
3.01099
3.00096
2.92338
2.71312
2.01336
1.57519
1.19962
1.17961
1.18764
3.01265
3.01265
3.01265
3.01265
3.01265
3.01265
3.01265
3.01265
3.01265
3.01265
3.01265
3.01265
3.01265
3.01265
3.01263
3.01261
3.01147
3.00541
2.99928
2.74424
2.49066
1.90241
1.35659
1.24136
1.22193
3.01265
3.01265
3.01265
3.01265
3.01265
3.01265
3.01265
3.01265
3.01265
3.01265
3.01265
3.01265
3.01265
3.01265
3.01265
3.01262
3.01243
3.01098
3.00079
2.92476
2.71135
2.07505
1.65816
1.27589
1.25675
3.01265
3.01265
3.01265
3.01265
3.01265
3.01265
3.01265
3.01265
3.01265
3.01265
3.01265
3.01265
3.01265
3.01265
3.01265
3.01264
3.01261
3.01175
3.00704
3.00605
2.79019
2.57888
1.97096
1.44879
1.29895
3.01265
3.01265
3.01265
3.01265
3.01265
3.01265
3.01265
3.01265
3.01265
3.01265
3.01265
3.01265
3.01265
3.01265
3.01265
3.01265
3.01262
3.01252
3.01117
3.00476
2.93132
2.7405
2.16426
1.79185
1.34265
3.01265
3.01265
3.01265
3.01265
3.01265
3.01265
3.01265
3.01265
3.01265
3.01265
3.01265
3.01265
3.01265
3.01265
3.01265
3.01265
3.01264
3.01256
3.01265
3.00908
3.0114
2.82715
2.61915
2.04719
1.55883
3.01265
3.01265
3.01265
3.01265
3.01265
3.01265
3.01265
3.01265
3.01265
3.01265
3.01265
3.01265
3.01265
3.01265
3.01265
3.01265
3.01265
3.01263
3.01257
3.01146
3.00685
2.94945
2.783
2.29201
1.89098
3.01265
3.01265
3.01265
3.01265
3.01265
3.01265
3.01265
3.01265
3.01265
3.01265
3.01265
3.01265
3.01265
3.01265
3.01265
3.01265
3.01265
3.01265
3.01261
3.01252
3.01022
3.005
2.87568
2.71655
2.1539
3.01265
3.01265
3.01265
3.01265
3.01265
3.01265
3.01265
3.01265
3.01265
3.01265
3.01265
3.01265
3.01265
3.01265
3.01265
3.01265
3.01265
3.01265
3.01264
3.01254
3.01185
3.0066
2.96775
2.82766
2.54377
3.01265
3.01265
3.01265
3.01265
3.01265
3.01265
3.01265
3.01265
3.01265
3.01265
3.01265
3.01265
3.01265
3.01265
3.01265
3.01265
3.01265
3.01265
3.01265
3.01263
3.01249
3.0114
3.00474
2.93596
2.78961
3.01265
3.01265
3.01265
3.01265
3.01265
3.01265
3.01265
3.01265
3.01265
3.01265
3.01265
3.01265
3.01265
3.01265
3.01265
3.01265
3.01265
3.01265
3.01265
3.01266
3.01276
3.01449
3.01183
3.01586
2.8616
3.01265
3.01265
3.01265
3.01265
3.01265
3.01265
3.01265
3.01265
3.01265
3.01265
3.01265
3.01265
3.01265
3.01265
3.01265
3.01265
3.01265
3.01265
3.01265
3.01265
3.01263
3.01264
3.01161
3.00874
2.96268
3.01265
3.01265
3.01265
3.01265
3.01265
3.01265
3.01265
3.01265
3.01265
3.01265
3.01265
3.01265
3.01265
3.01265
3.01265
3.01265
3.01265
3.01265
3.01265
3.01265
3.01266
3.01268
3.01263
3.0115
3.00654
3.01265
3.01265
3.01265
3.01265
3.01265
3.01265
3.01265
3.01265
3.01265
3.01265
3.01265
3.01265
3.01265
3.01265
3.01265
3.01265
3.01265
3.01265
3.01265
3.01265
3.01265
3.01265
3.01258
3.01252
3.00939
3.01265
3.01265
3.01265
3.01265
3.01265
3.01265
3.01265
3.01265
3.01265
3.01265
3.01265
3.01265
3.01265
3.01265
3.01265
3.01265
3.01265
3.01265
3.01265
3.01265
3.01265
3.01265
3.01264
3.01257
3.01207
3.01265
3.01265
3.01265
3.01265
3.01265
3.01265
3.01265
3.01265
3.01265
3.01265
3.01265
3.01265
3.01265
3.01265
3.01265
3.01265
3.01265
3.01265
3.01265
3.01265
3.01265
3.01265
3.01265
3.01266
3.01244
3.01265
3.01265
3.01265
3.01265
3.01265
3.01265
3.01265
3.01265
3.01265
3.01265
3.01265
3.01265
3.01265
3.01265
3.01265
3.01265
3.01265
3.01265
3.01265
3.01265
3.01265
3.01265
3.01265
3.01264
3.01261
3.01265
3.01265
3.01265
3.01265
3.01265
3.01265
3.01265
3.01265
3.01265
3.01265
3.01265
3.01265
3.01265
3.01265
3.01265
3.01265
3.01265
3.01265
3.01265
3.01265
3.01265
3.01265
3.01265
3.01265
3.01264
3.01265
3.01265
3.01265
3.01265
3.01265
3.01265
3.01265
3.01265
3.01265
3.01265
3.01265
3.01265
3.01265
3.01265
3.01265
3.01265
3.01265
3.01265
3.01265
3.01265
3.01265
3.01265
3.01265
3.01265
3.01265
3.01265
3.01265
3.01265
3.01265
3.01265
3.01265
3.01265
3.01265
3.01265
3.01265
3.01265
3.01265
3.01265
3.01265
3.01265
3.01265
3.01265
3.01265
3.01265
3.01265
3.01265
3.01265
3.01265
3.01265
3.01265
3.01265
3.01265
3.01265
3.01265
3.01265
3.01265
3.01265
3.01265
3.01265
3.01265
3.01265
3.01265
3.01265
3.01265
3.01265
3.01265
3.01265
3.01265
3.01265
3.01265
3.01265
3.01265
3.01265
3.01265
3.01265
3.01265
3.01265
3.01265
3.01265
3.01265
3.01265
3.01265
3.01265
3.01265
3.01265
3.01265
3.01265
3.01265
3.01265
3.01265
3.01265
3.01265
3.01265
3.01265
3.01265
3.01265
3.01265
3.01265
3.01265
3.01265
3.01265
3.01265
3.01265
3.01265
3.01265
3.01265
3.01265
3.01265
3.01265
3.01265
3.01265
3.01265
3.01265
3.01265
3.01265
3.01265
3.01265
3.01265
3.01265
3.01265
3.01265
3.01265
3.01265
3.01265
3.01265
3.01265
3.01265
3.01265
3.01265
3.01265
3.01265
3.01265
3.01265
3.01265
3.01265
3.01265
3.01265
3.01265
3.01265
3.01265
3.01265
3.01265
3.01265
3.01265
3.01265
3.01265
3.01265
3.01265
3.01265
3.01265
1.13254
0.563773
0.35242
0.277457
0.377286
0.286825
0.411514
0.603853
0.741617
0.801572
0.813931
0.806273
0.803261
0.811445
0.864407
0.922922
0.966466
0.986745
0.990888
0.983983
0.978276
0.9751
0.974117
0.974423
0.978326
0.981836
0.984945
0.986815
0.987643
0.986991
0.982112
0.965235
0.947928
0.907541
0.858304
0.802474
0.748328
0.687853
0.621665
0.561931
0.506865
0.447761
0.386087
0.325556
0.266537
0.217996
0.18083
0.12315
0.0701022
0.0299987
0.0400779
0.0776989
0.122087
0.163519
0.203742
0.241465
0.277313
0.312234
0.345399
0.376007
0.404737
0.432327
0.458924
0.484296
0.508252
0.531088
0.552982
0.574056
0.594286
0.613655
0.632196
0.650206
0.667701
0.684934
0.701578
0.717778
0.733133
0.748158
0.762514
0.77668
0.790296
0.80374
0.816602
0.829256
0.841324
0.853181
0.86452
0.875651
0.886243
0.896652
0.906475
0.916171
0.925245
0.934216
0.942796
0.951346
0.960128
0.969701
0.977818
0.985777
1.10528
0.937171
0.606404
0.451559
0.146876
0.114687
0.240894
0.446347
0.531338
0.567825
0.53073
0.505873
0.499617
0.530849
0.584572
0.639744
0.67573
0.688759
0.685466
0.677806
0.672232
0.668884
0.668174
0.668383
0.672893
0.676956
0.68341
0.687505
0.690018
0.688934
0.682714
0.663467
0.643361
0.610303
0.560331
0.506832
0.455198
0.395518
0.322608
0.266895
0.21568
0.145105
0.0911373
0.0706131
0.124442
0.189606
0.267296
0.333986
0.380381
0.426258
0.465311
0.497476
0.530496
0.559992
0.587626
0.612985
0.636353
0.659976
0.682994
0.704329
0.724416
0.743733
0.762648
0.781178
0.799307
0.81651
0.833164
0.849441
0.865346
0.880595
0.895427
0.909649
0.923649
0.937351
0.950733
0.963889
0.976454
0.988769
1.00057
1.01217
1.02331
1.03424
1.04471
1.05497
1.06485
1.07457
1.08404
1.0934
1.10256
1.11156
1.12029
1.12879
1.13688
1.14471
1.15218
1.15964
1.16729
1.1759
1.18321
1.19055
1.06071
1.07276
0.969927
0.831467
0.602273
0.431219
0.347688
0.399832
0.356758
0.266125
0.159232
0.0501667
0.0293615
0.104378
0.16289
0.311169
0.370845
0.405848
0.403609
0.388965
0.377954
0.371971
0.374261
0.375951
0.385137
0.391903
0.398379
0.397805
0.398764
0.397907
0.397387
0.382063
0.3663
0.330181
0.274557
0.215313
0.160047
0.11403
0.122323
0.180368
0.308592
0.404244
0.485264
0.552029
0.599433
0.63194
0.665326
0.692432
0.710883
0.731368
0.750436
0.766691
0.783643
0.801381
0.819111
0.83602
0.851668
0.8677
0.88421
0.900963
0.916527
0.931626
0.946404
0.960744
0.975039
0.98919
1.003
1.01648
1.02967
1.04255
1.05525
1.06766
1.07986
1.09179
1.10345
1.11471
1.12546
1.136
1.14624
1.15635
1.16621
1.17596
1.18544
1.19473
1.20374
1.21251
1.22108
1.22941
1.2376
1.24552
1.25335
1.26098
1.26839
1.27546
1.2823
1.28916
1.2962
1.30434
1.31153
1.31918
1.05787
1.14659
1.17977
1.12628
0.992738
0.838226
0.666472
0.644767
0.633735
0.590036
0.51113
0.407543
0.301976
0.27315
0.262933
0.289234
0.259966
0.20761
0.157232
0.0890535
0.0470273
0.00552838
0.0314049
0.0569557
0.0895923
0.105625
0.145542
0.152158
0.172167
0.173246
0.166368
0.145791
0.121268
0.0969206
0.103007
0.175607
0.324754
0.474218
0.604657
0.67163
0.741416
0.788911
0.822777
0.846762
0.868262
0.879089
0.895093
0.909796
0.92169
0.930084
0.941142
0.950921
0.959063
0.968529
0.979701
0.990929
1.00198
1.01308
1.02458
1.03663
1.0482
1.05973
1.07104
1.08213
1.0934
1.10442
1.11542
1.12647
1.1376
1.1488
1.16
1.17099
1.18176
1.19225
1.20266
1.2128
1.22267
1.23227
1.2418
1.25109
1.26027
1.26913
1.27785
1.28616
1.29441
1.3024
1.31041
1.31816
1.32588
1.33329
1.34066
1.34792
1.35499
1.36167
1.36817
1.3747
1.38142
1.3891
1.39656
1.40464
1.07847
1.16263
1.2245
1.27048
1.21635
1.13429
1.04976
0.976332
0.971415
0.919763
0.832225
0.7283
0.617912
0.556535
0.505796
0.500999
0.497491
0.479615
0.443035
0.38872
0.321779
0.273815
0.221895
0.19438
0.1581
0.14347
0.121475
0.102452
0.0794146
0.0502255
0.0732637
0.109458
0.194381
0.32084
0.467091
0.627229
0.761102
0.876689
0.944032
0.987474
1.02023
1.04218
1.05523
1.06664
1.07506
1.0777
1.07874
1.08163
1.08311
1.08264
1.08443
1.08491
1.08403
1.08803
1.093
1.09804
1.10338
1.10952
1.11695
1.12484
1.13265
1.14042
1.14786
1.15583
1.16466
1.17377
1.18317
1.19277
1.20255
1.21218
1.22179
1.23141
1.24105
1.25079
1.26042
1.26987
1.27926
1.28837
1.29725
1.30588
1.3144
1.32284
1.33124
1.33945
1.34756
1.35541
1.3632
1.3706
1.37793
1.38489
1.39176
1.39862
1.40542
1.41193
1.41838
1.42491
1.43171
1.43942
1.44745
1.45619
1.09036
1.17187
1.2371
1.29552
1.31893
1.29368
1.25828
1.24464
1.26031
1.25535
1.19092
1.10409
0.999981
0.912389
0.843591
0.819294
0.79541
0.761155
0.713177
0.656952
0.592633
0.540343
0.481841
0.441399
0.391059
0.361748
0.318599
0.302005
0.266053
0.255585
0.277935
0.34778
0.467423
0.640254
0.81771
0.964708
1.06128
1.15252
1.20798
1.24825
1.26311
1.26623
1.26293
1.25426
1.24402
1.22905
1.2104
1.20298
1.19432
1.18552
1.17877
1.17081
1.16197
1.16039
1.16093
1.16087
1.16358
1.16798
1.17249
1.17688
1.18081
1.18536
1.19095
1.19767
1.20514
1.21295
1.2212
1.22969
1.23834
1.24686
1.25557
1.26434
1.27317
1.28215
1.29133
1.30046
1.30922
1.31773
1.32612
1.33455
1.34305
1.3514
1.35963
1.36776
1.37567
1.38316
1.3904
1.39741
1.40439
1.41128
1.41818
1.42512
1.43193
1.43867
1.44519
1.45177
1.45861
1.46619
1.47464
1.48368
1.08316
1.16889
1.23879
1.29254
1.34506
1.35276
1.35667
1.36465
1.38055
1.40512
1.41982
1.37777
1.32144
1.25887
1.20107
1.14692
1.12743
1.09668
1.05079
0.992229
0.923871
0.857028
0.787181
0.735202
0.674951
0.634283
0.578286
0.544969
0.491568
0.468139
0.500401
0.599814
0.755232
0.933486
1.08083
1.19982
1.29451
1.36589
1.41606
1.45184
1.4649
1.46318
1.45273
1.43263
1.40125
1.36038
1.31823
1.28115
1.24328
1.24234
1.23796
1.23028
1.21976
1.20902
1.19553
1.19746
1.20102
1.20462
1.20778
1.20797
1.20912
1.21216
1.21706
1.22267
1.22927
1.23628
1.24354
1.25088
1.25849
1.26657
1.27477
1.28302
1.29157
1.29979
1.30793
1.31613
1.32443
1.3329
1.34137
1.3498
1.35824
1.36655
1.37469
1.38246
1.39
1.39716
1.40421
1.41126
1.41824
1.42521
1.43216
1.43912
1.44599
1.45288
1.45946
1.46611
1.47302
1.48056
1.48941
1.49878
1.06928
1.15512
1.23161
1.2868
1.33876
1.36714
1.39664
1.41357
1.43938
1.47004
1.50038
1.52223
1.49368
1.46332
1.42732
1.39772
1.39243
1.38818
1.36459
1.3223
1.26381
1.20002
1.12766
1.06691
1.00008
0.946326
0.880919
0.830815
0.764199
0.715647
0.7517
0.852374
0.991706
1.14222
1.26056
1.36965
1.44917
1.50745
1.55221
1.58186
1.59404
1.59346
1.58684
1.5703
1.54378
1.50918
1.46215
1.39734
1.34251
1.28723
1.26068
1.26083
1.25668
1.24766
1.23788
1.23039
1.22513
1.22673
1.22828
1.22991
1.23109
1.23324
1.23623
1.24073
1.24625
1.25236
1.25894
1.26593
1.27354
1.28141
1.28969
1.29728
1.30434
1.31174
1.31956
1.32792
1.33648
1.34498
1.35368
1.36193
1.36982
1.37733
1.38465
1.39181
1.39882
1.40575
1.41263
1.41948
1.42641
1.43346
1.44043
1.44739
1.45437
1.46133
1.46813
1.47497
1.48208
1.4898
1.49898
1.50863
1.06633
1.14027
1.21922
1.28293
1.32407
1.35908
1.39938
1.42454
1.45849
1.49818
1.53784
1.57906
1.58993
1.57588
1.56307
1.5509
1.54975
1.55423
1.56112
1.54371
1.5118
1.47158
1.42757
1.38183
1.33097
1.27801
1.21777
1.15093
1.07267
0.972935
0.985949
1.0507
1.1575
1.25999
1.37206
1.46451
1.53427
1.59203
1.63371
1.65379
1.66365
1.6673
1.66815
1.65693
1.64451
1.62335
1.58725
1.53998
1.48155
1.40218
1.33859
1.27247
1.2678
1.27004
1.26701
1.26332
1.25594
1.25089
1.24598
1.24739
1.24863
1.25064
1.25289
1.25553
1.25987
1.26554
1.2725
1.27932
1.28635
1.29295
1.2995
1.30659
1.31415
1.32187
1.32996
1.33854
1.34708
1.35542
1.36352
1.37101
1.37827
1.38545
1.3927
1.39997
1.40698
1.41376
1.4204
1.42698
1.43353
1.44006
1.44666
1.45336
1.46027
1.46722
1.4742
1.48134
1.48879
1.49683
1.50636
1.51631
1.06891
1.13366
1.20265
1.26852
1.31519
1.35375
1.38649
1.41538
1.45029
1.49428
1.53791
1.58096
1.62242
1.62673
1.62875
1.62938
1.63437
1.64069
1.64671
1.65193
1.65515
1.63412
1.60846
1.576
1.54205
1.50297
1.46175
1.39554
1.31181
1.20779
1.12455
1.17336
1.24544
1.33854
1.42829
1.5144
1.5752
1.62969
1.65434
1.67891
1.69683
1.70411
1.70544
1.70296
1.70354
1.69362
1.67446
1.65147
1.61135
1.5557
1.48566
1.3964
1.32462
1.26862
1.27814
1.28681
1.28487
1.28063
1.27275
1.26612
1.2667
1.26793
1.27024
1.27318
1.27688
1.28135
1.28652
1.29248
1.29911
1.30577
1.31226
1.31901
1.32617
1.33382
1.3413
1.34883
1.3563
1.36384
1.37135
1.37872
1.3859
1.39316
1.40057
1.40777
1.41485
1.42183
1.42847
1.43488
1.4412
1.44754
1.45403
1.46071
1.46768
1.47472
1.4819
1.48922
1.49678
1.50487
1.51443
1.52437
1.07646
1.134
1.19382
1.25389
1.30157
1.34524
1.37665
1.4076
1.44189
1.48141
1.52788
1.56946
1.61529
1.64089
1.65325
1.66355
1.67326
1.68418
1.69536
1.70706
1.71985
1.73196
1.71583
1.69659
1.67326
1.64183
1.59964
1.52239
1.39384
1.28827
1.19214
1.23554
1.2936
1.36259
1.42609
1.48553
1.53861
1.58134
1.61152
1.64091
1.66509
1.6871
1.70827
1.72532
1.72714
1.72499
1.72478
1.71987
1.69903
1.67247
1.63021
1.56804
1.47293
1.39122
1.30238
1.28872
1.29755
1.30196
1.29842
1.29228
1.28677
1.28569
1.28664
1.28807
1.29154
1.29519
1.29958
1.3047
1.31054
1.31746
1.32447
1.33153
1.33873
1.34592
1.35304
1.3604
1.36757
1.37463
1.38154
1.38848
1.39549
1.40264
1.40988
1.41707
1.42407
1.43073
1.43721
1.44364
1.45011
1.45666
1.46337
1.47027
1.47742
1.48471
1.49215
1.49963
1.50721
1.51522
1.52469
1.53447
1.09036
1.13947
1.19284
1.24574
1.29162
1.33615
1.36427
1.39563
1.42909
1.46669
1.51021
1.55388
1.59372
1.63217
1.65505
1.67053
1.68525
1.70082
1.71375
1.72929
1.74562
1.76854
1.77054
1.75771
1.7397
1.71019
1.65155
1.54557
1.37622
1.20803
1.20713
1.24099
1.29137
1.34235
1.39755
1.45035
1.49849
1.53968
1.5735
1.60483
1.6331
1.6591
1.68497
1.70493
1.72672
1.73804
1.74995
1.7485
1.74854
1.74523
1.72614
1.69261
1.64081
1.56629
1.45989
1.37967
1.29451
1.30153
1.31208
1.31872
1.31607
1.31114
1.30753
1.30829
1.3102
1.31392
1.31867
1.32383
1.32957
1.33588
1.34215
1.3486
1.35508
1.36142
1.36778
1.37424
1.3811
1.38782
1.39456
1.40136
1.40831
1.41534
1.42237
1.42906
1.43547
1.44163
1.44771
1.4538
1.45995
1.46623
1.4727
1.47942
1.48646
1.49369
1.50108
1.50864
1.51632
1.5244
1.53389
1.54384
1.10836
1.15061
1.19675
1.24373
1.28751
1.33013
1.35987
1.38779
1.41793
1.45186
1.49115
1.53545
1.57369
1.61428
1.6415
1.66607
1.68331
1.70057
1.7125
1.73182
1.75073
1.77329
1.79611
1.7856
1.76843
1.72803
1.63927
1.48463
1.33044
1.17882
1.2034
1.23762
1.27825
1.32253
1.36819
1.41362
1.4565
1.49382
1.52942
1.56182
1.59225
1.62104
1.64794
1.67338
1.7006
1.72376
1.74842
1.76097
1.77698
1.77518
1.77306
1.7652
1.74382
1.70469
1.64529
1.56225
1.45366
1.35781
1.3198
1.32932
1.34344
1.34049
1.33697
1.33174
1.33411
1.33777
1.34198
1.3465
1.35087
1.35605
1.36218
1.36933
1.37615
1.38312
1.38925
1.39439
1.39986
1.40577
1.41225
1.41875
1.42536
1.4319
1.43828
1.44443
1.45044
1.45634
1.46224
1.46822
1.47435
1.48067
1.4872
1.49386
1.5007
1.50773
1.51489
1.52216
1.52962
1.53758
1.54693
1.55688
1.13109
1.16716
1.2063
1.2482
1.28821
1.32543
1.36082
1.38554
1.41256
1.44242
1.47617
1.51763
1.5565
1.59674
1.62778
1.65469
1.67367
1.69046
1.70681
1.72187
1.74298
1.76266
1.79171
1.78218
1.75543
1.68584
1.56032
1.37658
1.21372
1.18571
1.20163
1.22657
1.25805
1.29485
1.33344
1.37366
1.41291
1.45103
1.48795
1.5215
1.55323
1.58382
1.61363
1.63872
1.66387
1.68987
1.71468
1.74103
1.76202
1.78481
1.79769
1.79612
1.7949
1.78625
1.76635
1.72235
1.65197
1.53929
1.45055
1.34551
1.35147
1.36281
1.37227
1.37253
1.37162
1.37311
1.37411
1.37639
1.38019
1.38539
1.3906
1.39642
1.40179
1.40735
1.41274
1.41826
1.42355
1.42886
1.43437
1.44022
1.44623
1.45191
1.45743
1.46287
1.4684
1.47404
1.47981
1.48567
1.49163
1.49773
1.50401
1.51051
1.51722
1.52412
1.53118
1.53838
1.54582
1.55382
1.56335
1.57321
1.15252
1.18639
1.22139
1.25842
1.29518
1.32816
1.36183
1.38688
1.41117
1.43755
1.46721
1.50149
1.54005
1.57482
1.6137
1.63887
1.66087
1.68238
1.69701
1.71093
1.73186
1.74838
1.76866
1.75145
1.70021
1.59192
1.41038
1.2548
1.17358
1.1828
1.19686
1.2166
1.24166
1.27142
1.3048
1.34086
1.37789
1.41621
1.45286
1.48573
1.51988
1.55426
1.57924
1.60611
1.63479
1.66301
1.69092
1.72031
1.73878
1.76105
1.78276
1.80577
1.81835
1.8259
1.83278
1.81751
1.78682
1.73513
1.65621
1.53875
1.45043
1.36826
1.38441
1.39814
1.4092
1.40729
1.40498
1.40639
1.40852
1.41322
1.42018
1.42606
1.42999
1.43385
1.43784
1.44231
1.4478
1.45335
1.45887
1.46446
1.47007
1.47541
1.4807
1.48596
1.49125
1.49664
1.50214
1.50778
1.51357
1.51954
1.52573
1.5321
1.53856
1.54502
1.55171
1.55865
1.56592
1.5738
1.58345
1.59317
1.17874
1.20662
1.23814
1.27205
1.30723
1.33606
1.36491
1.38982
1.41182
1.43592
1.4627
1.49297
1.52691
1.55974
1.59244
1.62318
1.65241
1.67063
1.69003
1.70472
1.72339
1.74096
1.73064
1.69347
1.60502
1.43421
1.3074
1.17609
1.1799
1.18646
1.1973
1.21297
1.23333
1.25794
1.28611
1.31734
1.35184
1.38704
1.42269
1.45682
1.49064
1.52201
1.55099
1.58095
1.61119
1.63945
1.66841
1.69214
1.71742
1.74412
1.7721
1.79822
1.81934
1.8396
1.85802
1.86247
1.86169
1.85137
1.81055
1.7473
1.65229
1.53834
1.4272
1.41074
1.41925
1.43575
1.44615
1.44504
1.44538
1.44674
1.44867
1.45359
1.45842
1.46329
1.46566
1.46875
1.4728
1.47841
1.48408
1.48984
1.49501
1.49994
1.50498
1.51021
1.5156
1.52112
1.5267
1.53234
1.53803
1.5438
1.5497
1.55581
1.56204
1.56823
1.57467
1.5814
1.58848
1.59623
1.60586
1.61548
1.20497
1.22861
1.25748
1.28749
1.32053
1.34809
1.37414
1.39679
1.41644
1.43832
1.46261
1.48932
1.51873
1.54742
1.57484
1.60599
1.64061
1.65984
1.6808
1.69929
1.71731
1.70882
1.67892
1.60314
1.44644
1.32101
1.18927
1.18503
1.1889
1.19489
1.20354
1.2154
1.23087
1.25063
1.27465
1.30265
1.33367
1.36606
1.39908
1.4329
1.46668
1.49804
1.53028
1.56307
1.58969
1.6173
1.64631
1.67623
1.70498
1.73286
1.76197
1.78438
1.80781
1.83501
1.85978
1.87795
1.89898
1.90492
1.8956
1.87561
1.82463
1.75011
1.62804
1.53855
1.43673
1.44716
1.46411
1.47637
1.48787
1.48653
1.48715
1.48762
1.48993
1.49236
1.49541
1.49903
1.50303
1.50755
1.51304
1.51824
1.52363
1.52815
1.53282
1.53773
1.54275
1.54793
1.55325
1.55861
1.56398
1.56949
1.57514
1.58103
1.58692
1.59286
1.59912
1.60569
1.61265
1.6203
1.62993
1.63966
1.23613
1.25468
1.27982
1.30527
1.33572
1.36227
1.38604
1.40754
1.4234
1.4424
1.46492
1.49043
1.51554
1.54235
1.56706
1.59591
1.62748
1.65214
1.67511
1.69644
1.68921
1.66325
1.5949
1.46123
1.31946
1.18733
1.1853
1.1919
1.19814
1.20503
1.21291
1.22259
1.23541
1.25185
1.27235
1.29622
1.32324
1.3525
1.38424
1.4168
1.44969
1.48257
1.51579
1.54395
1.57362
1.60382
1.63615
1.66848
1.69452
1.72272
1.75191
1.77573
1.8001
1.82445
1.84986
1.87624
1.90287
1.93127
1.93576
1.94277
1.92542
1.89559
1.83691
1.75101
1.63
1.51902
1.47754
1.48601
1.50379
1.52321
1.52632
1.52572
1.52504
1.52516
1.52504
1.52761
1.53254
1.53684
1.54129
1.54603
1.55082
1.55579
1.56088
1.56593
1.57075
1.57538
1.58009
1.58491
1.58994
1.59527
1.60088
1.60678
1.61296
1.6189
1.62517
1.63178
1.63875
1.64639
1.65602
1.66593
1.26008
1.27706
1.30014
1.32418
1.35224
1.3763
1.39934
1.4236
1.43485
1.44886
1.46789
1.49069
1.51533
1.54116
1.56356
1.58855
1.61949
1.64837
1.67646
1.67599
1.65225
1.58824
1.47072
1.3138
1.17466
1.1736
1.1851
1.19531
1.20668
1.21337
1.22106
1.2302
1.24153
1.25563
1.27301
1.29384
1.31816
1.34576
1.37617
1.40758
1.44027
1.47344
1.50297
1.53405
1.56598
1.59776
1.62953
1.65832
1.68853
1.71871
1.7464
1.77343
1.79707
1.82133
1.84608
1.87117
1.89738
1.92369
1.94791
1.97546
1.97428
1.97109
1.95611
1.91054
1.83905
1.72074
1.6205
1.50711
1.51987
1.53334
1.54794
1.56411
1.56139
1.55834
1.55571
1.55426
1.55426
1.56078
1.56598
1.57178
1.57652
1.5815
1.58628
1.59123
1.5964
1.60109
1.60554
1.60996
1.6147
1.61992
1.62575
1.63198
1.63861
1.64536
1.65209
1.65883
1.66589
1.67364
1.68348
1.69343
1.28444
1.30032
1.32003
1.34339
1.36732
1.39225
1.41378
1.43607
1.45121
1.45985
1.47405
1.49326
1.51683
1.53861
1.56102
1.58626
1.6161
1.64687
1.6604
1.64022
1.5842
1.47583
1.31471
1.16507
1.15411
1.16969
1.18522
1.20146
1.21357
1.22288
1.23276
1.24336
1.25502
1.26841
1.28397
1.30252
1.32401
1.34869
1.37561
1.40534
1.43575
1.46677
1.49925
1.53133
1.56463
1.59371
1.62424
1.65374
1.68534
1.71502
1.74193
1.76876
1.79521
1.81913
1.8429
1.86762
1.89311
1.91973
1.95027
1.9791
1.99501
2.00925
2.01037
1.99427
1.96205
1.90731
1.8304
1.71379
1.62706
1.54183
1.55129
1.57023
1.58204
1.5923
1.58791
1.58497
1.58348
1.5854
1.59195
1.59774
1.60454
1.60883
1.61319
1.61706
1.62109
1.62538
1.62981
1.63448
1.63947
1.64501
1.65104
1.65741
1.66439
1.67131
1.67819
1.68512
1.69235
1.70014
1.71021
1.72033
1.31678
1.30969
1.32826
1.35283
1.37625
1.40689
1.42799
1.44877
1.46999
1.47552
1.48567
1.5014
1.52109
1.54276
1.56254
1.59034
1.61322
1.64024
1.62514
1.57858
1.48005
1.31903
1.16292
1.13423
1.15313
1.17226
1.19271
1.20791
1.22287
1.23665
1.24914
1.26097
1.27307
1.28604
1.3004
1.31691
1.33585
1.35759
1.38213
1.40921
1.43835
1.47016
1.50282
1.53211
1.56231
1.59269
1.62373
1.65479
1.68221
1.71008
1.73822
1.76526
1.7919
1.8156
1.83966
1.8634
1.888
1.91419
1.94065
1.96785
1.99353
2.01285
2.03271
2.02901
2.02435
2.01107
1.97195
1.91071
1.82446
1.70784
1.60266
1.58593
1.58874
1.59814
1.60839
1.6105
1.60996
1.61153
1.61449
1.62023
1.62634
1.63315
1.63784
1.64131
1.64507
1.64915
1.65352
1.65844
1.66417
1.67009
1.67648
1.68283
1.68945
1.69592
1.70231
1.70897
1.71603
1.72384
1.73406
1.74461
1.37022
1.33856
1.34567
1.36411
1.3868
1.41254
1.43811
1.4604
1.48411
1.49422
1.50172
1.51422
1.5313
1.55311
1.57147
1.59616
1.61839
1.60784
1.56896
1.47999
1.32055
1.16794
1.11792
1.13879
1.15907
1.18011
1.1973
1.21474
1.23236
1.24963
1.26558
1.27912
1.2926
1.30656
1.32141
1.33765
1.35565
1.37584
1.39826
1.42283
1.44947
1.47766
1.50667
1.53678
1.56732
1.59712
1.62702
1.65628
1.68553
1.71254
1.73933
1.76629
1.79017
1.81472
1.83728
1.86045
1.88491
1.911
1.9375
1.96365
1.98373
2.00462
2.02571
2.04136
2.05743
2.0559
2.04316
2.02455
1.97976
1.9114
1.79486
1.70657
1.60856
1.61505
1.62253
1.63364
1.64555
1.64569
1.64665
1.64804
1.65191
1.65654
1.66152
1.66582
1.66892
1.67231
1.67613
1.68023
1.68517
1.69131
1.69798
1.70501
1.71231
1.71925
1.72606
1.73293
1.74009
1.74805
1.75836
1.76936
1.44635
1.3716
1.36027
1.37582
1.39684
1.41879
1.44781
1.47302
1.49951
1.51096
1.51865
1.52968
1.5449
1.56401
1.58548
1.60656
1.59818
1.56176
1.47861
1.32137
1.18194
1.10702
1.12896
1.15108
1.17414
1.19156
1.21003
1.2296
1.24955
1.26978
1.28891
1.30578
1.32111
1.33615
1.35136
1.36712
1.38382
1.40186
1.4216
1.44304
1.46628
1.49104
1.51726
1.54444
1.57228
1.6004
1.62903
1.65784
1.6859
1.71309
1.73842
1.7634
1.78746
1.8104
1.83295
1.85595
1.88035
1.90668
1.93328
1.95586
1.97843
2.00177
2.02
2.03847
2.05669
2.07154
2.07946
2.07698
2.06607
2.04404
1.99561
1.912
1.79013
1.68784
1.63655
1.63636
1.65351
1.66446
1.67709
1.67887
1.67943
1.68174
1.68475
1.68881
1.69263
1.69664
1.70093
1.70503
1.70916
1.71422
1.72038
1.72776
1.73528
1.74262
1.74962
1.75675
1.76414
1.77238
1.78295
1.79467
1.73734
1.42632
1.39445
1.38994
1.40481
1.42513
1.45035
1.47995
1.50612
1.53085
1.53565
1.54516
1.55997
1.57722
1.59885
1.59058
1.55643
1.47888
1.32449
1.20138
1.09662
1.12142
1.14647
1.17269
1.18952
1.20756
1.22688
1.24736
1.26828
1.28938
1.31022
1.32966
1.34723
1.36324
1.37869
1.39415
1.41003
1.4266
1.44417
1.46305
1.48327
1.50491
1.52781
1.55202
1.57728
1.60352
1.63071
1.65793
1.68534
1.71235
1.73788
1.76303
1.78609
1.80937
1.83196
1.85542
1.88049
1.9057
1.93085
1.9557
1.98031
2.00079
2.01718
2.03557
2.05374
2.07228
2.09055
2.10221
2.10991
2.11031
2.10148
2.06787
1.99983
1.8746
1.77607
1.66162
1.66678
1.67506
1.68817
1.70006
1.71115
1.71118
1.7119
1.71272
1.71776
1.72192
1.72703
1.73095
1.73412
1.7385
1.74435
1.75155
1.75893
1.76668
1.77393
1.78133
1.78907
1.79774
1.80877
1.82115
2.04145
1.60076
1.44778
1.41854
1.42394
1.44008
1.45887
1.48501
1.51047
1.53988
1.55126
1.56108
1.57554
1.59114
1.58627
1.55353
1.47897
1.33593
1.20422
1.08659
1.11415
1.14266
1.17256
1.18904
1.20666
1.22533
1.24511
1.26565
1.28688
1.30834
1.32983
1.3506
1.36996
1.38738
1.40351
1.41884
1.43425
1.44999
1.46627
1.48329
1.50132
1.52049
1.54083
1.56246
1.58533
1.6093
1.63442
1.65998
1.68594
1.71179
1.73711
1.76236
1.78524
1.80792
1.83086
1.85484
1.87948
1.90392
1.92994
1.95384
1.97936
1.99626
2.01397
2.03201
2.05062
2.06768
2.08527
2.10417
2.12627
2.14634
2.15098
2.15131
2.11681
2.05953
1.97742
1.85208
1.74776
1.69413
1.69681
1.71493
1.7255
1.73743
1.73917
1.74122
1.74413
1.74789
1.75246
1.75698
1.76058
1.7662
1.77195
1.77826
1.78488
1.79213
1.79948
1.80706
1.81499
1.82366
1.83436
1.84601
2.31908
1.96375
1.52404
1.4588
1.44309
1.45552
1.46964
1.48959
1.51401
1.53648
1.5653
1.57431
1.58623
1.57949
1.54896
1.477
1.33715
1.20359
1.07895
1.10535
1.13517
1.16638
1.18447
1.20333
1.22271
1.24245
1.26253
1.28308
1.30408
1.32537
1.34657
1.3676
1.38787
1.40677
1.42414
1.44054
1.45608
1.47165
1.48735
1.50337
1.51988
1.53715
1.55542
1.57484
1.5955
1.61737
1.64035
1.66433
1.68888
1.71355
1.73825
1.76223
1.78626
1.80866
1.83179
1.85632
1.88116
1.90585
1.93204
1.95693
1.97918
1.9975
2.0164
2.03511
2.0521
2.06984
2.08765
2.10629
2.13013
2.15096
2.17883
2.17882
2.17326
2.16289
2.11551
2.05299
1.94159
1.84116
1.73691
1.73467
1.73447
1.75102
1.76298
1.77702
1.77744
1.77734
1.77978
1.78308
1.78616
1.79289
1.79943
1.80623
1.81254
1.81914
1.82629
1.83378
1.84171
1.85019
1.86064
1.87169
2.72434
2.21208
1.81339
1.52346
1.48821
1.47088
1.48101
1.49534
1.5157
1.54155
1.56471
1.586
1.574
1.54135
1.46959
1.32856
1.19389
1.06789
1.09538
1.12684
1.15843
1.17718
1.19628
1.21612
1.23667
1.25707
1.27737
1.29775
1.31835
1.33919
1.36024
1.38114
1.40186
1.42183
1.44075
1.45854
1.4753
1.49142
1.50705
1.52265
1.53852
1.55485
1.57181
1.58962
1.60846
1.62844
1.64956
1.67171
1.69457
1.71781
1.74115
1.76423
1.78737
1.8107
1.83395
1.85813
1.88399
1.9092
1.93433
1.95728
1.97755
1.99746
2.01716
2.03451
2.0524
2.06888
2.08585
2.10373
2.12238
2.14554
2.16852
2.18979
2.20778
2.20486
2.19821
2.17233
2.12979
2.05393
1.93267
1.84224
1.75911
1.76586
1.77895
1.79231
1.80549
1.8118
1.81242
1.81318
1.81596
1.81939
1.82657
1.83363
1.84152
1.84754
1.85427
1.86135
1.86898
1.87706
1.88742
1.89812
2.83593
2.54372
2.09331
1.68888
1.54306
1.50611
1.50073
1.51132
1.52909
1.54921
1.5709
1.56907
1.5357
1.45983
1.31531
1.17388
1.04579
1.07615
1.11291
1.14752
1.16722
1.18544
1.20503
1.22596
1.24712
1.26844
1.28913
1.30967
1.33038
1.35124
1.37221
1.39323
1.41413
1.43483
1.45525
1.47471
1.49344
1.51116
1.52791
1.54377
1.55941
1.5753
1.5916
1.60853
1.62621
1.64474
1.66419
1.68446
1.70536
1.72671
1.7483
1.77022
1.79203
1.81436
1.83729
1.86098
1.88644
1.91268
1.93891
1.95875
1.97973
2.00033
2.01876
2.03611
2.05383
2.0721
2.09061
2.10947
2.1292
2.14933
2.17244
2.19543
2.21892
2.23257
2.23654
2.23105
2.22682
2.19197
2.1272
2.01821
1.9202
1.81425
1.8132
1.81155
1.82502
1.83368
1.84558
1.84718
1.84944
1.85175
1.85592
1.86202
1.8694
1.87732
1.8845
1.89128
1.8978
1.90491
1.91472
1.92508
2.93568
2.79099
2.38119
2.04676
1.63216
1.55026
1.52578
1.53264
1.54804
1.56102
1.56137
1.52841
1.45211
1.30347
1.15561
1.02296
1.05341
1.09468
1.13214
1.15465
1.17211
1.19106
1.21174
1.23391
1.25585
1.27764
1.29895
1.32015
1.3414
1.36271
1.3841
1.40557
1.42701
1.44833
1.46973
1.49035
1.51078
1.53043
1.54912
1.56577
1.58149
1.59706
1.61289
1.62912
1.64592
1.66342
1.68154
1.70019
1.71928
1.73877
1.75848
1.77867
1.79923
1.82062
1.8428
1.86614
1.8919
1.91683
1.94094
1.96525
1.98405
2.00242
2.02101
2.03974
2.0584
2.07713
2.09693
2.11628
2.1361
2.15338
2.17107
2.18945
2.20828
2.22978
2.25034
2.26891
2.27094
2.27157
2.23953
2.19756
2.12812
2.01173
1.92993
1.84053
1.84444
1.84592
1.86392
1.87518
1.8897
1.89146
1.89323
1.89553
1.89953
1.90588
1.91307
1.92043
1.92673
1.93356
1.94285
1.95245
3.00821
2.88385
2.80818
2.30975
1.95337
1.61942
1.57127
1.55011
1.56241
1.55624
1.52206
1.44237
1.28871
1.14161
1.0069
1.03659
1.07839
1.11622
1.14111
1.15881
1.17781
1.19862
1.22084
1.24328
1.26577
1.28821
1.31053
1.33266
1.35463
1.37648
1.39841
1.42026
1.44208
1.46379
1.48542
1.50688
1.52789
1.54903
1.56897
1.58778
1.60417
1.61995
1.63588
1.6521
1.66865
1.68558
1.70273
1.72036
1.73799
1.75574
1.77396
1.7926
1.81204
1.83233
1.85379
1.87702
1.90129
1.92547
1.94967
1.97093
1.99123
2.01058
2.02995
2.0482
2.06662
2.08549
2.10477
2.12448
2.14379
2.1624
2.18079
2.19903
2.2182
2.23714
2.25543
2.27251
2.29233
2.29904
2.29616
2.29179
2.2566
2.19318
2.09144
1.99619
1.90465
1.87707
1.8835
1.8932
1.90666
1.92287
1.92653
1.92942
1.93228
1.93545
1.94182
1.94969
1.95752
1.96457
1.9738
1.98215
3.00891
2.9898
2.86752
2.6965
2.21697
1.83778
1.62919
1.58588
1.57754
1.53212
1.43965
1.27315
1.12865
0.998371
1.02981
1.07018
1.10665
1.13199
1.14961
1.16857
1.18921
1.21096
1.23328
1.25591
1.27902
1.30228
1.32554
1.34877
1.37166
1.39448
1.41722
1.43967
1.46201
1.4842
1.50596
1.52774
1.5491
1.57069
1.59184
1.6119
1.62997
1.64585
1.66181
1.67828
1.69514
1.71197
1.72926
1.74557
1.76195
1.77863
1.7954
1.81283
1.83103
1.85031
1.87074
1.8933
1.91607
1.93916
1.96194
1.9832
2.00368
2.0231
2.04208
2.06112
2.07995
2.09875
2.11782
2.13645
2.15453
2.17214
2.18662
2.20102
2.21499
2.22844
2.24112
2.25547
2.26956
2.28816
2.29551
2.29566
2.29377
2.26543
2.23637
2.1616
2.05038
1.97313
1.89444
1.90044
1.90393
1.92271
1.93507
1.9505
1.95651
1.96251
1.96802
1.97686
1.98593
1.99405
2.00478
2.01345
3.01217
3.00619
2.95568
2.83157
2.5112
2.14685
1.74964
1.64564
1.5558
1.44473
1.25434
1.08373
0.999066
1.03147
1.07402
1.11163
1.13573
1.15003
1.16662
1.1857
1.20755
1.23008
1.25304
1.27624
1.29934
1.32219
1.34501
1.36789
1.39078
1.41347
1.43615
1.45875
1.48102
1.50315
1.52489
1.54653
1.56802
1.58975
1.61167
1.63232
1.6521
1.66925
1.68619
1.70383
1.72249
1.74026
1.75823
1.77374
1.7893
1.80515
1.82147
1.8384
1.85615
1.87483
1.89477
1.91647
1.93792
1.95942
1.9801
1.99963
2.01806
2.03561
2.05233
2.06817
2.08375
2.09858
2.11274
2.12708
2.14054
2.15353
2.16538
2.17593
2.18682
2.1974
2.21016
2.22342
2.23774
2.25395
2.26617
2.27895
2.29526
2.28644
2.27515
2.24676
2.19083
2.09602
2.02448
1.93836
1.90327
1.91246
1.92083
1.93806
1.95419
1.97222
1.9825
1.99389
2.00475
2.01453
2.02909
2.03945
3.01237
3.0108
3.00208
2.92174
2.76311
2.42338
2.11233
1.77522
1.48842
1.25513
1.01
0.972053
1.00954
1.05725
1.10094
1.12055
1.13806
1.15658
1.17618
1.19676
1.21796
1.23964
1.26216
1.28548
1.3091
1.3329
1.35666
1.38046
1.40431
1.42822
1.45199
1.47571
1.49926
1.52271
1.54608
1.5695
1.59288
1.61642
1.64039
1.6631
1.68532
1.7048
1.72333
1.74222
1.76266
1.78156
1.80038
1.81467
1.82776
1.84061
1.85329
1.86651
1.88025
1.8948
1.91072
1.92705
1.94371
1.9594
1.97446
1.9883
2.00157
2.01493
2.0284
2.04105
2.05384
2.06707
2.07929
2.0922
2.10529
2.11874
2.13137
2.14272
2.15362
2.1654
2.17997
2.19475
2.21079
2.22776
2.24013
2.25548
2.26846
2.28524
2.28416
2.27957
2.24552
2.22685
2.16462
2.0575
1.97977
1.90412
1.91114
1.91551
1.93763
1.95596
1.97592
1.99173
2.00699
2.02161
2.04027
2.05773
3.01259
3.01301
3.00947
3.01016
2.89072
2.80694
2.37311
1.97333
1.51856
1.02736
1.04075
1.07273
1.11271
1.14742
1.16287
1.17002
1.17984
1.19311
1.21022
1.22915
1.24958
1.27134
1.29446
1.31833
1.34282
1.368
1.39366
1.41923
1.44475
1.47008
1.49545
1.52041
1.54464
1.5679
1.59012
1.61159
1.63223
1.65287
1.67298
1.69185
1.70948
1.72453
1.73859
1.75299
1.76889
1.78405
1.79964
1.81169
1.82096
1.83036
1.84033
1.85073
1.86188
1.87426
1.88801
1.90191
1.91616
1.92862
1.94143
1.9546
1.96758
1.98068
1.99409
2.00677
2.01978
2.03335
2.04631
2.06009
2.07427
2.08855
2.10225
2.11526
2.12652
2.13835
2.15204
2.16688
2.18289
2.19606
2.20914
2.22049
2.23012
2.24376
2.25235
2.26014
2.25043
2.2373
2.20419
2.15966
2.06242
1.99832
1.91298
1.9032
1.90891
1.928
1.94878
1.96855
1.98901
2.00543
2.02394
2.02929
3.01263
3.01251
3.01195
3.00476
2.98201
2.75551
2.35956
1.55615
0.957472
0.86291
0.95143
1.04291
1.12563
1.15044
1.17005
1.18951
1.20744
1.2251
1.24362
1.26404
1.28524
1.30818
1.33221
1.35595
1.37907
1.40144
1.4229
1.44396
1.46475
1.48526
1.50548
1.52527
1.54456
1.56332
1.58156
1.59916
1.61637
1.63374
1.65109
1.66798
1.68444
1.69882
1.71284
1.72734
1.74323
1.75923
1.77476
1.78711
1.79611
1.8053
1.81501
1.8252
1.83619
1.84826
1.86081
1.87368
1.88569
1.89731
1.90852
1.92012
1.93168
1.94346
1.95569
1.96688
1.97838
1.99064
2.00246
2.01429
2.02618
2.03893
2.04847
2.05838
2.0675
2.0767
2.08612
2.09723
2.1078
2.11962
2.12874
2.13623
2.14422
2.1522
2.16058
2.17214
2.18177
2.17777
2.16723
2.139
2.09868
2.02862
1.969
1.89455
1.86396
1.87922
1.89886
1.92531
1.95203
1.97421
1.98178
1.98004
3.01264
3.01259
3.01185
3.0067
2.95886
2.76215
2.13844
1.2182
0.404848
0.556832
0.713104
0.824667
0.905747
0.960395
1.0056
1.04943
1.08966
1.12203
1.1511
1.17782
1.2045
1.231
1.25708
1.28316
1.30863
1.33382
1.35868
1.38224
1.40482
1.42702
1.44877
1.46986
1.49064
1.5104
1.52952
1.54792
1.56571
1.58351
1.60102
1.6177
1.63343
1.64724
1.66066
1.67427
1.68888
1.70342
1.71709
1.72827
1.73604
1.74342
1.7513
1.75977
1.76918
1.77921
1.78901
1.79885
1.80747
1.81576
1.82421
1.83323
1.84139
1.84972
1.85896
1.86746
1.87633
1.88587
1.89482
1.90436
1.91404
1.92394
1.93375
1.94324
1.9525
1.96262
1.97385
1.98684
1.99975
2.01349
2.02477
2.03558
2.04654
2.05698
2.06837
2.08288
2.09692
2.11046
2.11905
2.11439
2.0904
2.06098
1.99529
1.91867
1.85465
1.81781
1.83602
1.86234
1.88938
1.89998
1.90363
1.88356
3.01264
3.01259
3.01206
3.00784
2.96517
2.78946
2.16589
1.17658
0.242093
0.416191
0.471056
0.530815
0.600274
0.673232
0.741366
0.801908
0.855664
0.90698
0.951481
0.991526
1.0306
1.06604
1.09994
1.1315
1.16197
1.18976
1.21621
1.24154
1.2651
1.28772
1.30979
1.33106
1.35147
1.371
1.38957
1.40705
1.42338
1.43915
1.45466
1.46974
1.48383
1.49733
1.51092
1.52472
1.53952
1.5541
1.56816
1.58036
1.58947
1.59837
1.60766
1.61772
1.62865
1.63902
1.64952
1.65865
1.6677
1.67666
1.68608
1.69614
1.70569
1.71611
1.72737
1.73839
1.75026
1.76286
1.7754
1.78867
1.80277
1.81698
1.83166
1.84525
1.85939
1.8743
1.89024
1.90757
1.92471
1.94232
1.95772
1.97282
1.98654
2.00068
2.01524
2.03055
2.04666
2.06772
2.08692
2.09438
2.09652
2.06591
2.03637
1.98464
1.90494
1.83593
1.78067
1.78749
1.80673
1.79199
1.76619
1.7057
3.01264
3.0126
3.012
3.00771
2.96207
2.77887
2.12903
1.09807
0.202584
0.429842
0.452105
0.478178
0.50966
0.545059
0.581818
0.619444
0.657905
0.6975
0.737562
0.777175
0.816073
0.85353
0.889272
0.923185
0.956196
0.988131
1.01908
1.04822
1.07678
1.10404
1.13029
1.15574
1.18046
1.20436
1.2276
1.25003
1.27177
1.29313
1.31383
1.33367
1.35262
1.37083
1.3888
1.40686
1.42539
1.44384
1.46157
1.47737
1.4909
1.50373
1.51661
1.53016
1.54316
1.55598
1.56749
1.57764
1.58796
1.59845
1.60931
1.62049
1.63197
1.64411
1.65679
1.67004
1.68396
1.69846
1.71358
1.72939
1.74579
1.76248
1.77957
1.7961
1.81284
1.8301
1.8481
1.86758
1.88695
1.90598
1.9247
1.9405
1.95561
1.97132
1.98686
2.00309
2.02016
2.03787
2.06026
2.08185
2.08982
2.09027
2.06637
2.03503
1.97341
1.88757
1.80429
1.77174
1.72653
1.67565
1.59002
1.48882
3.01264
3.0126
3.01199
3.00808
2.96416
2.78803
2.15318
1.1485
0.227796
0.447297
0.453439
0.466763
0.492318
0.525398
0.558426
0.590176
0.621105
0.652639
0.685395
0.719051
0.753017
0.786777
0.819986
0.852553
0.884254
0.915653
0.947022
0.978166
1.0089
1.03849
1.06672
1.09367
1.11959
1.14476
1.16944
1.19366
1.21752
1.24091
1.2635
1.28532
1.30619
1.32611
1.34547
1.36478
1.38447
1.40415
1.42288
1.43991
1.45518
1.46943
1.48358
1.49815
1.51176
1.52516
1.53653
1.54668
1.55705
1.56766
1.57865
1.59006
1.60193
1.61445
1.62763
1.64147
1.65601
1.6713
1.68725
1.70384
1.72124
1.73888
1.75691
1.77478
1.79216
1.81016
1.82893
1.84924
1.86948
1.88938
1.9091
1.9248
1.94086
1.95681
1.97317
1.99005
2.00738
2.02512
2.04347
2.06619
2.08475
2.10167
2.09807
2.07751
2.05378
1.98231
1.8908
1.78389
1.68026
1.56128
1.4682
1.37031
3.01264
3.0126
3.01197
3.00784
2.96255
2.78029
2.13694
1.08615
0.191847
0.433936
0.435602
0.449466
0.475104
0.505707
0.536608
0.567469
0.599075
0.632085
0.666214
0.700753
0.735205
0.769277
0.802852
0.835766
0.868054
0.90003
0.931798
0.963247
0.994178
1.02394
1.05247
1.07985
1.10627
1.13207
1.15725
1.18187
1.20589
1.22933
1.25198
1.27383
1.29489
1.31516
1.33491
1.35463
1.37466
1.39453
1.41352
1.43095
1.44661
1.46112
1.47555
1.49035
1.50409
1.51752
1.52857
1.53875
1.54916
1.55984
1.57086
1.58225
1.59411
1.6066
1.61977
1.63365
1.64825
1.6636
1.67969
1.69647
1.7141
1.73202
1.75021
1.7686
1.78636
1.80468
1.82371
1.84411
1.86468
1.88492
1.90476
1.92096
1.93714
1.95363
1.97018
1.98727
2.00495
2.0224
2.04147
2.0589
2.0825
2.11027
2.10946
2.10691
2.06506
2.0241
1.91807
1.77917
1.59397
1.46758
1.34302
1.3498
)
;

boundaryField
{
    inlet
    {
        type            calculated;
        value           uniform 3.01265;
    }
    outlet
    {
        type            calculated;
        value           nonuniform List<scalar> 
40
(
0.985777
1.19055
1.31918
1.40464
1.45619
1.48368
1.49878
1.50863
1.51631
1.52437
1.53447
1.54384
1.55688
1.57321
1.59317
1.61548
1.63966
1.66593
1.69343
1.72033
1.74461
1.76936
1.79467
1.82115
1.84601
1.87169
1.89812
1.92508
1.95245
1.98215
2.01345
2.03945
2.05773
2.02929
1.98004
1.88356
1.7057
1.48882
1.37031
1.3498
)
;
    }
    bottom
    {
        type            symmetryPlane;
    }
    top
    {
        type            symmetryPlane;
    }
    obstacle
    {
        type            calculated;
        value           nonuniform List<scalar> 
110
(
0.0255373
0.0694968
0.114077
0.158553
0.205864
0.255195
0.311946
0.383975
0.472149
0.646756
0.845834
0.375333
0.351694
0.26014
0.363548
0.281221
0.408589
0.598004
0.736339
0.799099
0.812962
0.806056
0.803059
0.811362
0.864403
0.922776
0.966338
0.986654
0.990819
0.983943
0.978248
0.975077
0.974101
0.974416
0.978325
0.981836
0.984943
0.986812
0.987641
0.986991
0.982111
0.965235
0.947922
0.907527
0.858301
0.802471
0.748256
0.68757
0.620964
0.560905
0.506043
0.447264
0.385766
0.325513
0.266536
0.217764
0.180715
0.122899
0.0695709
0.0243736
0.0357288
0.0763769
0.121028
0.162699
0.203026
0.240862
0.276809
0.311808
0.34506
0.375746
0.404527
0.432152
0.45878
0.484179
0.508156
0.531007
0.552915
0.573999
0.594238
0.613615
0.632161
0.650177
0.667677
0.684912
0.70156
0.717763
0.733122
0.748149
0.762506
0.776673
0.79029
0.803735
0.816597
0.829253
0.841321
0.853178
0.864518
0.875649
0.886242
0.896651
0.906474
0.91617
0.925245
0.934216
0.942796
0.951346
0.960128
0.969701
0.977818
0.985777
)
;
    }
    defaultFaces
    {
        type            empty;
    }
}


// ************************************************************************* //
