/*--------------------------------*- C++ -*----------------------------------*\
| =========                 |                                                 |
| \\      /  F ield         | OpenFOAM: The Open Source CFD Toolbox           |
|  \\    /   O peration     | Version:  v2106                                 |
|   \\  /    A nd           | Website:  www.openfoam.com                      |
|    \\/     M anipulation  |                                                 |
\*---------------------------------------------------------------------------*/
FoamFile
{
    version     2.0;
    format      ascii;
    arch        "LSB;label=32;scalar=64";
    class       volScalarField;
    location    "13";
    object      psi;
}
// * * * * * * * * * * * * * * * * * * * * * * * * * * * * * * * * * * * * * //

dimensions      [0 -2 2 0 0 0 0];

internalField   nonuniform List<scalar> 
5250
(
1.40845
1.40845
1.40845
1.40845
1.40845
1.40845
1.40845
1.40845
1.40843
1.40822
1.40637
1.3893
1.27037
0.940247
0.508234
0.528147
0.557069
0.558757
0.549377
0.551013
0.550142
0.548409
0.548797
0.550077
0.554568
1.40845
1.40845
1.40845
1.40845
1.40845
1.40845
1.40845
1.40845
1.40843
1.40823
1.40642
1.38982
1.27341
0.945625
0.51096
0.527897
0.557638
0.560126
0.550585
0.552503
0.551565
0.549492
0.54979
0.551013
0.555549
1.40845
1.40845
1.40845
1.40845
1.40845
1.40845
1.40845
1.40845
1.40843
1.40824
1.40653
1.39069
1.2787
0.957899
0.516771
0.526756
0.559328
0.563425
0.553533
0.555511
0.554467
0.552135
0.552307
0.553453
0.558119
1.40845
1.40845
1.40845
1.40845
1.40845
1.40845
1.40845
1.40845
1.40843
1.40824
1.40657
1.39176
1.29021
0.976815
0.52725
0.52416
0.563449
0.56945
0.558772
0.560339
0.558952
0.55579
0.555375
0.556261
0.56076
1.40845
1.40845
1.40845
1.40845
1.40845
1.40845
1.40845
1.40845
1.40843
1.40828
1.40689
1.39478
1.30645
1.00385
0.564781
0.521174
0.576406
0.580982
0.568571
0.568185
0.565606
0.561073
0.559421
0.560051
0.564454
1.40845
1.40845
1.40845
1.40845
1.40845
1.40845
1.40845
1.40845
1.40843
1.40831
1.40717
1.39734
1.32321
1.04307
0.636295
0.516793
0.597774
0.598911
0.583535
0.580461
0.574953
0.567575
0.564265
0.564438
0.56893
1.40845
1.40845
1.40845
1.40845
1.40845
1.40845
1.40845
1.40845
1.40844
1.40834
1.40745
1.39998
1.34163
1.08979
0.713616
0.50049
0.622125
0.627014
0.611055
0.602266
0.590343
0.577674
0.571731
0.570208
0.57503
1.40845
1.40845
1.40845
1.40845
1.40845
1.40845
1.40845
1.40845
1.40844
1.40837
1.40777
1.40261
1.35703
1.13532
0.756603
0.471375
0.603884
0.625626
0.615312
0.617891
0.609447
0.593014
0.580514
0.577269
0.585123
1.40845
1.40845
1.40845
1.40845
1.40845
1.40845
1.40845
1.40845
1.40844
1.4084
1.40798
1.40432
1.36875
1.17648
0.805434
0.452094
0.572645
0.611566
0.610651
0.618352
0.620034
0.612866
0.596773
0.587308
0.60088
1.40845
1.40845
1.40845
1.40845
1.40845
1.40845
1.40845
1.40845
1.40845
1.40841
1.40808
1.40512
1.37831
1.21698
0.856626
0.459286
0.559056
0.588664
0.598376
0.612597
0.623649
0.624026
0.614309
0.602247
0.641189
1.40845
1.40845
1.40845
1.40845
1.40845
1.40845
1.40845
1.40845
1.40845
1.40842
1.40817
1.40603
1.38621
1.25457
0.915713
0.48366
0.555799
0.57006
0.583335
0.599708
0.618378
0.637807
0.641307
0.645994
0.722712
1.40845
1.40845
1.40845
1.40845
1.40845
1.40845
1.40845
1.40845
1.40845
1.40843
1.40823
1.40642
1.39139
1.29458
0.983257
0.521399
0.544559
0.581324
0.589084
0.594416
0.609412
0.63477
0.652078
0.663613
0.781139
1.40845
1.40845
1.40845
1.40845
1.40845
1.40845
1.40845
1.40845
1.40845
1.40844
1.40833
1.40735
1.39928
1.33436
1.06114
0.615607
0.529953
0.602578
0.603088
0.599837
0.604813
0.624173
0.656226
0.674559
0.78049
1.40845
1.40845
1.40845
1.40845
1.40845
1.40845
1.40845
1.40845
1.40845
1.40844
1.40839
1.40797
1.404
1.36132
1.14769
0.764563
0.493215
0.614624
0.619039
0.610384
0.609782
0.6219
0.651032
0.680887
0.771017
1.40845
1.40845
1.40845
1.40845
1.40845
1.40845
1.40845
1.40845
1.40845
1.40845
1.40841
1.40805
1.40491
1.37676
1.20962
0.849449
0.481433
0.613114
0.626263
0.621684
0.618602
0.626283
0.648853
0.679396
0.74915
1.40845
1.40845
1.40845
1.40845
1.40845
1.40845
1.40845
1.40845
1.40845
1.40845
1.40843
1.40821
1.40634
1.3891
1.27089
0.938463
0.496042
0.589162
0.634559
0.637801
0.632828
0.635279
0.64979
0.675181
0.723748
1.40845
1.40845
1.40845
1.40845
1.40845
1.40845
1.40845
1.40845
1.40845
1.40845
1.40843
1.4083
1.40714
1.39714
1.32245
1.03785
0.54107
0.552568
0.631597
0.655427
0.651401
0.646884
0.654806
0.674342
0.709354
1.40845
1.40845
1.40845
1.40845
1.40845
1.40845
1.40845
1.40845
1.40845
1.40845
1.40844
1.40838
1.40781
1.4029
1.36029
1.14555
0.759264
0.502544
0.62746
0.65262
0.656846
0.65769
0.663878
0.67811
0.70444
1.40845
1.40845
1.40845
1.40845
1.40845
1.40845
1.40845
1.40845
1.40845
1.40845
1.40845
1.40841
1.40809
1.40541
1.38258
1.24349
0.894071
0.504606
0.610138
0.64626
0.667554
0.669419
0.674202
0.684796
0.705297
1.40845
1.40845
1.40845
1.40845
1.40845
1.40845
1.40845
1.40845
1.40845
1.40845
1.40845
1.40839
1.4084
1.40723
1.39808
1.32261
0.996905
0.543936
0.572709
0.651517
0.682892
0.683982
0.687233
0.69477
0.709744
1.40845
1.40845
1.40845
1.40845
1.40845
1.40845
1.40845
1.40845
1.40845
1.40845
1.40845
1.40844
1.40837
1.40781
1.40326
1.36626
1.17134
0.748811
0.511
0.645688
0.66355
0.685986
0.693546
0.70261
0.715926
1.40845
1.40845
1.40845
1.40845
1.40845
1.40845
1.40845
1.40845
1.40845
1.40845
1.40845
1.40844
1.40837
1.40843
1.40655
1.39318
1.28445
0.884782
0.526912
0.609628
0.666452
0.69335
0.704152
0.712717
0.724038
1.40845
1.40845
1.40845
1.40845
1.40845
1.40845
1.40845
1.40845
1.40845
1.40845
1.40845
1.40845
1.40843
1.40833
1.40743
1.40002
1.34442
1.10137
0.584872
0.556987
0.662646
0.689217
0.704693
0.717127
0.730526
1.40845
1.40845
1.40845
1.40845
1.40845
1.40845
1.40845
1.40845
1.40845
1.40845
1.40845
1.40845
1.40844
1.40833
1.40841
1.40569
1.3902
1.27077
0.786502
0.51275
0.629674
0.673041
0.706504
0.720453
0.735255
1.40845
1.40845
1.40845
1.40845
1.40845
1.40845
1.40845
1.40845
1.40845
1.40845
1.40845
1.40845
1.40845
1.40843
1.40828
1.40705
1.39733
1.32822
1.05992
0.553272
0.580207
0.67451
0.702638
0.718688
0.735147
1.40845
1.40845
1.40845
1.40845
1.40845
1.40845
1.40845
1.40845
1.40845
1.40845
1.40845
1.40845
1.40845
1.40844
1.40836
1.40769
1.40087
1.39719
1.27142
0.737212
0.512528
0.639341
0.679689
0.717687
0.733687
1.40845
1.40845
1.40845
1.40845
1.40845
1.40845
1.40845
1.40845
1.40845
1.40845
1.40845
1.40845
1.40845
1.40845
1.40842
1.40823
1.40673
1.39576
1.3194
1.04342
0.555588
0.592604
0.684068
0.712449
0.731139
1.40845
1.40845
1.40845
1.40845
1.40845
1.40845
1.40845
1.40845
1.40845
1.40845
1.40845
1.40845
1.40845
1.40845
1.40844
1.40836
1.40759
1.39876
1.39855
1.27186
0.713299
0.5208
0.647436
0.688952
0.728225
1.40845
1.40845
1.40845
1.40845
1.40845
1.40845
1.40845
1.40845
1.40845
1.40845
1.40845
1.40845
1.40845
1.40845
1.40845
1.40842
1.40822
1.40668
1.39564
1.31979
1.04808
0.569416
0.603742
0.697436
0.719873
1.40845
1.40845
1.40845
1.40845
1.40845
1.40845
1.40845
1.40845
1.40845
1.40845
1.40845
1.40845
1.40845
1.40845
1.40845
1.40844
1.40838
1.40776
1.40093
1.40328
1.29415
0.77077
0.532707
0.652287
0.703275
1.40845
1.40845
1.40845
1.40845
1.40845
1.40845
1.40845
1.40845
1.40845
1.40845
1.40845
1.40845
1.40845
1.40845
1.40845
1.40845
1.40843
1.40828
1.40705
1.39805
1.33179
1.05693
0.58209
0.59864
0.697526
1.40845
1.40845
1.40845
1.40845
1.40845
1.40845
1.40845
1.40845
1.40845
1.40845
1.40845
1.40845
1.40845
1.40845
1.40845
1.40845
1.40845
1.4084
1.40813
1.40607
1.39446
1.29272
0.829076
0.548876
0.646671
1.40845
1.40845
1.40845
1.40845
1.40845
1.40845
1.40845
1.40845
1.40845
1.40845
1.40845
1.40845
1.40845
1.40845
1.40845
1.40845
1.40845
1.40843
1.40832
1.40741
1.40051
1.34896
1.10289
0.629598
0.589788
1.40845
1.40845
1.40845
1.40845
1.40845
1.40845
1.40845
1.40845
1.40845
1.40845
1.40845
1.40845
1.40845
1.40845
1.40845
1.40845
1.40845
1.40845
1.40842
1.40821
1.40647
1.39467
1.29853
0.917553
0.583342
1.40845
1.40845
1.40845
1.40845
1.40845
1.40845
1.40845
1.40845
1.40845
1.40845
1.40845
1.40845
1.40845
1.40845
1.40845
1.40845
1.40845
1.40845
1.40844
1.40833
1.40759
1.40208
1.36164
1.16113
0.762249
1.40845
1.40845
1.40845
1.40845
1.40845
1.40845
1.40845
1.40845
1.40845
1.40845
1.40845
1.40845
1.40845
1.40845
1.40845
1.40845
1.40845
1.40845
1.40845
1.40843
1.40829
1.40715
1.39934
1.33443
1.06014
1.40845
1.40845
1.40845
1.40845
1.40845
1.40845
1.40845
1.40845
1.40845
1.40845
1.40845
1.40845
1.40845
1.40845
1.40845
1.40845
1.40845
1.40845
1.40845
1.40846
1.40857
1.41015
1.40829
1.39284
1.30174
1.40845
1.40845
1.40845
1.40845
1.40845
1.40845
1.40845
1.40845
1.40845
1.40845
1.40845
1.40845
1.40845
1.40845
1.40845
1.40845
1.40845
1.40845
1.40845
1.40845
1.40844
1.40838
1.40777
1.40242
1.3624
1.40845
1.40845
1.40845
1.40845
1.40845
1.40845
1.40845
1.40845
1.40845
1.40845
1.40845
1.40845
1.40845
1.40845
1.40845
1.40845
1.40845
1.40845
1.40845
1.40845
1.40846
1.4085
1.40845
1.40746
1.39989
1.40845
1.40845
1.40845
1.40845
1.40845
1.40845
1.40845
1.40845
1.40845
1.40845
1.40845
1.40845
1.40845
1.40845
1.40845
1.40845
1.40845
1.40845
1.40845
1.40845
1.40845
1.40844
1.40841
1.40812
1.40586
1.40845
1.40845
1.40845
1.40845
1.40845
1.40845
1.40845
1.40845
1.40845
1.40845
1.40845
1.40845
1.40845
1.40845
1.40845
1.40845
1.40845
1.40845
1.40845
1.40845
1.40845
1.40845
1.40845
1.40837
1.40781
1.40845
1.40845
1.40845
1.40845
1.40845
1.40845
1.40845
1.40845
1.40845
1.40845
1.40845
1.40845
1.40845
1.40845
1.40845
1.40845
1.40845
1.40845
1.40845
1.40845
1.40845
1.40845
1.40845
1.40845
1.40834
1.40845
1.40845
1.40845
1.40845
1.40845
1.40845
1.40845
1.40845
1.40845
1.40845
1.40845
1.40845
1.40845
1.40845
1.40845
1.40845
1.40845
1.40845
1.40845
1.40845
1.40845
1.40845
1.40845
1.40844
1.40841
1.40845
1.40845
1.40845
1.40845
1.40845
1.40845
1.40845
1.40845
1.40845
1.40845
1.40845
1.40845
1.40845
1.40845
1.40845
1.40845
1.40845
1.40845
1.40845
1.40845
1.40845
1.40845
1.40845
1.40845
1.40845
1.40845
1.40845
1.40845
1.40845
1.40845
1.40845
1.40845
1.40845
1.40845
1.40845
1.40845
1.40845
1.40845
1.40845
1.40845
1.40845
1.40845
1.40845
1.40845
1.40845
1.40845
1.40845
1.40845
1.40845
1.40845
1.40845
1.40845
1.40845
1.40845
1.40845
1.40845
1.40845
1.40845
1.40845
1.40845
1.40845
1.40845
1.40845
1.40845
1.40845
1.40845
1.40845
1.40845
1.40845
1.40845
1.40845
1.40845
1.40845
1.40845
1.40845
1.40845
1.40845
1.40845
1.40845
1.40845
1.40845
1.40845
1.40845
1.40845
1.40845
1.40845
1.40845
1.40845
1.40845
1.40845
1.40845
1.40845
1.40845
1.40845
1.40845
1.40845
1.40845
1.40845
1.40845
1.40845
1.40845
1.40845
1.40845
1.40845
1.40845
1.40845
1.40845
1.40845
1.40845
1.40845
1.40845
1.40845
1.40845
1.40845
1.40845
1.40845
1.40845
1.40845
1.40845
1.40845
1.40845
1.40845
1.40845
1.40845
1.40845
1.40845
1.40845
1.40845
1.40845
1.40845
1.40845
1.40845
1.40845
1.40845
1.40845
1.40845
1.40845
1.40845
1.40845
1.40845
1.40845
1.40845
1.40845
1.40845
1.40845
1.40845
1.40845
1.40845
1.40845
1.40845
1.40845
1.40845
1.40845
1.40845
1.40845
1.40845
1.40845
1.40845
1.40845
1.40845
1.40845
1.40845
1.40845
1.40845
1.40845
1.40845
1.40845
1.40845
1.40845
1.40845
1.40845
1.40845
1.40845
1.40845
1.40845
0.649838
0.578266
0.520498
0.529586
0.534996
0.525185
0.517195
0.515007
0.557004
0.57428
0.576828
0.57511
0.573954
0.572788
0.567024
0.582434
0.599979
0.608561
0.610121
0.610369
0.607865
0.6066
0.606458
0.606523
0.606057
0.607141
0.609246
0.610156
0.61105
0.611596
0.61245
0.61409
0.613128
0.612942
0.609906
0.598185
0.58878
0.580863
0.568364
0.559843
0.553236
0.54786
0.540124
0.533792
0.527912
0.524043
0.522711
0.521936
0.519874
0.519723
0.51484
0.51775
0.519879
0.522516
0.525235
0.527741
0.530519
0.533361
0.53634
0.539012
0.541673
0.544455
0.547212
0.549846
0.552388
0.554924
0.557387
0.559902
0.562343
0.564729
0.567058
0.569415
0.571817
0.574263
0.576709
0.57898
0.581232
0.583417
0.585621
0.587814
0.590046
0.592214
0.594415
0.596482
0.59858
0.600513
0.602468
0.604228
0.606
0.607591
0.609199
0.610668
0.612175
0.613598
0.615125
0.616754
0.618464
0.621226
0.621436
0.619966
0.652818
0.588207
0.567626
0.533171
0.517243
0.514782
0.494832
0.467592
0.501901
0.51607
0.517617
0.507505
0.504544
0.500555
0.498364
0.51223
0.520978
0.525616
0.525489
0.525352
0.523901
0.522673
0.522608
0.522707
0.522361
0.523398
0.524461
0.525517
0.526562
0.526948
0.527182
0.528415
0.527127
0.526134
0.526272
0.518333
0.512303
0.508058
0.501248
0.497252
0.494732
0.494091
0.494916
0.491383
0.492867
0.4963
0.49947
0.502249
0.508133
0.51233
0.517547
0.524108
0.530682
0.538112
0.545917
0.552072
0.558495
0.565007
0.572327
0.578289
0.582617
0.586779
0.591188
0.59595
0.600384
0.604176
0.607723
0.611317
0.614793
0.618046
0.62089
0.62358
0.626269
0.628974
0.631728
0.634353
0.636943
0.639356
0.641752
0.64408
0.64643
0.648705
0.651005
0.653221
0.655448
0.657645
0.659874
0.662061
0.664301
0.666393
0.668487
0.670296
0.67199
0.673443
0.674907
0.676369
0.677903
0.680511
0.680347
0.677984
0.732161
0.667647
0.622492
0.567394
0.541728
0.535017
0.533668
0.511186
0.487569
0.484066
0.479456
0.484863
0.491652
0.485023
0.475739
0.466124
0.482314
0.49096
0.492564
0.493996
0.490217
0.488108
0.487841
0.487871
0.48726
0.488522
0.490016
0.490118
0.490094
0.490249
0.489754
0.491374
0.490078
0.489449
0.489392
0.484825
0.479403
0.478277
0.465114
0.465875
0.468862
0.47087
0.476913
0.486274
0.498554
0.511587
0.525449
0.536756
0.548284
0.560843
0.570717
0.580914
0.5891
0.597692
0.606008
0.61217
0.618526
0.624651
0.631592
0.638719
0.64385
0.647911
0.651936
0.656058
0.660202
0.664288
0.668002
0.671366
0.674618
0.677936
0.68118
0.684072
0.686887
0.689654
0.692154
0.694465
0.696772
0.699015
0.701263
0.70349
0.705732
0.707928
0.710152
0.712314
0.714499
0.71662
0.718759
0.72081
0.722885
0.724866
0.726864
0.72876
0.730427
0.732079
0.733742
0.735415
0.73722
0.740189
0.740566
0.738103
0.791031
0.764229
0.719657
0.653805
0.598499
0.568928
0.573254
0.567466
0.544395
0.519278
0.504211
0.494289
0.494942
0.497799
0.500701
0.487665
0.480443
0.478228
0.474878
0.475864
0.477351
0.480699
0.491111
0.489775
0.487969
0.487348
0.48716
0.48775
0.489336
0.490124
0.489469
0.490899
0.486119
0.481376
0.470976
0.464996
0.466247
0.467879
0.473485
0.488164
0.507701
0.524073
0.537826
0.554164
0.566928
0.580983
0.596963
0.607334
0.612698
0.623869
0.631895
0.63714
0.643155
0.649515
0.65668
0.661789
0.667135
0.672022
0.677247
0.682794
0.687085
0.690448
0.693926
0.697705
0.701641
0.705048
0.70822
0.711315
0.714401
0.717526
0.720644
0.723459
0.726134
0.728847
0.731474
0.733893
0.736217
0.738463
0.740652
0.742782
0.744879
0.746914
0.748956
0.751023
0.753126
0.755265
0.757428
0.759496
0.761528
0.763566
0.765599
0.7676
0.769344
0.771101
0.772833
0.774562
0.776435
0.779274
0.780299
0.777563
0.80432
0.798039
0.778061
0.735117
0.686146
0.633399
0.624821
0.63943
0.616242
0.584295
0.560471
0.538065
0.520376
0.5206
0.52316
0.522799
0.515493
0.506422
0.497983
0.489665
0.485459
0.485734
0.48651
0.487617
0.489445
0.490089
0.48927
0.489324
0.489591
0.490005
0.491182
0.488477
0.484963
0.479178
0.479497
0.485316
0.498294
0.516074
0.539208
0.555368
0.575555
0.590232
0.605765
0.620991
0.634489
0.645425
0.656878
0.661942
0.666583
0.675769
0.679043
0.681623
0.686223
0.690572
0.69556
0.698592
0.70188
0.705917
0.710581
0.714177
0.716766
0.719167
0.721972
0.725594
0.729588
0.732821
0.735574
0.738093
0.740617
0.743254
0.746056
0.748787
0.751522
0.754338
0.756942
0.759219
0.761421
0.763611
0.765795
0.767999
0.770236
0.772527
0.774888
0.77707
0.77913
0.781142
0.783102
0.785025
0.786937
0.788901
0.790898
0.792926
0.794846
0.796792
0.798757
0.800733
0.80285
0.805811
0.807485
0.804517
0.789027
0.809668
0.80555
0.787829
0.757772
0.723753
0.692355
0.70232
0.679136
0.645254
0.617293
0.597365
0.575033
0.566325
0.566416
0.563868
0.555894
0.545027
0.535416
0.524339
0.514194
0.509481
0.504124
0.500984
0.498603
0.497834
0.496521
0.496239
0.495546
0.494416
0.494004
0.491717
0.493496
0.498988
0.51063
0.527061
0.553165
0.57946
0.613214
0.627135
0.645203
0.657888
0.671548
0.683286
0.696683
0.696915
0.700432
0.704381
0.713662
0.717148
0.713029
0.714502
0.717769
0.721216
0.723534
0.726243
0.729041
0.732041
0.734153
0.735398
0.737271
0.739983
0.742966
0.745861
0.748656
0.75099
0.753317
0.755647
0.757986
0.760538
0.76335
0.7661
0.768612
0.770849
0.772903
0.775021
0.77723
0.779555
0.78203
0.784664
0.787368
0.789795
0.791937
0.793958
0.795959
0.797977
0.800017
0.802097
0.80423
0.806442
0.808649
0.810857
0.812844
0.814837
0.816871
0.818954
0.821207
0.824159
0.826494
0.823485
0.761864
0.800268
0.815435
0.813847
0.79968
0.785
0.769247
0.772939
0.766073
0.73939
0.703547
0.676851
0.651814
0.633562
0.620887
0.618691
0.60919
0.597073
0.583858
0.572869
0.559457
0.551295
0.542009
0.534476
0.526933
0.522341
0.516465
0.513568
0.509734
0.50415
0.504124
0.505876
0.510903
0.525948
0.556265
0.59765
0.640414
0.673072
0.704085
0.716445
0.730843
0.734986
0.737961
0.735585
0.732205
0.723666
0.728055
0.734421
0.74563
0.746766
0.746752
0.745465
0.740456
0.740452
0.744678
0.746311
0.749034
0.749204
0.748834
0.749169
0.75063
0.752887
0.756258
0.757786
0.759294
0.76103
0.762979
0.765221
0.767818
0.770763
0.773419
0.775366
0.777277
0.779335
0.78158
0.784021
0.786672
0.789497
0.792182
0.794664
0.797042
0.79936
0.801575
0.803746
0.805934
0.808183
0.810501
0.812869
0.815135
0.817389
0.819651
0.82191
0.82405
0.826202
0.828416
0.830687
0.833127
0.836117
0.839009
0.835959
0.740597
0.778759
0.812551
0.815767
0.814339
0.812433
0.807952
0.817551
0.823677
0.814636
0.790255
0.758796
0.734736
0.714032
0.692878
0.691688
0.686347
0.673113
0.653741
0.638162
0.618111
0.606672
0.595339
0.585163
0.574149
0.565141
0.554716
0.545435
0.532823
0.527955
0.520871
0.529327
0.547404
0.581247
0.641377
0.683199
0.72578
0.756352
0.779598
0.797276
0.808055
0.810703
0.813368
0.810001
0.802324
0.786276
0.769826
0.74692
0.748809
0.757314
0.768775
0.768647
0.765422
0.757673
0.755382
0.755897
0.756937
0.757085
0.758693
0.758705
0.758726
0.759193
0.761065
0.763262
0.764968
0.766897
0.768931
0.771249
0.774065
0.77637
0.777784
0.779461
0.781565
0.784113
0.787035
0.790239
0.793202
0.795432
0.79757
0.799744
0.801947
0.804189
0.806483
0.808875
0.811401
0.814007
0.816538
0.818924
0.821257
0.82362
0.826029
0.828466
0.830904
0.833357
0.835869
0.838352
0.840947
0.844009
0.847153
0.844123
0.732637
0.757615
0.793716
0.805096
0.820142
0.819962
0.824159
0.836789
0.853072
0.862828
0.854583
0.835492
0.81492
0.795562
0.782924
0.770108
0.767869
0.756593
0.737538
0.716485
0.69845
0.678835
0.665765
0.652358
0.638722
0.625474
0.610022
0.595297
0.569511
0.550042
0.551067
0.5693
0.601835
0.659674
0.727049
0.759585
0.793582
0.812279
0.831203
0.851877
0.862545
0.870343
0.875641
0.875483
0.867699
0.852093
0.835983
0.813263
0.784856
0.750617
0.757878
0.770362
0.771018
0.771569
0.771069
0.765601
0.762205
0.761553
0.762602
0.764583
0.764056
0.763981
0.764447
0.766357
0.768354
0.770627
0.773815
0.775412
0.776747
0.778344
0.780523
0.783287
0.786251
0.788876
0.791372
0.793899
0.796644
0.799081
0.801363
0.803708
0.806128
0.808648
0.811296
0.814011
0.816446
0.818798
0.821138
0.823476
0.825833
0.828236
0.830712
0.833271
0.835914
0.838454
0.840941
0.843422
0.846043
0.849184
0.852563
0.849633
0.732709
0.752125
0.775491
0.790072
0.812258
0.816048
0.823948
0.838252
0.855501
0.877176
0.883844
0.877455
0.863692
0.855102
0.846589
0.838143
0.833562
0.827374
0.819438
0.804978
0.787303
0.769551
0.750802
0.73159
0.71728
0.701696
0.680674
0.657553
0.615514
0.568823
0.59302
0.623624
0.669767
0.739158
0.777631
0.808635
0.834145
0.852438
0.869819
0.88704
0.896382
0.906526
0.914829
0.91715
0.912627
0.905731
0.895184
0.874215
0.848221
0.81753
0.780668
0.743686
0.754176
0.767621
0.777424
0.774573
0.773463
0.76931
0.764874
0.766212
0.766772
0.767784
0.768362
0.769828
0.771589
0.773355
0.775507
0.778061
0.780239
0.782624
0.785101
0.787525
0.78977
0.791959
0.794327
0.79684
0.79947
0.802182
0.804728
0.807302
0.809958
0.812735
0.815621
0.818102
0.820285
0.822461
0.824669
0.826923
0.829238
0.831652
0.834178
0.8368
0.839528
0.84202
0.844465
0.846945
0.849586
0.852771
0.856246
0.853233
0.734731
0.751245
0.767459
0.77955
0.798129
0.806901
0.818459
0.833412
0.851458
0.872517
0.891822
0.893745
0.889204
0.885676
0.882291
0.87688
0.876964
0.877991
0.876943
0.873244
0.862485
0.846759
0.832169
0.815917
0.798122
0.778223
0.751413
0.710115
0.630688
0.612648
0.64138
0.674936
0.725396
0.775684
0.809287
0.837573
0.859126
0.877238
0.894425
0.911474
0.920253
0.928913
0.932642
0.935816
0.938895
0.937487
0.930887
0.917269
0.902177
0.878699
0.845618
0.80776
0.755107
0.745806
0.761584
0.768166
0.777552
0.775652
0.772927
0.768372
0.769416
0.769445
0.770088
0.772431
0.775523
0.777162
0.778574
0.780378
0.78302
0.786194
0.788361
0.790606
0.792903
0.79535
0.797961
0.800799
0.803327
0.805738
0.808143
0.810579
0.813088
0.815677
0.81827
0.820714
0.823083
0.825438
0.827774
0.830123
0.832498
0.834919
0.837395
0.839923
0.842542
0.845028
0.84749
0.849986
0.852644
0.855834
0.859345
0.856249
0.739572
0.754009
0.768094
0.778369
0.79003
0.79808
0.810176
0.825018
0.843407
0.863298
0.884746
0.899375
0.90004
0.898989
0.897602
0.898674
0.900228
0.901606
0.90478
0.913553
0.91006
0.899003
0.887468
0.874957
0.858687
0.83543
0.797578
0.730907
0.629768
0.664873
0.689002
0.722031
0.765929
0.790271
0.816117
0.838569
0.861564
0.880755
0.899725
0.915261
0.928216
0.939778
0.949192
0.94855
0.946674
0.946401
0.942525
0.940275
0.934895
0.922528
0.903865
0.877373
0.839946
0.799948
0.74628
0.754425
0.776486
0.780847
0.786039
0.784811
0.782335
0.779758
0.780385
0.781438
0.783669
0.786726
0.789134
0.790588
0.792195
0.794245
0.797528
0.799994
0.802197
0.80437
0.806661
0.809238
0.812141
0.814407
0.816618
0.818874
0.821169
0.823354
0.8255
0.827672
0.829884
0.832128
0.834359
0.836603
0.838881
0.841219
0.843632
0.846112
0.848688
0.851165
0.85351
0.855878
0.858411
0.861497
0.86486
0.861491
0.745642
0.758234
0.769644
0.780018
0.788475
0.795166
0.80364
0.815722
0.832527
0.851941
0.87242
0.894335
0.899995
0.902099
0.90732
0.908372
0.908741
0.911945
0.920049
0.931913
0.934343
0.927818
0.918025
0.908517
0.891478
0.858231
0.79659
0.700474
0.666016
0.698815
0.723105
0.751061
0.775271
0.796493
0.817362
0.839039
0.857644
0.873751
0.890605
0.903325
0.914743
0.926392
0.933017
0.940528
0.949894
0.948999
0.94621
0.948746
0.947122
0.945054
0.939448
0.928224
0.90861
0.880683
0.840947
0.795846
0.751034
0.764778
0.777959
0.798763
0.793181
0.793358
0.789865
0.791765
0.793974
0.796767
0.797688
0.798995
0.80085
0.803264
0.80638
0.810385
0.812328
0.814081
0.815927
0.818093
0.820581
0.823244
0.825989
0.828184
0.830293
0.832414
0.834561
0.836767
0.839044
0.841368
0.843698
0.846029
0.848375
0.850748
0.853154
0.855454
0.857703
0.859996
0.862209
0.864437
0.866827
0.86977
0.872945
0.869256
0.751187
0.763417
0.773208
0.783716
0.791135
0.796681
0.80279
0.811469
0.823145
0.838708
0.857434
0.878998
0.894406
0.898536
0.905011
0.908872
0.912804
0.916782
0.921826
0.929639
0.94403
0.941739
0.933031
0.921947
0.896611
0.842659
0.758777
0.671994
0.706292
0.720544
0.737467
0.757172
0.77449
0.792355
0.809611
0.827064
0.842527
0.858224
0.872079
0.883925
0.896536
0.905998
0.914203
0.925095
0.932057
0.939837
0.949649
0.955944
0.955299
0.953982
0.954812
0.956376
0.953355
0.941966
0.915672
0.877212
0.834476
0.769558
0.766744
0.786872
0.791161
0.803784
0.801785
0.800805
0.799025
0.798837
0.800028
0.802028
0.80464
0.808121
0.809905
0.811447
0.813392
0.815657
0.818565
0.821334
0.824088
0.826683
0.829391
0.832117
0.834668
0.836804
0.838746
0.840701
0.842677
0.844695
0.846762
0.848906
0.851137
0.85346
0.855876
0.858357
0.860908
0.863562
0.866324
0.869161
0.872134
0.875572
0.879314
0.875551
0.752878
0.768773
0.778962
0.787224
0.795451
0.800123
0.804532
0.811046
0.820032
0.83233
0.848412
0.864105
0.883103
0.891992
0.896964
0.906003
0.911667
0.915142
0.920124
0.92771
0.941069
0.940111
0.931803
0.913757
0.870026
0.793603
0.676914
0.70089
0.730896
0.73926
0.74921
0.760343
0.77275
0.786539
0.801913
0.817243
0.831838
0.846546
0.857169
0.868871
0.880584
0.887714
0.897491
0.908481
0.917462
0.928625
0.935895
0.94355
0.953501
0.962934
0.968006
0.967987
0.971331
0.969288
0.960864
0.945997
0.916167
0.873974
0.826218
0.760113
0.771787
0.787216
0.805271
0.807842
0.806182
0.804145
0.804936
0.806068
0.809123
0.812688
0.816666
0.817587
0.818567
0.819789
0.821688
0.824577
0.827923
0.830304
0.832826
0.835546
0.838108
0.840183
0.842151
0.844157
0.846076
0.847962
0.849873
0.851843
0.853922
0.856104
0.858344
0.860696
0.863233
0.866044
0.869106
0.87233
0.87573
0.879598
0.883992
0.880341
0.751503
0.76846
0.781719
0.790467
0.80038
0.804837
0.808692
0.813443
0.820787
0.830935
0.844031
0.858834
0.871476
0.886305
0.892448
0.900236
0.905913
0.912328
0.917374
0.923786
0.931512
0.927861
0.91919
0.88637
0.816382
0.697981
0.708182
0.739877
0.742715
0.747637
0.753658
0.761074
0.770186
0.780594
0.792216
0.804676
0.818363
0.829516
0.840566
0.853149
0.862633
0.87291
0.884448
0.8944
0.904639
0.915229
0.925033
0.937938
0.948507
0.959726
0.969222
0.97288
0.976688
0.981474
0.981726
0.980513
0.968393
0.944096
0.908723
0.860035
0.806966
0.769131
0.785025
0.795245
0.819351
0.816102
0.813532
0.812444
0.812673
0.81404
0.817228
0.821382
0.823394
0.824379
0.825919
0.828094
0.831177
0.835185
0.837236
0.83893
0.840665
0.842431
0.844216
0.846055
0.847994
0.850001
0.852051
0.854131
0.856265
0.858504
0.860857
0.863298
0.86591
0.868814
0.872001
0.875355
0.878866
0.882828
0.887489
0.883737
0.748397
0.766917
0.783299
0.791843
0.801924
0.80921
0.813238
0.817811
0.823867
0.831898
0.84174
0.85322
0.863886
0.877592
0.889489
0.897451
0.900067
0.906176
0.913003
0.917866
0.915109
0.910206
0.885389
0.828322
0.719148
0.714856
0.740213
0.745536
0.748622
0.751575
0.75508
0.759773
0.766129
0.774041
0.783597
0.794271
0.806138
0.816865
0.828785
0.840316
0.85095
0.862671
0.873025
0.88271
0.894061
0.905663
0.91763
0.928335
0.937329
0.947303
0.954177
0.963286
0.973485
0.985547
0.986093
0.991211
0.987998
0.982356
0.968533
0.938816
0.899786
0.849682
0.77734
0.78014
0.80034
0.808045
0.826453
0.824896
0.822554
0.821902
0.82232
0.82433
0.826206
0.82846
0.830706
0.833227
0.835771
0.838452
0.84157
0.842981
0.844177
0.845538
0.847028
0.848681
0.850525
0.852488
0.85452
0.856666
0.858983
0.861427
0.863957
0.866516
0.869241
0.872265
0.875508
0.878883
0.882406
0.88641
0.891247
0.887335
0.745242
0.763544
0.782366
0.792011
0.800374
0.811976
0.816114
0.8198
0.825576
0.832949
0.842283
0.850714
0.860176
0.869565
0.882716
0.894823
0.897566
0.907047
0.905608
0.903106
0.898872
0.87769
0.828118
0.74179
0.709888
0.737188
0.741953
0.748878
0.749946
0.751274
0.753129
0.756439
0.761405
0.768317
0.776718
0.786514
0.796959
0.808164
0.820225
0.831118
0.843655
0.853846
0.863717
0.874805
0.887371
0.898491
0.910844
0.918052
0.927833
0.938854
0.946565
0.956024
0.965715
0.975081
0.984552
0.992433
0.99893
0.996983
0.996951
0.988277
0.970353
0.933553
0.885933
0.831846
0.771647
0.788259
0.804347
0.830104
0.835444
0.830443
0.830078
0.829382
0.828979
0.829627
0.832559
0.837014
0.840549
0.842339
0.844059
0.845676
0.847443
0.849322
0.851165
0.853049
0.854966
0.856947
0.858968
0.861107
0.863459
0.866043
0.868701
0.871269
0.873964
0.876994
0.880318
0.883819
0.887363
0.891313
0.89603
0.891799
0.741317
0.759715
0.778741
0.792363
0.798398
0.809881
0.817583
0.819355
0.82454
0.832075
0.84226
0.850034
0.858102
0.866125
0.877823
0.889565
0.902494
0.901155
0.896974
0.890372
0.87109
0.825862
0.754383
0.700548
0.728965
0.735361
0.748489
0.748708
0.749192
0.750717
0.753076
0.756479
0.760935
0.766712
0.773878
0.782672
0.792684
0.80373
0.815562
0.826337
0.837962
0.846926
0.857708
0.869461
0.880824
0.890113
0.899728
0.910544
0.921956
0.931251
0.940342
0.94806
0.956818
0.965905
0.975405
0.98519
0.998113
1.00748
1.0101
1.00513
1.00181
0.987257
0.959588
0.917626
0.866814
0.800299
0.790301
0.815248
0.820203
0.84239
0.841199
0.837104
0.835433
0.834973
0.835477
0.837639
0.842473
0.847825
0.848764
0.849698
0.850848
0.852197
0.853861
0.855839
0.857697
0.859675
0.86178
0.864113
0.86673
0.869648
0.872933
0.875993
0.878908
0.881909
0.88503
0.888363
0.891925
0.896036
0.901106
0.8968
0.737582
0.753322
0.771341
0.788878
0.796348
0.805681
0.819114
0.820813
0.823485
0.830244
0.840699
0.850452
0.857084
0.865684
0.876319
0.890319
0.903067
0.894908
0.886078
0.870536
0.827411
0.757352
0.688907
0.71765
0.727695
0.745297
0.74857
0.749544
0.751487
0.754431
0.757849
0.761539
0.765621
0.770366
0.776279
0.783358
0.792111
0.801862
0.812622
0.823839
0.83371
0.844204
0.856148
0.865115
0.873956
0.884477
0.894848
0.905778
0.917083
0.925563
0.934371
0.943235
0.951024
0.959645
0.969219
0.980304
0.990661
0.999816
1.01133
1.00911
1.01207
1.00752
0.998923
0.98163
0.951332
0.90904
0.858097
0.794389
0.804729
0.821979
0.834138
0.849197
0.847309
0.844318
0.84028
0.841174
0.843433
0.847551
0.852409
0.853002
0.853479
0.854464
0.855827
0.85764
0.859808
0.862064
0.864414
0.866984
0.869991
0.873346
0.87665
0.879652
0.882407
0.885369
0.88856
0.891954
0.895603
0.899933
0.905458
0.901146
0.717683
0.743846
0.762595
0.78331
0.794768
0.80124
0.8158
0.821166
0.822858
0.828536
0.837585
0.849034
0.855965
0.863895
0.874502
0.893249
0.893998
0.885647
0.872838
0.83474
0.766382
0.679854
0.706521
0.721093
0.742209
0.748187
0.749936
0.752844
0.756097
0.759651
0.763258
0.766865
0.770592
0.774641
0.779449
0.785164
0.792212
0.800258
0.809394
0.819493
0.830277
0.84184
0.850194
0.860068
0.870159
0.880533
0.891666
0.900547
0.910671
0.920242
0.929754
0.938193
0.946328
0.955227
0.964131
0.973431
0.983216
0.993959
1.00283
1.00951
1.01722
1.01609
1.01367
1.01237
1.00192
0.980134
0.945188
0.899007
0.851137
0.808681
0.823861
0.834343
0.85286
0.852838
0.850601
0.84735
0.846793
0.847896
0.851058
0.854972
0.855805
0.856759
0.858141
0.859875
0.861865
0.864109
0.866697
0.869448
0.872322
0.875674
0.87949
0.882645
0.885724
0.88899
0.892637
0.896225
0.899894
0.904211
0.909971
0.905609
0.712587
0.739518
0.755163
0.773398
0.790229
0.798722
0.812592
0.821362
0.823961
0.82821
0.836084
0.84725
0.856688
0.862972
0.873179
0.885499
0.880934
0.872748
0.840813
0.777548
0.679986
0.696447
0.71455
0.738557
0.745828
0.748669
0.752402
0.75664
0.760547
0.764418
0.767794
0.771351
0.774697
0.778137
0.78203
0.786631
0.792297
0.799144
0.807088
0.815916
0.825308
0.835323
0.844991
0.855216
0.864514
0.874406
0.883876
0.894401
0.902679
0.912
0.920691
0.928812
0.937827
0.946363
0.955635
0.965562
0.976186
0.986823
0.993896
1.00101
1.01016
1.01606
1.02006
1.02198
1.01889
1.01464
1.00548
0.980464
0.941146
0.891523
0.819859
0.817311
0.838072
0.841557
0.856826
0.854298
0.850262
0.850762
0.852309
0.856176
0.858839
0.86082
0.863037
0.864676
0.866352
0.868151
0.870296
0.873053
0.876154
0.8794
0.883665
0.887334
0.890472
0.893828
0.897428
0.901267
0.904976
0.909158
0.914698
0.91005
0.692612
0.720778
0.75369
0.768128
0.78476
0.795375
0.806444
0.821003
0.822861
0.827029
0.834008
0.84434
0.856053
0.862601
0.871
0.869824
0.863394
0.838094
0.781952
0.685117
0.693652
0.711033
0.735696
0.741515
0.744317
0.748331
0.752948
0.75825
0.762407
0.766572
0.770394
0.773865
0.777314
0.780782
0.784456
0.788551
0.79338
0.799093
0.805837
0.81351
0.821853
0.830849
0.840177
0.849766
0.85955
0.869401
0.879496
0.88912
0.897451
0.905849
0.914481
0.92321
0.931737
0.94061
0.949937
0.959956
0.970892
0.981258
0.98845
0.996177
1.00484
1.01044
1.01695
1.0241
1.02771
1.02884
1.0287
1.02544
1.01111
0.977613
0.926756
0.876042
0.809308
0.823255
0.840168
0.852456
0.865886
0.865098
0.861328
0.861661
0.863307
0.865262
0.867725
0.871151
0.872988
0.874851
0.876833
0.879159
0.88195
0.885113
0.889025
0.893883
0.897017
0.900344
0.903866
0.907487
0.911108
0.915119
0.920083
0.914989
0.634893
0.723449
0.742559
0.764504
0.777932
0.793052
0.802636
0.818286
0.822429
0.823898
0.829859
0.840742
0.854609
0.85937
0.856866
0.851238
0.830567
0.780088
0.686305
0.686879
0.704271
0.731578
0.736393
0.738473
0.742419
0.747211
0.752421
0.757893
0.762719
0.767527
0.772458
0.776617
0.780115
0.783649
0.787294
0.791169
0.795471
0.800377
0.806001
0.812447
0.819641
0.827443
0.835859
0.844698
0.85409
0.863502
0.873267
0.882417
0.891899
0.900519
0.908994
0.917064
0.92549
0.934228
0.943702
0.953492
0.964512
0.973575
0.983396
0.991805
0.997734
1.00453
1.01278
1.02226
1.02874
1.0348
1.03649
1.04251
1.04242
1.03496
1.00834
0.963913
0.905063
0.827886
0.82483
0.847369
0.853048
0.870924
0.872901
0.87158
0.869011
0.869601
0.871296
0.875237
0.879872
0.880767
0.881869
0.8838
0.886959
0.891153
0.895375
0.900237
0.90366
0.906662
0.909945
0.913407
0.917001
0.920993
0.925595
0.920227
0.579275
0.682227
0.730125
0.761213
0.778257
0.792731
0.802331
0.813728
0.824489
0.823383
0.826774
0.836516
0.848243
0.846385
0.838713
0.818409
0.773189
0.694136
0.678112
0.696475
0.72556
0.730896
0.732381
0.736347
0.741305
0.74669
0.752342
0.757557
0.762748
0.767937
0.773193
0.778082
0.782036
0.785694
0.789442
0.793396
0.797588
0.802104
0.807035
0.812503
0.818613
0.8254
0.832857
0.840922
0.849632
0.858901
0.868412
0.877815
0.887284
0.896258
0.904687
0.912533
0.921186
0.930435
0.940299
0.950404
0.960964
0.970633
0.981335
0.98765
0.994007
1.00162
1.00999
1.01748
1.0246
1.03242
1.04083
1.05036
1.05887
1.05693
1.04844
1.02432
0.989686
0.943294
0.886825
0.819623
0.835174
0.854896
0.868052
0.883756
0.882922
0.879603
0.880127
0.88165
0.883976
0.886322
0.88798
0.890223
0.894777
0.89973
0.902823
0.90609
0.909537
0.913317
0.916521
0.919858
0.923283
0.927135
0.931602
0.926281
0.624337
0.636848
0.728465
0.750903
0.77821
0.790213
0.800661
0.810265
0.82345
0.826389
0.827103
0.833526
0.833688
0.828471
0.807911
0.76222
0.686258
0.668535
0.688012
0.716998
0.725231
0.726632
0.730519
0.735386
0.740638
0.745841
0.751027
0.756338
0.761782
0.767353
0.772913
0.778516
0.78337
0.787549
0.791459
0.795462
0.799679
0.804082
0.808696
0.813585
0.818938
0.824877
0.831517
0.83892
0.84699
0.855679
0.864927
0.874094
0.883087
0.891952
0.900746
0.90953
0.918341
0.92783
0.937795
0.948836
0.958092
0.967613
0.977304
0.983744
0.990759
0.998457
1.0061
1.01333
1.02115
1.02895
1.03723
1.04607
1.05932
1.06124
1.057
1.05522
1.04353
1.01764
0.975914
0.918258
0.85533
0.841761
0.861599
0.868495
0.878834
0.890898
0.889656
0.885777
0.88652
0.888969
0.89149
0.894402
0.899395
0.905545
0.908614
0.911933
0.91544
0.919103
0.922813
0.926104
0.92955
0.933483
0.937908
0.932745
0.887291
0.589929
0.655705
0.749928
0.765446
0.78597
0.796278
0.807619
0.817992
0.831916
0.828379
0.823389
0.818021
0.799631
0.753468
0.675305
0.655263
0.676138
0.706224
0.716718
0.717898
0.721568
0.726453
0.732001
0.737779
0.742892
0.748162
0.753665
0.759426
0.765382
0.771524
0.777507
0.783297
0.788335
0.792906
0.797263
0.801631
0.806146
0.810858
0.815782
0.820967
0.826511
0.832582
0.839273
0.846648
0.854707
0.863329
0.872342
0.881299
0.890352
0.899416
0.908687
0.917956
0.927305
0.937111
0.947554
0.957894
0.965954
0.973412
0.980943
0.989159
0.995868
1.00286
1.01037
1.01775
1.02576
1.03432
1.04331
1.05204
1.06462
1.06921
1.06551
1.06076
1.05263
1.03356
1.00463
0.958538
0.905285
0.825782
0.840129
0.862678
0.874652
0.895661
0.894877
0.893452
0.893865
0.895548
0.898393
0.902006
0.908356
0.914059
0.916596
0.919547
0.92327
0.927597
0.931535
0.935446
0.939908
0.944649
0.939701
1.15005
0.748004
0.596102
0.693898
0.753551
0.778981
0.799572
0.809889
0.824118
0.829622
0.823829
0.812676
0.790089
0.745381
0.667809
0.643365
0.665272
0.696211
0.709811
0.710023
0.713003
0.717644
0.723212
0.730073
0.735587
0.740966
0.746518
0.752301
0.75831
0.764571
0.77097
0.777449
0.783752
0.789763
0.795501
0.800687
0.805943
0.810757
0.815693
0.820818
0.826156
0.831739
0.837657
0.843996
0.850857
0.858225
0.866001
0.874114
0.882223
0.89038
0.898802
0.907296
0.916158
0.92525
0.9348
0.944973
0.955654
0.96519
0.970968
0.978324
0.985703
0.992389
0.999278
1.00648
1.01379
1.02162
1.02887
1.0359
1.04319
1.0508
1.05967
1.0637
1.06047
1.05627
1.05589
1.05031
1.02219
0.978911
0.923489
0.856076
0.843872
0.864066
0.871999
0.884032
0.899017
0.90077
0.89967
0.901242
0.904021
0.908104
0.913108
0.918241
0.923099
0.927775
0.932293
0.935748
0.939489
0.943903
0.949699
0.9449
1.33644
1.05408
0.629021
0.642484
0.732848
0.76199
0.79604
0.807563
0.82331
0.821273
0.813146
0.790126
0.73957
0.661097
0.635331
0.656825
0.686088
0.703686
0.70354
0.705726
0.709878
0.715419
0.721962
0.728872
0.734639
0.740478
0.746438
0.752562
0.758895
0.765435
0.772137
0.77897
0.78575
0.792426
0.799158
0.8056
0.811877
0.817318
0.822169
0.827182
0.832404
0.837826
0.843446
0.849372
0.855646
0.862214
0.868962
0.875819
0.882819
0.890108
0.89778
0.905804
0.914359
0.92326
0.932833
0.943196
0.953963
0.961429
0.967598
0.973323
0.979801
0.986598
0.993772
1.00032
1.00758
1.0139
1.02055
1.02582
1.03044
1.03599
1.04135
1.04676
1.05215
1.06031
1.05654
1.05396
1.04639
1.02412
0.99625
0.953413
0.89752
0.830044
0.840988
0.863582
0.872166
0.887644
0.900953
0.900916
0.901133
0.904047
0.908577
0.914246
0.920327
0.927368
0.932574
0.936205
0.940259
0.944759
0.950941
0.946429
1.39283
1.30359
0.924965
0.62376
0.673306
0.762256
0.781855
0.807364
0.81448
0.808131
0.786877
0.736516
0.654332
0.631856
0.652842
0.682209
0.700178
0.700443
0.702261
0.706147
0.711868
0.718194
0.724893
0.731298
0.737753
0.74411
0.750382
0.756736
0.763172
0.769671
0.776286
0.782986
0.789765
0.796565
0.803382
0.810136
0.816449
0.822813
0.827676
0.83245
0.837458
0.842637
0.847972
0.853525
0.859307
0.865168
0.870737
0.876371
0.882317
0.888621
0.895274
0.902456
0.910078
0.918287
0.927104
0.937108
0.945619
0.95251
0.958286
0.964288
0.970369
0.976674
0.982329
0.988657
0.994472
1.00039
1.00599
1.01139
1.01523
1.0193
1.02329
1.02746
1.03265
1.03494
1.0407
1.04171
1.03642
1.03311
1.02366
0.995968
0.956893
0.911583
0.837282
0.813648
0.831923
0.849396
0.868134
0.892571
0.896571
0.897983
0.901414
0.906262
0.912024
0.919007
0.927931
0.932974
0.937323
0.9421
0.949114
0.945301
1.40414
1.38191
1.23891
0.824076
0.605829
0.688039
0.767294
0.80009
0.797346
0.777991
0.726069
0.643083
0.629676
0.649778
0.680596
0.695115
0.69639
0.698615
0.70263
0.70822
0.714525
0.720387
0.726461
0.73285
0.739431
0.74588
0.752267
0.758703
0.76518
0.77164
0.778232
0.784953
0.791745
0.79856
0.805353
0.812233
0.818901
0.825589
0.831458
0.835913
0.840543
0.845512
0.85071
0.856212
0.861458
0.866096
0.870746
0.875642
0.880723
0.886087
0.891914
0.898181
0.905024
0.912414
0.920564
0.929815
0.936771
0.942897
0.948228
0.95367
0.958534
0.963564
0.96816
0.972869
0.977353
0.981192
0.98498
0.987809
0.989986
0.991594
0.99365
0.995546
0.997331
0.999586
1.00335
1.0067
1.00607
1.00068
0.995034
0.988217
0.97471
0.952405
0.904056
0.84976
0.792056
0.804299
0.827848
0.844945
0.866514
0.880914
0.885109
0.889202
0.894804
0.90168
0.911054
0.921758
0.926986
0.933034
0.942408
0.939803
1.40733
1.40168
1.35304
1.11629
0.686808
0.627347
0.718006
0.77368
0.764544
0.709739
0.616415
0.62576
0.645175
0.676855
0.692494
0.6922
0.693307
0.696592
0.701698
0.708389
0.715259
0.721146
0.727291
0.733589
0.740041
0.746692
0.75352
0.760456
0.767493
0.774239
0.780878
0.787367
0.793742
0.800125
0.806561
0.81314
0.819693
0.826262
0.832501
0.836906
0.84129
0.84597
0.850938
0.856187
0.861305
0.864379
0.867472
0.870852
0.874492
0.878431
0.882663
0.88728
0.892353
0.898032
0.904395
0.911103
0.915633
0.91949
0.923415
0.927198
0.931175
0.934342
0.93745
0.939849
0.942417
0.943954
0.94546
0.947118
0.947165
0.947159
0.94719
0.947686
0.948937
0.951471
0.956205
0.958648
0.959877
0.961144
0.964443
0.962679
0.956842
0.948942
0.931021
0.902151
0.860984
0.781845
0.782427
0.799471
0.819495
0.833764
0.852667
0.864134
0.870118
0.877182
0.88629
0.896986
0.905968
0.91524
0.927781
0.926743
1.40814
1.40637
1.39579
1.31718
1.00734
0.634382
0.64342
0.695016
0.678545
0.598603
0.623877
0.642491
0.67724
0.692225
0.690726
0.692787
0.696442
0.701109
0.706448
0.71208
0.717661
0.723793
0.730733
0.737461
0.743728
0.750102
0.756594
0.763106
0.769493
0.77584
0.781899
0.787853
0.793569
0.799102
0.804654
0.810258
0.815847
0.821189
0.826274
0.829391
0.832223
0.835331
0.838769
0.842414
0.846725
0.84813
0.848407
0.849104
0.850102
0.851324
0.85292
0.854931
0.857546
0.860868
0.865038
0.868033
0.87034
0.872708
0.874967
0.877257
0.879572
0.881906
0.88389
0.88606
0.888261
0.890522
0.893155
0.896234
0.898683
0.900708
0.902723
0.905644
0.909768
0.915538
0.922826
0.926989
0.930342
0.933929
0.938511
0.946255
0.945996
0.943918
0.940088
0.930804
0.916172
0.870478
0.812877
0.768712
0.778601
0.799691
0.809265
0.824506
0.842907
0.850309
0.857424
0.865298
0.874675
0.886056
0.897104
0.901852
1.40839
1.40866
1.40687
1.39208
1.30175
0.935292
0.635779
0.55936
0.499511
0.570518
0.58856
0.629437
0.646731
0.652538
0.658596
0.665744
0.673502
0.681689
0.690365
0.697487
0.70387
0.710492
0.717392
0.723856
0.72975
0.735598
0.741598
0.747281
0.752648
0.757529
0.762318
0.766652
0.770253
0.773362
0.776279
0.779276
0.782043
0.78486
0.787025
0.787768
0.788527
0.78962
0.791136
0.793081
0.795916
0.796577
0.796196
0.796517
0.797437
0.798786
0.800572
0.802966
0.806104
0.81007
0.814028
0.81679
0.819777
0.823193
0.826845
0.830548
0.834439
0.838241
0.842016
0.84603
0.850132
0.854308
0.858873
0.8642
0.869049
0.87297
0.876904
0.881703
0.887616
0.894805
0.902654
0.909352
0.914451
0.919973
0.92549
0.931529
0.9382
0.946017
0.945102
0.942878
0.938922
0.924108
0.89251
0.84127
0.770769
0.773021
0.792147
0.805458
0.81887
0.833846
0.84347
0.851412
0.862184
0.864375
0.865758
0.871633
1.40843
1.40831
1.40748
1.40091
1.36031
1.16851
0.737174
0.415091
0.431066
0.469174
0.53362
0.557387
0.566165
0.57679
0.589089
0.599575
0.608966
0.618624
0.628761
0.639459
0.64883
0.657461
0.664919
0.671058
0.676219
0.680806
0.685159
0.689442
0.693787
0.69819
0.702456
0.706433
0.710011
0.713245
0.716498
0.719843
0.723312
0.72689
0.730311
0.733143
0.736085
0.739425
0.743202
0.747365
0.752217
0.755752
0.757332
0.75935
0.761974
0.76499
0.768339
0.77216
0.77638
0.781127
0.785225
0.788724
0.792467
0.796559
0.801002
0.805595
0.810345
0.815204
0.820054
0.825304
0.830768
0.836043
0.841917
0.849228
0.854577
0.859987
0.865856
0.871856
0.878194
0.885147
0.893027
0.901963
0.908094
0.913992
0.920274
0.927039
0.933945
0.94154
0.948022
0.955629
0.954423
0.950844
0.938127
0.914535
0.867351
0.781676
0.78078
0.794807
0.813027
0.820933
0.831066
0.84331
0.84989
0.848167
0.844535
0.845647
1.40844
1.40837
1.40772
1.40217
1.35686
1.13572
0.755726
0.4178
0.486525
0.543813
0.540226
0.536175
0.537908
0.543208
0.552356
0.563002
0.568868
0.57523
0.581897
0.588971
0.596328
0.603311
0.609918
0.616653
0.622753
0.62833
0.633876
0.639564
0.645385
0.651333
0.657469
0.66346
0.669358
0.674906
0.680308
0.685804
0.69138
0.696959
0.702504
0.707576
0.712684
0.717991
0.723469
0.729072
0.735117
0.740002
0.74287
0.745997
0.749607
0.753621
0.757905
0.762435
0.767227
0.771733
0.775449
0.779187
0.783189
0.787417
0.791777
0.796302
0.801189
0.806388
0.811707
0.817483
0.823271
0.829316
0.835973
0.843014
0.84948
0.85602
0.862503
0.869089
0.876123
0.883708
0.892459
0.901057
0.907767
0.914006
0.920618
0.92754
0.934667
0.94241
0.950731
0.961187
0.966047
0.968732
0.965397
0.956263
0.936149
0.883221
0.816918
0.78755
0.799971
0.820802
0.825264
0.836951
0.835739
0.832942
0.812621
0.816959
1.40844
1.40839
1.40788
1.40348
1.36381
1.15954
0.785851
0.438441
0.52213
0.557816
0.555964
0.552943
0.556628
0.56039
0.56254
0.565335
0.568709
0.572849
0.57795
0.584191
0.590858
0.597888
0.604387
0.610056
0.615674
0.621475
0.627386
0.633535
0.640092
0.647003
0.653717
0.659881
0.665546
0.671025
0.676534
0.682186
0.688034
0.694042
0.700216
0.70616
0.711913
0.717674
0.72345
0.729198
0.735269
0.740165
0.74372
0.747476
0.751676
0.756228
0.761052
0.766226
0.771296
0.775048
0.778595
0.782293
0.786177
0.790317
0.794552
0.799021
0.80409
0.809361
0.814912
0.821144
0.827363
0.833906
0.841128
0.848275
0.855708
0.862448
0.869205
0.876414
0.884109
0.892379
0.901337
0.910261
0.917565
0.924343
0.931402
0.938641
0.946268
0.954063
0.962131
0.970641
0.980043
0.990722
0.989877
0.984912
0.975865
0.963993
0.915725
0.831932
0.795019
0.809173
0.832835
0.832614
0.825979
0.813576
0.758513
0.780818
1.40844
1.40839
1.40786
1.40313
1.3611
1.14913
0.774442
0.441709
0.531394
0.57059
0.571488
0.57256
0.575176
0.578246
0.580079
0.582265
0.585143
0.58878
0.593227
0.59825
0.603662
0.609218
0.614706
0.62027
0.626001
0.631983
0.638317
0.644995
0.651903
0.658646
0.665089
0.671232
0.677246
0.683236
0.689294
0.695498
0.701843
0.708326
0.714557
0.720322
0.726018
0.731792
0.737661
0.743627
0.749842
0.755461
0.759753
0.764128
0.768729
0.773482
0.778323
0.783469
0.787391
0.790648
0.79408
0.797784
0.801683
0.805778
0.810013
0.814554
0.819493
0.824601
0.830074
0.83589
0.841885
0.848178
0.85481
0.861869
0.868897
0.875641
0.88251
0.889678
0.897176
0.905027
0.913368
0.922183
0.929434
0.935662
0.942026
0.948823
0.956077
0.963396
0.97121
0.979244
0.98764
0.996335
1.00704
1.00526
1.00099
0.993302
0.975587
0.924999
0.849043
0.81518
0.821594
0.816746
0.8052
0.77555
0.712331
0.748989
1.40844
1.40839
1.40788
1.40333
1.3634
1.15742
0.783407
0.438301
0.525503
0.561258
0.562231
0.564223
0.570573
0.57817
0.5821
0.586194
0.590636
0.595478
0.600904
0.606671
0.61255
0.618643
0.624696
0.630853
0.637292
0.644098
0.651155
0.657932
0.664374
0.670617
0.676767
0.682927
0.689202
0.69562
0.702126
0.708495
0.714691
0.720639
0.726238
0.731669
0.737162
0.742796
0.7486
0.754583
0.760833
0.76672
0.771102
0.775349
0.77972
0.784201
0.78868
0.793375
0.796749
0.799804
0.803066
0.806628
0.810383
0.814326
0.818399
0.82275
0.827453
0.832363
0.837565
0.843124
0.848945
0.854974
0.86137
0.868201
0.875229
0.881802
0.88842
0.895219
0.902462
0.910132
0.918359
0.927113
0.934184
0.940086
0.946141
0.952843
0.959858
0.967222
0.974838
0.982595
0.990653
0.998706
1.00696
1.01818
1.0161
1.01215
1.0064
0.988633
0.933373
0.86949
0.813013
0.763425
0.739579
0.695623
0.701549
0.721469
1.40844
1.40839
1.40786
1.40313
1.36166
1.15091
0.777651
0.448389
0.542524
0.576532
0.575368
0.576854
0.581763
0.585591
0.58846
0.591746
0.595796
0.600516
0.605698
0.610935
0.616322
0.621984
0.627768
0.633785
0.640135
0.646803
0.65361
0.660209
0.666589
0.672889
0.679224
0.685659
0.69219
0.698657
0.704933
0.711047
0.717004
0.722772
0.728413
0.733963
0.739554
0.745266
0.751119
0.757091
0.763275
0.768997
0.77332
0.777528
0.781871
0.786357
0.790854
0.795542
0.798859
0.801905
0.805182
0.80873
0.812432
0.816259
0.820231
0.8245
0.829089
0.83391
0.839014
0.844448
0.850195
0.856208
0.862563
0.869339
0.87642
0.882987
0.88966
0.896467
0.903697
0.911313
0.919389
0.928038
0.935348
0.941337
0.947465
0.954137
0.961176
0.968419
0.976307
0.983664
0.992065
0.998856
1.00634
1.01566
1.02602
1.0217
1.01653
1.0033
0.978966
0.91058
0.827565
0.748472
0.66175
0.672645
0.700127
0.703358
)
;

boundaryField
{
    inlet
    {
        type            calculated;
        value           uniform 1.40845;
    }
    outlet
    {
        type            calculated;
        value           nonuniform List<scalar> 
40
(
0.619966
0.677984
0.738103
0.777563
0.804517
0.823485
0.835959
0.844123
0.849633
0.853233
0.856249
0.861491
0.869256
0.875551
0.880341
0.883737
0.887335
0.891799
0.8968
0.901146
0.905609
0.91005
0.914989
0.920227
0.926281
0.932745
0.939701
0.9449
0.946429
0.945301
0.939803
0.926743
0.901852
0.871633
0.845647
0.816959
0.780818
0.748989
0.721469
0.703358
)
;
    }
    bottom
    {
        type            symmetryPlane;
    }
    top
    {
        type            symmetryPlane;
    }
    obstacle
    {
        type            calculated;
        value           nonuniform List<scalar> 
110
(
0.554568
0.555549
0.558119
0.56076
0.564454
0.56893
0.57503
0.585123
0.60088
0.641189
0.649838
0.578266
0.520498
0.529586
0.534996
0.525185
0.517195
0.515007
0.557004
0.57428
0.576828
0.57511
0.573954
0.572788
0.567024
0.582434
0.599979
0.608561
0.610121
0.610369
0.607865
0.6066
0.606458
0.606523
0.606057
0.607141
0.609246
0.610156
0.61105
0.611596
0.61245
0.61409
0.613128
0.612942
0.609906
0.598185
0.58878
0.580863
0.568364
0.559843
0.553236
0.54786
0.540124
0.533792
0.527912
0.524043
0.522711
0.521936
0.519874
0.519723
0.51484
0.51775
0.519879
0.522516
0.525235
0.527741
0.530519
0.533361
0.53634
0.539012
0.541673
0.544455
0.547212
0.549846
0.552388
0.554924
0.557387
0.559902
0.562343
0.564729
0.567058
0.569415
0.571817
0.574263
0.576709
0.57898
0.581232
0.583417
0.585621
0.587814
0.590046
0.592214
0.594415
0.596482
0.59858
0.600513
0.602468
0.604228
0.606
0.607591
0.609199
0.610668
0.612175
0.613598
0.615125
0.616754
0.618464
0.621226
0.621436
0.619966
)
;
    }
    defaultFaces
    {
        type            empty;
    }
}


// ************************************************************************* //
