/*--------------------------------*- C++ -*----------------------------------*\
| =========                 |                                                 |
| \\      /  F ield         | OpenFOAM: The Open Source CFD Toolbox           |
|  \\    /   O peration     | Version:  v2106                                 |
|   \\  /    A nd           | Website:  www.openfoam.com                      |
|    \\/     M anipulation  |                                                 |
\*---------------------------------------------------------------------------*/
FoamFile
{
    version     2.0;
    format      ascii;
    arch        "LSB;label=32;scalar=64";
    class       volScalarField;
    location    "13";
    object      rho;
}
// * * * * * * * * * * * * * * * * * * * * * * * * * * * * * * * * * * * * * //

dimensions      [1 -3 0 0 0 0 0];

internalField   nonuniform List<scalar> 
5250
(
1.40845
1.40845
1.40845
1.40845
1.40845
1.40845
1.40845
1.40845
1.40845
1.40835
1.40821
1.40245
1.39989
1.5866
2.08957
5.60183
6.39378
6.16239
6.22574
6.38183
6.42224
6.49406
6.56202
6.62861
6.71179
1.40845
1.40845
1.40845
1.40845
1.40845
1.40845
1.40845
1.40845
1.40845
1.40836
1.40822
1.40263
1.39959
1.5809
2.07124
5.54786
6.42523
6.16576
6.23112
6.38813
6.42791
6.49784
6.56668
6.63129
6.71508
1.40845
1.40845
1.40845
1.40845
1.40845
1.40845
1.40845
1.40845
1.40845
1.40835
1.40828
1.40264
1.40065
1.56962
2.0283
5.40531
6.48472
6.16105
6.23358
6.39799
6.43071
6.49528
6.5564
6.61901
6.69898
1.40845
1.40845
1.40845
1.40845
1.40845
1.40845
1.40845
1.40845
1.40845
1.4084
1.40809
1.40444
1.39921
1.54919
1.96913
5.18668
6.60965
6.17187
6.26188
6.41586
6.43425
6.48543
6.54581
6.59604
6.67343
1.40845
1.40845
1.40845
1.40845
1.40845
1.40845
1.40845
1.40845
1.40845
1.40841
1.40811
1.40553
1.39501
1.522
1.96113
4.88684
6.83974
6.22677
6.32689
6.44391
6.44308
6.47462
6.51095
6.55883
6.63176
1.40845
1.40845
1.40845
1.40845
1.40845
1.40845
1.40845
1.40845
1.40845
1.40842
1.40815
1.40629
1.39515
1.49344
1.99006
4.49875
7.22988
6.34258
6.43777
6.53238
6.48065
6.46808
6.49783
6.50957
6.5725
1.40845
1.40845
1.40845
1.40845
1.40845
1.40845
1.40845
1.40845
1.40845
1.40843
1.40817
1.40719
1.39527
1.46321
1.97181
3.906
7.64238
6.56714
6.67177
6.70606
6.56437
6.4598
6.44771
6.44763
6.49656
1.40845
1.40845
1.40845
1.40845
1.40845
1.40845
1.40845
1.40845
1.40845
1.40844
1.4083
1.40733
1.39571
1.4399
1.85408
3.24724
7.44227
6.49697
6.62773
6.80672
6.68234
6.52479
6.39654
6.38271
6.37802
1.40845
1.40845
1.40845
1.40845
1.40845
1.40845
1.40845
1.40845
1.40845
1.40844
1.40836
1.40753
1.39689
1.42402
1.76648
2.72727
6.77654
6.40461
6.50917
6.70248
6.68384
6.57579
6.36055
6.21946
6.22198
1.40845
1.40845
1.40845
1.40845
1.40845
1.40845
1.40845
1.40845
1.40845
1.40845
1.4083
1.40806
1.39933
1.41251
1.68038
2.39998
6.15951
6.1313
6.28937
6.51918
6.59933
6.50214
6.28992
6.17728
5.97713
1.40845
1.40845
1.40845
1.40845
1.40845
1.40845
1.40845
1.40845
1.40845
1.40845
1.40833
1.40829
1.40088
1.40629
1.60466
2.13278
5.59806
5.97587
6.02758
6.15225
6.36106
6.42628
6.17205
5.99711
4.92558
1.40845
1.40845
1.40845
1.40845
1.40845
1.40845
1.40845
1.40845
1.40845
1.40844
1.40841
1.40794
1.40574
1.40053
1.53589
1.90728
4.84161
6.13707
5.97255
5.91583
6.02669
6.14891
5.89331
5.62875
5.12121
1.40845
1.40845
1.40845
1.40845
1.40845
1.40845
1.40845
1.40845
1.40845
1.40845
1.40842
1.40816
1.40708
1.39226
1.47228
1.82414
4.00836
6.38032
5.91191
5.79906
5.77305
5.83125
5.72375
5.40127
5.19855
1.40845
1.40845
1.40845
1.40845
1.40845
1.40845
1.40845
1.40845
1.40845
1.40845
1.40842
1.40848
1.40663
1.39519
1.43111
1.80242
3.08956
6.49768
5.93324
5.76111
5.67855
5.63185
5.52136
5.29195
5.12953
1.40845
1.40845
1.40845
1.40845
1.40845
1.40845
1.40845
1.40845
1.40845
1.40845
1.40845
1.4083
1.40802
1.39909
1.41305
1.69916
2.49024
6.00766
5.95451
5.76086
5.62709
5.51688
5.36702
5.15133
4.96653
1.40845
1.40845
1.40845
1.40845
1.40845
1.40845
1.40845
1.40845
1.40845
1.40845
1.40845
1.40835
1.40826
1.40224
1.40254
1.56908
2.03487
5.02046
5.99872
5.80576
5.59606
5.4158
5.22973
5.01946
4.79085
1.40845
1.40845
1.40845
1.40845
1.40845
1.40845
1.40845
1.40845
1.40845
1.40845
1.40845
1.40842
1.40819
1.40605
1.39654
1.48236
1.69723
3.90147
5.91616
5.84213
5.61375
5.37976
5.16853
4.95016
4.69938
1.40845
1.40845
1.40845
1.40845
1.40845
1.40845
1.40845
1.40845
1.40845
1.40845
1.40844
1.40846
1.40815
1.40815
1.39317
1.4454
1.74594
2.8
5.66186
5.72955
5.57556
5.38639
5.16712
4.93253
4.67252
1.40845
1.40845
1.40845
1.40845
1.40845
1.40845
1.40845
1.40845
1.40845
1.40845
1.40845
1.40844
1.40837
1.40795
1.40264
1.40572
1.63065
2.19434
4.9402
5.6779
5.63237
5.40602
5.1715
4.92405
4.66437
1.40845
1.40845
1.40845
1.40845
1.40845
1.40845
1.40845
1.40845
1.40845
1.40845
1.40845
1.40843
1.40865
1.40732
1.41059
1.36923
1.52237
1.7587
3.81003
5.6265
5.63983
5.43028
5.20224
4.95611
4.6877
1.40845
1.40845
1.40845
1.40845
1.40845
1.40845
1.40845
1.40845
1.40845
1.40845
1.40845
1.40845
1.40844
1.40831
1.40774
1.39945
1.42133
1.66702
2.62894
5.24764
5.41638
5.39735
5.20701
4.98103
4.72464
1.40845
1.40845
1.40845
1.40845
1.40845
1.40845
1.40845
1.40845
1.40845
1.40845
1.40845
1.40845
1.40843
1.40876
1.40634
1.41325
1.34316
1.60739
2.05487
4.29696
5.46827
5.46665
5.27364
5.04154
4.78615
1.40845
1.40845
1.40845
1.40845
1.40845
1.40845
1.40845
1.40845
1.40845
1.40845
1.40845
1.40845
1.40845
1.40843
1.40824
1.40706
1.39861
1.44913
1.56367
3.10907
5.23243
5.30968
5.21739
5.04081
4.82011
1.40845
1.40845
1.40845
1.40845
1.40845
1.40845
1.40845
1.40845
1.40845
1.40845
1.40845
1.40845
1.40845
1.40842
1.40888
1.40552
1.41906
1.32257
1.54667
2.19464
4.48206
5.21532
5.2499
5.08224
4.87616
1.40845
1.40845
1.40845
1.40845
1.40845
1.40845
1.40845
1.40845
1.40845
1.40845
1.40845
1.40845
1.40845
1.40845
1.40843
1.40814
1.40705
1.39702
1.48215
1.6307
3.28915
5.0584
5.12079
5.02721
4.87283
1.40845
1.40845
1.40845
1.40845
1.40845
1.40845
1.40845
1.40845
1.40845
1.40845
1.40845
1.40845
1.40845
1.40844
1.40847
1.40808
1.40721
1.43648
1.30983
1.50008
2.23973
4.39669
4.99677
5.04361
4.88905
1.40845
1.40845
1.40845
1.40845
1.40845
1.40845
1.40845
1.40845
1.40845
1.40845
1.40845
1.40845
1.40845
1.40845
1.40845
1.40842
1.40818
1.40716
1.39645
1.50654
1.67961
3.272
4.87759
4.93658
4.84773
1.40845
1.40845
1.40845
1.40845
1.40845
1.40845
1.40845
1.40845
1.40845
1.40845
1.40845
1.40845
1.40845
1.40845
1.40844
1.40846
1.40805
1.4058
1.43732
1.29913
1.45325
2.20187
4.20629
4.79934
4.85447
1.40845
1.40845
1.40845
1.40845
1.40845
1.40845
1.40845
1.40845
1.40845
1.40845
1.40845
1.40845
1.40845
1.40845
1.40845
1.40845
1.40842
1.40822
1.40714
1.39777
1.50642
1.65968
3.13016
4.6733
4.73213
1.40845
1.40845
1.40845
1.40845
1.40845
1.40845
1.40845
1.40845
1.40845
1.40845
1.40845
1.40845
1.40845
1.40845
1.40845
1.40845
1.40846
1.40816
1.40639
1.43295
1.29842
1.43611
2.05287
3.9074
4.64446
1.40845
1.40845
1.40845
1.40845
1.40845
1.40845
1.40845
1.40845
1.40845
1.40845
1.40845
1.40845
1.40845
1.40845
1.40845
1.40845
1.40844
1.40845
1.4081
1.40797
1.39257
1.47569
1.57285
2.88642
4.45707
1.40845
1.40845
1.40845
1.40845
1.40845
1.40845
1.40845
1.40845
1.40845
1.40845
1.40845
1.40845
1.40845
1.40845
1.40845
1.40845
1.40846
1.40842
1.40859
1.40725
1.41448
1.34209
1.46219
1.92904
3.59664
1.40845
1.40845
1.40845
1.40845
1.40845
1.40845
1.40845
1.40845
1.40845
1.40845
1.40845
1.40845
1.40845
1.40845
1.40845
1.40845
1.40845
1.40844
1.40846
1.40814
1.40816
1.39531
1.43951
1.50436
2.55175
1.40845
1.40845
1.40845
1.40845
1.40845
1.40845
1.40845
1.40845
1.40845
1.40845
1.40845
1.40845
1.40845
1.40845
1.40845
1.40845
1.40845
1.40845
1.40844
1.40848
1.40774
1.40979
1.36803
1.49502
1.75544
1.40845
1.40845
1.40845
1.40845
1.40845
1.40845
1.40845
1.40845
1.40845
1.40845
1.40845
1.40845
1.40845
1.40845
1.40845
1.40845
1.40845
1.40845
1.40845
1.40843
1.40836
1.40761
1.40231
1.42004
1.59374
1.40845
1.40845
1.40845
1.40845
1.40845
1.40845
1.40845
1.40845
1.40845
1.40845
1.40845
1.40845
1.40845
1.40845
1.40845
1.40845
1.40845
1.40845
1.40845
1.40845
1.40842
1.40825
1.40795
1.38838
1.46222
1.40845
1.40845
1.40845
1.40845
1.40845
1.40845
1.40845
1.40845
1.40845
1.40845
1.40845
1.40845
1.40845
1.40845
1.40845
1.40845
1.40845
1.40845
1.40845
1.40845
1.40848
1.40934
1.39963
1.40879
1.35731
1.40845
1.40845
1.40845
1.40845
1.40845
1.40845
1.40845
1.40845
1.40845
1.40845
1.40845
1.40845
1.40845
1.40845
1.40845
1.40845
1.40845
1.40845
1.40845
1.40845
1.40844
1.40848
1.40806
1.40833
1.39688
1.40845
1.40845
1.40845
1.40845
1.40845
1.40845
1.40845
1.40845
1.40845
1.40845
1.40845
1.40845
1.40845
1.40845
1.40845
1.40845
1.40845
1.40845
1.40845
1.40845
1.40845
1.40846
1.40827
1.40786
1.40785
1.40845
1.40845
1.40845
1.40845
1.40845
1.40845
1.40845
1.40845
1.40845
1.40845
1.40845
1.40845
1.40845
1.40845
1.40845
1.40845
1.40845
1.40845
1.40845
1.40845
1.40845
1.40845
1.40843
1.40851
1.40741
1.40845
1.40845
1.40845
1.40845
1.40845
1.40845
1.40845
1.40845
1.40845
1.40845
1.40845
1.40845
1.40845
1.40845
1.40845
1.40845
1.40845
1.40845
1.40845
1.40845
1.40845
1.40845
1.40845
1.40843
1.40837
1.40845
1.40845
1.40845
1.40845
1.40845
1.40845
1.40845
1.40845
1.40845
1.40845
1.40845
1.40845
1.40845
1.40845
1.40845
1.40845
1.40845
1.40845
1.40845
1.40845
1.40845
1.40845
1.40845
1.40847
1.40833
1.40845
1.40845
1.40845
1.40845
1.40845
1.40845
1.40845
1.40845
1.40845
1.40845
1.40845
1.40845
1.40845
1.40845
1.40845
1.40845
1.40845
1.40845
1.40845
1.40845
1.40845
1.40845
1.40845
1.40845
1.40844
1.40845
1.40845
1.40845
1.40845
1.40845
1.40845
1.40845
1.40845
1.40845
1.40845
1.40845
1.40845
1.40845
1.40845
1.40845
1.40845
1.40845
1.40845
1.40845
1.40845
1.40845
1.40845
1.40845
1.40845
1.40845
1.40845
1.40845
1.40845
1.40845
1.40845
1.40845
1.40845
1.40845
1.40845
1.40845
1.40845
1.40845
1.40845
1.40845
1.40845
1.40845
1.40845
1.40845
1.40845
1.40845
1.40845
1.40845
1.40845
1.40845
1.40845
1.40845
1.40845
1.40845
1.40845
1.40845
1.40845
1.40845
1.40845
1.40845
1.40845
1.40845
1.40845
1.40845
1.40845
1.40845
1.40845
1.40845
1.40845
1.40845
1.40845
1.40845
1.40845
1.40845
1.40845
1.40845
1.40845
1.40845
1.40845
1.40845
1.40845
1.40845
1.40845
1.40845
1.40845
1.40845
1.40845
1.40845
1.40845
1.40845
1.40845
1.40845
1.40845
1.40845
1.40845
1.40845
1.40845
1.40845
1.40845
1.40845
1.40845
1.40845
1.40845
1.40845
1.40845
1.40845
1.40845
1.40845
1.40845
1.40845
1.40845
1.40845
1.40845
1.40845
1.40845
1.40845
1.40845
1.40845
1.40845
1.40845
1.40845
1.40845
1.40845
1.40845
1.40845
1.40845
1.40845
1.40845
1.40845
1.40845
1.40845
1.40845
1.40845
1.40845
1.40845
1.40845
1.40845
1.40845
1.40845
1.40845
1.40845
1.40845
1.40845
1.40845
1.40845
1.40845
1.40845
1.40845
1.40845
1.40845
1.40845
1.40845
1.40845
1.40845
1.40845
1.40845
1.40845
1.40845
1.40845
1.40845
1.40845
1.40845
1.40845
1.40845
1.40845
1.40845
1.40845
1.40845
1.40845
1.40845
1.40845
1.40845
1.40845
1.40845
1.40845
1.40845
1.74562
1.77026
2.02546
1.74836
1.8966
1.8688
1.73882
1.50158
1.43555
1.41651
1.42671
1.43478
1.43516
1.42312
1.35018
1.2825
1.25095
1.24525
1.25148
1.25929
1.26409
1.26592
1.26603
1.26545
1.2602
1.25707
1.25616
1.25661
1.25653
1.25881
1.265
1.2874
1.31297
1.36091
1.43318
1.49429
1.55861
1.63591
1.72468
1.79277
1.86315
1.94883
2.03011
2.10936
2.19361
2.25772
2.31168
2.37172
2.4195
2.45444
2.47158
2.51184
2.53133
2.55418
2.57103
2.58165
2.58903
2.59444
2.59545
2.59055
2.58319
2.57473
2.56449
2.55192
2.53756
2.52203
2.50546
2.48848
2.47077
2.45213
2.43271
2.41298
2.39325
2.37349
2.35373
2.3335
2.31363
2.29378
2.27441
2.25531
2.2367
2.21821
2.20021
2.18207
2.16444
2.14654
2.12912
2.1114
2.09424
2.07695
2.06034
2.04379
2.02805
2.01243
1.99783
1.98308
1.96858
1.95604
1.93549
1.91849
2.69015
2.36221
2.05552
1.7499
1.89483
1.90793
1.76719
1.38901
1.24446
1.20982
1.23783
1.25629
1.25427
1.21686
1.15133
1.11819
1.09166
1.08067
1.08357
1.08899
1.09244
1.09457
1.09407
1.09467
1.09009
1.08806
1.08327
1.08126
1.08021
1.0834
1.08983
1.11067
1.13378
1.16607
1.22624
1.2776
1.33242
1.40489
1.50468
1.59583
1.68043
1.7664
1.86481
1.94109
2.04086
2.12385
2.18971
2.26782
2.35319
2.4111
2.47688
2.53561
2.57921
2.62567
2.6685
2.69755
2.72159
2.74393
2.7655
2.77537
2.77428
2.77103
2.76707
2.76242
2.75456
2.74255
2.72883
2.71448
2.69902
2.68166
2.66181
2.64084
2.61954
2.59809
2.57677
2.55524
2.53401
2.51237
2.49107
2.46981
2.44897
2.42829
2.40816
2.38816
2.36868
2.3495
2.33085
2.31251
2.29483
2.27719
2.26017
2.24274
2.22567
2.20841
2.19166
2.17469
2.15751
2.14224
2.1172
2.09559
3.6342
2.91592
2.44507
2.04442
1.96511
1.9164
1.72016
1.36712
1.1862
1.16844
1.18631
1.21951
1.23659
1.21161
1.15976
1.05833
1.00284
0.989702
0.98985
1.01174
1.01657
1.02033
1.01831
1.01778
1.01016
1.00841
1.00506
1.00931
1.00651
1.00949
1.00978
1.0262
1.04366
1.07519
1.13676
1.2039
1.26933
1.31873
1.39115
1.47692
1.55385
1.64913
1.76955
1.89973
2.05381
2.18342
2.30085
2.40538
2.51676
2.62053
2.70656
2.78973
2.84544
2.89748
2.94286
2.9739
2.99838
3.0197
3.03901
3.05342
3.05444
3.04886
3.04172
3.03266
3.02162
3.00882
2.9932
2.97524
2.9563
2.93682
2.9162
2.89332
2.8697
2.84541
2.82
2.79432
2.76916
2.74407
2.71936
2.69487
2.67079
2.64706
2.62402
2.60135
2.57935
2.55764
2.53653
2.51567
2.49553
2.47571
2.45655
2.4376
2.41871
2.40055
2.3826
2.36455
2.34628
2.32984
2.30298
2.27843
4.22862
3.44629
2.88621
2.39252
2.15466
2.0272
1.88862
1.6394
1.41628
1.27614
1.22706
1.22672
1.23197
1.21053
1.1423
1.03156
0.985611
0.974872
0.975457
0.992232
0.99753
1.01023
1.03006
1.02878
1.0188
1.01768
1.00391
1.00398
0.997826
1.00354
1.00504
1.02525
1.03962
1.05102
1.0774
1.12349
1.18685
1.26384
1.38203
1.53395
1.68113
1.81782
1.96268
2.11936
2.26593
2.42306
2.57042
2.67287
2.76995
2.88901
2.95565
3.0176
3.07704
3.12799
3.1717
3.19814
3.21685
3.22937
3.23995
3.24828
3.24614
3.23712
3.22629
3.21407
3.20065
3.18376
3.16481
3.14449
3.12322
3.10122
3.07842
3.05372
3.02806
3.00202
2.97544
2.94849
2.92174
2.89497
2.86813
2.84128
2.81466
2.78831
2.76276
2.73816
2.71451
2.69176
2.66973
2.64798
2.6268
2.6063
2.58621
2.56652
2.54678
2.52789
2.509
2.48999
2.47072
2.45229
2.42482
2.39699
4.44302
3.75922
3.24902
2.80699
2.52032
2.27048
2.10912
1.87577
1.57626
1.42025
1.36447
1.34219
1.29744
1.27348
1.23686
1.16736
1.09513
1.04223
1.01269
1.0062
1.00689
1.01532
1.01526
1.0171
1.01294
1.01001
0.998448
1.00547
1.00259
1.00804
1.00907
1.01211
1.01953
1.03918
1.0855
1.16383
1.2576
1.37251
1.5151
1.67033
1.83618
1.99723
2.16199
2.32091
2.47199
2.61576
2.75315
2.84901
2.95633
3.07024
3.12142
3.18185
3.24182
3.28068
3.31908
3.33428
3.35058
3.36405
3.37293
3.37107
3.36023
3.34866
3.33849
3.32813
3.31537
3.29688
3.27505
3.25153
3.22767
3.20341
3.17839
3.15234
3.12595
3.09964
3.07245
3.04414
3.01596
2.98798
2.96002
2.93231
2.90508
2.87869
2.85338
2.82834
2.80387
2.7801
2.7569
2.73429
2.71238
2.69136
2.67076
2.65062
2.63074
2.61163
2.59272
2.5737
2.55438
2.53518
2.50771
2.47721
4.47154
3.98162
3.52173
3.15021
2.86237
2.64395
2.4024
2.17449
1.85523
1.63358
1.53785
1.49544
1.43818
1.38386
1.32212
1.22954
1.16018
1.11529
1.09465
1.08687
1.07391
1.07024
1.05644
1.05039
1.03831
1.03596
1.02229
1.02279
1.01203
1.01484
1.01746
1.0261
1.04592
1.0784
1.13068
1.2074
1.3043
1.42757
1.58026
1.72201
1.89476
2.07536
2.26177
2.43925
2.6161
2.72847
2.86109
2.96018
3.07435
3.13341
3.18587
3.27611
3.3433
3.38425
3.40565
3.42537
3.44109
3.45261
3.44785
3.44148
3.43677
3.43086
3.42025
3.40592
3.38797
3.36616
3.34246
3.31687
3.29064
3.26486
3.2399
3.21442
3.18732
3.1585
3.12896
3.10008
3.07165
3.04365
3.01635
2.98994
2.96412
2.93773
2.91103
2.885
2.86012
2.83636
2.81348
2.79147
2.77033
2.75003
2.72996
2.71001
2.68964
2.6699
2.65057
2.63118
2.61159
2.59157
2.56486
2.53289
4.41777
4.08579
3.72054
3.39274
3.12298
2.95248
2.73336
2.51954
2.26703
1.97661
1.77942
1.68996
1.62326
1.55756
1.48643
1.40089
1.30936
1.24288
1.1984
1.17821
1.15903
1.15107
1.12997
1.11368
1.09195
1.0806
1.05897
1.06121
1.04759
1.05137
1.06321
1.08013
1.10096
1.15298
1.22331
1.32462
1.44599
1.56029
1.67767
1.78595
1.91136
2.03044
2.15892
2.29922
2.44599
2.60926
2.82825
3.01749
3.16575
3.19809
3.24061
3.28733
3.33691
3.40989
3.47615
3.48786
3.48847
3.47887
3.4698
3.47171
3.47081
3.46789
3.45779
3.43716
3.41561
3.39288
3.36877
3.344
3.31965
3.29644
3.27097
3.24152
3.21211
3.18353
3.15545
3.12816
3.10177
3.07599
3.04953
3.02239
2.99521
2.96838
2.94201
2.91656
2.89238
2.86963
2.84795
2.82715
2.80658
2.78639
2.76634
2.74626
2.72588
2.70597
2.68657
2.66718
2.64767
2.62722
2.60126
2.56811
4.37597
4.09094
3.84239
3.51407
3.29308
3.12281
2.96483
2.78966
2.57872
2.33045
2.09298
1.93166
1.85019
1.77977
1.69395
1.61682
1.51199
1.41145
1.33389
1.29961
1.27313
1.26857
1.2503
1.22723
1.19566
1.17452
1.14866
1.13748
1.12601
1.13695
1.1668
1.21863
1.2707
1.34487
1.45775
1.52662
1.61566
1.69321
1.76863
1.84535
1.92144
1.99982
2.09057
2.18988
2.28818
2.42109
2.58172
2.74083
3.00709
3.22497
3.34418
3.333
3.34274
3.36517
3.42316
3.46884
3.49464
3.49241
3.49007
3.47792
3.4711
3.46679
3.45813
3.44222
3.42169
3.3989
3.3754
3.35394
3.33196
3.30439
3.27237
3.24331
3.21683
3.19214
3.16835
3.14491
3.11963
3.09122
3.06297
3.03553
3.00855
2.98209
2.95638
2.932
2.90928
2.88803
2.86742
2.84685
2.82649
2.80655
2.78686
2.7671
2.74729
2.7278
2.70877
2.68959
2.67009
2.64934
2.62339
2.58963
4.37219
4.05906
3.8449
3.57421
3.42619
3.22722
3.10743
2.96502
2.80665
2.61193
2.3863
2.19975
2.08439
2.00587
1.93158
1.84034
1.74601
1.63735
1.53931
1.47371
1.43884
1.40869
1.39264
1.36488
1.33719
1.30419
1.28217
1.26008
1.26526
1.28011
1.40254
1.49316
1.58057
1.69292
1.7749
1.7823
1.82147
1.83707
1.87629
1.92374
1.97008
2.01584
2.07159
2.1157
2.1647
2.24871
2.34966
2.47227
2.64021
2.81667
3.14842
3.36109
3.38871
3.38057
3.37947
3.39227
3.43349
3.45304
3.47112
3.46817
3.45667
3.44831
3.44403
3.43282
3.41629
3.39792
3.37913
3.35126
3.32378
3.29704
3.27174
3.24808
3.2253
3.20108
3.17601
3.15067
3.12509
3.09758
3.07031
3.04407
3.01835
2.99328
2.9692
2.94628
2.92364
2.90195
2.881
2.86044
2.84019
2.82027
2.80063
2.78114
2.76176
2.74214
2.7225
2.70271
2.68276
2.66179
2.63608
2.60223
4.4158
4.1048
3.84679
3.60729
3.47947
3.28929
3.18512
3.06476
2.92648
2.78127
2.58878
2.39891
2.25958
2.18809
2.12137
2.04236
1.95201
1.86379
1.78048
1.69136
1.62589
1.58349
1.55274
1.52112
1.50463
1.47093
1.45341
1.43477
1.48154
1.55142
1.82967
1.94456
2.04693
2.11875
2.07189
2.04023
2.02367
2.01142
2.01924
2.03345
2.04224
2.06196
2.0881
2.10147
2.12588
2.1614
2.19645
2.25667
2.35491
2.48727
2.66622
2.88974
3.23891
3.4257
3.43586
3.38636
3.38165
3.38781
3.4149
3.44223
3.44145
3.43277
3.42405
3.41486
3.40234
3.3875
3.36951
3.34695
3.32002
3.29672
3.27549
3.25259
3.22717
3.20127
3.17587
3.1506
3.12603
3.10131
3.07594
3.05112
3.027
3.00361
2.98099
2.95753
2.93409
2.91186
2.89056
2.86981
2.84946
2.82959
2.81009
2.7907
2.77135
2.75111
2.73079
2.7105
2.6902
2.66899
2.64308
2.60848
4.45648
4.15764
3.8849
3.64635
3.49415
3.33011
3.23225
3.12712
3.00797
2.87497
2.72979
2.54722
2.3976
2.3075
2.23949
2.17418
2.11537
2.03978
1.96718
1.8944
1.8138
1.75199
1.72315
1.69668
1.67563
1.65655
1.65241
1.66746
1.75124
2.06243
2.37259
2.4697
2.52321
2.50003
2.42892
2.36227
2.29864
2.25534
2.22739
2.20522
2.16919
2.14622
2.12276
2.12117
2.12842
2.13018
2.12684
2.14612
2.18009
2.23285
2.32971
2.48295
2.64173
3.0163
3.33394
3.41543
3.39261
3.35678
3.35952
3.37088
3.39704
3.39966
3.39946
3.3962
3.38971
3.37426
3.35701
3.33961
3.32024
3.29911
3.27399
3.25066
3.2272
3.20312
3.1786
3.15409
3.12902
3.10447
3.08001
3.05546
3.03114
3.00731
2.984
2.96107
2.9391
2.91808
2.89752
2.87727
2.8572
2.83726
2.81737
2.79745
2.77753
2.75696
2.73628
2.71561
2.69484
2.67309
2.64666
2.61117
4.51931
4.23251
3.96158
3.71575
3.52645
3.36733
3.26686
3.17177
3.06475
2.94065
2.81593
2.67515
2.51369
2.39796
2.32172
2.26842
2.21258
2.14956
2.09496
2.03998
1.95514
1.87831
1.84096
1.82143
1.80892
1.81133
1.83847
1.95203
2.13067
2.74436
2.89156
2.93805
2.91838
2.81736
2.73278
2.64168
2.56826
2.49786
2.44428
2.39158
2.34351
2.30103
2.25975
2.20131
2.15624
2.13234
2.1041
2.10837
2.10806
2.12176
2.15601
2.21088
2.32788
2.51699
2.71531
3.15501
3.44662
3.44642
3.39526
3.36594
3.36892
3.39217
3.40328
3.40436
3.40067
3.39198
3.37668
3.35641
3.33558
3.3161
3.29623
3.27139
3.24709
3.22299
3.19959
3.17633
3.15283
3.12701
3.10191
3.07742
3.05285
3.02784
3.00339
2.9802
2.95825
2.93715
2.91633
2.89568
2.87515
2.85474
2.83445
2.81418
2.79396
2.77303
2.75142
2.72969
2.70787
2.68505
2.65717
2.62009
4.57143
4.29755
4.03058
3.79094
3.58154
3.41708
3.29493
3.19973
3.10362
2.99716
2.87626
2.76358
2.60994
2.47737
2.40182
2.33328
2.27454
2.23382
2.18726
2.13807
2.06516
1.97955
1.92627
1.91277
1.91044
1.93382
2.02253
2.23245
2.72767
3.2757
3.30347
3.27001
3.18396
3.08178
2.97758
2.88371
2.79041
2.70386
2.63181
2.55694
2.48697
2.42772
2.36143
2.30429
2.25707
2.19055
2.13933
2.12094
2.09485
2.09397
2.09349
2.10854
2.15803
2.2416
2.38178
2.59115
2.87542
3.27911
3.45155
3.46111
3.36173
3.36319
3.37199
3.41344
3.41509
3.40292
3.38053
3.36302
3.349
3.33591
3.32105
3.30099
3.27057
3.2425
3.21779
3.19669
3.17522
3.15227
3.12825
3.10225
3.0768
3.05229
3.02877
3.00638
2.98507
2.96455
2.94435
2.9242
2.90387
2.88328
2.86245
2.84107
2.81936
2.79732
2.77465
2.75169
2.72849
2.70425
2.6746
2.63559
4.64151
4.37824
4.11189
3.87706
3.66129
3.48162
3.34031
3.23119
3.12667
3.02676
2.91747
2.80927
2.69383
2.55223
2.45673
2.38988
2.33797
2.28811
2.23777
2.19131
2.15059
2.06463
2.00057
1.99281
2.00449
2.06819
2.30373
2.6794
3.34116
3.49872
3.508
3.46602
3.38434
3.28604
3.18497
3.08128
2.97492
2.87882
2.78619
2.69745
2.62299
2.54608
2.47296
2.41705
2.35023
2.29571
2.25324
2.20118
2.14291
2.10253
2.08694
2.0985
2.11182
2.12085
2.16222
2.26772
2.43906
2.61897
3.08434
3.42103
3.45328
3.41823
3.36463
3.3553
3.3689
3.36949
3.36469
3.3558
3.34579
3.33325
3.31123
3.28847
3.26469
3.24128
3.21943
3.19721
3.17641
3.15504
3.13245
3.10876
3.08511
3.06143
3.03846
3.01642
2.99467
2.97305
2.95147
2.9301
2.90891
2.8879
2.86695
2.84603
2.82511
2.80405
2.78269
2.76094
2.73861
2.7149
2.68575
2.64534
4.67663
4.44999
4.19547
3.94717
3.73923
3.55309
3.40138
3.28012
3.17184
3.06947
2.96641
2.8476
2.74882
2.63036
2.51307
2.44754
2.38584
2.32949
2.28413
2.23898
2.195
2.12469
2.06852
2.06678
2.11675
2.30054
2.55933
3.26179
3.62753
3.63791
3.61843
3.57368
3.50945
3.42962
3.33767
3.23727
3.13217
3.03077
2.92324
2.83302
2.74592
2.65234
2.58517
2.52379
2.4564
2.40151
2.32919
2.2743
2.238
2.19892
2.16033
2.1257
2.11126
2.08718
2.10222
2.12226
2.18083
2.30497
2.50466
2.72441
3.21215
3.45731
3.4735
3.36102
3.32165
3.3271
3.34143
3.34939
3.34286
3.32568
3.3046
3.27669
3.25511
3.23602
3.21747
3.19789
3.17634
3.15144
3.12886
3.10748
3.0858
3.06323
3.0416
3.02087
2.99981
2.97846
2.95693
2.93533
2.91367
2.89191
2.86997
2.84842
2.82738
2.80654
2.78551
2.76408
2.74203
2.71857
2.69012
2.64879
4.70324
4.49782
4.26931
4.02324
3.81933
3.63121
3.47545
3.34502
3.23577
3.13145
3.02626
2.91684
2.79285
2.70015
2.58877
2.49733
2.4231
2.37426
2.3193
2.27209
2.22543
2.17418
2.16686
2.18564
2.32395
2.535
3.21478
3.68299
3.69888
3.69893
3.6819
3.64781
3.59573
3.52796
3.44641
3.35411
3.25758
3.14614
3.04203
2.95089
2.85023
2.76771
2.70143
2.62726
2.55681
2.49125
2.43048
2.393
2.34322
2.30103
2.2553
2.20026
2.15961
2.13166
2.10252
2.08353
2.08682
2.12182
2.1932
2.34446
2.5643
2.91877
3.31831
3.44984
3.45086
3.33055
3.2978
3.30709
3.30889
3.30745
3.29588
3.28019
3.25525
3.23069
3.2146
3.1995
3.18222
3.16243
3.13457
3.10913
3.08682
3.06562
3.04457
3.02354
3.00238
2.98105
2.95954
2.93793
2.91637
2.89481
2.87303
2.85127
2.82994
2.80885
2.78753
2.76564
2.74288
2.71868
2.68978
2.64689
4.70338
4.52571
4.32879
4.08519
3.88024
3.70577
3.54583
3.41381
3.30248
3.19282
3.08329
2.97376
2.85963
2.76289
2.67193
2.57087
2.47296
2.41332
2.35332
2.30101
2.25075
2.24336
2.26878
2.38479
2.57362
3.20832
3.68395
3.737
3.7399
3.73222
3.71512
3.68729
3.64522
3.58897
3.51833
3.43561
3.34503
3.24544
3.15339
3.05754
2.96535
2.8895
2.80359
2.72465
2.66172
2.60303
2.54886
2.4903
2.42837
2.37556
2.31691
2.27437
2.23468
2.19961
2.14019
2.11404
2.0651
2.06458
2.07073
2.12721
2.23074
2.41567
2.60713
3.10336
3.42168
3.42861
3.39117
3.29789
3.26074
3.27115
3.27148
3.26199
3.24772
3.22936
3.21218
3.19494
3.17842
3.16024
3.14011
3.11346
3.08892
3.06736
3.04661
3.02585
3.00461
2.98291
2.96107
2.93966
2.91894
2.89841
2.8774
2.85593
2.83428
2.81216
2.78946
2.76621
2.74241
2.71753
2.68816
2.64381
4.7158
4.55463
4.37932
4.14961
3.92567
3.77437
3.60908
3.46846
3.36292
3.25816
3.15204
3.03156
2.92498
2.81454
2.73184
2.64315
2.53811
2.47257
2.37108
2.32466
2.31115
2.33132
2.43375
2.66383
3.21154
3.72593
3.77439
3.77893
3.75493
3.73887
3.72371
3.70357
3.67428
3.63077
3.57364
3.50324
3.42536
3.34242
3.25914
3.16436
3.08335
2.98911
2.9028
2.83367
2.77519
2.70293
2.63895
2.56118
2.50852
2.44846
2.38552
2.34326
2.2971
2.25331
2.21038
2.16338
2.11816
2.07112
2.05719
2.06416
2.07992
2.14353
2.26469
2.46568
2.74074
3.21241
3.41099
3.42076
3.31869
3.2316
3.2255
3.22297
3.21926
3.21712
3.20793
3.19476
3.17662
3.15458
3.13442
3.11407
3.09334
3.07253
3.05183
3.03167
3.01176
2.99144
2.97081
2.95015
2.92949
2.90841
2.88623
2.86323
2.84049
2.81771
2.79451
2.77059
2.74575
2.71956
2.68839
2.64203
4.6838
4.5554
4.40653
4.22269
3.98571
3.83104
3.68611
3.52321
3.41281
3.32209
3.22767
3.10878
2.99308
2.88053
2.79243
2.70479
2.61937
2.4904
2.41545
2.37533
2.38883
2.47629
2.7349
3.22363
3.79064
3.8553
3.85943
3.79646
3.7635
3.75022
3.73809
3.72166
3.69787
3.66468
3.62193
3.56873
3.50539
3.43244
3.3502
3.26456
3.18217
3.08791
3.01698
2.94173
2.86617
2.78308
2.71107
2.65049
2.58817
2.52214
2.46479
2.40922
2.36439
2.31841
2.27383
2.2282
2.19394
2.14372
2.09268
2.04381
2.03894
2.03841
2.0643
2.14567
2.3202
2.52286
2.98295
3.35617
3.37514
3.3514
3.2425
3.18511
3.17913
3.18166
3.18378
3.18535
3.17859
3.16419
3.13541
3.11115
3.09009
3.06948
3.04921
3.02895
3.00839
2.98909
2.97015
2.95129
2.93224
2.91273
2.89207
2.8691
2.84483
2.81999
2.79501
2.76981
2.74424
2.71763
2.68652
2.63911
4.67838
4.55776
4.41727
4.27106
4.05483
3.86994
3.76189
3.59741
3.46059
3.3757
3.29236
3.19023
3.0672
2.96432
2.86833
2.78567
2.68672
2.54621
2.48842
2.47411
2.52925
2.77111
3.19106
3.85047
3.97456
3.981
3.89972
3.83958
3.80991
3.79317
3.77798
3.76146
3.7406
3.71352
3.67733
3.6322
3.57593
3.5105
3.43526
3.35868
3.26913
3.18885
3.10982
3.01735
2.93361
2.86467
2.79384
2.7273
2.65867
2.59214
2.53302
2.47545
2.42024
2.37227
2.32801
2.28403
2.23472
2.17949
2.13524
2.06986
2.04336
2.00361
2.0091
2.03584
2.10088
2.21329
2.41184
2.63454
3.08955
3.32632
3.32298
3.27122
3.19306
3.15718
3.15262
3.17215
3.17299
3.16176
3.14425
3.11059
3.08316
3.06295
3.04459
3.02662
3.00811
2.98906
2.97051
2.95283
2.93511
2.91604
2.89413
2.86883
2.84219
2.8157
2.78953
2.76386
2.73834
2.71182
2.68108
2.63274
4.56095
4.55837
4.46128
4.33978
4.15512
3.93611
3.82043
3.67238
3.52256
3.42548
3.34451
3.25469
3.13497
3.0245
2.93236
2.85976
2.72928
2.63846
2.61067
2.63473
2.82601
3.15829
3.90672
4.11484
4.131
4.04137
3.96187
3.91398
3.87391
3.84375
3.82075
3.80032
3.77761
3.75107
3.71825
3.67899
3.63128
3.57524
3.51104
3.43791
3.35701
3.27485
3.18045
3.1032
3.02468
2.95062
2.87979
2.8024
2.73997
2.67359
2.61139
2.55154
2.49471
2.4455
2.39587
2.34902
2.30115
2.25306
2.19962
2.14419
2.10061
2.04846
2.02081
2.02331
2.02655
2.05041
2.1216
2.26749
2.49323
2.81411
3.18162
3.28888
3.2921
3.2132
3.16347
3.1404
3.14345
3.14278
3.13188
3.11145
3.07879
3.05291
3.03464
3.01955
3.00419
2.98793
2.97
2.95042
2.93051
2.91006
2.88771
2.86179
2.8355
2.80992
2.78423
2.75733
2.7306
2.7036
2.67284
2.62385
4.53481
4.56112
4.46349
4.34708
4.21367
4.01099
3.87437
3.74281
3.59194
3.47476
3.3939
3.31112
3.20326
3.07561
2.9834
2.89015
2.78997
2.75322
2.77068
2.93076
3.19345
3.9679
4.26362
4.2909
4.19858
4.11608
4.05985
4.00711
3.95303
3.9068
3.86983
3.84116
3.81191
3.78135
3.74792
3.71074
3.66797
3.61892
3.56213
3.49746
3.42662
3.35005
3.26985
3.1904
3.1067
3.02976
2.9522
2.88336
2.80774
2.74274
2.67623
2.61157
2.55619
2.50006
2.44902
2.39949
2.34932
2.29797
2.23673
2.18671
2.15087
2.10564
2.06615
2.03501
2.00172
2.01008
2.0246
2.06863
2.16344
2.33413
2.50691
2.95946
3.25095
3.26594
3.24708
3.16014
3.11414
3.11184
3.11159
3.10222
3.08179
3.05911
3.03909
3.02017
3.00314
2.98591
2.96892
2.95064
2.92974
2.90823
2.88564
2.8585
2.83047
2.80405
2.77814
2.75137
2.72345
2.69526
2.66326
2.6132
4.11571
4.46799
4.49665
4.38336
4.25575
4.07939
3.90473
3.79882
3.63756
3.5228
3.43027
3.35535
3.26192
3.13675
3.02949
2.92944
2.88003
2.89598
3.04281
3.28336
4.07931
4.45301
4.46756
4.34691
4.2573
4.20163
4.14582
4.08675
4.02132
3.96258
3.91302
3.87274
3.83801
3.80445
3.76965
3.73286
3.69277
3.64836
3.59897
3.5428
3.48007
3.41061
3.33658
3.25764
3.17943
3.10054
3.02275
2.94484
2.86701
2.79706
2.73239
2.67138
2.61334
2.55891
2.50686
2.45704
2.40584
2.35279
2.2956
2.24906
2.20806
2.15795
2.11884
2.08462
2.04624
2.02256
2.01351
2.01806
2.02772
2.07015
2.2022
2.39127
2.63093
3.05873
3.24544
3.23838
3.20285
3.13193
3.08556
3.08351
3.07606
3.06359
3.04815
3.03151
3.00939
2.9895
2.97134
2.95253
2.93181
2.90948
2.88642
2.86044
2.82885
2.80032
2.77313
2.74551
2.7167
2.6869
2.65212
2.6006
3.1476
4.37926
4.44031
4.40661
4.29583
4.1653
3.97546
3.85442
3.6952
3.54739
3.45795
3.39479
3.31394
3.18685
3.07178
3.02074
3.02904
3.16342
3.38239
4.18794
4.65874
4.66869
4.50647
4.3976
4.33973
4.28268
4.22303
4.15876
4.09147
4.0274
3.96983
3.91753
3.87131
3.8309
3.79236
3.75336
3.71308
3.67041
3.62411
3.57337
3.51693
3.45504
3.38787
3.31703
3.24331
3.167
3.09123
3.01378
2.94063
2.86772
2.79976
2.73642
2.67761
2.62145
2.56939
2.51482
2.46435
2.40401
2.35376
2.29953
2.24351
2.2019
2.16906
2.13504
2.09498
2.06068
2.02764
2.01496
1.9958
1.99461
2.01492
2.07635
2.23276
2.41258
2.87651
3.19493
3.22535
3.21501
3.13813
3.081
3.04841
3.0457
3.04382
3.03503
3.01716
2.98755
2.96262
2.94353
2.92654
2.90707
2.88442
2.8585
2.82544
2.7931
2.76385
2.73564
2.70661
2.67608
2.63945
2.58741
2.20164
3.73224
4.40393
4.44425
4.35286
4.22502
4.05389
3.89838
3.78155
3.60504
3.4901
3.42094
3.33481
3.23004
3.16028
3.16672
3.30081
3.55898
4.31817
4.86428
4.87006
4.67884
4.54607
4.48117
4.42052
4.35913
4.29559
4.22727
4.15847
4.09035
4.02513
3.96367
3.906
3.85568
3.81108
3.76918
3.72712
3.68411
3.63927
3.59161
3.54054
3.48533
3.42545
3.3613
3.29334
3.22233
3.14893
3.07462
3.00069
2.92687
2.85576
2.78807
2.72994
2.67371
2.61907
2.56308
2.50896
2.4516
2.39937
2.33993
2.2911
2.25454
2.22028
2.18251
2.14542
2.11368
2.08185
2.05271
2.02089
1.98066
1.94448
1.96054
2.01991
2.13178
2.32554
2.57513
3.01225
3.20558
3.20913
3.1658
3.09195
3.04216
3.03122
3.02082
3.00735
2.98931
2.9665
2.9484
2.93051
2.90637
2.87546
2.84556
2.81535
2.78489
2.75305
2.72302
2.69266
2.66157
2.62526
2.57417
1.54838
2.70686
4.08053
4.3562
4.35845
4.25136
4.11676
3.96098
3.84606
3.69632
3.53844
3.45088
3.35747
3.3045
3.30644
3.43693
3.70323
4.48658
5.07577
5.07482
4.88501
4.73106
4.65367
4.58233
4.51174
4.4401
4.36888
4.29815
4.22711
4.15628
4.08637
4.01889
3.9527
3.8911
3.83585
3.78642
3.74046
3.69531
3.64975
3.6032
3.55479
3.50401
3.45027
3.39304
3.33237
3.26821
3.20104
3.13113
3.05995
2.99007
2.9227
2.85833
2.79791
2.74264
2.68592
2.63195
2.57092
2.5145
2.45763
2.39685
2.34955
2.30736
2.26402
2.22342
2.1867
2.14766
2.11198
2.07653
2.04662
1.99481
1.95244
1.94479
1.94977
1.97923
2.04844
2.22319
2.4126
2.81002
3.1036
3.15239
3.13847
3.09593
3.02426
2.97609
2.9741
2.96573
2.95185
2.93754
2.91848
2.8932
2.85835
2.82837
2.80066
2.77213
2.74103
2.70947
2.6786
2.64702
2.61141
2.56151
1.46159
1.77
3.1137
4.25329
4.31668
4.28823
4.18434
4.05441
3.91259
3.8024
3.59739
3.48163
3.45191
3.44812
3.57436
3.84358
4.66112
5.3062
5.30348
5.09842
4.91671
4.82494
4.74462
4.66804
4.58858
4.5074
4.43044
4.35589
4.28261
4.20983
4.13817
4.06672
3.99678
3.92798
3.86378
3.80579
3.75335
3.70506
3.65885
3.61294
3.56656
3.51896
3.46956
3.41777
3.36299
3.30489
3.24355
3.17958
3.11377
3.04798
2.98293
2.91962
2.85699
2.79596
2.73683
2.6782
2.61665
2.55215
2.49285
2.43912
2.39249
2.344
2.30102
2.2621
2.22428
2.18999
2.15709
2.12368
2.08957
2.05843
2.00803
1.95927
1.93637
1.93006
1.95213
1.99432
2.09441
2.25361
2.43621
2.87514
3.10851
3.11965
3.09781
3.00159
2.94745
2.92446
2.91497
2.90408
2.89272
2.87569
2.8447
2.80658
2.77397
2.74665
2.71964
2.69015
2.66123
2.63074
2.59587
2.54709
1.42336
1.56404
2.1881
3.57693
4.28992
4.33606
4.27151
4.14915
4.02451
3.84303
3.68247
3.58163
3.59467
3.73444
4.02226
4.86986
5.57836
5.57311
5.34803
5.12284
5.01495
4.92968
4.84869
4.76731
4.67441
4.58625
4.50322
4.42351
4.34585
4.27036
4.19573
4.12224
4.04891
3.97637
3.90706
3.84113
3.78162
3.72647
3.6772
3.63141
3.58659
3.54144
3.49511
3.44679
3.39591
3.34212
3.2854
3.2261
3.16498
3.10264
3.04124
2.97973
2.92004
2.85979
2.80058
2.74024
2.67835
2.61418
2.54639
2.49506
2.44271
2.39444
2.35124
2.31108
2.27174
2.23462
2.19631
2.15855
2.12202
2.08178
2.0427
1.99455
1.94439
1.91959
1.92208
1.89852
1.91309
1.97592
2.12816
2.31041
2.68278
2.98021
3.02554
3.01902
2.98777
2.92775
2.88087
2.86208
2.84695
2.83203
2.81162
2.78427
2.75458
2.72415
2.69569
2.6648
2.63625
2.60814
2.57651
2.52757
1.38601
1.45138
1.54904
2.58883
3.85233
4.22486
4.26711
4.1665
4.06594
3.88905
3.79145
3.76367
3.89307
4.20003
5.09061
5.83545
5.81677
5.60387
5.34443
5.21566
5.12332
5.0338
4.94556
4.85228
4.75664
4.66615
4.57921
4.49522
4.4143
4.33583
4.25904
4.18365
4.10873
4.03466
3.96316
3.89387
3.82783
3.76391
3.70606
3.65574
3.60903
3.56329
3.51712
3.46971
3.42015
3.36786
3.31312
3.25665
3.19879
3.14147
3.08333
3.02559
2.96677
2.90749
2.84739
2.78551
2.72226
2.65086
2.58372
2.52522
2.47651
2.43037
2.38699
2.34306
2.30283
2.25994
2.21935
2.17772
2.13762
2.10301
2.06604
2.02945
1.99111
1.96235
1.90576
1.88145
1.85209
1.86924
1.90682
1.97957
2.1246
2.33508
2.68835
2.91346
2.9348
2.92403
2.88187
2.81356
2.7704
2.75378
2.74416
2.73175
2.71324
2.69135
2.65977
2.62747
2.59998
2.57331
2.54291
2.49474
1.41302
1.36615
1.46799
1.73736
2.91691
4.02567
4.19868
4.20043
4.07972
3.97923
3.96733
4.1149
4.42021
5.39519
6.16095
6.12437
5.89354
5.61401
5.46837
5.37166
5.27331
5.17325
5.07085
4.97011
4.8728
4.77644
4.68199
4.59127
4.50401
4.41938
4.33682
4.25559
4.17575
4.09722
4.02053
3.9461
3.87265
3.80372
3.73509
3.67652
3.62586
3.57772
3.52997
3.48165
3.43197
3.38029
3.32606
3.27121
3.2175
3.16362
3.10962
3.05471
2.99878
2.94127
2.88221
2.82162
2.75447
2.68589
2.62043
2.56356
2.51169
2.46368
2.41578
2.3728
2.32856
2.28583
2.24289
2.20124
2.15819
2.1186
2.07956
2.04155
2.00318
1.9594
1.9271
1.87778
1.83294
1.81265
1.78959
1.79265
1.84526
1.94543
2.07558
2.36603
2.66318
2.7776
2.80382
2.80034
2.73372
2.68535
2.66512
2.65139
2.63867
2.62502
2.60716
2.57556
2.54701
2.52114
2.4963
2.45121
1.40832
1.40792
1.3763
1.50075
1.95173
3.21184
4.13566
4.25238
4.13801
4.13287
4.32544
4.65381
5.7261
6.49787
6.44611
6.16103
5.87515
5.72171
5.61962
5.51614
5.40626
5.29196
5.1839
5.08097
4.97908
4.87705
4.77705
4.68031
4.58707
4.49624
4.408
4.32162
4.23677
4.15378
4.07273
3.99395
3.91649
3.84126
3.76701
3.69594
3.63664
3.58416
3.53326
3.48246
3.42944
3.37446
3.32104
3.26994
3.21887
3.16834
3.11736
3.06552
3.01199
2.95661
2.8986
2.83914
2.77115
2.70408
2.64023
2.58223
2.52707
2.47633
2.42667
2.3792
2.33266
2.28514
2.23921
2.1925
2.14707
2.1031
2.06304
2.022
1.98147
1.94268
1.90229
1.85769
1.80593
1.75149
1.72054
1.69981
1.70011
1.70135
1.76766
1.89081
2.08249
2.38228
2.57051
2.61282
2.62819
2.60904
2.57108
2.54743
2.53768
2.53073
2.52376
2.50938
2.47865
2.45478
2.43637
2.39369
1.40847
1.40807
1.3958
1.42708
1.50869
2.29824
3.53386
4.10646
4.18694
4.47459
4.89222
6.18857
6.83872
6.77277
6.45088
6.12017
5.95681
5.85779
5.76307
5.65591
5.53956
5.41726
5.30036
5.18451
5.07144
4.96277
4.85821
4.75727
4.66018
4.56413
4.46987
4.37699
4.28578
4.19728
4.11154
4.0288
3.9479
3.8686
3.79084
3.71211
3.64486
3.58643
3.53105
3.47573
3.4189
3.35641
3.30024
3.24894
3.19896
3.14862
3.09735
3.04488
2.99093
2.93474
2.8763
2.81528
2.7479
2.6828
2.62261
2.56527
2.51132
2.4573
2.40529
2.35309
2.30314
2.25185
2.20217
2.15406
2.10334
2.05554
2.01063
1.96848
1.92843
1.88975
1.85126
1.80545
1.75944
1.7169
1.68194
1.63772
1.60446
1.59798
1.60432
1.64168
1.71903
1.81609
2.09221
2.33743
2.4484
2.47786
2.48551
2.46343
2.42959
2.40932
2.39974
2.38979
2.37472
2.35972
2.34761
2.31118
1.40843
1.40837
1.40885
1.38798
1.46553
1.60119
2.52947
3.60159
4.30119
5.08747
6.70419
7.22921
7.16405
6.78963
6.41228
6.26318
6.14599
6.03177
5.91531
5.79193
5.66936
5.55329
5.43754
5.31581
5.1919
5.07332
4.96018
4.85068
4.74317
4.63847
4.53463
4.43282
4.33223
4.23392
4.13938
4.04784
3.95894
3.87032
3.78336
3.69391
3.61422
3.5444
3.47861
3.41298
3.34883
3.27583
3.20885
3.15276
3.09989
3.04727
2.99409
2.93986
2.88421
2.8269
2.76864
2.70564
2.64283
2.58392
2.52793
2.47426
2.42167
2.36954
2.31715
2.26736
2.21843
2.17089
2.12572
2.08151
2.03596
1.99186
1.95075
1.9151
1.88043
1.84517
1.80821
1.76393
1.72056
1.68179
1.64875
1.61986
1.57445
1.54417
1.52633
1.53753
1.54381
1.59612
1.71622
1.88875
2.14357
2.31436
2.35009
2.3545
2.34306
2.3031
2.27459
2.25594
2.24595
2.23736
2.22686
2.21662
1.40842
1.40894
1.40499
1.41109
1.36918
1.47069
1.73182
2.69589
4.38689
6.91702
7.11574
7.05283
6.64237
6.33341
6.21585
6.15844
6.09305
6.00926
5.91331
5.79602
5.67117
5.54828
5.4248
5.29779
5.16846
5.04284
4.92268
4.80508
4.68947
4.5744
4.4624
4.35124
4.24016
4.1318
4.02718
3.92635
3.82659
3.72883
3.63098
3.53331
3.4457
3.36703
3.29313
3.22165
3.15294
3.07691
3.00687
2.95138
2.90247
2.85474
2.80776
2.76099
2.7135
2.66511
2.61447
2.56115
2.51218
2.46671
2.42134
2.37589
2.33181
2.28749
2.24386
2.20217
2.16064
2.11957
2.08012
2.04187
2.00116
1.96013
1.92161
1.88857
1.85599
1.8223
1.78703
1.748
1.70731
1.67121
1.63748
1.60741
1.5789
1.54973
1.51417
1.49643
1.4941
1.50137
1.54808
1.62909
1.73013
1.95662
2.16225
2.23795
2.2466
2.23704
2.21208
2.18949
2.17738
2.14264
2.12812
2.14529
1.40845
1.40842
1.40845
1.40667
1.41219
1.39726
1.72356
2.25053
5.22314
6.47539
6.57024
6.07428
5.74386
5.68312
5.68329
5.64305
5.59669
5.5472
5.49275
5.43075
5.34545
5.24458
5.13186
5.0109
4.8857
4.75995
4.63544
4.51306
4.39387
4.27852
4.16608
4.05614
3.94865
3.84441
3.74551
3.65113
3.56018
3.47176
3.38539
3.30147
3.22552
3.15723
3.093
3.03066
2.97057
2.90652
2.84391
2.79557
2.75503
2.71629
2.67818
2.63978
2.60085
2.56154
2.51954
2.47736
2.43859
2.40186
2.36505
2.32724
2.29021
2.25235
2.21433
2.17836
2.1407
2.10282
2.06783
2.03303
1.99189
1.95418
1.91954
1.88492
1.85183
1.82017
1.78851
1.75551
1.71634
1.67972
1.6472
1.61724
1.58734
1.55893
1.52741
1.5026
1.47373
1.45707
1.46729
1.50017
1.54708
1.6054
1.82092
2.03006
2.14851
2.15577
2.14886
2.1355
2.10923
2.07762
2.07958
2.12153
1.40845
1.40844
1.40824
1.4075
1.39701
1.43659
1.85527
2.74764
6.55804
6.34896
5.78698
5.59592
5.58695
5.58694
5.55341
5.4895
5.38084
5.28815
5.19482
5.09813
4.99576
4.88802
4.77738
4.66834
4.55538
4.44012
4.32917
4.22281
4.1194
4.01904
3.92278
3.8296
3.74011
3.65316
3.57016
3.4914
3.41538
3.34138
3.26976
3.20015
3.13602
3.07669
3.01941
2.96283
2.90773
2.8492
2.79035
2.74389
2.70531
2.66939
2.63377
2.59815
2.56243
2.52595
2.48866
2.45404
2.42194
2.38997
2.35703
2.32499
2.29278
2.2587
2.22513
2.19114
2.15501
2.12054
2.08637
2.05001
2.01248
1.9752
1.93852
1.90291
1.86912
1.83572
1.80152
1.76521
1.72569
1.68842
1.6554
1.6248
1.59554
1.5686
1.54061
1.51625
1.48208
1.45594
1.43565
1.43876
1.446
1.49985
1.58803
1.73568
1.94839
2.08158
2.09001
2.09429
2.0581
2.05681
2.06651
2.18792
1.40845
1.40844
1.40831
1.40747
1.39687
1.42945
1.80769
2.76436
7.03196
6.28488
6.15611
6.04504
5.92618
5.78042
5.63327
5.51094
5.40506
5.31081
5.2212
5.12771
5.02759
4.92396
4.81087
4.68977
4.57057
4.45489
4.34133
4.2339
4.13352
4.03719
3.94194
3.84631
3.75187
3.66128
3.57577
3.49535
3.41923
3.3462
3.27639
3.20946
3.14569
3.08495
3.02589
2.96752
2.91059
2.8507
2.79238
2.74465
2.70484
2.66834
2.63343
2.59987
2.56595
2.52967
2.49652
2.46607
2.43671
2.40673
2.37585
2.34588
2.3149
2.28261
2.25129
2.21817
2.18427
2.15088
2.11605
2.08006
2.04362
2.00487
1.96727
1.93205
1.89763
1.86335
1.82858
1.79269
1.75393
1.717
1.68402
1.65321
1.62438
1.59565
1.56735
1.53945
1.51025
1.48269
1.44341
1.41521
1.42557
1.43799
1.47753
1.53575
1.67413
1.90507
2.05897
2.05892
2.06933
2.0682
2.11307
2.41261
1.40845
1.40844
1.40827
1.40744
1.39612
1.43398
1.83226
2.91295
7.33873
6.24324
6.18199
6.11606
6.03644
5.95392
5.85272
5.74007
5.62227
5.50617
5.39052
5.2738
5.1552
5.03395
4.91113
4.78846
4.66769
4.54989
4.43649
4.32718
4.22179
4.11953
4.01899
3.92049
3.82564
3.73534
3.6499
3.5696
3.49354
3.42094
3.35028
3.28097
3.21515
3.15228
3.09134
3.03169
2.97362
2.91503
2.85721
2.80837
2.76631
2.72736
2.68996
2.65408
2.6154
2.57873
2.54687
2.51751
2.48858
2.45931
2.43005
2.40076
2.37046
2.33945
2.30747
2.27396
2.23933
2.20369
2.16703
2.12954
2.09042
2.05042
2.01119
1.97335
1.93613
1.89913
1.86168
1.82373
1.78277
1.74235
1.70625
1.67393
1.64343
1.61297
1.58422
1.55483
1.5258
1.49556
1.46767
1.42607
1.4049
1.40641
1.41356
1.45227
1.53629
1.68883
1.89055
2.00312
2.08967
2.18641
2.30731
2.74058
1.40845
1.40845
1.40826
1.4076
1.39653
1.43092
1.81162
2.80915
7.22855
6.11128
6.09332
6.09348
6.04957
5.97593
5.86557
5.76225
5.66322
5.56598
5.46622
5.36008
5.24806
5.13164
5.01076
4.88906
4.77049
4.65614
4.54433
4.43193
4.3201
4.21103
4.10529
4.00359
3.90673
3.81519
3.72879
3.64601
3.56611
3.48837
3.4123
3.33904
3.26949
3.20338
3.13976
3.07806
3.01826
2.95907
2.89947
2.84743
2.80185
2.75977
2.71938
2.68095
2.64067
2.60457
2.57353
2.54501
2.51675
2.48816
2.45935
2.43019
2.39993
2.36854
2.336
2.30193
2.26629
2.22956
2.1919
2.15307
2.11322
2.07173
2.0308
1.99113
1.95315
1.9152
1.8768
1.83781
1.79551
1.7539
1.71715
1.68504
1.65388
1.62379
1.59403
1.56434
1.5352
1.50552
1.47516
1.44824
1.40386
1.38319
1.38226
1.38144
1.43321
1.52939
1.67467
1.86479
2.1042
2.33755
2.72119
2.98178
1.40845
1.40845
1.40825
1.40752
1.39628
1.43285
1.832
2.92879
7.48612
6.1963
6.20988
6.19211
6.13105
6.03589
5.93283
5.83183
5.73092
5.62782
5.51918
5.4043
5.28521
5.16312
5.03894
4.91612
4.79673
4.68058
4.56619
4.45142
4.33779
4.22786
4.12247
4.02182
3.92597
3.83415
3.74577
3.66094
3.57929
3.5004
3.42449
3.35155
3.28211
3.21598
3.15229
3.09024
3.02991
2.96983
2.90944
2.85633
2.80967
2.76677
2.72563
2.68672
2.64638
2.61076
2.58036
2.55223
2.52413
2.49573
2.46716
2.43817
2.40812
2.37688
2.34436
2.31036
2.27481
2.238
2.20014
2.16107
2.12092
2.07888
2.03751
1.99714
1.95848
1.91984
1.88091
1.84149
1.79929
1.75725
1.71997
1.68711
1.65569
1.62487
1.59575
1.5649
1.53694
1.50475
1.47664
1.4467
1.41475
1.3736
1.3558
1.36691
1.38355
1.45719
1.60414
1.84441
2.099
2.63676
2.98158
2.95525
)
;

boundaryField
{
    inlet
    {
        type            calculated;
        value           uniform 1.40845;
    }
    outlet
    {
        type            calculated;
        value           nonuniform List<scalar> 
40
(
1.91849
2.09559
2.27843
2.39699
2.47721
2.53289
2.56811
2.58963
2.60223
2.60848
2.61117
2.62009
2.63559
2.64534
2.64879
2.64689
2.64381
2.64203
2.63911
2.63274
2.62385
2.6132
2.6006
2.58741
2.57417
2.56151
2.54709
2.52757
2.49474
2.45121
2.39369
2.31118
2.21662
2.14529
2.12153
2.18792
2.41261
2.74058
2.98178
2.95525
)
;
    }
    bottom
    {
        type            symmetryPlane;
    }
    top
    {
        type            symmetryPlane;
    }
    obstacle
    {
        type            calculated;
        value           nonuniform List<scalar> 
110
(
6.71179
6.71508
6.69898
6.67343
6.63176
6.5725
6.49656
6.37802
6.22198
5.97713
1.74562
1.77026
2.02546
1.74836
1.8966
1.8688
1.73882
1.50158
1.43555
1.41651
1.42671
1.43478
1.43516
1.42312
1.35018
1.2825
1.25095
1.24525
1.25148
1.25929
1.26409
1.26592
1.26603
1.26545
1.2602
1.25707
1.25616
1.25661
1.25653
1.25881
1.265
1.2874
1.31297
1.36091
1.43318
1.49429
1.55861
1.63591
1.72468
1.79277
1.86315
1.94883
2.03011
2.10936
2.19361
2.25772
2.31168
2.37172
2.4195
2.45444
2.47158
2.51184
2.53133
2.55418
2.57103
2.58165
2.58903
2.59444
2.59545
2.59055
2.58319
2.57473
2.56449
2.55192
2.53756
2.52203
2.50546
2.48848
2.47077
2.45213
2.43271
2.41298
2.39325
2.37349
2.35373
2.3335
2.31363
2.29378
2.27441
2.25531
2.2367
2.21821
2.20021
2.18207
2.16444
2.14654
2.12912
2.1114
2.09424
2.07695
2.06034
2.04379
2.02805
2.01243
1.99783
1.98308
1.96858
1.95604
1.93549
1.91849
)
;
    }
    defaultFaces
    {
        type            empty;
    }
}


// ************************************************************************* //
