/*--------------------------------*- C++ -*----------------------------------*\
| =========                 |                                                 |
| \\      /  F ield         | OpenFOAM: The Open Source CFD Toolbox           |
|  \\    /   O peration     | Version:  v2106                                 |
|   \\  /    A nd           | Website:  www.openfoam.com                      |
|    \\/     M anipulation  |                                                 |
\*---------------------------------------------------------------------------*/
FoamFile
{
    version     2.0;
    format      ascii;
    arch        "LSB;label=32;scalar=64";
    class       volScalarField;
    location    "20";
    object      Mo;
}
// * * * * * * * * * * * * * * * * * * * * * * * * * * * * * * * * * * * * * //

dimensions      [0 0 0 0 0 0 0];

internalField   nonuniform List<scalar> 
5250
(
3.01265
3.01265
3.01265
3.01265
3.01265
3.01265
3.01265
3.01264
3.01264
3.01236
3.01101
2.99164
2.89165
2.483
1.48469
0.428694
0.307001
0.333154
0.291189
0.243194
0.209014
0.160285
0.117543
0.0694414
0.0318436
3.01265
3.01265
3.01265
3.01265
3.01265
3.01265
3.01265
3.01264
3.01264
3.01235
3.01113
2.99152
2.89613
2.49411
1.49856
0.441757
0.298553
0.332856
0.289647
0.241945
0.209987
0.164467
0.126823
0.0870064
0.0612609
3.01265
3.01265
3.01265
3.01265
3.01265
3.01265
3.01265
3.01265
3.01263
3.01242
3.01102
2.9939
2.90052
2.51394
1.52357
0.478632
0.284777
0.334861
0.288728
0.242199
0.21425
0.17769
0.147922
0.116295
0.0989098
3.01265
3.01265
3.01265
3.01265
3.01265
3.01265
3.01265
3.01265
3.01263
3.01246
3.01096
2.99744
2.90366
2.55612
1.59213
0.545112
0.266074
0.338436
0.290162
0.252429
0.230433
0.20106
0.176299
0.151134
0.138298
3.01265
3.01265
3.01265
3.01265
3.01265
3.01265
3.01265
3.01265
3.01263
3.01249
3.01122
3.00009
2.91838
2.61148
1.71935
0.651564
0.263013
0.357595
0.308115
0.273711
0.254012
0.228247
0.208397
0.189912
0.181631
3.01265
3.01265
3.01265
3.01265
3.01265
3.01265
3.01265
3.01265
3.01264
3.01253
3.01154
3.0035
2.9366
2.68449
1.92496
0.807414
0.277599
0.389123
0.339789
0.301202
0.283048
0.261568
0.247667
0.235153
0.230066
3.01265
3.01265
3.01265
3.01265
3.01265
3.01265
3.01265
3.01265
3.01264
3.01256
3.01183
3.00582
2.95104
2.73739
2.03862
1.00733
0.317048
0.423368
0.3786
0.334653
0.318987
0.300246
0.291549
0.284562
0.287695
3.01265
3.01265
3.01265
3.01265
3.01265
3.01265
3.01265
3.01265
3.01264
3.0126
3.01203
3.00797
2.96377
2.78742
2.14627
1.20111
0.396332
0.473186
0.432678
0.382764
0.360577
0.346955
0.343819
0.346457
0.360584
3.01265
3.01265
3.01265
3.01265
3.01265
3.01265
3.01265
3.01265
3.01264
3.01262
3.0121
3.0093
2.97323
2.82426
2.24855
1.29997
0.488373
0.526317
0.495531
0.447132
0.416757
0.402584
0.408637
0.411902
0.457729
3.01265
3.01265
3.01265
3.01265
3.01265
3.01265
3.01265
3.01265
3.01264
3.01263
3.01223
3.01027
2.98245
2.85926
2.35691
1.3989
0.558312
0.561658
0.548345
0.51654
0.485721
0.46742
0.481754
0.508048
0.632017
3.01265
3.01265
3.01265
3.01265
3.01265
3.01265
3.01265
3.01265
3.01264
3.01264
3.01233
3.01098
2.99021
2.89138
2.47055
1.52412
0.644641
0.552407
0.578178
0.575736
0.559422
0.544567
0.569001
0.64667
0.863291
3.01265
3.01265
3.01265
3.01265
3.01265
3.01265
3.01265
3.01265
3.01265
3.01263
3.01246
3.01096
2.99829
2.91202
2.58661
1.66752
0.784362
0.531121
0.580394
0.619019
0.628061
0.628123
0.65426
0.758174
0.924837
3.01265
3.01265
3.01265
3.01265
3.01265
3.01265
3.01265
3.01265
3.01265
3.01264
3.01254
3.01166
3.00498
2.94371
2.71499
1.97892
1.01469
0.521484
0.58447
0.624661
0.655625
0.699763
0.732438
0.825486
0.95545
3.01265
3.01265
3.01265
3.01265
3.01265
3.01265
3.01265
3.01265
3.01265
3.01264
3.01259
3.01214
3.00801
2.96648
2.79648
2.20628
1.32312
0.585032
0.615146
0.637514
0.668
0.720159
0.779318
0.868437
0.977054
3.01265
3.01265
3.01265
3.01265
3.01265
3.01265
3.01265
3.01265
3.01265
3.01264
3.01264
3.01216
3.01037
2.97937
2.85827
2.36191
1.50924
0.73984
0.669189
0.670648
0.69175
0.740695
0.804938
0.896203
0.989734
3.01265
3.01265
3.01265
3.01265
3.01265
3.01265
3.01265
3.01265
3.01265
3.01265
3.01264
3.01238
3.01119
2.99355
2.90548
2.51413
1.65562
0.929667
0.713391
0.721743
0.734596
0.768178
0.821653
0.9001
0.98876
3.01265
3.01265
3.01265
3.01265
3.01265
3.01265
3.01265
3.01265
3.01265
3.01265
3.01263
3.01262
3.0113
3.00575
2.93745
2.68352
1.85933
1.19188
0.733805
0.760374
0.77527
0.799087
0.840688
0.905476
0.984913
3.01265
3.01265
3.01265
3.01265
3.01265
3.01265
3.01265
3.01265
3.01265
3.01265
3.01264
3.01262
3.01191
3.00894
2.96519
2.81737
2.26358
1.48564
0.827053
0.799019
0.81066
0.829752
0.863719
0.917064
0.987055
3.01265
3.01265
3.01265
3.01265
3.01265
3.01265
3.01265
3.01265
3.01265
3.01265
3.01264
3.01261
3.01232
3.01001
2.98904
2.86945
2.47101
1.68047
1.01673
0.845641
0.853235
0.869091
0.896064
0.937708
0.994751
3.01265
3.01265
3.01265
3.01265
3.01265
3.01265
3.01265
3.01265
3.01265
3.01265
3.01265
3.01262
3.01267
3.01072
3.00742
2.90796
2.69198
1.89702
1.31027
0.885741
0.897221
0.910307
0.931045
0.962797
1.00805
3.01265
3.01265
3.01265
3.01265
3.01265
3.01265
3.01265
3.01265
3.01265
3.01265
3.01265
3.01264
3.01258
3.01205
3.00773
2.97334
2.80482
2.29612
1.60459
1.00328
0.938086
0.941257
0.958385
0.986371
1.02456
3.01265
3.01265
3.01265
3.01265
3.01265
3.01265
3.01265
3.01265
3.01265
3.01265
3.01265
3.01264
3.01258
3.01257
3.00872
3.01035
2.83336
2.61264
1.86912
1.25008
0.991107
0.981692
0.993209
1.01435
1.04595
3.01265
3.01265
3.01265
3.01265
3.01265
3.01265
3.01265
3.01265
3.01265
3.01265
3.01265
3.01265
3.01264
3.01254
3.0117
3.00551
2.95564
2.75825
2.11275
1.57911
1.04321
1.01761
1.02336
1.04109
1.069
3.01265
3.01265
3.01265
3.01265
3.01265
3.01265
3.01265
3.01265
3.01265
3.01265
3.01265
3.01265
3.01264
3.01257
3.01253
3.00792
3.0109
2.79907
2.56396
1.87387
1.25976
1.06821
1.05983
1.07496
1.09784
3.01265
3.01265
3.01265
3.01265
3.01265
3.01265
3.01265
3.01265
3.01265
3.01265
3.01265
3.01265
3.01265
3.01263
3.0125
3.01136
3.00303
2.93776
2.70762
2.01925
1.59018
1.1197
1.09771
1.10727
1.12574
3.01265
3.01265
3.01265
3.01265
3.01265
3.01265
3.01265
3.01265
3.01265
3.01265
3.01265
3.01265
3.01265
3.01263
3.01255
3.0125
3.00758
3.01159
2.78252
2.50943
1.88231
1.31434
1.15663
1.14398
1.15837
3.01265
3.01265
3.01265
3.01265
3.01265
3.01265
3.01265
3.01265
3.01265
3.01265
3.01265
3.01265
3.01265
3.01265
3.01263
3.01248
3.01117
3.002
2.93014
2.70887
2.05184
1.63728
1.20574
1.18216
1.1871
3.01265
3.01265
3.01265
3.01265
3.01265
3.01265
3.01265
3.01265
3.01265
3.01265
3.01265
3.01265
3.01265
3.01265
3.01263
3.01256
3.01261
3.00743
3.0153
2.78501
2.53915
1.92931
1.39199
1.23425
1.21782
3.01265
3.01265
3.01265
3.01265
3.01265
3.01265
3.01265
3.01265
3.01265
3.01265
3.01265
3.01265
3.01265
3.01265
3.01265
3.01262
3.01249
3.01116
3.00301
2.93073
2.72561
2.11907
1.73353
1.27868
1.25287
3.01265
3.01265
3.01265
3.01265
3.01265
3.01265
3.01265
3.01265
3.01265
3.01265
3.01265
3.01265
3.01265
3.01265
3.01265
3.01264
3.01259
3.01278
3.00887
3.01127
2.81535
2.57543
1.99156
1.4839
1.30513
3.01265
3.01265
3.01265
3.01265
3.01265
3.01265
3.01265
3.01265
3.01265
3.01265
3.01265
3.01265
3.01265
3.01265
3.01265
3.01265
3.01263
3.01258
3.01134
3.00577
2.94177
2.75587
2.19976
1.82932
1.36437
3.01265
3.01265
3.01265
3.01265
3.01265
3.01265
3.01265
3.01265
3.01265
3.01265
3.01265
3.01265
3.01265
3.01265
3.01265
3.01265
3.01265
3.0126
3.01255
3.00945
3.00427
2.85423
2.63377
2.063
1.60181
3.01265
3.01265
3.01265
3.01265
3.01265
3.01265
3.01265
3.01265
3.01265
3.01265
3.01265
3.01265
3.01265
3.01265
3.01265
3.01265
3.01265
3.01263
3.01257
3.01161
3.00675
2.95396
2.77434
2.35659
1.95143
3.01265
3.01265
3.01265
3.01265
3.01265
3.01265
3.01265
3.01265
3.01265
3.01265
3.01265
3.01265
3.01265
3.01265
3.01265
3.01265
3.01265
3.01264
3.01261
3.01263
3.0104
3.00807
2.8978
2.83432
2.23164
3.01265
3.01265
3.01265
3.01265
3.01265
3.01265
3.01265
3.01265
3.01265
3.01265
3.01265
3.01265
3.01265
3.01265
3.01265
3.01265
3.01265
3.01265
3.01264
3.01258
3.0122
3.00852
3.00543
2.81851
2.63607
3.01265
3.01265
3.01265
3.01265
3.01265
3.01265
3.01265
3.01265
3.01265
3.01265
3.01265
3.01265
3.01265
3.01265
3.01265
3.01265
3.01265
3.01265
3.01265
3.01265
3.01248
3.01187
3.00539
2.94368
2.79003
3.01265
3.01265
3.01265
3.01265
3.01265
3.01265
3.01265
3.01265
3.01265
3.01265
3.01265
3.01265
3.01265
3.01265
3.01265
3.01265
3.01265
3.01265
3.01265
3.01265
3.0126
3.0126
3.01003
3.0068
2.88421
3.01265
3.01265
3.01265
3.01265
3.01265
3.01265
3.01265
3.01265
3.01265
3.01265
3.01265
3.01265
3.01265
3.01265
3.01265
3.01265
3.01265
3.01265
3.01265
3.01265
3.01264
3.01257
3.01201
3.00902
2.98226
3.01265
3.01265
3.01265
3.01265
3.01265
3.01265
3.01265
3.01265
3.01265
3.01265
3.01265
3.01265
3.01265
3.01265
3.01265
3.01265
3.01265
3.01265
3.01265
3.01265
3.01264
3.01264
3.01253
3.01149
3.00514
3.01265
3.01265
3.01265
3.01265
3.01265
3.01265
3.01265
3.01265
3.01265
3.01265
3.01265
3.01265
3.01265
3.01265
3.01265
3.01265
3.01265
3.01265
3.01265
3.01265
3.01265
3.01264
3.01263
3.01247
3.01052
3.01265
3.01265
3.01265
3.01265
3.01265
3.01265
3.01265
3.01265
3.01265
3.01265
3.01265
3.01265
3.01265
3.01265
3.01265
3.01265
3.01265
3.01265
3.01265
3.01265
3.01265
3.01265
3.01264
3.01258
3.01253
3.01265
3.01265
3.01265
3.01265
3.01265
3.01265
3.01265
3.01265
3.01265
3.01265
3.01265
3.01265
3.01265
3.01265
3.01265
3.01265
3.01265
3.01265
3.01265
3.01265
3.01265
3.01265
3.01265
3.01262
3.01262
3.01265
3.01265
3.01265
3.01265
3.01265
3.01265
3.01265
3.01265
3.01265
3.01265
3.01265
3.01265
3.01265
3.01265
3.01265
3.01265
3.01265
3.01265
3.01265
3.01265
3.01265
3.01265
3.01265
3.01264
3.01264
3.01265
3.01265
3.01265
3.01265
3.01265
3.01265
3.01265
3.01265
3.01265
3.01265
3.01265
3.01265
3.01265
3.01265
3.01265
3.01265
3.01265
3.01265
3.01265
3.01265
3.01265
3.01265
3.01265
3.01265
3.01264
3.01265
3.01265
3.01265
3.01265
3.01265
3.01265
3.01265
3.01265
3.01265
3.01265
3.01265
3.01265
3.01265
3.01265
3.01265
3.01265
3.01265
3.01265
3.01265
3.01265
3.01265
3.01265
3.01265
3.01265
3.01265
3.01265
3.01265
3.01265
3.01265
3.01265
3.01265
3.01265
3.01265
3.01265
3.01265
3.01265
3.01265
3.01265
3.01265
3.01265
3.01265
3.01265
3.01265
3.01265
3.01265
3.01265
3.01265
3.01265
3.01265
3.01265
3.01265
3.01265
3.01265
3.01265
3.01265
3.01265
3.01265
3.01265
3.01265
3.01265
3.01265
3.01265
3.01265
3.01265
3.01265
3.01265
3.01265
3.01265
3.01265
3.01265
3.01265
3.01265
3.01265
3.01265
3.01265
3.01265
3.01265
3.01265
3.01265
3.01265
3.01265
3.01265
3.01265
3.01265
3.01265
3.01265
3.01265
3.01265
3.01265
3.01265
3.01265
3.01265
3.01265
3.01265
3.01265
3.01265
3.01265
3.01265
3.01265
3.01265
3.01265
3.01265
3.01265
3.01265
3.01265
3.01265
3.01265
3.01265
3.01265
3.01265
3.01265
3.01265
3.01265
3.01265
3.01265
3.01265
3.01265
3.01265
3.01265
3.01265
3.01265
3.01265
3.01265
3.01265
3.01265
3.01265
3.01265
3.01265
3.01265
3.01265
3.01265
3.01265
3.01265
3.01265
3.01265
3.01265
3.01265
3.01265
3.01265
3.01265
3.01265
3.01265
3.01265
3.01265
3.01265
3.01265
3.01265
3.01265
3.01265
3.01265
1.12155
0.593956
0.343619
0.270234
0.371338
0.280821
0.403037
0.602669
0.745048
0.807654
0.820889
0.812834
0.809489
0.815697
0.86789
0.925534
0.971825
0.994418
1.0012
0.994309
0.98815
0.984943
0.983955
0.985674
0.987486
0.991764
0.996161
1.00102
1.00423
1.00584
1.00641
0.994751
0.980319
0.952835
0.907381
0.854457
0.797099
0.73208
0.65994
0.59309
0.530938
0.466499
0.401095
0.338237
0.276528
0.224728
0.187779
0.127113
0.0714263
0.0324893
0.039831
0.0797682
0.12649
0.169653
0.210601
0.248856
0.284928
0.318882
0.351023
0.381358
0.409891
0.436891
0.462672
0.487312
0.510741
0.53273
0.55361
0.573697
0.592981
0.611535
0.629288
0.64649
0.663148
0.679524
0.695681
0.711626
0.727328
0.742754
0.757727
0.772423
0.786498
0.800344
0.813658
0.826817
0.839508
0.852038
0.864019
0.875842
0.887132
0.898281
0.908838
0.919208
0.928739
0.938114
0.946792
0.955413
0.964092
0.973497
0.981254
0.988911
1.09522
0.951569
0.621871
0.454748
0.154251
0.111684
0.236741
0.446302
0.532825
0.571029
0.534512
0.508774
0.501703
0.528646
0.583883
0.640513
0.679124
0.694507
0.695509
0.686867
0.682273
0.67941
0.678563
0.680599
0.682172
0.685784
0.688464
0.694825
0.699928
0.702877
0.703503
0.692064
0.675822
0.650482
0.606262
0.556439
0.499165
0.435372
0.35678
0.293095
0.234458
0.157683
0.098703
0.0696032
0.121519
0.18809
0.264773
0.335421
0.382837
0.428523
0.46887
0.502592
0.537387
0.568388
0.595956
0.621664
0.645195
0.667308
0.688843
0.709528
0.729442
0.748399
0.766864
0.784943
0.802536
0.81935
0.835293
0.850593
0.865386
0.879787
0.893598
0.906981
0.919935
0.932654
0.945228
0.957826
0.9705
0.983222
0.995858
1.00818
1.02021
1.03197
1.04338
1.05456
1.06542
1.07603
1.08631
1.09632
1.10601
1.11552
1.1246
1.13341
1.14161
1.14952
1.15696
1.16432
1.17188
1.1804
1.18772
1.19507
1.05772
1.09175
0.981382
0.841046
0.61354
0.436666
0.35207
0.404201
0.361852
0.273455
0.169492
0.057824
0.0243029
0.0954495
0.153149
0.305797
0.368827
0.406835
0.405685
0.389524
0.377328
0.371542
0.371217
0.374874
0.378168
0.383995
0.388209
0.395014
0.398377
0.399101
0.397247
0.394203
0.376753
0.351045
0.301543
0.244622
0.18549
0.127283
0.117061
0.181472
0.317206
0.418147
0.495304
0.565026
0.610713
0.645415
0.673874
0.705249
0.724477
0.744374
0.762772
0.779617
0.797426
0.815647
0.833361
0.849252
0.864776
0.879326
0.89401
0.909039
0.924195
0.93906
0.953478
0.967654
0.981325
0.994408
1.00731
1.01988
1.03213
1.04426
1.05606
1.06744
1.07847
1.08927
1.1
1.1107
1.12131
1.1319
1.14251
1.15309
1.16347
1.17382
1.18426
1.19446
1.2045
1.21423
1.2237
1.23267
1.24152
1.24998
1.25842
1.26637
1.27413
1.28123
1.28821
1.29488
1.30173
1.3096
1.31657
1.32394
1.07624
1.16897
1.18402
1.13445
1.00719
0.844953
0.667831
0.645697
0.634799
0.591776
0.514682
0.414079
0.306588
0.27562
0.266002
0.295269
0.269394
0.220336
0.178844
0.112181
0.0774257
0.0328686
0.0111979
0.027466
0.0448141
0.0710423
0.0853726
0.108871
0.128817
0.14055
0.150843
0.137263
0.120772
0.0890751
0.0809901
0.158502
0.316836
0.472661
0.613753
0.690034
0.767331
0.813874
0.844814
0.869839
0.891606
0.903115
0.91578
0.932544
0.942128
0.949585
0.959024
0.968288
0.977212
0.986332
0.996347
1.00562
1.01557
1.0251
1.03473
1.04488
1.05565
1.067
1.07832
1.08951
1.10048
1.11104
1.12149
1.13179
1.14177
1.15179
1.16189
1.17178
1.18149
1.19115
1.20087
1.21059
1.22025
1.22986
1.23939
1.2487
1.25799
1.26716
1.27643
1.28579
1.29513
1.30425
1.31307
1.32154
1.32988
1.33812
1.34628
1.35398
1.36146
1.36817
1.37467
1.38084
1.38724
1.39459
1.40187
1.40973
1.09628
1.1798
1.24407
1.2887
1.23827
1.1611
1.06172
0.984882
0.980726
0.929553
0.841287
0.736607
0.626266
0.561061
0.510418
0.507065
0.504748
0.488918
0.457344
0.406323
0.349752
0.291875
0.253816
0.211415
0.187831
0.15525
0.140372
0.115924
0.108531
0.0881606
0.0896622
0.107607
0.172581
0.275778
0.415259
0.595752
0.757058
0.885275
0.977109
1.02693
1.0713
1.09011
1.0961
1.10111
1.10263
1.09954
1.10599
1.11061
1.10891
1.10318
1.1014
1.09958
1.0978
1.10149
1.10539
1.10881
1.11234
1.11683
1.12241
1.12897
1.13626
1.14397
1.15208
1.16068
1.1696
1.17851
1.18754
1.19635
1.205
1.21381
1.22281
1.23176
1.2407
1.24968
1.25856
1.2675
1.27652
1.28569
1.29492
1.30404
1.3132
1.322
1.33057
1.33912
1.34777
1.35646
1.36491
1.37327
1.38152
1.38964
1.39763
1.40514
1.41237
1.41872
1.42491
1.43102
1.4374
1.44462
1.45218
1.46039
1.09726
1.18772
1.25494
1.31815
1.32881
1.30597
1.27419
1.25744
1.27256
1.2735
1.20708
1.11978
1.01766
0.925161
0.852794
0.826969
0.803572
0.771738
0.728557
0.674733
0.620057
0.560995
0.514039
0.462483
0.426281
0.382967
0.354153
0.317666
0.295709
0.27995
0.284931
0.321814
0.415901
0.568032
0.760995
0.942
1.06825
1.17665
1.25538
1.30064
1.33214
1.33473
1.32681
1.30915
1.28484
1.25798
1.23387
1.22364
1.21109
1.19707
1.18839
1.17875
1.16851
1.16586
1.16312
1.16426
1.16555
1.16768
1.17036
1.17401
1.1788
1.18525
1.19199
1.19905
1.20637
1.21379
1.22143
1.22947
1.23763
1.24592
1.25425
1.26245
1.27072
1.27916
1.2878
1.29672
1.30576
1.31485
1.32398
1.33288
1.34158
1.35012
1.35873
1.36741
1.37599
1.38447
1.39272
1.40064
1.40846
1.41628
1.42408
1.43159
1.43864
1.44503
1.45115
1.45733
1.46376
1.4708
1.4788
1.48731
1.07596
1.17575
1.25372
1.31076
1.36033
1.36618
1.37553
1.37888
1.39266
1.42099
1.44283
1.39945
1.34452
1.27997
1.22047
1.16265
1.13913
1.10839
1.06559
1.01089
0.949254
0.881413
0.821488
0.758896
0.711317
0.660133
0.619224
0.574188
0.540582
0.497811
0.496923
0.552751
0.68741
0.864428
1.04807
1.18762
1.29962
1.39016
1.45436
1.49457
1.52506
1.52695
1.51639
1.496
1.46289
1.41696
1.35823
1.3053
1.24859
1.23934
1.23494
1.22657
1.21858
1.20796
1.19843
1.19179
1.19397
1.19602
1.19845
1.20093
1.20385
1.20793
1.21294
1.21896
1.22589
1.23302
1.24029
1.24795
1.25542
1.26281
1.2705
1.27839
1.28642
1.29473
1.30333
1.31204
1.32083
1.32946
1.33817
1.34701
1.35581
1.36455
1.37325
1.38185
1.39033
1.3986
1.40668
1.41449
1.42223
1.43002
1.43786
1.4453
1.45235
1.45857
1.46455
1.47064
1.47701
1.48396
1.49225
1.50095
1.06657
1.15403
1.23938
1.30016
1.35415
1.37641
1.40498
1.42697
1.45885
1.48783
1.52043
1.54469
1.5196
1.48782
1.45558
1.42866
1.41051
1.41022
1.39937
1.36071
1.30745
1.24047
1.17358
1.10423
1.04485
0.987408
0.93259
0.871242
0.830293
0.758524
0.74322
0.81155
0.942221
1.09951
1.2372
1.35349
1.44767
1.52257
1.57202
1.6143
1.63992
1.64572
1.64029
1.62558
1.59999
1.56408
1.51561
1.45191
1.37266
1.3088
1.24484
1.24714
1.24456
1.23942
1.22981
1.22184
1.21471
1.21246
1.21606
1.21949
1.22158
1.22397
1.22753
1.23304
1.24037
1.24772
1.25491
1.26085
1.26736
1.27462
1.28235
1.29028
1.29858
1.30667
1.31473
1.32302
1.33148
1.33992
1.34839
1.35698
1.36565
1.37433
1.38283
1.39131
1.39966
1.40785
1.41568
1.42322
1.43068
1.43821
1.4459
1.45324
1.46026
1.46657
1.47274
1.47899
1.4855
1.49257
1.50105
1.50996
1.06413
1.13799
1.2148
1.28334
1.33631
1.37023
1.40498
1.43098
1.46246
1.50599
1.54341
1.58263
1.60594
1.59579
1.58326
1.57104
1.56599
1.57268
1.58019
1.58078
1.55258
1.51592
1.47493
1.43075
1.38484
1.33661
1.28381
1.22804
1.15535
1.08951
1.02725
1.05563
1.13344
1.24126
1.34172
1.4394
1.52058
1.5817
1.63291
1.68449
1.69904
1.70331
1.70292
1.69576
1.68588
1.66776
1.6361
1.59092
1.53122
1.44589
1.36161
1.27667
1.24819
1.25437
1.25299
1.2497
1.24232
1.2336
1.23329
1.23518
1.23788
1.24119
1.24519
1.24985
1.25513
1.26079
1.26682
1.27312
1.27957
1.28628
1.29346
1.30109
1.30907
1.31726
1.32552
1.33377
1.34195
1.34995
1.35797
1.36612
1.37441
1.38283
1.3914
1.39988
1.40817
1.41614
1.42362
1.43089
1.43812
1.4455
1.45295
1.46003
1.46701
1.47334
1.47952
1.48576
1.49228
1.49941
1.50809
1.51722
1.06561
1.13022
1.19863
1.26454
1.31177
1.35521
1.39178
1.42309
1.45747
1.49725
1.54461
1.58447
1.62392
1.64293
1.64224
1.64616
1.64831
1.65414
1.66593
1.67838
1.68873
1.6701
1.64639
1.61861
1.58883
1.55752
1.52049
1.4789
1.40509
1.29092
1.22235
1.1916
1.24457
1.31648
1.39926
1.47371
1.54454
1.60391
1.64497
1.66928
1.69483
1.72118
1.72874
1.72965
1.72988
1.72443
1.71016
1.69079
1.65363
1.6002
1.52868
1.42469
1.34551
1.25725
1.2601
1.2651
1.2674
1.26546
1.2608
1.25837
1.25641
1.25819
1.26211
1.26634
1.2708
1.2752
1.27993
1.28537
1.29195
1.29935
1.30668
1.31452
1.32183
1.32913
1.33683
1.34459
1.35232
1.3601
1.36807
1.37625
1.38451
1.39286
1.40097
1.40906
1.41719
1.42513
1.43262
1.43979
1.44685
1.45403
1.46114
1.46812
1.47476
1.48085
1.48684
1.493
1.49952
1.50679
1.51578
1.52526
1.07386
1.13032
1.19041
1.24974
1.29616
1.34071
1.3731
1.40877
1.44561
1.48545
1.53013
1.57519
1.61379
1.65095
1.661
1.67044
1.68077
1.6908
1.70473
1.71927
1.73485
1.74982
1.73905
1.7247
1.70766
1.68355
1.65614
1.6008
1.51092
1.36582
1.21761
1.24317
1.28352
1.33461
1.39817
1.45779
1.51663
1.56344
1.59811
1.63052
1.65959
1.68303
1.70321
1.72406
1.74662
1.74897
1.7426
1.74158
1.7253
1.70688
1.66803
1.60813
1.52299
1.41251
1.31728
1.2626
1.27651
1.28853
1.28695
1.28366
1.27984
1.27721
1.27884
1.2817
1.28551
1.28985
1.29512
1.30124
1.3079
1.31522
1.32157
1.32794
1.3343
1.34095
1.34818
1.35539
1.36284
1.37054
1.37833
1.38618
1.39418
1.40233
1.41064
1.41908
1.42733
1.43535
1.44291
1.45005
1.45694
1.46381
1.47056
1.47727
1.48354
1.48946
1.4954
1.50152
1.50804
1.51534
1.52445
1.53415
1.08798
1.13638
1.18874
1.23992
1.28951
1.32581
1.36219
1.39531
1.42918
1.46715
1.50777
1.55423
1.5951
1.63539
1.66195
1.67514
1.68866
1.70104
1.71669
1.73648
1.75368
1.77301
1.78719
1.77892
1.76703
1.74904
1.7154
1.64113
1.51723
1.36514
1.22275
1.24369
1.27782
1.32801
1.37814
1.43261
1.4754
1.51741
1.55588
1.58891
1.61556
1.64336
1.67012
1.69644
1.71641
1.73344
1.74814
1.76206
1.76217
1.76405
1.75225
1.72454
1.67714
1.60529
1.49004
1.39962
1.29152
1.29447
1.30322
1.3097
1.30666
1.30414
1.30323
1.3056
1.30856
1.31254
1.31732
1.32244
1.3273
1.33261
1.33847
1.34447
1.35075
1.35723
1.36402
1.37123
1.37865
1.38631
1.39387
1.40155
1.40939
1.41738
1.42544
1.43356
1.44147
1.44901
1.456
1.46257
1.46897
1.47525
1.48146
1.48765
1.49355
1.49931
1.50514
1.51116
1.51761
1.52492
1.53407
1.544
1.10567
1.14892
1.19456
1.24059
1.28607
1.32151
1.35779
1.38554
1.41534
1.44981
1.48769
1.53097
1.57555
1.61092
1.64814
1.66649
1.68299
1.70066
1.71804
1.73371
1.7545
1.77279
1.79362
1.80632
1.7953
1.77065
1.71225
1.60267
1.42362
1.25863
1.21179
1.23429
1.26671
1.30367
1.34394
1.38658
1.42914
1.46897
1.50455
1.53677
1.56778
1.59807
1.62754
1.65191
1.67419
1.69992
1.72731
1.7508
1.77511
1.79372
1.78819
1.7826
1.76652
1.73366
1.67906
1.5977
1.47905
1.39099
1.30106
1.31185
1.32627
1.33809
1.3387
1.33713
1.33571
1.33886
1.34224
1.34707
1.35198
1.35598
1.3602
1.36507
1.37075
1.37735
1.38421
1.39143
1.39888
1.40652
1.41439
1.42232
1.43023
1.43777
1.44488
1.45204
1.45928
1.46624
1.47283
1.47879
1.48458
1.4903
1.496
1.50171
1.50735
1.51302
1.51881
1.52484
1.53137
1.53879
1.54815
1.55831
1.12821
1.16501
1.20563
1.24541
1.2865
1.32048
1.35512
1.38117
1.40929
1.43963
1.47229
1.50889
1.55251
1.58977
1.61961
1.64981
1.67217
1.69014
1.70715
1.72587
1.74542
1.76583
1.78297
1.80225
1.78826
1.7459
1.65225
1.473
1.34138
1.19411
1.20637
1.22433
1.24877
1.27824
1.31221
1.35042
1.38782
1.42538
1.46116
1.4947
1.52808
1.55995
1.58874
1.61445
1.6427
1.67128
1.70068
1.72628
1.75019
1.77047
1.79246
1.80717
1.80425
1.80282
1.78928
1.7469
1.68327
1.59072
1.47162
1.36062
1.33668
1.35458
1.37081
1.37291
1.37094
1.37041
1.37184
1.37387
1.37886
1.38339
1.38711
1.39109
1.39563
1.40106
1.4079
1.41525
1.423
1.43024
1.43729
1.44408
1.45097
1.45791
1.46461
1.47129
1.47802
1.48454
1.49085
1.49655
1.502
1.5074
1.5128
1.51824
1.52374
1.52936
1.53514
1.54118
1.54772
1.55517
1.56462
1.57489
1.15204
1.18353
1.22031
1.25592
1.29315
1.32494
1.3543
1.38303
1.40756
1.43365
1.46264
1.49507
1.53042
1.57115
1.60194
1.6306
1.65635
1.67674
1.69842
1.71759
1.73541
1.7561
1.77815
1.7712
1.74533
1.67333
1.53036
1.36754
1.21568
1.19259
1.20111
1.21477
1.23399
1.25841
1.28698
1.31907
1.35307
1.38847
1.42379
1.45855
1.49249
1.52616
1.55555
1.58612
1.61638
1.64959
1.67179
1.69561
1.72058
1.74792
1.77497
1.79649
1.81689
1.83665
1.84155
1.82838
1.81075
1.76266
1.68703
1.5629
1.47195
1.36913
1.37886
1.39526
1.40929
1.41081
1.40881
1.40862
1.41074
1.41375
1.41766
1.42209
1.42576
1.43021
1.43576
1.44256
1.4501
1.45807
1.4652
1.47107
1.4768
1.48257
1.48843
1.49469
1.50104
1.50714
1.51297
1.51817
1.52306
1.52782
1.5326
1.53751
1.5426
1.54793
1.55357
1.55958
1.56618
1.57377
1.58346
1.59398
1.17876
1.20466
1.23731
1.27
1.3039
1.33197
1.35855
1.38594
1.40745
1.43097
1.45701
1.4863
1.51953
1.55656
1.58571
1.61241
1.63805
1.66746
1.68798
1.70458
1.72562
1.74077
1.75211
1.73182
1.67214
1.55993
1.39132
1.24417
1.19171
1.19479
1.20078
1.21111
1.22611
1.24568
1.26959
1.29729
1.32827
1.36135
1.39545
1.43053
1.46525
1.49773
1.5302
1.56242
1.59719
1.62115
1.64672
1.67314
1.70224
1.73104
1.7567
1.784
1.81125
1.83679
1.86122
1.86724
1.87016
1.86288
1.83066
1.77147
1.68439
1.56288
1.45688
1.40165
1.41716
1.4326
1.45194
1.44943
1.44766
1.4477
1.44876
1.45085
1.456
1.46182
1.46757
1.47349
1.47995
1.48688
1.49369
1.50041
1.50545
1.51015
1.51508
1.5203
1.52598
1.53147
1.53702
1.54194
1.54656
1.55112
1.55576
1.56053
1.56547
1.57066
1.57615
1.58206
1.58861
1.59619
1.606
1.61663
1.20411
1.22563
1.25461
1.28598
1.31716
1.34332
1.3662
1.391
1.41175
1.43196
1.45462
1.48062
1.51217
1.54567
1.57716
1.6037
1.62824
1.65806
1.6773
1.69905
1.71961
1.72068
1.70648
1.6584
1.55936
1.3965
1.25594
1.19496
1.19736
1.20095
1.20633
1.21437
1.22593
1.24176
1.26217
1.28676
1.31466
1.3449
1.37701
1.41071
1.44483
1.47755
1.51109
1.54561
1.57235
1.60072
1.63056
1.66035
1.68973
1.71826
1.74566
1.77377
1.80123
1.829
1.8553
1.87818
1.90573
1.90547
1.90252
1.88572
1.84381
1.77536
1.65974
1.56072
1.44506
1.45016
1.46244
1.47563
1.49155
1.48741
1.48482
1.48558
1.48662
1.49142
1.49855
1.50518
1.51088
1.51684
1.52199
1.52748
1.53326
1.53758
1.54152
1.54572
1.55025
1.55532
1.56048
1.56557
1.5707
1.57558
1.58046
1.58537
1.59035
1.59552
1.60097
1.60686
1.61343
1.62109
1.63111
1.64199
1.23123
1.2489
1.27336
1.30278
1.33062
1.35799
1.37687
1.39845
1.42031
1.43621
1.45536
1.47816
1.50649
1.53731
1.57005
1.59771
1.62177
1.64887
1.67336
1.69914
1.7038
1.68862
1.64458
1.55284
1.39442
1.25376
1.18552
1.19557
1.20239
1.20978
1.21601
1.22343
1.23328
1.24642
1.26374
1.2845
1.30935
1.33711
1.36801
1.39967
1.43153
1.46544
1.49994
1.52749
1.55708
1.58958
1.62109
1.65182
1.68114
1.70879
1.73723
1.76573
1.79324
1.82055
1.84594
1.87316
1.89987
1.92202
1.93786
1.94312
1.93182
1.90555
1.85388
1.77468
1.65366
1.56657
1.47528
1.48719
1.50703
1.51987
1.52736
1.52364
1.52233
1.52361
1.52751
1.53452
1.54075
1.54771
1.55128
1.5552
1.55936
1.56293
1.5664
1.57021
1.57475
1.58023
1.58563
1.59133
1.5969
1.60196
1.60686
1.61177
1.61658
1.6216
1.62692
1.63272
1.63924
1.64692
1.65719
1.66837
1.2511
1.26718
1.28832
1.31718
1.34337
1.37487
1.39081
1.41042
1.4333
1.44593
1.46097
1.48019
1.50481
1.53239
1.56255
1.59213
1.61817
1.64608
1.67096
1.69019
1.67532
1.63569
1.55039
1.39466
1.26324
1.17082
1.18377
1.1962
1.20937
1.21918
1.2274
1.23615
1.24613
1.25818
1.27303
1.29148
1.31339
1.33849
1.36603
1.39523
1.42721
1.45956
1.48823
1.51862
1.55072
1.58274
1.61561
1.64444
1.67412
1.70429
1.73212
1.75988
1.78826
1.81527
1.8431
1.86962
1.89773
1.92527
1.94769
1.97094
1.97013
1.97049
1.95233
1.9167
1.86036
1.77638
1.65925
1.55115
1.52082
1.5272
1.541
1.55497
1.55965
1.56035
1.56172
1.56459
1.56966
1.57635
1.58216
1.58674
1.5889
1.59085
1.5933
1.59633
1.60051
1.60608
1.61145
1.61732
1.62217
1.62666
1.63117
1.63578
1.64059
1.64577
1.65142
1.65769
1.66474
1.67299
1.68379
1.6956
1.27951
1.29209
1.30859
1.33273
1.35861
1.38803
1.40659
1.42556
1.44801
1.46129
1.47294
1.48869
1.50978
1.5344
1.56122
1.58534
1.61616
1.64223
1.66921
1.65851
1.62594
1.54885
1.39407
1.27556
1.15818
1.17086
1.18459
1.19992
1.21581
1.22952
1.24059
1.25117
1.26209
1.27393
1.28734
1.30312
1.32146
1.34292
1.36728
1.39456
1.42333
1.45325
1.48459
1.51743
1.54964
1.58249
1.61134
1.64104
1.67123
1.7006
1.72952
1.75699
1.78512
1.8127
1.83924
1.86426
1.89074
1.91615
1.93924
1.96156
1.9789
1.9958
1.99647
1.99654
1.97898
1.93223
1.86636
1.75263
1.65556
1.55252
1.55887
1.5677
1.57927
1.59385
1.59448
1.59599
1.59656
1.60219
1.60741
1.61264
1.61591
1.61762
1.61941
1.62165
1.62543
1.63123
1.63698
1.64261
1.64704
1.65103
1.65514
1.65952
1.6643
1.66962
1.67567
1.68247
1.69018
1.69914
1.71078
1.72351
1.31942
1.30633
1.32299
1.34526
1.372
1.39656
1.42461
1.44222
1.46468
1.47834
1.48942
1.50309
1.52131
1.54257
1.56906
1.5869
1.61383
1.63397
1.64503
1.61622
1.54525
1.40105
1.27378
1.14964
1.15924
1.17205
1.18715
1.2044
1.22185
1.23873
1.25349
1.266
1.27826
1.29089
1.30442
1.31943
1.33657
1.35609
1.37838
1.4029
1.43012
1.45933
1.48993
1.52071
1.55167
1.58311
1.61423
1.64364
1.67342
1.70206
1.7308
1.75735
1.78428
1.81164
1.8394
1.86611
1.89215
1.91347
1.93467
1.95614
1.97674
1.99633
2.01412
2.03034
2.02808
2.01904
1.99887
1.95013
1.87008
1.74788
1.65014
1.57758
1.58033
1.60092
1.61368
1.62751
1.62852
1.62945
1.63245
1.63571
1.63904
1.64125
1.64291
1.64486
1.64779
1.65279
1.65851
1.66408
1.66915
1.67341
1.67782
1.68249
1.6876
1.69311
1.69931
1.70625
1.71412
1.72327
1.73524
1.74841
1.38308
1.34331
1.34417
1.3616
1.38488
1.40804
1.43617
1.45528
1.47614
1.50074
1.50843
1.51882
1.5343
1.55282
1.5784
1.59559
1.61172
1.61913
1.59783
1.53831
1.41175
1.2752
1.1449
1.15146
1.16193
1.17682
1.19394
1.21205
1.23072
1.24963
1.26811
1.2857
1.30073
1.31539
1.3303
1.34586
1.36246
1.38061
1.40059
1.42268
1.44673
1.47276
1.50036
1.52919
1.55929
1.58916
1.61866
1.64734
1.67571
1.70308
1.73049
1.75708
1.78361
1.81078
1.83895
1.86606
1.89082
1.91129
1.93077
1.95063
1.97094
1.99134
2.0153
2.03829
2.05166
2.06342
2.0617
2.05577
2.02462
1.95831
1.83933
1.7341
1.61371
1.61593
1.62509
1.63966
1.65581
1.66311
1.6633
1.66336
1.66368
1.66425
1.66454
1.66605
1.66985
1.67511
1.68068
1.6865
1.69203
1.69662
1.70124
1.70593
1.71115
1.71663
1.72278
1.72976
1.73768
1.74685
1.75906
1.77251
1.49184
1.39031
1.37011
1.38349
1.40076
1.42207
1.44299
1.46803
1.48933
1.51364
1.53136
1.53672
1.54752
1.56646
1.58696
1.60704
1.60828
1.5859
1.52913
1.42271
1.27656
1.14364
1.14827
1.15719
1.17166
1.18907
1.20747
1.22708
1.24759
1.26873
1.2899
1.30978
1.32717
1.34321
1.35885
1.3744
1.39036
1.407
1.42491
1.44438
1.46565
1.48861
1.51324
1.53918
1.56619
1.59397
1.62183
1.6497
1.67678
1.70371
1.73003
1.75574
1.78128
1.80819
1.83525
1.8623
1.88448
1.90706
1.92868
1.95021
1.96802
1.98682
2.00602
2.02682
2.04997
2.0743
2.09446
2.10559
2.10369
2.07754
2.02022
1.93837
1.8113
1.71801
1.633
1.6409
1.66188
1.67482
1.68998
1.69001
1.68924
1.68842
1.68793
1.68811
1.69029
1.69695
1.70284
1.70977
1.71544
1.72037
1.72512
1.72974
1.73504
1.74072
1.74673
1.75363
1.76156
1.77067
1.783
1.79641
1.83044
1.44062
1.41279
1.39721
1.41198
1.43357
1.45413
1.47979
1.4993
1.51958
1.54409
1.55148
1.56132
1.57837
1.59361
1.6094
1.58274
1.52536
1.42121
1.27807
1.14273
1.1468
1.15596
1.17148
1.18888
1.20746
1.22657
1.24646
1.2673
1.28852
1.31001
1.33105
1.35099
1.36887
1.38546
1.40118
1.41673
1.43271
1.44932
1.46692
1.48571
1.50597
1.52754
1.55066
1.57492
1.60046
1.62656
1.653
1.67944
1.70583
1.73138
1.75728
1.78339
1.81022
1.83611
1.86077
1.88581
1.90916
1.93033
1.95164
1.96895
1.98721
2.00669
2.02696
2.0485
2.07525
2.09806
2.12351
2.13311
2.12915
2.11526
2.07509
2.01309
1.91525
1.79951
1.69132
1.68149
1.68077
1.696
1.70658
1.71674
1.71441
1.71249
1.71153
1.71136
1.71686
1.72468
1.73254
1.74036
1.74534
1.75037
1.7545
1.75962
1.7658
1.77178
1.77847
1.78629
1.79521
1.80742
1.82082
2.10234
1.64087
1.47411
1.43321
1.43124
1.44778
1.46846
1.49016
1.5115
1.5296
1.55034
1.56704
1.57447
1.58687
1.59738
1.57711
1.52485
1.42242
1.27899
1.13878
1.14287
1.15328
1.17103
1.19019
1.20802
1.22639
1.24565
1.26614
1.28689
1.30794
1.32928
1.35045
1.37138
1.39107
1.40906
1.42588
1.44186
1.45793
1.47424
1.49097
1.50847
1.52686
1.54653
1.56724
1.58928
1.61225
1.63625
1.66077
1.68548
1.71052
1.73461
1.75938
1.7853
1.81093
1.83649
1.86169
1.88574
1.90943
1.92738
1.946
1.96517
1.98501
2.00566
2.02605
2.04805
2.07048
2.09664
2.11964
2.13936
2.15624
2.1553
2.145
2.1223
2.07384
1.999
1.87816
1.79204
1.69974
1.70563
1.71559
1.72527
1.73789
1.73972
1.73923
1.73879
1.74053
1.74782
1.75562
1.76403
1.77038
1.77534
1.77982
1.78488
1.79124
1.79811
1.80464
1.81195
1.82068
1.83229
1.84471
2.34003
1.9982
1.56823
1.47597
1.45491
1.4674
1.48461
1.50418
1.52876
1.54119
1.56002
1.58018
1.58709
1.59025
1.56992
1.51719
1.41686
1.27319
1.13023
1.13465
1.1457
1.16707
1.18812
1.20646
1.22392
1.24231
1.26208
1.28287
1.30381
1.32508
1.34656
1.3681
1.38943
1.40999
1.43015
1.44835
1.4663
1.48236
1.49841
1.5147
1.53111
1.54813
1.56589
1.58459
1.60429
1.62484
1.64617
1.66807
1.69051
1.7134
1.73658
1.76015
1.78411
1.80882
1.8348
1.85978
1.88373
1.90679
1.92483
1.94356
1.96276
1.98258
2.00313
2.02473
2.04888
2.07194
2.09609
2.11577
2.13809
2.15683
2.17965
2.17612
2.17262
2.1547
2.12332
2.06621
1.98508
1.86736
1.77407
1.72741
1.73101
1.74579
1.7549
1.76585
1.76799
1.77045
1.77317
1.77879
1.78545
1.7925
1.79955
1.80523
1.81095
1.81725
1.82414
1.83099
1.83736
1.84508
1.8565
1.86931
2.77696
2.25591
1.89158
1.53916
1.49768
1.47855
1.49392
1.51216
1.53316
1.55334
1.57315
1.59121
1.59488
1.56915
1.512
1.40743
1.25967
1.11483
1.12025
1.13331
1.15779
1.18061
1.20031
1.21817
1.23693
1.25673
1.27732
1.29831
1.31961
1.34112
1.36287
1.38463
1.40632
1.42768
1.44852
1.46862
1.48793
1.50547
1.52216
1.53791
1.55383
1.57006
1.58675
1.60407
1.62201
1.64061
1.65974
1.67957
1.69994
1.72107
1.74278
1.7652
1.78834
1.81308
1.83786
1.86228
1.88622
1.90679
1.92707
1.94653
1.96539
1.98434
2.00406
2.02493
2.04795
2.06995
2.09193
2.11211
2.13182
2.15382
2.17273
2.19153
2.19967
2.19609
2.19345
2.17149
2.12789
2.06183
1.94862
1.8663
1.77206
1.77002
1.76641
1.78096
1.78979
1.8015
1.80378
1.80728
1.8102
1.8159
1.82358
1.83156
1.8391
1.8455
1.85126
1.85701
1.86298
1.87013
1.88103
1.89386
2.86399
2.6445
2.14805
1.74189
1.55038
1.51113
1.50757
1.52095
1.53666
1.56093
1.57991
1.59454
1.57004
1.51168
1.40182
1.24751
1.09614
1.10348
1.11916
1.14651
1.17233
1.19244
1.21134
1.23099
1.2517
1.27298
1.29458
1.31611
1.33749
1.35852
1.37963
1.40089
1.42218
1.44364
1.46501
1.48615
1.50669
1.52561
1.54298
1.55891
1.57478
1.5908
1.60702
1.62347
1.64019
1.65729
1.67437
1.69187
1.70992
1.72871
1.74844
1.76912
1.79142
1.81531
1.83904
1.86307
1.88566
1.90717
1.92708
1.94712
1.96519
1.98383
2.00326
2.02432
2.04607
2.06869
2.09072
2.11285
2.13143
2.14856
2.16647
2.18355
2.20016
2.21363
2.2263
2.22299
2.21434
2.18734
2.13715
2.0655
1.95259
1.87232
1.79211
1.79825
1.80813
1.82101
1.8374
1.84028
1.84335
1.84691
1.85305
1.86106
1.86842
1.87581
1.87992
1.88374
1.88859
1.89442
1.90496
1.91796
2.94874
2.78981
2.418
2.10884
1.67765
1.57089
1.54103
1.53945
1.55716
1.57242
1.58946
1.56667
1.50833
1.39517
1.23436
1.07765
1.0863
1.10399
1.13378
1.16187
1.18056
1.19964
1.21997
1.24219
1.26491
1.28807
1.31019
1.33173
1.35253
1.3732
1.3939
1.4148
1.43599
1.45747
1.47913
1.50082
1.52215
1.54227
1.56107
1.57799
1.59452
1.61115
1.62772
1.64342
1.65915
1.67487
1.69082
1.70681
1.72328
1.74044
1.75855
1.77785
1.79854
1.82128
1.84418
1.86716
1.89006
1.91057
1.93119
1.9504
1.96986
1.98963
2.0103
2.03333
2.05526
2.07765
2.0974
2.11693
2.13553
2.15437
2.17137
2.18963
2.20779
2.22427
2.24017
2.25404
2.25623
2.25252
2.23895
2.2103
2.16288
2.04432
1.95776
1.84789
1.84489
1.84125
1.85981
1.87157
1.88552
1.88792
1.89075
1.89516
1.9006
1.90599
1.91058
1.91312
1.91672
1.92171
1.93238
1.94617
3.00179
2.91348
2.82054
2.33551
2.01141
1.6245
1.57721
1.55943
1.57468
1.58345
1.56096
1.50044
1.38147
1.21389
1.05548
1.06843
1.09156
1.12368
1.15337
1.17027
1.18815
1.20751
1.22883
1.25201
1.27585
1.2997
1.3228
1.34465
1.3659
1.38666
1.4075
1.42854
1.44993
1.47146
1.49329
1.51487
1.5365
1.55737
1.57685
1.59551
1.6125
1.62991
1.64739
1.66433
1.6804
1.69479
1.70926
1.72393
1.7391
1.75497
1.77179
1.78981
1.80925
1.83064
1.85229
1.87435
1.89543
1.91614
1.93589
1.95565
1.97559
1.99599
2.01758
2.04039
2.0623
2.08504
2.1037
2.12173
2.14054
2.15886
2.1774
2.19579
2.21094
2.22602
2.24178
2.25815
2.27459
2.28509
2.29289
2.28905
2.28307
2.22878
2.14763
2.03142
1.95523
1.8803
1.88508
1.88964
1.90708
1.91867
1.93394
1.93644
1.93882
1.94253
1.94579
1.94828
1.9508
1.95435
1.96303
1.97721
3.00672
3.0095
2.85515
2.78124
2.28351
1.88305
1.63513
1.597
1.59397
1.56521
1.49786
1.36883
1.19194
1.02407
1.04224
1.07642
1.11052
1.14346
1.15764
1.17372
1.19223
1.21315
1.23641
1.26038
1.28473
1.30883
1.33194
1.3542
1.37607
1.39748
1.41894
1.44055
1.4624
1.48446
1.5066
1.52853
1.55051
1.57192
1.59266
1.61232
1.63084
1.64958
1.66916
1.68711
1.70517
1.71898
1.73276
1.74685
1.76145
1.77687
1.79315
1.81063
1.82955
1.84982
1.87028
1.89103
1.91162
1.93152
1.95137
1.97132
1.99155
2.01235
2.03452
2.05713
2.07902
2.10028
2.11907
2.13647
2.15392
2.17175
2.18842
2.20556
2.21893
2.23171
2.2442
2.25389
2.26557
2.28034
2.29557
2.31499
2.30599
2.29545
2.25805
2.19537
2.0887
2.01549
1.92975
1.90725
1.91329
1.92242
1.93832
1.95371
1.96532
1.97098
1.976
1.97969
1.98298
1.98695
1.99493
2.00941
3.01145
3.00929
2.96378
2.85135
2.57487
2.15655
1.77801
1.64596
1.60031
1.51694
1.37124
1.18025
1.00642
1.02957
1.07083
1.10695
1.14109
1.15382
1.16817
1.18482
1.20423
1.22608
1.24939
1.27345
1.29798
1.32258
1.34642
1.36981
1.39257
1.41537
1.43777
1.46034
1.48275
1.50524
1.52766
1.54988
1.57217
1.59397
1.6153
1.6361
1.65583
1.67568
1.69669
1.71704
1.73671
1.75266
1.76606
1.77976
1.79405
1.80908
1.82499
1.84207
1.86094
1.87994
1.89949
1.91905
1.93863
1.95715
1.97597
1.99464
2.01346
2.03259
2.05228
2.07212
2.09081
2.10793
2.12198
2.13531
2.14866
2.16255
2.17546
2.18908
2.1994
2.20829
2.21665
2.22605
2.23684
2.24938
2.26511
2.28435
2.29297
2.29911
2.3038
2.2694
2.22914
2.17364
2.06509
1.98898
1.91027
1.9174
1.92215
1.94714
1.96463
1.98593
1.99451
2.0007
2.00608
2.01234
2.02181
2.03581
3.0124
3.01191
3.00371
2.94181
2.79667
2.45285
2.14423
1.77824
1.57426
1.38107
1.16246
0.966849
0.999733
1.05539
1.09863
1.13803
1.15004
1.16368
1.17953
1.19782
1.21835
1.24049
1.26356
1.28731
1.31153
1.33595
1.36021
1.38432
1.4084
1.43256
1.4566
1.48051
1.5042
1.52774
1.55132
1.57476
1.59833
1.62167
1.64445
1.66684
1.68829
1.70979
1.73241
1.75506
1.77636
1.79426
1.80773
1.82107
1.8346
1.8483
1.86197
1.8771
1.89242
1.90837
1.92328
1.93804
1.95226
1.96642
1.98048
1.99467
2.00881
2.02324
2.03847
2.05292
2.06712
2.08074
2.09233
2.10362
2.11514
2.12852
2.14186
2.15458
2.16527
2.17669
2.18738
2.19836
2.2107
2.22407
2.23866
2.25389
2.27302
2.28988
2.30722
2.30441
2.28456
2.25287
2.20425
2.09895
2.02176
1.93151
1.92806
1.92745
1.95085
1.96947
1.98798
2.00755
2.01847
2.02913
2.04475
2.05882
3.01265
3.01235
3.01024
3.00189
2.91051
2.82136
2.42497
2.06541
1.63561
1.22559
0.999715
1.04883
1.09338
1.13704
1.1571
1.17279
1.18236
1.1943
1.20926
1.22726
1.24779
1.26977
1.29291
1.31704
1.34215
1.36755
1.39369
1.41995
1.44638
1.4726
1.49874
1.52462
1.54983
1.57452
1.59799
1.62038
1.64245
1.66369
1.68396
1.70314
1.7208
1.7382
1.75632
1.77472
1.79149
1.80721
1.81715
1.82589
1.83528
1.8452
1.8563
1.86879
1.88155
1.89445
1.90594
1.91726
1.92875
1.94049
1.95215
1.96425
1.97692
1.99023
2.00419
2.01813
2.0319
2.04523
2.05727
2.06923
2.08165
2.09551
2.10983
2.12375
2.13631
2.14827
2.15928
2.17112
2.18355
2.19666
2.21019
2.22313
2.23676
2.25517
2.26904
2.28587
2.28076
2.26248
2.24308
2.19018
2.11371
2.04304
1.97307
1.91487
1.92496
1.94444
1.96287
1.98155
1.99495
2.00974
2.02528
2.04461
3.01267
3.0128
3.01546
3.01111
3.01436
2.81968
2.59746
1.9349
1.3333
0.900411
0.966569
1.0724
1.15204
1.19682
1.20731
1.21876
1.2323
1.24695
1.26367
1.28271
1.30312
1.32415
1.34657
1.36937
1.39227
1.41509
1.43763
1.45996
1.48177
1.50317
1.52381
1.54336
1.5622
1.58068
1.59887
1.61659
1.63421
1.65146
1.66863
1.6848
1.70016
1.71564
1.73166
1.74937
1.76526
1.78154
1.79202
1.80119
1.81104
1.82155
1.83349
1.84569
1.85841
1.86964
1.87941
1.88954
1.89972
1.91024
1.92106
1.93234
1.94392
1.95589
1.96789
1.98033
1.99281
2.00478
2.01577
2.02504
2.03613
2.04765
2.06035
2.07289
2.0821
2.09047
2.09917
2.10831
2.11785
2.12772
2.1377
2.1481
2.15896
2.17109
2.18247
2.19665
2.20758
2.21037
2.19901
2.17636
2.14001
2.09883
2.01415
1.94743
1.88525
1.90051
1.91639
1.93769
1.96179
1.98645
1.98982
1.99742
3.01265
3.0126
3.01216
3.00859
2.97384
2.81524
2.29648
1.37992
0.504091
0.571425
0.707657
0.840656
0.928356
0.995336
1.04114
1.078
1.11004
1.14175
1.17184
1.20011
1.22659
1.25252
1.27785
1.30271
1.3275
1.35251
1.37748
1.40211
1.42586
1.44934
1.4719
1.49364
1.51449
1.5344
1.5538
1.57235
1.59052
1.60815
1.6249
1.64125
1.65644
1.67121
1.68627
1.70238
1.717
1.73145
1.74169
1.75002
1.7588
1.7682
1.77922
1.78973
1.80078
1.80875
1.81554
1.82259
1.83003
1.83757
1.84555
1.85366
1.86188
1.87062
1.87904
1.88713
1.89558
1.9046
1.91382
1.92118
1.92987
1.93909
1.94857
1.95799
1.96762
1.97667
1.98592
1.99578
2.00622
2.01729
2.0289
2.04132
2.05423
2.06804
2.08206
2.09815
2.11289
2.12466
2.13465
2.1304
2.10399
2.08414
2.04926
1.96002
1.90071
1.84311
1.85437
1.87314
1.89616
1.91457
1.9261
1.91819
3.01265
3.01262
3.01231
3.00977
2.98019
2.84424
2.33319
1.3467
0.340272
0.392576
0.449857
0.518689
0.597327
0.675975
0.749202
0.813512
0.870808
0.922761
0.969152
1.00973
1.04943
1.0855
1.11861
1.14995
1.17987
1.20852
1.2361
1.26326
1.28844
1.31214
1.33473
1.35596
1.37633
1.39538
1.4139
1.43131
1.44822
1.46418
1.47926
1.4936
1.50731
1.52106
1.5351
1.54976
1.56357
1.57691
1.58765
1.59739
1.60736
1.61795
1.63012
1.64128
1.65283
1.66046
1.66784
1.67549
1.68336
1.6915
1.69998
1.70864
1.71762
1.7275
1.73695
1.74692
1.75793
1.76928
1.78101
1.79292
1.80538
1.81801
1.83197
1.84612
1.86091
1.87494
1.88901
1.90333
1.91792
1.93292
1.94832
1.9643
1.98125
1.99826
2.01598
2.03359
2.05011
2.06835
2.08188
2.09801
2.09286
2.07599
2.05314
2.01342
1.93223
1.87603
1.80792
1.80837
1.81059
1.80587
1.7979
1.75997
3.01264
3.01262
3.01215
3.00957
2.97636
2.83144
2.29343
1.28148
0.274124
0.404873
0.43622
0.465777
0.499673
0.53714
0.575028
0.613309
0.652669
0.693238
0.734152
0.774689
0.814229
0.852532
0.889227
0.92409
0.958228
0.990879
1.02297
1.0535
1.08335
1.112
1.13939
1.16575
1.19111
1.21543
1.23894
1.26156
1.28332
1.30429
1.32426
1.34366
1.36233
1.38081
1.39951
1.41836
1.4365
1.45397
1.46952
1.48399
1.49849
1.51336
1.52914
1.54356
1.55719
1.56743
1.57708
1.58664
1.59631
1.60601
1.61584
1.62578
1.63618
1.6474
1.65849
1.6704
1.68314
1.69652
1.71052
1.72517
1.7403
1.75612
1.7727
1.78966
1.80699
1.82376
1.84067
1.85719
1.87406
1.8912
1.90878
1.92694
1.94544
1.96506
1.98432
2.002
2.01983
2.03509
2.05405
2.06852
2.08613
2.0814
2.06808
2.04337
2.01272
1.93095
1.8651
1.79838
1.76229
1.70607
1.63824
1.55255
3.01264
3.01263
3.01218
3.00981
2.9784
2.83992
2.31908
1.31009
0.31681
0.428142
0.442366
0.458069
0.483121
0.51557
0.548828
0.58123
0.613236
0.6458
0.679255
0.713125
0.746827
0.780336
0.813751
0.847007
0.879973
0.912605
0.944904
0.976747
1.00798
1.03835
1.06762
1.09593
1.12321
1.14956
1.17497
1.19957
1.22324
1.24615
1.26796
1.28905
1.30955
1.32971
1.34999
1.37018
1.38981
1.40857
1.42585
1.44227
1.45848
1.47501
1.49189
1.50753
1.52157
1.53271
1.54297
1.55308
1.5632
1.57284
1.58269
1.59274
1.60331
1.61453
1.62623
1.63867
1.65199
1.66612
1.681
1.69653
1.71265
1.72937
1.74694
1.76485
1.78299
1.80136
1.81885
1.8365
1.8542
1.87214
1.89034
1.90894
1.92812
1.94828
1.96781
1.98701
2.00503
2.01988
2.03539
2.05403
2.07035
2.08989
2.08741
2.07374
2.05138
2.01819
1.94111
1.84059
1.7393
1.62697
1.52397
1.41169
3.01264
3.01262
3.01216
3.00971
2.97749
2.83613
2.30763
1.29312
0.293463
0.426499
0.441706
0.456288
0.479298
0.508829
0.539275
0.569388
0.599827
0.63142
0.664287
0.697807
0.731237
0.764447
0.797424
0.830219
0.862844
0.895318
0.927682
0.959746
0.991363
1.02228
1.05211
1.08085
1.10864
1.13543
1.16127
1.18628
1.21023
1.23344
1.25552
1.27685
1.29765
1.31805
1.33854
1.3589
1.37876
1.39766
1.41537
1.43223
1.44888
1.46585
1.48296
1.49884
1.51302
1.52428
1.53466
1.54481
1.55498
1.56444
1.57416
1.58417
1.59471
1.60586
1.61758
1.63005
1.64339
1.65758
1.67254
1.68819
1.70446
1.7214
1.73936
1.75765
1.77632
1.79458
1.81294
1.83061
1.84857
1.86669
1.88517
1.90408
1.92355
1.94411
1.96394
1.98401
2.0007
2.01625
2.03106
2.04704
2.06583
2.08264
2.10242
2.09834
2.07685
2.05134
1.96946
1.85288
1.7037
1.53502
1.38428
1.35881
)
;

boundaryField
{
    inlet
    {
        type            calculated;
        value           uniform 3.01265;
    }
    outlet
    {
        type            calculated;
        value           nonuniform List<scalar> 
40
(
0.988911
1.19507
1.32394
1.40973
1.46039
1.48731
1.50095
1.50996
1.51722
1.52526
1.53415
1.544
1.55831
1.57489
1.59398
1.61663
1.64199
1.66837
1.6956
1.72351
1.74841
1.77251
1.79641
1.82082
1.84471
1.86931
1.89386
1.91796
1.94617
1.97721
2.00941
2.03581
2.05882
2.04461
1.99742
1.91819
1.75997
1.55255
1.41169
1.35881
)
;
    }
    bottom
    {
        type            symmetryPlane;
    }
    top
    {
        type            symmetryPlane;
    }
    obstacle
    {
        type            calculated;
        value           nonuniform List<scalar> 
110
(
0.0199299
0.0564406
0.0954727
0.13611
0.179074
0.22839
0.28419
0.357506
0.446722
0.628031
0.842279
0.405699
0.34195
0.252427
0.357008
0.27469
0.400139
0.596747
0.739742
0.805168
0.819903
0.812624
0.809297
0.815617
0.867887
0.925395
0.971703
0.994326
1.00113
0.99428
0.988127
0.984923
0.983939
0.985667
0.98748
0.991762
0.99616
1.00102
1.00423
1.00584
1.00641
0.994745
0.980308
0.952818
0.907376
0.854456
0.797014
0.731789
0.659212
0.591972
0.529993
0.465903
0.400711
0.338167
0.276526
0.224564
0.187673
0.126899
0.0708752
0.0275134
0.0351484
0.0782913
0.125339
0.168803
0.209898
0.248277
0.284442
0.318486
0.350699
0.3811
0.409686
0.436724
0.462536
0.487202
0.510652
0.532658
0.553552
0.573648
0.592939
0.611499
0.629256
0.646461
0.663122
0.679502
0.695661
0.711609
0.727313
0.742741
0.757716
0.772413
0.78649
0.800338
0.813652
0.826812
0.839504
0.852034
0.864016
0.87584
0.88713
0.898279
0.908837
0.919207
0.928738
0.938113
0.946791
0.955413
0.964091
0.973497
0.981254
0.988911
)
;
    }
    defaultFaces
    {
        type            empty;
    }
}


// ************************************************************************* //
