/*--------------------------------*- C++ -*----------------------------------*\
| =========                 |                                                 |
| \\      /  F ield         | OpenFOAM: The Open Source CFD Toolbox           |
|  \\    /   O peration     | Version:  v2106                                 |
|   \\  /    A nd           | Website:  www.openfoam.com                      |
|    \\/     M anipulation  |                                                 |
\*---------------------------------------------------------------------------*/
FoamFile
{
    version     2.0;
    format      ascii;
    arch        "LSB;label=32;scalar=64";
    class       volScalarField;
    location    "20";
    object      psi;
}
// * * * * * * * * * * * * * * * * * * * * * * * * * * * * * * * * * * * * * //

dimensions      [0 -2 2 0 0 0 0];

internalField   nonuniform List<scalar> 
5250
(
1.40845
1.40845
1.40845
1.40845
1.40845
1.40845
1.40845
1.40845
1.40843
1.40823
1.40643
1.38984
1.27332
0.944971
0.50955
0.523671
0.551174
0.560595
0.556671
0.561769
0.567816
0.575271
0.584604
0.592399
0.596646
1.40845
1.40845
1.40845
1.40845
1.40845
1.40845
1.40845
1.40845
1.40843
1.40823
1.40647
1.39016
1.27538
0.951198
0.513552
0.524544
0.55343
0.564136
0.559883
0.565113
0.570894
0.577531
0.585973
0.593285
0.597364
1.40845
1.40845
1.40845
1.40845
1.40845
1.40845
1.40845
1.40845
1.40843
1.40824
1.40661
1.39138
1.28384
0.965125
0.51985
0.524184
0.558817
0.57189
0.567058
0.571568
0.576468
0.58197
0.588813
0.595511
0.599402
1.40845
1.40845
1.40845
1.40845
1.40845
1.40845
1.40845
1.40845
1.40843
1.40826
1.40677
1.39354
1.29868
0.988095
0.543609
0.523381
0.570605
0.584144
0.577518
0.580935
0.584048
0.587571
0.59248
0.598115
0.601764
1.40845
1.40845
1.40845
1.40845
1.40845
1.40845
1.40845
1.40845
1.40843
1.40829
1.40704
1.39602
1.31417
1.02123
0.596569
0.520639
0.590033
0.603091
0.593809
0.595544
0.595312
0.595413
0.597721
0.601609
0.605067
1.40845
1.40845
1.40845
1.40845
1.40845
1.40845
1.40845
1.40845
1.40844
1.40833
1.40737
1.39914
1.33429
1.06948
0.693535
0.508615
0.612774
0.626061
0.613455
0.612966
0.609817
0.605205
0.60442
0.606459
0.609446
1.40845
1.40845
1.40845
1.40845
1.40845
1.40845
1.40845
1.40845
1.40844
1.40836
1.40765
1.40152
1.34964
1.1118
0.7336
0.479066
0.606963
0.624815
0.614647
0.617694
0.617692
0.615996
0.614015
0.613341
0.615838
1.40845
1.40845
1.40845
1.40845
1.40845
1.40845
1.40845
1.40845
1.40844
1.40839
1.40789
1.40338
1.36304
1.15589
0.779366
0.450172
0.572006
0.609711
0.607224
0.614438
0.617119
0.619788
0.620454
0.621957
0.62629
1.40845
1.40845
1.40845
1.40845
1.40845
1.40845
1.40845
1.40845
1.40845
1.4084
1.40801
1.40448
1.37287
1.19345
0.826687
0.449137
0.552222
0.58658
0.592715
0.60522
0.614059
0.62402
0.631491
0.63186
0.643874
1.40845
1.40845
1.40845
1.40845
1.40845
1.40845
1.40845
1.40845
1.40845
1.40842
1.40812
1.40551
1.3817
1.23227
0.87756
0.465378
0.554933
0.565314
0.573342
0.585859
0.603271
0.621245
0.638069
0.644535
0.686697
1.40845
1.40845
1.40845
1.40845
1.40845
1.40845
1.40845
1.40845
1.40845
1.40843
1.40821
1.40631
1.38886
1.26889
0.937254
0.496901
0.551237
0.569505
0.57439
0.581077
0.594578
0.616068
0.647427
0.684707
0.787533
1.40845
1.40845
1.40845
1.40845
1.40845
1.40845
1.40845
1.40845
1.40845
1.40843
1.40826
1.40679
1.39407
1.3055
1.00398
0.536254
0.542716
0.583331
0.585762
0.585399
0.590515
0.60879
0.641402
0.680538
0.826215
1.40845
1.40845
1.40845
1.40845
1.40845
1.40845
1.40845
1.40845
1.40845
1.40844
1.40835
1.4075
1.40043
1.34288
1.08859
0.678026
0.525609
0.612835
0.605834
0.594607
0.593761
0.605633
0.633626
0.672004
0.810004
1.40845
1.40845
1.40845
1.40845
1.40845
1.40845
1.40845
1.40845
1.40845
1.40844
1.40839
1.40793
1.40388
1.36528
1.16297
0.786292
0.491433
0.616148
0.625595
0.61139
0.602545
0.611114
0.633658
0.667617
0.775312
1.40845
1.40845
1.40845
1.40845
1.40845
1.40845
1.40845
1.40845
1.40845
1.40845
1.40841
1.40811
1.40538
1.3799
1.22334
0.8706
0.484339
0.616176
0.624417
0.625895
0.618357
0.622424
0.636862
0.662748
0.730896
1.40845
1.40845
1.40845
1.40845
1.40845
1.40845
1.40845
1.40845
1.40845
1.40845
1.40843
1.40824
1.40661
1.39161
1.28516
0.962014
0.504599
0.583743
0.635942
0.648496
0.642139
0.637021
0.643959
0.66353
0.708755
1.40845
1.40845
1.40845
1.40845
1.40845
1.40845
1.40845
1.40845
1.40845
1.40845
1.40844
1.40834
1.40749
1.39968
1.33858
1.06628
0.568109
0.541538
0.630412
0.657796
0.655056
0.650547
0.654633
0.667973
0.700145
1.40845
1.40845
1.40845
1.40845
1.40845
1.40845
1.40845
1.40845
1.40845
1.40845
1.40844
1.40839
1.40789
1.40357
1.36639
1.16831
0.7864
0.497621
0.623693
0.648285
0.662991
0.663458
0.667647
0.677526
0.701233
1.40845
1.40845
1.40845
1.40845
1.40845
1.40845
1.40845
1.40845
1.40845
1.40845
1.40845
1.40841
1.40813
1.40574
1.38535
1.25779
0.915133
0.504369
0.601239
0.640043
0.670914
0.676623
0.682369
0.690071
0.706671
1.40845
1.40845
1.40845
1.40845
1.40845
1.40845
1.40845
1.40845
1.40845
1.40845
1.40845
1.40843
1.40833
1.4073
1.39861
1.32694
1.02158
0.551181
0.565423
0.64437
0.681123
0.685499
0.691167
0.699972
0.714617
1.40845
1.40845
1.40845
1.40845
1.40845
1.40845
1.40845
1.40845
1.40845
1.40845
1.40845
1.40844
1.40838
1.40785
1.40343
1.36855
1.18672
0.77332
0.511496
0.639856
0.661323
0.687191
0.695918
0.705591
0.720048
1.40845
1.40845
1.40845
1.40845
1.40845
1.40845
1.40845
1.40845
1.40845
1.40845
1.40845
1.40844
1.40836
1.40839
1.40643
1.3926
1.2896
0.912192
0.534461
0.601146
0.666426
0.694531
0.702424
0.712104
0.7257
1.40845
1.40845
1.40845
1.40845
1.40845
1.40845
1.40845
1.40845
1.40845
1.40845
1.40845
1.40845
1.40844
1.40834
1.40752
1.4009
1.35114
1.12354
0.632023
0.547451
0.662803
0.685011
0.702564
0.715742
0.730799
1.40845
1.40845
1.40845
1.40845
1.40845
1.40845
1.40845
1.40845
1.40845
1.40845
1.40845
1.40845
1.40844
1.40836
1.40817
1.40579
1.39661
1.28899
0.827718
0.519171
0.626118
0.673246
0.706036
0.719817
0.735149
1.40845
1.40845
1.40845
1.40845
1.40845
1.40845
1.40845
1.40845
1.40845
1.40845
1.40845
1.40845
1.40845
1.40843
1.40829
1.40716
1.39825
1.33354
1.07304
0.561223
0.575418
0.670658
0.700536
0.719668
0.73568
1.40845
1.40845
1.40845
1.40845
1.40845
1.40845
1.40845
1.40845
1.40845
1.40845
1.40845
1.40845
1.40845
1.40844
1.40831
1.40834
1.40584
1.3895
1.26428
0.770765
0.518891
0.636796
0.68313
0.720121
0.735239
1.40845
1.40845
1.40845
1.40845
1.40845
1.40845
1.40845
1.40845
1.40845
1.40845
1.40845
1.40845
1.40845
1.40845
1.40843
1.40827
1.40697
1.39698
1.32607
1.05521
0.561566
0.5873
0.683573
0.712731
0.732683
1.40845
1.40845
1.40845
1.40845
1.40845
1.40845
1.40845
1.40845
1.40845
1.40845
1.40845
1.40845
1.40845
1.40845
1.40844
1.40832
1.40841
1.40579
1.39007
1.27372
0.771267
0.526079
0.644386
0.696104
0.730887
1.40845
1.40845
1.40845
1.40845
1.40845
1.40845
1.40845
1.40845
1.40845
1.40845
1.40845
1.40845
1.40845
1.40845
1.40845
1.40842
1.40826
1.40699
1.39761
1.32945
1.05381
0.571167
0.591559
0.691125
0.717881
1.40845
1.40845
1.40845
1.40845
1.40845
1.40845
1.40845
1.40845
1.40845
1.40845
1.40845
1.40845
1.40845
1.40845
1.40845
1.40844
1.40838
1.40853
1.40654
1.39236
1.28067
0.805997
0.536456
0.643871
0.704131
1.40845
1.40845
1.40845
1.40845
1.40845
1.40845
1.40845
1.40845
1.40845
1.40845
1.40845
1.40845
1.40845
1.40845
1.40845
1.40845
1.40844
1.40832
1.40733
1.39946
1.34077
1.0776
0.588649
0.590481
0.691407
1.40845
1.40845
1.40845
1.40845
1.40845
1.40845
1.40845
1.40845
1.40845
1.40845
1.40845
1.40845
1.40845
1.40845
1.40845
1.40845
1.40845
1.40842
1.40821
1.40614
1.39162
1.28432
0.865778
0.554097
0.628804
1.40845
1.40845
1.40845
1.40845
1.40845
1.40845
1.40845
1.40845
1.40845
1.40845
1.40845
1.40845
1.40845
1.40845
1.40845
1.40845
1.40845
1.40844
1.40834
1.40751
1.40109
1.3518
1.10732
0.637424
0.585185
1.40845
1.40845
1.40845
1.40845
1.40845
1.40845
1.40845
1.40845
1.40845
1.40845
1.40845
1.40845
1.40845
1.40845
1.40845
1.40845
1.40845
1.40844
1.4084
1.40843
1.40731
1.3972
1.31567
0.986805
0.605004
1.40845
1.40845
1.40845
1.40845
1.40845
1.40845
1.40845
1.40845
1.40845
1.40845
1.40845
1.40845
1.40845
1.40845
1.40845
1.40845
1.40845
1.40845
1.40844
1.40837
1.40793
1.40443
1.38739
1.27033
0.792561
1.40845
1.40845
1.40845
1.40845
1.40845
1.40845
1.40845
1.40845
1.40845
1.40845
1.40845
1.40845
1.40845
1.40845
1.40845
1.40845
1.40845
1.40845
1.40845
1.40844
1.40834
1.40743
1.40105
1.34436
1.08073
1.40845
1.40845
1.40845
1.40845
1.40845
1.40845
1.40845
1.40845
1.40845
1.40845
1.40845
1.40845
1.40845
1.40845
1.40845
1.40845
1.40845
1.40845
1.40845
1.40845
1.40841
1.40823
1.40659
1.39538
1.30326
1.40845
1.40845
1.40845
1.40845
1.40845
1.40845
1.40845
1.40845
1.40845
1.40845
1.40845
1.40845
1.40845
1.40845
1.40845
1.40845
1.40845
1.40845
1.40845
1.40845
1.40844
1.40836
1.4078
1.40406
1.37748
1.40845
1.40845
1.40845
1.40845
1.40845
1.40845
1.40845
1.40845
1.40845
1.40845
1.40845
1.40845
1.40845
1.40845
1.40845
1.40845
1.40845
1.40845
1.40845
1.40845
1.40845
1.40843
1.40833
1.40742
1.4
1.40845
1.40845
1.40845
1.40845
1.40845
1.40845
1.40845
1.40845
1.40845
1.40845
1.40845
1.40845
1.40845
1.40845
1.40845
1.40845
1.40845
1.40845
1.40845
1.40845
1.40845
1.40844
1.40841
1.40826
1.40673
1.40845
1.40845
1.40845
1.40845
1.40845
1.40845
1.40845
1.40845
1.40845
1.40845
1.40845
1.40845
1.40845
1.40845
1.40845
1.40845
1.40845
1.40845
1.40845
1.40845
1.40845
1.40845
1.40844
1.40838
1.40834
1.40845
1.40845
1.40845
1.40845
1.40845
1.40845
1.40845
1.40845
1.40845
1.40845
1.40845
1.40845
1.40845
1.40845
1.40845
1.40845
1.40845
1.40845
1.40845
1.40845
1.40845
1.40845
1.40845
1.40844
1.40834
1.40845
1.40845
1.40845
1.40845
1.40845
1.40845
1.40845
1.40845
1.40845
1.40845
1.40845
1.40845
1.40845
1.40845
1.40845
1.40845
1.40845
1.40845
1.40845
1.40845
1.40845
1.40845
1.40845
1.40845
1.40842
1.40845
1.40845
1.40845
1.40845
1.40845
1.40845
1.40845
1.40845
1.40845
1.40845
1.40845
1.40845
1.40845
1.40845
1.40845
1.40845
1.40845
1.40845
1.40845
1.40845
1.40845
1.40845
1.40845
1.40845
1.40845
1.40845
1.40845
1.40845
1.40845
1.40845
1.40845
1.40845
1.40845
1.40845
1.40845
1.40845
1.40845
1.40845
1.40845
1.40845
1.40845
1.40845
1.40845
1.40845
1.40845
1.40845
1.40845
1.40845
1.40845
1.40845
1.40845
1.40845
1.40845
1.40845
1.40845
1.40845
1.40845
1.40845
1.40845
1.40845
1.40845
1.40845
1.40845
1.40845
1.40845
1.40845
1.40845
1.40845
1.40845
1.40845
1.40845
1.40845
1.40845
1.40845
1.40845
1.40845
1.40845
1.40845
1.40845
1.40845
1.40845
1.40845
1.40845
1.40845
1.40845
1.40845
1.40845
1.40845
1.40845
1.40845
1.40845
1.40845
1.40845
1.40845
1.40845
1.40845
1.40845
1.40845
1.40845
1.40845
1.40845
1.40845
1.40845
1.40845
1.40845
1.40845
1.40845
1.40845
1.40845
1.40845
1.40845
1.40845
1.40845
1.40845
1.40845
1.40845
1.40845
1.40845
1.40845
1.40845
1.40845
1.40845
1.40845
1.40845
1.40845
1.40845
1.40845
1.40845
1.40845
1.40845
1.40845
1.40845
1.40845
1.40845
1.40845
1.40845
1.40845
1.40845
1.40845
1.40845
1.40845
1.40845
1.40845
1.40845
1.40845
1.40845
1.40845
1.40845
1.40845
1.40845
1.40845
1.40845
1.40845
1.40845
1.40845
1.40845
1.40845
1.40845
1.40845
1.40845
1.40845
1.40845
1.40845
1.40845
1.40845
1.40845
1.40845
1.40845
1.40845
1.40845
1.40845
1.40845
1.40845
1.40845
1.40845
0.711326
0.635811
0.512941
0.520979
0.525974
0.516046
0.507905
0.505008
0.547602
0.565682
0.56841
0.566952
0.565588
0.564381
0.558554
0.571302
0.590096
0.599187
0.60146
0.602725
0.599129
0.597869
0.597529
0.597318
0.597492
0.597493
0.598229
0.600361
0.601907
0.602912
0.603376
0.604965
0.605393
0.603516
0.602436
0.59393
0.585664
0.5778
0.565261
0.554677
0.546753
0.540591
0.532115
0.525705
0.51938
0.514578
0.513226
0.512477
0.510048
0.510147
0.503892
0.507117
0.509089
0.511649
0.514204
0.516683
0.519392
0.522231
0.525083
0.527931
0.530632
0.53337
0.53612
0.538927
0.541621
0.544158
0.546566
0.549013
0.551537
0.55393
0.556284
0.558629
0.561026
0.563477
0.566019
0.568546
0.571043
0.57338
0.575697
0.577863
0.58004
0.582143
0.584272
0.586347
0.588446
0.590463
0.592503
0.594459
0.596454
0.598318
0.600204
0.601882
0.60359
0.605137
0.60679
0.608392
0.61007
0.612712
0.612756
0.611353
0.698956
0.649547
0.600403
0.545628
0.527844
0.505026
0.483545
0.454791
0.487319
0.501248
0.502328
0.493102
0.489873
0.486476
0.484144
0.497091
0.506081
0.511036
0.510477
0.509969
0.509242
0.508637
0.50854
0.508592
0.508802
0.508865
0.509058
0.508614
0.510163
0.511434
0.51196
0.513604
0.514422
0.513279
0.513404
0.508515
0.504116
0.500048
0.494726
0.489861
0.487501
0.487847
0.489364
0.488543
0.486017
0.490157
0.493484
0.496376
0.502299
0.506773
0.512359
0.520052
0.526557
0.533382
0.53937
0.544884
0.55092
0.556957
0.562078
0.567422
0.572229
0.576544
0.580766
0.585103
0.589709
0.593954
0.59746
0.600682
0.60395
0.606953
0.609721
0.612393
0.615097
0.617867
0.620775
0.62385
0.627107
0.630484
0.633905
0.636983
0.639909
0.642528
0.645064
0.647378
0.649667
0.651814
0.653975
0.656059
0.658175
0.660136
0.662076
0.663772
0.665403
0.666963
0.668598
0.670307
0.672123
0.675027
0.675338
0.67368
0.770116
0.713004
0.665866
0.599361
0.567285
0.54352
0.529297
0.500867
0.474815
0.47053
0.464943
0.468662
0.470818
0.466243
0.455929
0.44645
0.461495
0.47067
0.472345
0.473993
0.469453
0.467652
0.467375
0.467211
0.467124
0.467609
0.467858
0.468965
0.469687
0.469628
0.469618
0.471026
0.471916
0.471756
0.471975
0.469842
0.46606
0.465208
0.456193
0.457062
0.461805
0.4678
0.477161
0.488762
0.50245
0.517297
0.528772
0.543019
0.554558
0.566866
0.57623
0.585095
0.593414
0.601543
0.607281
0.611813
0.616541
0.622128
0.627175
0.632314
0.637459
0.642114
0.646004
0.649461
0.652846
0.656307
0.659557
0.662861
0.666304
0.669685
0.672867
0.6757
0.678318
0.680845
0.683384
0.68596
0.688596
0.691288
0.694029
0.696841
0.699805
0.702934
0.706209
0.709142
0.71179
0.714054
0.716099
0.718043
0.720007
0.721861
0.723707
0.725476
0.727143
0.728778
0.730426
0.732142
0.733997
0.736942
0.737413
0.735313
0.821529
0.793723
0.758383
0.699541
0.640006
0.595868
0.587955
0.573079
0.54267
0.512964
0.494797
0.483088
0.479521
0.480845
0.480693
0.468016
0.461954
0.459565
0.456668
0.456782
0.458164
0.458763
0.462653
0.465619
0.464147
0.463503
0.46277
0.462074
0.46223
0.463433
0.464729
0.465646
0.466236
0.462483
0.458645
0.450682
0.450786
0.453744
0.464171
0.484343
0.512959
0.535156
0.550953
0.571635
0.583182
0.596029
0.6074
0.619264
0.624869
0.635275
0.639758
0.644549
0.649695
0.654978
0.661138
0.66445
0.667915
0.671696
0.67527
0.678855
0.682878
0.687262
0.691109
0.694545
0.69771
0.700459
0.703047
0.705673
0.70844
0.711348
0.714375
0.717346
0.720076
0.722634
0.725199
0.727771
0.730388
0.732887
0.73539
0.737921
0.740526
0.743266
0.74613
0.749116
0.752101
0.754849
0.757232
0.759551
0.761728
0.763797
0.765726
0.767456
0.768958
0.770472
0.772008
0.773639
0.775456
0.778222
0.779354
0.776968
0.807914
0.820711
0.807524
0.77282
0.732061
0.685078
0.661341
0.670463
0.64216
0.603432
0.57217
0.54245
0.518963
0.512731
0.511394
0.509069
0.500452
0.490297
0.481775
0.473433
0.469283
0.46796
0.466665
0.467042
0.467142
0.466829
0.46647
0.465652
0.464639
0.464059
0.464812
0.464947
0.463837
0.461774
0.462845
0.470228
0.486776
0.512513
0.546845
0.571268
0.599927
0.61003
0.623513
0.640571
0.648757
0.663089
0.673627
0.679845
0.678146
0.682712
0.684483
0.687301
0.691019
0.694655
0.698533
0.70008
0.701958
0.704441
0.70786
0.710629
0.713527
0.716742
0.720204
0.723717
0.726997
0.729652
0.731879
0.734194
0.736674
0.739354
0.742225
0.744845
0.747284
0.749732
0.752254
0.754858
0.757529
0.76029
0.763015
0.765504
0.76795
0.770449
0.773026
0.775717
0.778521
0.781337
0.783822
0.786288
0.788662
0.790903
0.792926
0.794709
0.796318
0.797974
0.799666
0.801431
0.803348
0.806062
0.807637
0.804951
0.777154
0.814731
0.820768
0.805082
0.784713
0.759538
0.733349
0.748768
0.721469
0.680638
0.647535
0.621977
0.594276
0.576326
0.571953
0.565221
0.553623
0.540088
0.528187
0.513474
0.506067
0.498101
0.49178
0.486348
0.482917
0.479897
0.478091
0.475812
0.474722
0.473887
0.472672
0.471961
0.474936
0.481466
0.494557
0.519569
0.560426
0.599383
0.642425
0.663417
0.679962
0.684282
0.691307
0.696141
0.702354
0.712326
0.714167
0.714706
0.718292
0.720601
0.717774
0.716691
0.718719
0.720693
0.723144
0.725151
0.726552
0.728002
0.729676
0.731888
0.735064
0.738871
0.741502
0.743492
0.745666
0.74811
0.750778
0.753563
0.756089
0.75832
0.760598
0.762993
0.765541
0.768217
0.77097
0.773789
0.776427
0.778903
0.781362
0.783837
0.786352
0.788967
0.79168
0.794416
0.796881
0.79924
0.801606
0.804017
0.806445
0.808866
0.81122
0.813178
0.814936
0.816742
0.818603
0.820513
0.822569
0.825192
0.827444
0.824757
0.745076
0.795421
0.816103
0.819898
0.813454
0.806394
0.795175
0.809876
0.811079
0.78728
0.751678
0.722796
0.697923
0.674631
0.657729
0.648434
0.633334
0.615915
0.599216
0.583342
0.567544
0.553713
0.542281
0.530805
0.522769
0.514617
0.507947
0.501944
0.497677
0.493474
0.490247
0.491457
0.497523
0.513728
0.545731
0.597563
0.660103
0.704576
0.740596
0.760544
0.765042
0.769358
0.767314
0.761606
0.751497
0.738079
0.721593
0.729857
0.740799
0.742616
0.745059
0.744114
0.74066
0.737595
0.738958
0.741849
0.742718
0.744307
0.745834
0.747088
0.748851
0.750736
0.753122
0.755656
0.758788
0.761321
0.763341
0.765162
0.767169
0.76952
0.772193
0.774956
0.777594
0.780171
0.782771
0.785192
0.787676
0.790278
0.792995
0.795838
0.798543
0.801066
0.803531
0.805991
0.808316
0.810613
0.812938
0.815332
0.817775
0.820253
0.822687
0.824565
0.826379
0.828287
0.830286
0.832355
0.834598
0.837328
0.840152
0.83747
0.732257
0.768828
0.800402
0.816217
0.815758
0.818946
0.823166
0.834391
0.852243
0.848418
0.826702
0.798706
0.776417
0.75394
0.738012
0.731831
0.731316
0.718723
0.698408
0.679981
0.659083
0.63653
0.622607
0.6074
0.593542
0.578197
0.564973
0.552121
0.543653
0.535421
0.511718
0.525007
0.547431
0.58255
0.636167
0.706848
0.751062
0.78472
0.813339
0.827409
0.838339
0.842039
0.840563
0.834971
0.824138
0.806353
0.785796
0.762395
0.733308
0.744328
0.762481
0.761845
0.760839
0.756843
0.749753
0.750441
0.751028
0.752858
0.757038
0.757136
0.757491
0.758577
0.761045
0.764037
0.767485
0.768644
0.769843
0.7716
0.774019
0.777041
0.779953
0.782259
0.784492
0.786878
0.789489
0.79222
0.795033
0.797789
0.800437
0.80301
0.805515
0.80802
0.810551
0.813143
0.815596
0.817933
0.820297
0.822706
0.825164
0.827658
0.830209
0.832208
0.834153
0.836176
0.838264
0.840412
0.842725
0.845538
0.848535
0.845813
0.730981
0.753575
0.77915
0.797605
0.811805
0.81763
0.825208
0.839115
0.857364
0.876659
0.87355
0.860306
0.842521
0.828205
0.81744
0.805042
0.810794
0.804248
0.7883
0.767303
0.750478
0.730607
0.71468
0.699768
0.68536
0.669896
0.652732
0.634707
0.61743
0.589027
0.561996
0.581432
0.614475
0.659989
0.729421
0.787677
0.813448
0.839656
0.855448
0.867598
0.88268
0.890305
0.893028
0.892616
0.885383
0.871372
0.853638
0.82828
0.796718
0.757373
0.742299
0.752932
0.764047
0.768798
0.767762
0.76347
0.758454
0.760797
0.761833
0.763109
0.764449
0.765577
0.76739
0.768852
0.770548
0.772596
0.774842
0.777046
0.779364
0.781574
0.783927
0.786465
0.789109
0.791861
0.794491
0.797061
0.799568
0.802112
0.80471
0.80736
0.81001
0.812601
0.815199
0.817667
0.819996
0.822371
0.824854
0.827451
0.830132
0.832883
0.835478
0.83741
0.83928
0.841236
0.843274
0.845426
0.847807
0.85076
0.854046
0.851314
0.734533
0.75247
0.773237
0.783825
0.801977
0.810274
0.8217
0.837507
0.856952
0.875389
0.892495
0.889287
0.882028
0.873029
0.865993
0.861559
0.865931
0.865976
0.861187
0.849756
0.833795
0.819192
0.802707
0.787547
0.77319
0.760133
0.744706
0.722585
0.688325
0.612572
0.620564
0.64864
0.68097
0.727178
0.793312
0.825523
0.845503
0.863195
0.881618
0.897986
0.909812
0.912991
0.919359
0.925104
0.921884
0.916633
0.907912
0.889773
0.866623
0.83517
0.79647
0.741823
0.748228
0.770769
0.771478
0.77346
0.773425
0.771234
0.767351
0.766988
0.767649
0.769525
0.772837
0.774624
0.7755
0.776632
0.778301
0.780617
0.783463
0.786577
0.788583
0.790381
0.792509
0.795076
0.797766
0.800398
0.80306
0.805777
0.80851
0.811245
0.813771
0.816311
0.8189
0.821544
0.824271
0.826778
0.829174
0.831565
0.833944
0.836367
0.838542
0.840408
0.84233
0.844379
0.846568
0.848915
0.851538
0.854776
0.858442
0.855606
0.739394
0.754043
0.769363
0.780334
0.792011
0.801165
0.814467
0.830402
0.849337
0.869859
0.888849
0.899096
0.89693
0.889357
0.888663
0.888088
0.889766
0.89336
0.899506
0.897059
0.8893
0.87721
0.865626
0.853624
0.841152
0.828585
0.808905
0.781064
0.721315
0.636044
0.67312
0.69509
0.72618
0.773652
0.817663
0.839184
0.85854
0.874712
0.893347
0.908761
0.923276
0.931052
0.936829
0.939294
0.938407
0.938986
0.939083
0.931364
0.92143
0.899778
0.869355
0.827439
0.782395
0.735918
0.750369
0.764736
0.781627
0.777302
0.776884
0.772432
0.772778
0.773862
0.775539
0.777741
0.780001
0.781939
0.784329
0.787237
0.789156
0.790966
0.793121
0.795218
0.797459
0.800068
0.80331
0.805781
0.807945
0.810179
0.812538
0.815062
0.817747
0.820539
0.82345
0.826437
0.829048
0.831226
0.833323
0.835436
0.837571
0.839746
0.841768
0.843682
0.845677
0.847789
0.850026
0.852404
0.855043
0.858294
0.862011
0.859
0.744607
0.758596
0.771491
0.781841
0.788898
0.798022
0.807398
0.819944
0.837269
0.860012
0.878624
0.896423
0.902512
0.900233
0.898589
0.899022
0.902256
0.910351
0.914808
0.923094
0.922843
0.917405
0.908035
0.899925
0.889838
0.873945
0.848696
0.800277
0.72313
0.668431
0.703353
0.7205
0.749196
0.79129
0.810286
0.830286
0.850668
0.871129
0.889953
0.90384
0.916657
0.930134
0.94078
0.948373
0.948592
0.948512
0.950867
0.950181
0.948202
0.939087
0.922739
0.897565
0.863459
0.821386
0.756918
0.752585
0.775648
0.780005
0.788853
0.787044
0.786371
0.784111
0.784856
0.785811
0.788289
0.789876
0.791539
0.793148
0.795245
0.797946
0.801124
0.803394
0.805784
0.808305
0.810844
0.81346
0.815618
0.817801
0.820153
0.82266
0.825217
0.827783
0.830347
0.832896
0.835177
0.837127
0.839063
0.84103
0.84303
0.845056
0.847021
0.848977
0.850995
0.8531
0.855312
0.857648
0.860235
0.863458
0.867142
0.863893
0.748103
0.76316
0.775304
0.784231
0.79023
0.79821
0.804261
0.814234
0.828916
0.846552
0.864896
0.883783
0.900193
0.903231
0.902019
0.90412
0.908021
0.912253
0.918968
0.931981
0.93897
0.939158
0.933932
0.92562
0.913941
0.893495
0.84995
0.775183
0.661461
0.695349
0.716504
0.73785
0.765872
0.78547
0.803659
0.823309
0.841639
0.856441
0.87162
0.884838
0.898814
0.910828
0.919102
0.928522
0.93944
0.952066
0.959714
0.958692
0.955731
0.953118
0.951898
0.946582
0.933299
0.905409
0.863822
0.816473
0.754025
0.764969
0.786157
0.796485
0.802273
0.800583
0.798435
0.797173
0.798212
0.799369
0.80167
0.804644
0.805479
0.806911
0.809025
0.811661
0.814469
0.817462
0.819867
0.822266
0.824717
0.827264
0.830008
0.832509
0.834689
0.836914
0.839205
0.84152
0.843815
0.845692
0.847555
0.849469
0.851412
0.853367
0.855305
0.857246
0.859233
0.861303
0.863472
0.865799
0.868426
0.871756
0.875595
0.872173
0.750797
0.764902
0.779214
0.787696
0.794607
0.80055
0.80579
0.813973
0.824198
0.836619
0.853664
0.870806
0.884877
0.900188
0.902568
0.903663
0.906263
0.911853
0.920582
0.928541
0.93577
0.948314
0.945304
0.936002
0.918952
0.881703
0.813604
0.689221
0.692227
0.723492
0.736802
0.751142
0.767174
0.781685
0.797766
0.815827
0.82935
0.843221
0.856291
0.869492
0.883007
0.892888
0.903366
0.915297
0.928311
0.937748
0.944801
0.954414
0.959562
0.966987
0.967054
0.969828
0.970481
0.959935
0.938017
0.906289
0.858381
0.807043
0.761321
0.7777
0.789119
0.810038
0.806137
0.804854
0.803031
0.803424
0.804508
0.807936
0.811953
0.813458
0.815228
0.816979
0.81896
0.821401
0.824743
0.827186
0.828782
0.830544
0.832508
0.834721
0.837103
0.839579
0.84215
0.84479
0.847413
0.849626
0.851778
0.85398
0.856213
0.858457
0.860705
0.862956
0.865232
0.867544
0.869922
0.872419
0.875186
0.878643
0.882616
0.879017
0.752514
0.765579
0.780901
0.790576
0.796824
0.804479
0.809833
0.815417
0.822954
0.833272
0.846006
0.861422
0.873833
0.886552
0.899374
0.901282
0.904733
0.910681
0.916363
0.922876
0.934652
0.943395
0.9378
0.930167
0.903179
0.841421
0.742655
0.695377
0.726805
0.736207
0.744779
0.754226
0.764952
0.77669
0.789679
0.803813
0.81685
0.82997
0.842417
0.856132
0.86761
0.878357
0.890291
0.903401
0.912416
0.921505
0.93306
0.944969
0.957859
0.970865
0.980549
0.983637
0.983691
0.981793
0.976947
0.966903
0.936636
0.89434
0.842328
0.765836
0.770525
0.793499
0.800133
0.81422
0.81187
0.810482
0.809757
0.810269
0.81191
0.817063
0.818532
0.819769
0.821575
0.82391
0.826678
0.829824
0.831984
0.833435
0.835211
0.837355
0.839747
0.84233
0.845145
0.848272
0.851118
0.853378
0.855455
0.857502
0.859521
0.861569
0.863685
0.865886
0.868196
0.870589
0.873077
0.875692
0.878586
0.882183
0.886349
0.882628
0.751694
0.765012
0.780635
0.792397
0.797679
0.805106
0.812794
0.817392
0.824506
0.833653
0.843979
0.85606
0.870859
0.877337
0.888379
0.90009
0.903307
0.906281
0.911016
0.919248
0.932443
0.930913
0.924727
0.905932
0.857266
0.779375
0.698297
0.721758
0.743779
0.746185
0.750117
0.755629
0.762899
0.771706
0.781887
0.793436
0.806041
0.818359
0.831036
0.844572
0.855524
0.867478
0.881269
0.890693
0.900183
0.911913
0.924773
0.936859
0.949993
0.958703
0.968473
0.979921
0.988013
0.993054
0.988834
0.988609
0.980449
0.96143
0.924768
0.877866
0.827433
0.765357
0.779499
0.795903
0.822536
0.823563
0.819979
0.816449
0.816656
0.817169
0.818909
0.822467
0.826064
0.828849
0.831077
0.83301
0.835045
0.837274
0.83905
0.840724
0.842712
0.845006
0.847505
0.850189
0.85337
0.855828
0.857778
0.859834
0.861972
0.864194
0.866492
0.868834
0.871245
0.873689
0.876198
0.878825
0.881758
0.88542
0.88974
0.885947
0.749701
0.764063
0.779374
0.794404
0.798817
0.804893
0.81433
0.819488
0.82571
0.833587
0.843252
0.854925
0.867423
0.875329
0.883393
0.89749
0.902121
0.904225
0.909656
0.916108
0.915672
0.913674
0.902644
0.86308
0.790463
0.696257
0.717934
0.743857
0.746379
0.748652
0.751293
0.755096
0.760801
0.768234
0.777192
0.787524
0.798503
0.810045
0.822292
0.834629
0.845746
0.8595
0.870458
0.880889
0.893046
0.90555
0.918089
0.928392
0.938059
0.948107
0.958755
0.969254
0.977415
0.986748
0.990802
0.997098
0.992953
0.992611
0.979551
0.955451
0.916355
0.864883
0.793958
0.783233
0.805306
0.811404
0.833471
0.832441
0.828495
0.823738
0.82392
0.824529
0.827956
0.831658
0.83488
0.836406
0.837773
0.839297
0.841451
0.843355
0.844978
0.846897
0.849106
0.851564
0.854381
0.857639
0.860415
0.8626
0.864804
0.867059
0.869332
0.871633
0.874014
0.876487
0.879114
0.881928
0.885078
0.888949
0.893547
0.889525
0.745936
0.761032
0.7762
0.793701
0.798901
0.804019
0.814279
0.819999
0.825328
0.832823
0.842288
0.854517
0.866928
0.874944
0.882812
0.89373
0.902212
0.911182
0.910265
0.906796
0.902341
0.892402
0.859982
0.7964
0.695146
0.715602
0.739355
0.750668
0.7516
0.752707
0.754476
0.757286
0.761464
0.767448
0.775044
0.78436
0.794332
0.80573
0.818006
0.828378
0.840239
0.853398
0.8627
0.874346
0.886942
0.900327
0.909362
0.918807
0.928878
0.939154
0.950182
0.9597
0.969639
0.978458
0.98833
0.999305
1.00509
1.0044
1.0005
0.992956
0.977182
0.945546
0.901219
0.853914
0.785459
0.793286
0.811735
0.823719
0.839014
0.836887
0.833231
0.830966
0.83154
0.833732
0.837311
0.841662
0.842513
0.843385
0.845001
0.847082
0.848897
0.850863
0.853036
0.855648
0.858782
0.862335
0.864723
0.866481
0.868358
0.870374
0.872459
0.874634
0.876969
0.879481
0.882227
0.885241
0.888663
0.892819
0.89767
0.893488
0.739046
0.756825
0.774226
0.792917
0.800397
0.802991
0.812636
0.821432
0.824412
0.830724
0.840074
0.852675
0.866094
0.875266
0.88321
0.89204
0.904686
0.912309
0.907606
0.899689
0.888176
0.856741
0.79798
0.702136
0.713215
0.73449
0.748295
0.752153
0.753509
0.755587
0.75814
0.761104
0.764666
0.769198
0.775099
0.782739
0.792305
0.803262
0.815146
0.826276
0.839406
0.847718
0.858149
0.870325
0.882384
0.891936
0.901562
0.912069
0.923086
0.932332
0.942561
0.953346
0.962523
0.972383
0.982296
0.991041
1.00158
1.00614
1.00516
1.00377
1.00234
0.992317
0.974447
0.94182
0.891811
0.84175
0.793505
0.807788
0.821367
0.842428
0.845483
0.84232
0.839272
0.838123
0.839043
0.841556
0.845652
0.849374
0.849726
0.850514
0.851813
0.853518
0.855668
0.858546
0.862211
0.866285
0.868317
0.870213
0.872237
0.874338
0.876476
0.878688
0.88108
0.883702
0.886586
0.889692
0.893118
0.897254
0.902216
0.897771
0.737161
0.751681
0.768608
0.787842
0.803119
0.804606
0.811189
0.821634
0.824874
0.830146
0.838432
0.850189
0.864225
0.872412
0.881582
0.892147
0.910233
0.907882
0.900395
0.890577
0.860687
0.803586
0.704857
0.706061
0.728142
0.741813
0.748299
0.75229
0.756472
0.759907
0.763402
0.766838
0.770426
0.774634
0.779863
0.786241
0.794113
0.802917
0.812817
0.824035
0.834624
0.845291
0.856423
0.867624
0.876233
0.885576
0.89597
0.907119
0.916962
0.927061
0.936212
0.945804
0.955908
0.965837
0.974961
0.984871
0.994249
1.00065
1.0064
1.01234
1.01287
1.0118
1.00962
0.996958
0.971421
0.935502
0.883481
0.816875
0.803331
0.824524
0.829297
0.846949
0.845424
0.840482
0.84011
0.840768
0.844581
0.850395
0.852251
0.852824
0.853662
0.854808
0.856544
0.859431
0.863426
0.868161
0.871103
0.873226
0.875351
0.877502
0.879658
0.881881
0.884292
0.886972
0.889855
0.893038
0.896616
0.900994
0.90622
0.90146
0.713867
0.744576
0.762239
0.782477
0.801725
0.80628
0.810766
0.821089
0.825447
0.831277
0.83865
0.848429
0.86168
0.87123
0.876343
0.887314
0.903775
0.900063
0.890628
0.864488
0.811745
0.718506
0.704328
0.729817
0.739159
0.746902
0.752379
0.757868
0.762485
0.766269
0.770102
0.77364
0.776969
0.780425
0.784347
0.789126
0.795037
0.80236
0.810698
0.820158
0.829907
0.840895
0.851331
0.86119
0.871384
0.881922
0.890913
0.900817
0.909827
0.919663
0.9282
0.937429
0.947711
0.957174
0.964808
0.973314
0.978799
0.985783
0.993437
1.00126
1.01065
1.0143
1.02056
1.01899
1.01525
1.00189
0.968639
0.919717
0.870307
0.79527
0.806969
0.824804
0.840796
0.856403
0.85484
0.850266
0.850577
0.852568
0.855409
0.857269
0.85792
0.85885
0.860247
0.862645
0.866114
0.871039
0.875
0.876908
0.878904
0.881043
0.883218
0.88542
0.88774
0.890492
0.893483
0.896737
0.900319
0.904733
0.910017
0.905158
0.711092
0.736626
0.758014
0.775606
0.795905
0.809146
0.811425
0.820544
0.828142
0.830727
0.836872
0.845819
0.859076
0.869657
0.872871
0.881255
0.886361
0.882797
0.866559
0.818574
0.735297
0.701418
0.729976
0.735308
0.743246
0.750993
0.756792
0.760822
0.765218
0.76995
0.774144
0.77732
0.780668
0.784112
0.787791
0.79194
0.796853
0.802636
0.809534
0.817406
0.826259
0.835732
0.845691
0.855715
0.866145
0.875398
0.884749
0.893823
0.902885
0.912422
0.921487
0.930935
0.940289
0.95001
0.95986
0.965667
0.972028
0.979474
0.987641
0.996261
1.00512
1.01402
1.02395
1.02461
1.02945
1.02945
1.02548
0.999253
0.956979
0.899943
0.822314
0.808422
0.831082
0.839263
0.861571
0.863167
0.860665
0.858024
0.858291
0.859023
0.860087
0.8619
0.864587
0.86787
0.871467
0.876112
0.879455
0.88106
0.882796
0.884747
0.886789
0.888985
0.891195
0.893844
0.896869
0.900201
0.90397
0.908693
0.914316
0.909388
0.687531
0.720081
0.756903
0.771219
0.786925
0.805524
0.811901
0.818793
0.830746
0.832895
0.835466
0.842448
0.854798
0.870431
0.870994
0.869968
0.86683
0.855323
0.816156
0.753417
0.698872
0.727724
0.729833
0.736512
0.745931
0.752591
0.756837
0.761297
0.766193
0.771168
0.776007
0.779737
0.783487
0.787186
0.790884
0.794735
0.798879
0.803684
0.809234
0.815873
0.823407
0.831803
0.840862
0.850546
0.860211
0.869773
0.878988
0.887923
0.896796
0.90567
0.914791
0.924225
0.934153
0.944911
0.954616
0.961936
0.9711
0.978332
0.985472
0.992671
1.00097
1.00985
1.01845
1.02782
1.03921
1.04401
1.04426
1.03718
1.0162
0.980436
0.93546
0.882639
0.807935
0.819194
0.839773
0.853404
0.870764
0.869925
0.86633
0.866571
0.866802
0.867291
0.868944
0.871839
0.876571
0.88227
0.883598
0.884821
0.886218
0.887928
0.889898
0.892236
0.894626
0.897371
0.90069
0.904208
0.908045
0.912959
0.9191
0.914184
0.640091
0.730161
0.74387
0.76547
0.779928
0.798764
0.810642
0.815565
0.82753
0.834092
0.835238
0.840583
0.84988
0.866236
0.864091
0.85475
0.841493
0.805397
0.748434
0.695297
0.725471
0.725892
0.73097
0.740669
0.74475
0.749385
0.754551
0.760322
0.766663
0.771826
0.776723
0.781369
0.785393
0.789348
0.793125
0.797037
0.801168
0.805566
0.810484
0.816053
0.822459
0.829585
0.837526
0.845943
0.854927
0.864233
0.872966
0.881694
0.890452
0.899273
0.908438
0.917795
0.927208
0.936855
0.944851
0.953397
0.9608
0.968829
0.976687
0.983802
0.992011
1.00097
1.01015
1.01991
1.03026
1.04574
1.04608
1.04571
1.04194
1.02991
1.00727
0.971086
0.920058
0.860256
0.825537
0.842623
0.853702
0.869378
0.877824
0.876429
0.873047
0.872304
0.872692
0.874241
0.878046
0.885153
0.889329
0.889812
0.890591
0.891805
0.893481
0.895948
0.898568
0.901295
0.9047
0.908461
0.91233
0.917251
0.923997
0.919048
0.569198
0.673883
0.736266
0.759007
0.774947
0.78985
0.805385
0.810132
0.818772
0.831448
0.834207
0.837545
0.845438
0.854296
0.84853
0.835198
0.796233
0.738006
0.68492
0.718313
0.720384
0.726601
0.736471
0.738943
0.742938
0.748044
0.754151
0.761047
0.76675
0.771976
0.777234
0.782176
0.787167
0.791221
0.795199
0.799074
0.803125
0.80729
0.811694
0.816544
0.821926
0.828149
0.835002
0.842637
0.850664
0.859252
0.867958
0.876523
0.885419
0.894124
0.903459
0.913015
0.923591
0.932277
0.94113
0.949533
0.956352
0.963452
0.971684
0.980575
0.989386
0.998321
1.00671
1.01624
1.02688
1.03629
1.04725
1.04931
1.05153
1.04879
1.04281
1.02812
0.996659
0.951801
0.904817
0.831288
0.836059
0.857248
0.865732
0.881956
0.881613
0.87881
0.87739
0.877977
0.880511
0.884925
0.891421
0.894287
0.894543
0.895346
0.896993
0.899526
0.902819
0.905961
0.909524
0.913859
0.917887
0.922372
0.929328
0.924531
0.619643
0.621111
0.713441
0.741119
0.771619
0.783903
0.798164
0.808842
0.81314
0.824431
0.836585
0.836446
0.838874
0.836829
0.827038
0.792248
0.732592
0.67235
0.706392
0.709845
0.719626
0.733942
0.735464
0.738252
0.742068
0.747201
0.75367
0.760032
0.765991
0.771764
0.777084
0.782196
0.787086
0.791759
0.796286
0.800318
0.804285
0.808579
0.813088
0.817808
0.822985
0.82863
0.834883
0.84176
0.849168
0.857005
0.865078
0.873425
0.88196
0.890667
0.89968
0.90902
0.918858
0.929059
0.939437
0.947773
0.954965
0.961894
0.969796
0.978173
0.986831
0.995647
1.00494
1.01526
1.02755
1.03504
1.04044
1.0472
1.05544
1.05804
1.05309
1.05036
1.03888
1.01883
0.984356
0.937529
0.886837
0.836127
0.849204
0.866745
0.877053
0.889268
0.888603
0.886424
0.886821
0.888184
0.891725
0.895836
0.898233
0.900851
0.902906
0.905507
0.908791
0.912294
0.915716
0.919397
0.923686
0.928847
0.936095
0.930991
0.922061
0.609436
0.654863
0.742965
0.757576
0.779308
0.795599
0.808976
0.813578
0.821823
0.83358
0.831507
0.82586
0.814225
0.781651
0.72542
0.664609
0.697361
0.700175
0.710434
0.726609
0.728379
0.731353
0.735279
0.740181
0.746016
0.751462
0.757128
0.763
0.768809
0.774678
0.780559
0.786452
0.792071
0.797352
0.802429
0.806857
0.811364
0.816022
0.820939
0.826098
0.831571
0.837363
0.843392
0.849642
0.856189
0.863232
0.870718
0.878806
0.887189
0.896033
0.905322
0.915251
0.926054
0.935183
0.942675
0.950157
0.958096
0.965958
0.973989
0.982285
0.990984
1.00025
1.01052
1.02074
1.02783
1.03433
1.04133
1.04774
1.05634
1.05784
1.05361
1.05377
1.05078
1.03445
1.00825
0.969761
0.923095
0.847826
0.848225
0.86572
0.872563
0.883299
0.89516
0.894846
0.893008
0.893904
0.895897
0.900017
0.904473
0.908975
0.912893
0.915823
0.918952
0.922326
0.92593
0.930016
0.93522
0.943414
0.937763
1.20873
0.81228
0.588869
0.677179
0.74993
0.772463
0.795618
0.807713
0.817058
0.828211
0.827681
0.821586
0.807853
0.7706
0.712877
0.652958
0.68724
0.69061
0.701303
0.716681
0.718892
0.722669
0.727347
0.732695
0.738628
0.743873
0.749297
0.754986
0.760908
0.767091
0.77348
0.780025
0.786498
0.792895
0.798973
0.804703
0.809804
0.814416
0.819268
0.82442
0.829874
0.835295
0.840728
0.846343
0.85214
0.858172
0.864614
0.871545
0.878995
0.886967
0.895485
0.904832
0.915293
0.925541
0.933617
0.941228
0.948824
0.956307
0.963422
0.97078
0.978759
0.987202
0.996251
1.00653
1.01511
1.0228
1.02901
1.03351
1.03877
1.0445
1.05093
1.05518
1.05934
1.05965
1.05505
1.04525
1.02596
0.995943
0.952381
0.902957
0.838078
0.848955
0.868476
0.87853
0.89856
0.898799
0.898163
0.89995
0.903233
0.908784
0.913167
0.918563
0.921334
0.923316
0.925698
0.928504
0.932031
0.937239
0.947721
0.942276
1.34411
1.08396
0.618245
0.616551
0.709564
0.750961
0.789288
0.806136
0.824392
0.826498
0.818971
0.806667
0.767485
0.703507
0.63915
0.673705
0.679996
0.69285
0.708326
0.710756
0.714789
0.719844
0.725871
0.732642
0.737857
0.743054
0.748521
0.754251
0.760303
0.766618
0.773187
0.779945
0.786794
0.79365
0.800347
0.806987
0.813116
0.81873
0.824015
0.829432
0.834994
0.840518
0.845606
0.85087
0.856183
0.86153
0.866983
0.872774
0.879048
0.885881
0.893372
0.901669
0.910954
0.920845
0.928725
0.935756
0.942847
0.950123
0.957485
0.965122
0.972988
0.981269
0.989945
0.999242
1.0054
1.01049
1.01599
1.02155
1.02798
1.03266
1.03778
1.04406
1.04682
1.05252
1.05029
1.04894
1.04635
1.03681
1.01609
0.979334
0.922885
0.841467
0.838254
0.862411
0.873369
0.887717
0.904202
0.904723
0.905504
0.908094
0.911767
0.915695
0.920575
0.922753
0.924891
0.927909
0.932002
0.938736
0.951957
0.946317
1.3949
1.30757
0.997845
0.649156
0.676411
0.762371
0.783249
0.806157
0.820889
0.816198
0.804355
0.76527
0.700209
0.631075
0.664544
0.673066
0.689345
0.70159
0.703795
0.707584
0.712224
0.718084
0.724728
0.73144
0.73788
0.74411
0.750305
0.756577
0.762904
0.769402
0.776072
0.782939
0.789978
0.796953
0.803988
0.810619
0.817259
0.822902
0.828059
0.833281
0.838781
0.844619
0.84992
0.854171
0.858516
0.863117
0.867927
0.873072
0.878623
0.884722
0.891538
0.899195
0.907735
0.916982
0.924419
0.931281
0.938228
0.945229
0.952383
0.959669
0.967175
0.974777
0.982789
0.990219
0.995109
0.99953
1.00451
1.0098
1.01534
1.01961
1.02412
1.02717
1.03066
1.03448
1.03838
1.04524
1.04469
1.04441
1.03821
1.02286
0.981678
0.932289
0.883221
0.829658
0.84139
0.861808
0.874901
0.891831
0.903994
0.905156
0.904985
0.907568
0.912453
0.917523
0.921048
0.925027
0.929988
0.937456
0.952356
0.946957
1.40453
1.40537
1.32539
0.868093
0.603819
0.675535
0.770062
0.790948
0.803284
0.794346
0.754807
0.688317
0.624058
0.657863
0.67232
0.697836
0.702304
0.702479
0.705202
0.709354
0.714942
0.721759
0.728815
0.735257
0.741874
0.748522
0.754623
0.760472
0.766304
0.772287
0.778447
0.784861
0.791493
0.798305
0.805223
0.811901
0.818538
0.824463
0.829895
0.835413
0.84111
0.846951
0.85297
0.856478
0.859897
0.863813
0.868055
0.872627
0.877542
0.882869
0.888974
0.895822
0.903596
0.911159
0.917362
0.923455
0.929562
0.935769
0.942022
0.9484
0.954965
0.961656
0.968814
0.974819
0.978799
0.982744
0.986802
0.991362
0.995636
0.999657
1.00152
1.00293
1.00496
1.00695
1.00931
1.01239
1.01571
1.02064
1.01753
1.01129
1.00172
0.972727
0.936786
0.889733
0.81158
0.817238
0.836473
0.850979
0.866809
0.887234
0.894832
0.897028
0.900879
0.905791
0.91069
0.91612
0.922436
0.93126
0.948497
0.943831
1.40754
1.40195
1.36436
1.15719
0.74932
0.619246
0.710199
0.772988
0.772246
0.740943
0.673902
0.608493
0.640631
0.660646
0.689982
0.693902
0.693696
0.696165
0.699837
0.704846
0.711051
0.718215
0.724942
0.732024
0.739421
0.746802
0.753292
0.759324
0.765341
0.771414
0.77769
0.784132
0.790791
0.797615
0.804513
0.811161
0.817766
0.823651
0.828961
0.834326
0.839892
0.845613
0.851948
0.856299
0.858648
0.861389
0.864677
0.868319
0.872229
0.876632
0.881788
0.887726
0.894246
0.89911
0.903833
0.908607
0.913329
0.918326
0.92326
0.92839
0.93359
0.939004
0.944405
0.948768
0.951149
0.953471
0.955988
0.95848
0.96144
0.964559
0.964814
0.964375
0.964458
0.965219
0.966966
0.969829
0.973511
0.977458
0.983371
0.980171
0.982193
0.974066
0.956572
0.935064
0.890872
0.834808
0.787833
0.798719
0.821808
0.835722
0.858379
0.878215
0.881949
0.886432
0.892479
0.899674
0.907924
0.917531
0.936018
0.933811
1.40824
1.40698
1.39948
1.33587
1.06233
0.640993
0.646885
0.717863
0.709221
0.652339
0.596184
0.629448
0.657012
0.689248
0.690774
0.689169
0.691171
0.694479
0.699103
0.704847
0.711237
0.717955
0.72492
0.732136
0.739368
0.746459
0.753057
0.759265
0.765237
0.771294
0.777412
0.783637
0.789981
0.796382
0.80273
0.808769
0.814705
0.820117
0.824753
0.829391
0.834168
0.839097
0.844564
0.848462
0.849324
0.850561
0.852446
0.854629
0.856954
0.859626
0.863006
0.867263
0.870285
0.872534
0.875086
0.87777
0.880653
0.883671
0.886825
0.89003
0.893423
0.896695
0.900297
0.902482
0.904088
0.905821
0.907809
0.910349
0.913929
0.918189
0.919232
0.920714
0.922956
0.925954
0.929907
0.935007
0.940029
0.94516
0.950648
0.956773
0.964354
0.962898
0.958101
0.951649
0.937355
0.898558
0.841859
0.772356
0.780788
0.803532
0.81731
0.836164
0.858533
0.866315
0.870866
0.876121
0.883598
0.893483
0.910256
0.912763
1.40843
1.40822
1.40609
1.39364
1.30475
0.981052
0.674741
0.605988
0.538585
0.553675
0.591447
0.647478
0.659796
0.66573
0.670673
0.674067
0.678377
0.683626
0.689849
0.696602
0.703604
0.71028
0.717167
0.724091
0.731099
0.737525
0.743956
0.749765
0.755278
0.760317
0.765312
0.770194
0.774955
0.77931
0.783606
0.787685
0.791644
0.794861
0.79742
0.800003
0.802743
0.805632
0.808999
0.811482
0.811071
0.810482
0.81084
0.811672
0.813048
0.815175
0.818106
0.821217
0.822992
0.824983
0.827315
0.829959
0.832866
0.836055
0.839617
0.843537
0.847716
0.851963
0.85645
0.860519
0.863803
0.867192
0.87082
0.875329
0.881897
0.887501
0.890614
0.894154
0.898324
0.903233
0.90897
0.915246
0.921213
0.927511
0.93412
0.941327
0.949047
0.960803
0.959947
0.955424
0.952921
0.944378
0.915312
0.870025
0.793329
0.785163
0.798092
0.818738
0.832815
0.84777
0.856126
0.859775
0.86546
0.875211
0.880735
0.886804
1.40846
1.40861
1.41093
1.40794
1.38265
1.2593
0.821091
0.543328
0.39561
0.470441
0.516697
0.573181
0.583738
0.592642
0.603627
0.614347
0.625763
0.635339
0.64431
0.653181
0.661301
0.668107
0.674991
0.681406
0.687783
0.694072
0.699953
0.705417
0.710198
0.71452
0.71802
0.721405
0.724718
0.727994
0.731313
0.734702
0.738193
0.74144
0.744565
0.747888
0.751529
0.755506
0.759783
0.764551
0.766366
0.767937
0.770154
0.772979
0.776231
0.779968
0.784487
0.787837
0.790345
0.793192
0.796409
0.799886
0.803665
0.807742
0.812123
0.816658
0.821371
0.826232
0.831255
0.837004
0.841222
0.845195
0.850146
0.856523
0.865242
0.870703
0.875792
0.88096
0.886583
0.89262
0.898991
0.905616
0.9125
0.919624
0.927038
0.934823
0.942767
0.951566
0.958514
0.965776
0.963518
0.960422
0.955533
0.937121
0.894907
0.826133
0.78725
0.799322
0.821123
0.828529
0.839379
0.849887
0.855665
0.854874
0.857103
0.861007
1.40845
1.40841
1.40799
1.40431
1.37164
1.18919
0.822084
0.448895
0.513076
0.542375
0.543917
0.544904
0.54906
0.554016
0.559818
0.567159
0.575863
0.58507
0.59266
0.599992
0.606968
0.614037
0.620596
0.626962
0.633327
0.639743
0.646185
0.652592
0.658899
0.664989
0.670823
0.67644
0.681937
0.687359
0.69282
0.698223
0.703644
0.708978
0.713986
0.719061
0.724352
0.729881
0.735582
0.741631
0.745649
0.749143
0.753033
0.757383
0.762008
0.766815
0.772195
0.775754
0.778537
0.781743
0.785327
0.789168
0.793177
0.797461
0.801831
0.806326
0.810867
0.815581
0.820675
0.826612
0.832132
0.83722
0.842824
0.849518
0.856317
0.863373
0.870515
0.876686
0.883045
0.8897
0.896703
0.903859
0.91116
0.918594
0.926352
0.934374
0.942216
0.950384
0.957896
0.967263
0.970191
0.973181
0.969965
0.964773
0.95413
0.910847
0.851537
0.797699
0.80622
0.820545
0.82873
0.838616
0.84409
0.843505
0.833302
0.835227
1.40845
1.40842
1.40814
1.4055
1.37921
1.21868
0.860473
0.470359
0.537712
0.555896
0.556483
0.556142
0.559267
0.564385
0.566891
0.570201
0.574374
0.579329
0.584927
0.591324
0.597609
0.6037
0.609924
0.616182
0.622529
0.629069
0.635709
0.642134
0.648633
0.655094
0.661403
0.667456
0.673451
0.679462
0.685516
0.691567
0.697543
0.703271
0.708793
0.714385
0.720107
0.725978
0.731973
0.738137
0.743047
0.747516
0.752158
0.757006
0.762048
0.767239
0.772908
0.776218
0.779109
0.782441
0.786027
0.789754
0.793649
0.797626
0.801717
0.806032
0.810439
0.815038
0.820306
0.826261
0.831848
0.837934
0.844312
0.850312
0.856753
0.864063
0.872097
0.878786
0.885498
0.892475
0.899691
0.907102
0.914726
0.922494
0.930584
0.938778
0.947543
0.955295
0.963035
0.969937
0.976897
0.986705
0.987287
0.983306
0.979405
0.967228
0.927685
0.876933
0.818043
0.814395
0.831902
0.831978
0.833835
0.828476
0.789754
0.80397
1.40845
1.40841
1.40805
1.40482
1.37568
1.20416
0.843228
0.467544
0.536507
0.570338
0.570883
0.572098
0.57448
0.578275
0.580701
0.583385
0.586887
0.591337
0.596414
0.601742
0.606926
0.612303
0.617973
0.623914
0.63014
0.636627
0.643318
0.650192
0.656852
0.663411
0.669886
0.676265
0.682663
0.688976
0.695261
0.701408
0.707305
0.713114
0.718809
0.724542
0.73042
0.736448
0.7426
0.748714
0.75379
0.758603
0.763566
0.768711
0.773989
0.779448
0.785074
0.788165
0.79113
0.794428
0.797915
0.801534
0.80522
0.808927
0.812787
0.816917
0.821164
0.82556
0.830614
0.836069
0.84175
0.847676
0.853503
0.859622
0.866345
0.874015
0.881317
0.888184
0.894991
0.901991
0.909132
0.916548
0.924084
0.931879
0.939793
0.948094
0.955971
0.964179
0.970579
0.976893
0.983294
0.990241
1.00127
1.00068
0.996901
0.993173
0.983002
0.950689
0.896543
0.832609
0.820361
0.819058
0.811129
0.791318
0.738289
0.770291
1.40845
1.40841
1.40807
1.40505
1.3777
1.21301
0.854802
0.469438
0.53766
0.562926
0.562857
0.564321
0.56935
0.57692
0.580918
0.585064
0.589463
0.594414
0.599968
0.605853
0.611561
0.61754
0.623776
0.630195
0.636767
0.643493
0.650328
0.657125
0.663831
0.670499
0.677122
0.683627
0.690087
0.696356
0.702572
0.708665
0.714584
0.72037
0.726046
0.731743
0.737548
0.743465
0.74948
0.755327
0.76042
0.765353
0.770402
0.775575
0.780837
0.786316
0.791567
0.794531
0.797498
0.800709
0.804092
0.807498
0.810813
0.814245
0.817838
0.821727
0.825741
0.829962
0.834748
0.84001
0.845564
0.851398
0.85743
0.863653
0.870161
0.877128
0.884713
0.891682
0.89843
0.905253
0.912317
0.919528
0.92692
0.934473
0.942239
0.950174
0.958258
0.966497
0.973178
0.978842
0.984855
0.991553
0.998888
1.00883
1.01177
1.00689
1.00426
0.995199
0.96248
0.903183
0.842662
0.787473
0.762206
0.7191
0.701679
0.72904
1.40845
1.40841
1.40806
1.40494
1.37682
1.20907
0.849745
0.468878
0.537383
0.567279
0.565822
0.566715
0.571217
0.57773
0.581562
0.585622
0.590049
0.595195
0.600994
0.607093
0.612985
0.619053
0.625306
0.631719
0.638292
0.645052
0.651957
0.658868
0.665616
0.672353
0.679012
0.68561
0.69204
0.698308
0.704488
0.710555
0.716499
0.722272
0.727939
0.733604
0.739358
0.74522
0.751176
0.756959
0.762084
0.767092
0.772196
0.777416
0.782717
0.788261
0.793373
0.79634
0.799332
0.802539
0.805921
0.809214
0.812365
0.815697
0.819197
0.822994
0.826919
0.831102
0.835816
0.841016
0.846566
0.852344
0.858261
0.864366
0.870882
0.878016
0.885763
0.892727
0.899441
0.906294
0.913262
0.920501
0.927876
0.935495
0.943294
0.951262
0.959419
0.967754
0.974335
0.979797
0.985717
0.992138
0.999053
1.00651
1.01749
1.01943
1.01582
1.01109
0.994724
0.942417
0.870182
0.793481
0.722681
0.669731
0.695005
0.707086
)
;

boundaryField
{
    inlet
    {
        type            calculated;
        value           uniform 1.40845;
    }
    outlet
    {
        type            calculated;
        value           nonuniform List<scalar> 
40
(
0.611353
0.67368
0.735313
0.776968
0.804951
0.824757
0.83747
0.845813
0.851314
0.855606
0.859
0.863893
0.872173
0.879017
0.882628
0.885947
0.889525
0.893488
0.897771
0.90146
0.905158
0.909388
0.914184
0.919048
0.924531
0.930991
0.937763
0.942276
0.946317
0.946957
0.943831
0.933811
0.912763
0.886804
0.861007
0.835227
0.80397
0.770291
0.72904
0.707086
)
;
    }
    bottom
    {
        type            symmetryPlane;
    }
    top
    {
        type            symmetryPlane;
    }
    obstacle
    {
        type            calculated;
        value           nonuniform List<scalar> 
110
(
0.596646
0.597364
0.599402
0.601764
0.605067
0.609446
0.615838
0.62629
0.643874
0.686697
0.711326
0.635811
0.512941
0.520979
0.525974
0.516046
0.507905
0.505008
0.547602
0.565682
0.56841
0.566952
0.565588
0.564381
0.558554
0.571302
0.590096
0.599187
0.60146
0.602725
0.599129
0.597869
0.597529
0.597318
0.597492
0.597493
0.598229
0.600361
0.601907
0.602912
0.603376
0.604965
0.605393
0.603516
0.602436
0.59393
0.585664
0.5778
0.565261
0.554677
0.546753
0.540591
0.532115
0.525705
0.51938
0.514578
0.513226
0.512477
0.510048
0.510147
0.503892
0.507117
0.509089
0.511649
0.514204
0.516683
0.519392
0.522231
0.525083
0.527931
0.530632
0.53337
0.53612
0.538927
0.541621
0.544158
0.546566
0.549013
0.551537
0.55393
0.556284
0.558629
0.561026
0.563477
0.566019
0.568546
0.571043
0.57338
0.575697
0.577863
0.58004
0.582143
0.584272
0.586347
0.588446
0.590463
0.592503
0.594459
0.596454
0.598318
0.600204
0.601882
0.60359
0.605137
0.60679
0.608392
0.61007
0.612712
0.612756
0.611353
)
;
    }
    defaultFaces
    {
        type            empty;
    }
}


// ************************************************************************* //
