/*--------------------------------*- C++ -*----------------------------------*\
| =========                 |                                                 |
| \\      /  F ield         | OpenFOAM: The Open Source CFD Toolbox           |
|  \\    /   O peration     | Version:  v2106                                 |
|   \\  /    A nd           | Website:  www.openfoam.com                      |
|    \\/     M anipulation  |                                                 |
\*---------------------------------------------------------------------------*/
FoamFile
{
    version     2.0;
    format      ascii;
    arch        "LSB;label=32;scalar=64";
    class       volScalarField;
    location    "20";
    object      rho;
}
// * * * * * * * * * * * * * * * * * * * * * * * * * * * * * * * * * * * * * //

dimensions      [1 -3 0 0 0 0 0];

internalField   nonuniform List<scalar> 
5250
(
1.40845
1.40845
1.40845
1.40845
1.40845
1.40845
1.40845
1.40845
1.40845
1.40836
1.40822
1.40267
1.39983
1.58266
2.07667
5.55933
6.4381
6.19166
6.35245
6.53082
6.64089
6.80756
6.96435
7.09229
7.15965
1.40845
1.40845
1.40845
1.40845
1.40845
1.40845
1.40845
1.40845
1.40845
1.40835
1.40828
1.40244
1.40057
1.57802
2.05932
5.50928
6.48986
6.20966
6.37967
6.55686
6.66547
6.82271
6.97147
7.094
7.1609
1.40845
1.40845
1.40845
1.40845
1.40845
1.40845
1.40845
1.40845
1.40845
1.40838
1.40817
1.40323
1.39965
1.5628
2.01131
5.36668
6.6061
6.25403
6.43196
6.59685
6.70281
6.84381
6.9686
7.0854
7.14867
1.40845
1.40845
1.40845
1.40845
1.40845
1.40845
1.40845
1.40845
1.40845
1.40841
1.4081
1.40519
1.39679
1.53645
1.97928
5.13473
6.82163
6.33729
6.52708
6.68356
6.75267
6.86441
6.96637
7.06679
7.12859
1.40845
1.40845
1.40845
1.40845
1.40845
1.40845
1.40845
1.40845
1.40845
1.40842
1.40815
1.40583
1.39577
1.50971
1.9893
4.78819
7.17309
6.4643
6.65589
6.78397
6.81404
6.88618
6.95794
7.0407
7.0959
1.40845
1.40845
1.40845
1.40845
1.40845
1.40845
1.40845
1.40845
1.40845
1.40843
1.40819
1.40674
1.39492
1.47658
2.02726
4.25047
7.59688
6.63814
6.80251
6.92208
6.91963
6.93478
6.96013
7.00326
7.04926
1.40845
1.40845
1.40845
1.40845
1.40845
1.40845
1.40845
1.40845
1.40845
1.40843
1.40826
1.40717
1.39536
1.45148
1.91977
3.55198
7.58706
6.56046
6.74152
6.89943
6.91947
6.94284
6.94486
6.95624
6.98436
1.40845
1.40845
1.40845
1.40845
1.40845
1.40845
1.40845
1.40845
1.40845
1.40844
1.40828
1.40754
1.39645
1.43237
1.81009
2.93809
7.08661
6.40877
6.56784
6.77854
6.82284
6.88767
6.89107
6.88656
6.88346
1.40845
1.40845
1.40845
1.40845
1.40845
1.40845
1.40845
1.40845
1.40845
1.40845
1.40828
1.40793
1.39824
1.41933
1.73499
2.56777
6.48028
6.18846
6.33153
6.55407
6.67269
6.73755
6.78725
6.72562
6.72608
1.40845
1.40845
1.40845
1.40845
1.40845
1.40845
1.40845
1.40845
1.40845
1.40845
1.40831
1.40813
1.40026
1.40861
1.65187
2.29269
6.02079
5.94762
6.02255
6.21454
6.4195
6.5485
6.57007
6.6593
6.48193
1.40845
1.40845
1.40845
1.40845
1.40845
1.40845
1.40845
1.40845
1.40845
1.40845
1.40835
1.40826
1.40219
1.40249
1.58178
2.06297
5.41071
6.03907
5.95334
5.97634
6.09346
6.27448
6.27196
6.37721
5.43128
1.40845
1.40845
1.40845
1.40845
1.40845
1.40845
1.40845
1.40845
1.40845
1.40845
1.40841
1.40808
1.40562
1.39794
1.51833
1.85679
4.67922
6.21107
5.90734
5.84529
5.83696
5.92193
5.82845
5.75968
5.41341
1.40845
1.40845
1.40845
1.40845
1.40845
1.40845
1.40845
1.40845
1.40845
1.40845
1.40843
1.40822
1.40728
1.39396
1.45973
1.86889
3.84032
6.54836
5.90241
5.74947
5.69537
5.66485
5.55622
5.3715
5.40238
1.40845
1.40845
1.40845
1.40845
1.40845
1.40845
1.40845
1.40845
1.40845
1.40845
1.40844
1.40835
1.40734
1.39668
1.42641
1.78407
2.96056
6.48989
6.01291
5.77574
5.64815
5.54405
5.39091
5.1867
5.15338
1.40845
1.40845
1.40845
1.40845
1.40845
1.40845
1.40845
1.40845
1.40845
1.40845
1.40846
1.40828
1.40809
1.39915
1.41331
1.6601
2.38432
5.91773
5.99175
5.8335
5.64331
5.46622
5.25578
5.03429
4.85183
1.40845
1.40845
1.40845
1.40845
1.40845
1.40845
1.40845
1.40845
1.40845
1.40845
1.40845
1.40836
1.40827
1.40312
1.40068
1.54549
1.94921
4.80439
6.06489
5.91333
5.67322
5.41086
5.17993
4.96381
4.70672
1.40845
1.40845
1.40845
1.40845
1.40845
1.40845
1.40845
1.40845
1.40845
1.40845
1.40844
1.40847
1.40804
1.40727
1.39234
1.46456
1.65944
3.67483
5.93053
5.85865
5.63884
5.40434
5.16058
4.92565
4.65351
1.40845
1.40845
1.40845
1.40845
1.40845
1.40845
1.40845
1.40845
1.40845
1.40845
1.40845
1.40846
1.40821
1.40806
1.39609
1.4314
1.72481
2.65792
5.58403
5.71804
5.6446
5.43627
5.19468
4.92933
4.65165
1.40845
1.40845
1.40845
1.40845
1.40845
1.40845
1.40845
1.40845
1.40845
1.40845
1.40845
1.40844
1.40838
1.40798
1.4035
1.40362
1.60041
2.10072
4.77541
5.6429
5.66723
5.45039
5.21625
4.95392
4.66879
1.40845
1.40845
1.40845
1.40845
1.40845
1.40845
1.40845
1.40845
1.40845
1.40845
1.40845
1.40843
1.40851
1.40769
1.4091
1.37763
1.50313
1.69747
3.65955
5.55702
5.61165
5.41303
5.20346
4.97828
4.71471
1.40845
1.40845
1.40845
1.40845
1.40845
1.40845
1.40845
1.40845
1.40845
1.40845
1.40845
1.40845
1.40844
1.40833
1.40755
1.40187
1.41905
1.65451
2.52482
5.12343
5.38606
5.38705
5.19977
4.98947
4.75209
1.40845
1.40845
1.40845
1.40845
1.40845
1.40845
1.40845
1.40845
1.40845
1.40845
1.40845
1.40845
1.40842
1.40876
1.40648
1.41361
1.35407
1.60733
1.97458
4.10799
5.43658
5.4254
5.23195
5.02652
4.79905
1.40845
1.40845
1.40845
1.40845
1.40845
1.40845
1.40845
1.40845
1.40845
1.40845
1.40845
1.40845
1.40845
1.40844
1.40825
1.40738
1.39945
1.43962
1.59212
2.92921
5.15294
5.2433
5.18565
5.03222
4.83183
1.40845
1.40845
1.40845
1.40845
1.40845
1.40845
1.40845
1.40845
1.40845
1.40845
1.40845
1.40845
1.40845
1.40843
1.40871
1.40707
1.42152
1.32389
1.53288
2.09816
4.32546
5.19455
5.22402
5.07055
4.87703
1.40845
1.40845
1.40845
1.40845
1.40845
1.40845
1.40845
1.40845
1.40845
1.40845
1.40845
1.40845
1.40845
1.40845
1.40843
1.4082
1.40708
1.39749
1.47154
1.58656
3.18432
5.02437
5.11588
5.04189
4.8831
1.40845
1.40845
1.40845
1.40845
1.40845
1.40845
1.40845
1.40845
1.40845
1.40845
1.40845
1.40845
1.40845
1.40844
1.40841
1.40889
1.40609
1.41599
1.32897
1.51496
2.15859
4.26991
5.00856
5.05977
4.90323
1.40845
1.40845
1.40845
1.40845
1.40845
1.40845
1.40845
1.40845
1.40845
1.40845
1.40845
1.40845
1.40845
1.40845
1.40845
1.40843
1.40816
1.40711
1.39674
1.48732
1.62114
3.15412
4.84962
4.94422
4.87358
1.40845
1.40845
1.40845
1.40845
1.40845
1.40845
1.40845
1.40845
1.40845
1.40845
1.40845
1.40845
1.40845
1.40845
1.40844
1.40841
1.4089
1.4055
1.41782
1.32487
1.48548
2.10971
4.07988
4.85037
4.88395
1.40845
1.40845
1.40845
1.40845
1.40845
1.40845
1.40845
1.40845
1.40845
1.40845
1.40845
1.40845
1.40845
1.40845
1.40845
1.40845
1.40844
1.40815
1.40768
1.39413
1.47876
1.58842
3.00032
4.65492
4.75726
1.40845
1.40845
1.40845
1.40845
1.40845
1.40845
1.40845
1.40845
1.40845
1.40845
1.40845
1.40845
1.40845
1.40845
1.40845
1.40845
1.40844
1.40879
1.40569
1.41342
1.34097
1.47716
2.00424
3.82193
4.69957
1.40845
1.40845
1.40845
1.40845
1.40845
1.40845
1.40845
1.40845
1.40845
1.40845
1.40845
1.40845
1.40845
1.40845
1.40845
1.40845
1.40843
1.40845
1.40809
1.40784
1.39424
1.45184
1.5046
2.75944
4.38003
1.40845
1.40845
1.40845
1.40845
1.40845
1.40845
1.40845
1.40845
1.40845
1.40845
1.40845
1.40845
1.40845
1.40845
1.40845
1.40845
1.40845
1.40843
1.40849
1.40736
1.41077
1.36561
1.49141
1.84691
3.41332
1.40845
1.40845
1.40845
1.40845
1.40845
1.40845
1.40845
1.40845
1.40845
1.40845
1.40845
1.40845
1.40845
1.40845
1.40845
1.40845
1.40845
1.40845
1.40845
1.40819
1.40792
1.39645
1.42773
1.54889
2.45127
1.40845
1.40845
1.40845
1.40845
1.40845
1.40845
1.40845
1.40845
1.40845
1.40845
1.40845
1.40845
1.40845
1.40845
1.40845
1.40845
1.40845
1.40845
1.40844
1.40866
1.40693
1.40956
1.3696
1.49168
1.69475
1.40845
1.40845
1.40845
1.40845
1.40845
1.40845
1.40845
1.40845
1.40845
1.40845
1.40845
1.40845
1.40845
1.40845
1.40845
1.40845
1.40845
1.40845
1.40845
1.40844
1.40842
1.40726
1.41555
1.33241
1.4725
1.40845
1.40845
1.40845
1.40845
1.40845
1.40845
1.40845
1.40845
1.40845
1.40845
1.40845
1.40845
1.40845
1.40845
1.40845
1.40845
1.40845
1.40845
1.40845
1.40846
1.40838
1.40845
1.4078
1.39081
1.4425
1.40845
1.40845
1.40845
1.40845
1.40845
1.40845
1.40845
1.40845
1.40845
1.40845
1.40845
1.40845
1.40845
1.40845
1.40845
1.40845
1.40845
1.40845
1.40845
1.40845
1.40843
1.40851
1.40767
1.41034
1.36472
1.40845
1.40845
1.40845
1.40845
1.40845
1.40845
1.40845
1.40845
1.40845
1.40845
1.40845
1.40845
1.40845
1.40845
1.40845
1.40845
1.40845
1.40845
1.40845
1.40845
1.40845
1.40845
1.40834
1.40845
1.40353
1.40845
1.40845
1.40845
1.40845
1.40845
1.40845
1.40845
1.40845
1.40845
1.40845
1.40845
1.40845
1.40845
1.40845
1.40845
1.40845
1.40845
1.40845
1.40845
1.40845
1.40845
1.40845
1.40846
1.40811
1.40771
1.40845
1.40845
1.40845
1.40845
1.40845
1.40845
1.40845
1.40845
1.40845
1.40845
1.40845
1.40845
1.40845
1.40845
1.40845
1.40845
1.40845
1.40845
1.40845
1.40845
1.40845
1.40845
1.40846
1.40851
1.40776
1.40845
1.40845
1.40845
1.40845
1.40845
1.40845
1.40845
1.40845
1.40845
1.40845
1.40845
1.40845
1.40845
1.40845
1.40845
1.40845
1.40845
1.40845
1.40845
1.40845
1.40845
1.40845
1.40845
1.40844
1.40885
1.40845
1.40845
1.40845
1.40845
1.40845
1.40845
1.40845
1.40845
1.40845
1.40845
1.40845
1.40845
1.40845
1.40845
1.40845
1.40845
1.40845
1.40845
1.40845
1.40845
1.40845
1.40845
1.40845
1.40844
1.40847
1.40845
1.40845
1.40845
1.40845
1.40845
1.40845
1.40845
1.40845
1.40845
1.40845
1.40845
1.40845
1.40845
1.40845
1.40845
1.40845
1.40845
1.40845
1.40845
1.40845
1.40845
1.40845
1.40845
1.40845
1.40845
1.40845
1.40845
1.40845
1.40845
1.40845
1.40845
1.40845
1.40845
1.40845
1.40845
1.40845
1.40845
1.40845
1.40845
1.40845
1.40845
1.40845
1.40845
1.40845
1.40845
1.40845
1.40845
1.40845
1.40845
1.40845
1.40845
1.40845
1.40845
1.40845
1.40845
1.40845
1.40845
1.40845
1.40845
1.40845
1.40845
1.40845
1.40845
1.40845
1.40845
1.40845
1.40845
1.40845
1.40845
1.40845
1.40845
1.40845
1.40845
1.40845
1.40845
1.40845
1.40845
1.40845
1.40845
1.40845
1.40845
1.40845
1.40845
1.40845
1.40845
1.40845
1.40845
1.40845
1.40845
1.40845
1.40845
1.40845
1.40845
1.40845
1.40845
1.40845
1.40845
1.40845
1.40845
1.40845
1.40845
1.40845
1.40845
1.40845
1.40845
1.40845
1.40845
1.40845
1.40845
1.40845
1.40845
1.40845
1.40845
1.40845
1.40845
1.40845
1.40845
1.40845
1.40845
1.40845
1.40845
1.40845
1.40845
1.40845
1.40845
1.40845
1.40845
1.40845
1.40845
1.40845
1.40845
1.40845
1.40845
1.40845
1.40845
1.40845
1.40845
1.40845
1.40845
1.40845
1.40845
1.40845
1.40845
1.40845
1.40845
1.40845
1.40845
1.40845
1.40845
1.40845
1.40845
1.40845
1.40845
1.40845
1.40845
1.40845
1.40845
1.40845
1.40845
1.40845
1.40845
1.40845
1.40845
1.40845
1.40845
1.40845
1.40845
1.40845
1.40845
1.40845
1.40845
1.40845
1.40845
1.40845
1.40845
1.40845
1.40845
1.40845
1.40845
1.40845
1.40845
1.40845
1.40845
1.40845
1.40845
1.40845
1.40845
1.40845
1.40845
1.40845
1.40845
1.40845
1.40845
1.40845
1.40845
1.40845
1.40845
1.40845
1.40845
1.40845
1.94933
1.95611
1.991
1.71823
1.85794
1.82906
1.70202
1.46236
1.39424
1.37459
1.38464
1.39338
1.39401
1.3834
1.31396
1.24162
1.21149
1.20354
1.2053
1.21756
1.2205
1.22157
1.22147
1.2191
1.21711
1.21301
1.20855
1.20555
1.20383
1.20344
1.2039
1.21571
1.23792
1.26828
1.32575
1.38717
1.45603
1.53857
1.63327
1.70996
1.78714
1.87926
1.96366
2.0437
2.12942
2.19648
2.24796
2.31725
2.36457
2.39826
2.41055
2.4554
2.47566
2.49922
2.51439
2.52434
2.53101
2.53284
2.53185
2.52784
2.52039
2.51075
2.49932
2.48648
2.4719
2.45536
2.43765
2.42001
2.40251
2.38424
2.36579
2.34728
2.32902
2.31091
2.29322
2.27536
2.25725
2.23838
2.21945
2.20013
2.18117
2.16213
2.14342
2.12457
2.10601
2.0874
2.0693
2.05137
2.03415
2.01702
2.00064
1.98435
1.96909
1.95404
1.94017
1.926
1.91241
1.90084
1.8815
1.86599
2.90822
2.60629
2.15477
1.78649
1.92413
1.86411
1.72169
1.34261
1.19381
1.15707
1.18083
1.20105
1.19999
1.16794
1.10538
1.07095
1.04309
1.03133
1.03115
1.03379
1.03922
1.04135
1.04231
1.04044
1.03902
1.03506
1.03302
1.02582
1.02283
1.0212
1.02295
1.03379
1.05397
1.07666
1.12128
1.16994
1.22989
1.30649
1.41151
1.51105
1.60692
1.7047
1.81191
1.90096
1.9848
2.07741
2.142
2.22813
2.31739
2.37439
2.44245
2.51139
2.55613
2.59992
2.63339
2.65826
2.68081
2.69672
2.70573
2.71299
2.7144
2.71034
2.70376
2.69594
2.68779
2.67674
2.66173
2.64534
2.62867
2.6105
2.59129
2.57172
2.55232
2.53308
2.5143
2.49592
2.47798
2.4602
2.44262
2.42395
2.40501
2.38519
2.36525
2.34454
2.32397
2.30318
2.28293
2.263
2.24372
2.22454
2.206
2.1875
2.16989
2.15303
2.13726
2.12184
2.10661
2.09366
2.07195
2.05389
3.82147
3.07343
2.62482
2.15314
2.04917
1.94031
1.70011
1.32825
1.14007
1.11736
1.13202
1.16028
1.16691
1.1487
1.09806
1.00154
0.944217
0.930443
0.931009
0.947799
0.954308
0.956569
0.956459
0.954365
0.95049
0.94719
0.943613
0.94088
0.938735
0.938895
0.937813
0.945181
0.960492
0.984432
1.02883
1.09081
1.1578
1.21587
1.29564
1.38656
1.47868
1.59399
1.73349
1.87606
2.0377
2.18507
2.29532
2.4209
2.53246
2.63891
2.72375
2.80015
2.85947
2.91238
2.94315
2.9637
2.98302
2.99808
3.00594
3.01075
3.01226
3.00809
2.99788
2.98389
2.96808
2.95088
2.93201
2.91327
2.89489
2.87597
2.85607
2.83447
2.81183
2.78866
2.76538
2.74206
2.71872
2.69531
2.67201
2.64923
2.62754
2.60685
2.58697
2.56594
2.54404
2.52109
2.49804
2.47529
2.45317
2.43122
2.41006
2.38964
2.37014
2.35174
2.33418
2.31727
2.30033
2.28531
2.26081
2.23899
4.41036
3.56591
3.05083
2.56738
2.28062
2.10778
1.9261
1.64404
1.39757
1.24326
1.18497
1.17963
1.17552
1.15522
1.08469
0.977831
0.932363
0.917738
0.917654
0.929766
0.937988
0.940181
0.950479
0.9537
0.950193
0.943102
0.941007
0.93359
0.929756
0.925346
0.924366
0.933483
0.949281
0.959014
0.986023
1.01439
1.0742
1.15697
1.28517
1.45758
1.6367
1.80533
1.97366
2.15777
2.29568
2.44755
2.57716
2.70323
2.80779
2.93149
2.98487
3.0445
3.09504
3.14168
3.18339
3.20129
3.21237
3.21838
3.21908
3.21797
3.21442
3.2072
3.19411
3.17754
3.15905
3.13823
3.11624
3.09397
3.07146
3.04874
3.02651
3.00438
2.98119
2.95695
2.9321
2.90666
2.88072
2.85403
2.82753
2.80164
2.77671
2.75288
2.7297
2.70715
2.68485
2.66219
2.63902
2.61633
2.5935
2.57076
2.54832
2.52627
2.50494
2.48514
2.46624
2.44814
2.43011
2.41316
2.38827
2.36332
4.47342
3.89307
3.35418
2.93243
2.68094
2.4383
2.21457
1.95338
1.62981
1.44895
1.37219
1.33148
1.27523
1.23611
1.19349
1.12049
1.0467
0.990999
0.961167
0.951343
0.9544
0.956565
0.954855
0.953606
0.950344
0.945133
0.940044
0.934528
0.925157
0.926216
0.926325
0.930634
0.936369
0.953846
0.990457
1.05564
1.14787
1.27372
1.43602
1.62077
1.80062
1.9687
2.16179
2.35976
2.50369
2.67734
2.79679
2.88182
2.96744
3.07548
3.13693
3.20136
3.254
3.28702
3.31771
3.3241
3.33645
3.34673
3.34843
3.34114
3.33095
3.32025
3.3086
3.29494
3.2777
3.25532
3.23043
3.20623
3.18278
3.15993
3.13731
3.11306
3.08759
3.0618
3.03569
3.00922
2.98252
2.95582
2.92894
2.90147
2.87462
2.84877
2.82369
2.79938
2.77579
2.75279
2.7293
2.70644
2.68351
2.66043
2.63726
2.61445
2.59282
2.57301
2.55405
2.53569
2.51734
2.4993
2.47399
2.44623
4.42376
4.01762
3.58799
3.19892
2.96464
2.77098
2.55694
2.31241
1.95089
1.69904
1.59157
1.53302
1.46538
1.39315
1.32049
1.21705
1.13901
1.0865
1.05813
1.03887
1.03524
1.02008
1.01009
0.995474
0.987639
0.975135
0.970318
0.960282
0.95429
0.947777
0.943586
0.951661
0.967334
0.992971
1.04624
1.13146
1.24597
1.38121
1.54495
1.68398
1.83189
1.99572
2.1761
2.35665
2.5639
2.7595
2.89181
2.98279
3.06857
3.13155
3.18593
3.25971
3.3277
3.36521
3.39312
3.40162
3.41478
3.41893
3.4194
3.41804
3.41229
3.40383
3.38523
3.36401
3.34323
3.3228
3.3018
3.28033
3.25679
3.23153
3.20631
3.18127
3.15625
3.1309
3.10477
3.07803
3.05012
3.02161
2.99343
2.96583
2.93895
2.91308
2.88795
2.8632
2.83782
2.81283
2.78874
2.76543
2.74237
2.71948
2.69677
2.67402
2.65261
2.63309
2.61438
2.5959
2.57737
2.55836
2.53401
2.50499
4.33325
4.05309
3.70171
3.40395
3.16118
3.00525
2.82777
2.65195
2.39781
2.08398
1.86984
1.7745
1.70736
1.63156
1.55121
1.44805
1.34818
1.26587
1.21273
1.1777
1.15222
1.12959
1.10851
1.08405
1.06304
1.04342
1.0237
1.01295
0.999259
0.993631
0.996496
1.01646
1.03724
1.08342
1.16394
1.28538
1.43252
1.54766
1.66032
1.74647
1.84173
1.95311
2.06401
2.19001
2.33152
2.48797
2.67729
2.94237
3.13193
3.19807
3.23385
3.26735
3.31103
3.35786
3.41229
3.44972
3.45291
3.44771
3.44653
3.44682
3.44148
3.43132
3.41608
3.39985
3.38422
3.36498
3.34121
3.31593
3.29126
3.26776
3.24532
3.22253
3.19774
3.17098
3.1427
3.11331
3.0846
3.05701
3.03031
3.00447
2.97851
2.95228
2.9262
2.90038
2.87453
2.84943
2.82529
2.80198
2.77902
2.75624
2.73363
2.71046
2.68927
2.67003
2.6515
2.63308
2.61468
2.59548
2.57191
2.54184
4.31344
4.02018
3.75361
3.50348
3.2803
3.14125
2.9966
2.83353
2.65971
2.41819
2.17115
2.01397
1.93102
1.85665
1.78443
1.70735
1.60837
1.48898
1.39699
1.35372
1.32344
1.29887
1.28453
1.25173
1.21632
1.17666
1.14691
1.12162
1.11755
1.07811
1.0988
1.19031
1.25066
1.3329
1.44651
1.57169
1.64306
1.70108
1.76525
1.81279
1.8724
1.93318
1.99757
2.07281
2.15699
2.27233
2.42761
2.5958
2.79845
3.12419
3.33484
3.32319
3.32089
3.33708
3.36386
3.4226
3.44733
3.46727
3.46594
3.44803
3.43902
3.43695
3.43232
3.42201
3.40517
3.37571
3.34964
3.32864
3.30961
3.29082
3.26876
3.24228
3.21485
3.18741
3.15991
3.13236
3.10547
3.0791
3.05268
3.02602
2.99919
2.97272
2.94676
2.92137
2.89606
2.8713
2.84759
2.82459
2.80195
2.77951
2.75751
2.73489
2.71422
2.69526
2.6768
2.6583
2.63969
2.62019
2.5963
2.56533
4.35115
4.02865
3.7633
3.52763
3.37331
3.21761
3.10226
2.97027
2.8187
2.65262
2.44177
2.25731
2.13724
2.06822
2.00025
1.9268
1.85054
1.73695
1.62349
1.54644
1.51375
1.48187
1.46442
1.43829
1.406
1.37124
1.3301
1.30624
1.27863
1.28676
1.31947
1.5028
1.61554
1.72042
1.83315
1.88434
1.86318
1.8822
1.88504
1.89485
1.92724
1.95804
1.99073
2.02149
2.06007
2.12208
2.19687
2.29673
2.4575
2.63413
2.94905
3.24697
3.37531
3.36672
3.35377
3.37084
3.38872
3.43757
3.45039
3.44769
3.44044
3.43346
3.4256
3.41354
3.39809
3.37877
3.35785
3.33618
3.31602
3.29515
3.27286
3.24833
3.22206
3.19474
3.16697
3.13936
3.11223
3.08603
3.06046
3.03516
3.00976
2.98399
2.95821
2.93219
2.90646
2.88223
2.85951
2.83781
2.81669
2.7958
2.77451
2.75195
2.73104
2.71165
2.69268
2.67376
2.65485
2.63519
2.61134
2.5796
4.42012
4.10219
3.83376
3.57501
3.43237
3.27063
3.17329
3.06498
2.92891
2.7776
2.61982
2.43003
2.29705
2.20695
2.14733
2.08939
2.02644
1.94451
1.84986
1.75766
1.69359
1.66254
1.63258
1.6169
1.58994
1.57056
1.53912
1.51889
1.50578
1.5456
1.79036
1.99044
2.0751
2.16162
2.2178
2.16131
2.09799
2.06775
2.05352
2.04224
2.02627
2.00764
2.02071
2.03127
2.04347
2.06249
2.07966
2.12865
2.20728
2.32715
2.50426
2.68398
3.11158
3.41116
3.4095
3.38112
3.37287
3.37674
3.40068
3.41667
3.42631
3.42378
3.42138
3.40488
3.38651
3.37043
3.35449
3.33766
3.32123
3.3026
3.27705
3.25043
3.22398
3.19724
3.17018
3.14381
3.11842
3.09368
3.06882
3.04346
3.01705
2.99094
2.96538
2.94035
2.91628
2.89276
2.87029
2.84862
2.82714
2.80565
2.78339
2.76105
2.7404
2.72106
2.70228
2.68374
2.66533
2.64607
2.6224
2.58949
4.48411
4.1728
3.89366
3.65183
3.4651
3.31281
3.21564
3.11512
2.99675
2.87063
2.72624
2.56814
2.41475
2.30205
2.24732
2.19449
2.13829
2.08163
2.01034
1.92833
1.85071
1.79516
1.76644
1.74536
1.73126
1.71325
1.70995
1.70801
1.78496
1.91202
2.42699
2.50288
2.57112
2.60238
2.55907
2.45349
2.37111
2.30228
2.26545
2.22675
2.19199
2.14832
2.11381
2.08107
2.05665
2.05466
2.05725
2.07416
2.09464
2.13948
2.20618
2.33622
2.53404
2.79595
3.21278
3.40451
3.42622
3.35392
3.35118
3.35485
3.38806
3.39979
3.40038
3.39584
3.38204
3.37086
3.36104
3.34738
3.32538
3.30189
3.27743
3.25227
3.22746
3.20381
3.18106
3.15453
3.12751
3.1013
3.07558
3.0501
3.02474
2.9997
2.9754
2.95192
2.92784
2.90357
2.88063
2.85869
2.8371
2.81552
2.79341
2.77162
2.75117
2.73165
2.71261
2.69374
2.6748
2.65483
2.63015
2.59571
4.55205
4.26039
3.98149
3.73437
3.52189
3.37333
3.24273
3.14188
3.04715
2.93755
2.8065
2.67124
2.5274
2.40264
2.32205
2.26648
2.22793
2.17754
2.11221
2.05684
1.98125
1.91273
1.86425
1.84382
1.83027
1.82443
1.839
1.88934
2.06736
2.42963
2.90883
2.97027
2.99168
2.94782
2.80937
2.70318
2.61991
2.55043
2.48133
2.41376
2.35707
2.30861
2.25999
2.2067
2.14635
2.10584
2.08514
2.06581
2.06485
2.05989
2.07167
2.12132
2.2226
2.39417
2.56604
3.02377
3.38876
3.43282
3.39803
3.35754
3.35819
3.38179
3.39295
3.39634
3.39301
3.38126
3.36436
3.34814
3.33272
3.31576
3.29516
3.26943
3.24602
3.22405
3.20109
3.17596
3.14796
3.12069
3.0949
3.07
3.04508
3.01995
2.99472
2.9696
2.94437
2.91968
2.89674
2.87488
2.85339
2.83185
2.81001
2.78849
2.76777
2.74767
2.728
2.70842
2.68873
2.66789
2.64193
2.60585
4.59415
4.33102
4.06652
3.81415
3.59502
3.43422
3.28777
3.1868
3.08753
2.97256
2.86342
2.7378
2.61971
2.4952
2.39171
2.32979
2.28198
2.22827
2.19072
2.14131
2.0748
2.00877
1.94506
1.90402
1.89947
1.91023
1.95304
2.1129
2.34157
3.02478
3.24721
3.27176
3.23689
3.13301
3.0313
2.93515
2.83521
2.73222
2.64754
2.56988
2.50371
2.4365
2.36538
2.30974
2.2642
2.22642
2.17673
2.11489
2.06679
2.03855
2.04831
2.06773
2.09772
2.15855
2.27955
2.48327
2.70018
3.18948
3.47928
3.47875
3.40811
3.36861
3.37093
3.38062
3.3977
3.39708
3.38726
3.37064
3.34508
3.32605
3.30766
3.28776
3.26638
3.24446
3.21986
3.19525
3.17041
3.14539
3.12045
3.09428
3.06775
3.04256
3.01808
2.99353
2.96909
2.94448
2.92172
2.90029
2.87916
2.85795
2.83651
2.8151
2.79404
2.77336
2.75296
2.73262
2.71217
2.69049
2.66351
2.62578
4.64399
4.38935
4.14999
3.90333
3.68406
3.50411
3.35507
3.2438
3.12916
3.02025
2.91798
2.80154
2.67081
2.57772
2.47054
2.38144
2.32102
2.28118
2.24167
2.18239
2.13388
2.09155
2.01791
1.96738
1.96204
1.9949
2.11947
2.30728
2.94979
3.44925
3.46125
3.43289
3.37834
3.30382
3.21748
3.12071
3.00633
2.90421
2.80892
2.72039
2.63973
2.55672
2.48985
2.43486
2.38566
2.32134
2.2574
2.20873
2.15361
2.12054
2.08197
2.07889
2.08158
2.08548
2.12632
2.19925
2.34866
2.5769
2.90962
3.33136
3.47857
3.46155
3.36729
3.35196
3.36839
3.37185
3.37534
3.36509
3.35002
3.32578
3.30864
3.29039
3.27011
3.24826
3.22615
3.19856
3.16932
3.14273
3.11721
3.0923
3.06756
3.04382
3.02132
2.99952
2.97787
2.95533
2.93379
2.9134
2.89331
2.87319
2.85284
2.83236
2.81179
2.79123
2.77065
2.74997
2.72904
2.70677
2.67899
2.63976
4.67834
4.43223
4.20962
3.9757
3.75184
3.58322
3.43366
3.30219
3.19135
3.08571
2.96882
2.86686
2.73958
2.6199
2.54083
2.44451
2.37281
2.31967
2.26832
2.2251
2.19215
2.12249
2.06319
2.046
2.04814
2.13532
2.35925
2.86371
3.44112
3.55467
3.56097
3.53875
3.49186
3.42556
3.34268
3.24978
3.14743
3.04503
2.94506
2.85777
2.76665
2.68482
2.61498
2.55335
2.47755
2.41151
2.36523
2.31812
2.27863
2.2409
2.19763
2.15281
2.11272
2.07822
2.08869
2.09351
2.14052
2.23754
2.40515
2.59162
3.11132
3.4491
3.45606
3.40836
3.33499
3.31624
3.33121
3.33144
3.33193
3.32306
3.29599
3.27243
3.25502
3.23794
3.21834
3.19438
3.16461
3.13428
3.10914
3.08657
3.06461
3.04355
3.02383
3.00513
2.98532
2.96412
2.94321
2.92262
2.90181
2.88096
2.8601
2.83942
2.8188
2.7982
2.77747
2.75649
2.73509
2.71214
2.68347
2.64265
4.71092
4.47979
4.26373
4.04739
3.81499
3.64372
3.5087
3.3714
3.26319
3.15559
3.03956
2.93048
2.82507
2.68474
2.58845
2.51752
2.42387
2.34964
2.30065
2.26691
2.22137
2.15856
2.12094
2.12542
2.18684
2.41345
2.76818
3.36918
3.61791
3.6207
3.61123
3.58893
3.55088
3.49748
3.4307
3.35195
3.26349
3.16826
3.07352
2.9835
2.88874
2.80639
2.73702
2.65194
2.57792
2.52553
2.47547
2.42598
2.37979
2.31903
2.27016
2.2283
2.18016
2.13587
2.08713
2.07551
2.07395
2.08172
2.14471
2.28209
2.49497
2.75622
3.2312
3.45682
3.47721
3.3589
3.28789
3.28469
3.29395
3.29103
3.28525
3.27099
3.25167
3.23056
3.20861
3.18578
3.16133
3.13621
3.10852
3.08368
3.06327
3.04488
3.02731
3.00993
2.99245
2.971
2.94852
2.92745
2.90673
2.88628
2.86582
2.84539
2.8247
2.80369
2.78226
2.76042
2.73803
2.71406
2.68454
2.64243
4.71898
4.51764
4.3096
4.12153
3.88536
3.70213
3.57738
3.44097
3.32531
3.2221
3.11952
3.00742
2.89323
2.76655
2.65164
2.5775
2.48232
2.39906
2.34
2.28183
2.22688
2.20726
2.20479
2.24663
2.44237
2.72918
3.35006
3.63934
3.64246
3.63915
3.632
3.61872
3.59429
3.55503
3.50047
3.43144
3.3533
3.27076
3.18631
3.09724
3.00415
2.93128
2.84173
2.76059
2.6995
2.63911
2.58371
2.51778
2.45553
2.4006
2.35147
2.29689
2.24053
2.19248
2.13693
2.10714
2.06104
2.05793
2.0702
2.1056
2.18603
2.34214
2.53087
3.00832
3.38096
3.43002
3.41143
3.31038
3.25153
3.24944
3.25792
3.26013
3.24991
3.22786
3.20306
3.17614
3.15242
3.13112
3.10914
3.0848
3.06182
3.04293
3.02592
3.00944
2.99269
2.9752
2.9549
2.93281
2.91157
2.89092
2.87013
2.84941
2.82847
2.80728
2.78567
2.76356
2.74077
2.71632
2.68616
2.64203
4.73856
4.559
4.3596
4.18598
3.95555
3.75728
3.63926
3.50416
3.37887
3.28087
3.18906
3.08834
2.97391
2.84371
2.72398
2.63195
2.55164
2.47725
2.37594
2.30387
2.27424
2.27259
2.31496
2.48358
2.72762
3.38918
3.69619
3.71782
3.68416
3.66642
3.65801
3.64728
3.6289
3.59814
3.55595
3.49947
3.43532
3.3621
3.28381
3.19381
3.11799
3.03591
2.94282
2.87731
2.811
2.74455
2.66289
2.59288
2.53363
2.48018
2.42426
2.36634
2.31386
2.26271
2.22135
2.18041
2.1293
2.08225
2.04606
2.04805
2.05855
2.10779
2.23191
2.42992
2.63477
3.12467
3.39787
3.39586
3.33233
3.25076
3.21099
3.2174
3.22612
3.2207
3.20268
3.18147
3.14763
3.1216
3.10468
3.08675
3.06862
3.05234
3.03674
3.02126
3.00536
2.98823
2.96536
2.94055
2.91758
2.8958
2.87418
2.85292
2.83159
2.81006
2.78815
2.76573
2.74242
2.71709
2.68566
2.63963
4.71304
4.58838
4.42852
4.26413
4.05008
3.82261
3.69399
3.57379
3.4272
3.32509
3.24053
3.15398
3.05185
2.92653
2.80216
2.69678
2.62052
2.52371
2.41741
2.36029
2.34879
2.38179
2.53128
2.76597
3.43619
3.79064
3.80749
3.76047
3.72162
3.70368
3.69206
3.679
3.66108
3.63593
3.60235
3.56055
3.50855
3.44605
3.37423
3.2972
3.22082
3.12234
3.05177
2.97909
2.90179
2.81637
2.74039
2.67693
2.61505
2.54822
2.49142
2.43936
2.38245
2.33147
2.2804
2.22874
2.18167
2.12432
2.07314
2.04533
2.03329
2.05236
2.08372
2.14087
2.27877
2.50962
2.79577
3.20408
3.36053
3.36342
3.27778
3.20784
3.18689
3.18819
3.18417
3.1712
3.15472
3.13094
3.10121
3.08215
3.06845
3.05512
3.04193
3.02805
3.01253
2.99445
2.9683
2.94368
2.92147
2.90005
2.87878
2.85781
2.83675
2.81528
2.79287
2.76928
2.74441
2.7176
2.68482
2.63673
4.72587
4.59682
4.45361
4.30629
4.14455
3.90278
3.741
3.63002
3.48603
3.37284
3.28459
3.20361
3.11329
2.98744
2.87427
2.77759
2.70531
2.55838
2.48464
2.45951
2.47209
2.59423
2.79021
3.47863
3.90198
3.91467
3.8704
3.82038
3.78377
3.75633
3.73706
3.71891
3.7
3.67874
3.65183
3.61764
3.5734
3.52002
3.45774
3.38794
3.30368
3.22496
3.14541
3.05976
2.96893
2.89258
2.82695
2.75934
2.68802
2.62506
2.5651
2.50743
2.45004
2.39529
2.34413
2.29552
2.24679
2.19594
2.14975
2.1135
2.07661
2.05042
2.0374
2.04284
2.08905
2.17075
2.34449
2.52078
2.95863
3.27953
3.30716
3.28799
3.19832
3.14179
3.1393
3.1432
3.13667
3.12499
3.09661
3.0731
3.05859
3.04746
3.03722
3.02617
3.01077
2.99365
2.96928
2.94483
2.92286
2.90191
2.88076
2.85944
2.83783
2.81534
2.79195
2.76749
2.74182
2.714
2.67963
2.62895
4.56604
4.58619
4.48194
4.35021
4.2114
3.99027
3.78972
3.67752
3.54345
3.43354
3.33618
3.24643
3.1602
3.04421
2.9095
2.8296
2.74859
2.64278
2.57794
2.58779
2.69004
2.88395
3.54002
4.03766
4.0447
4.01621
3.96968
3.92059
3.87153
3.8291
3.7987
3.77282
3.74734
3.72058
3.69111
3.65749
3.61803
3.57068
3.51562
3.45111
3.38152
3.30642
3.22181
3.13933
3.06067
2.98414
2.9048
2.83556
2.76423
2.69933
2.63246
2.57348
2.52003
2.46374
2.40342
2.35182
2.29589
2.25142
2.20863
2.16866
2.13377
2.08606
2.06164
2.03276
2.03534
2.0387
2.0794
2.20697
2.39225
2.59791
3.05708
3.29096
3.29025
3.23983
3.15694
3.10907
3.11153
3.10849
3.10045
3.08616
3.06738
3.05288
3.03957
3.02636
3.01229
2.99729
2.9753
2.9478
2.92412
2.90278
2.88122
2.85915
2.83702
2.81373
2.78907
2.76292
2.73558
2.7063
2.67063
2.61891
4.52143
4.55953
4.49054
4.35879
4.24278
4.08897
3.85835
3.72558
3.6039
3.46314
3.37203
3.28663
3.21086
3.10626
2.96343
2.86358
2.78212
2.72927
2.72098
2.79986
3.00703
3.58659
4.15694
4.17195
4.16174
4.12766
4.07167
4.00802
3.95135
3.90004
3.85234
3.81113
3.77918
3.74923
3.7184
3.68521
3.64771
3.60502
3.55627
3.50071
3.43758
3.36808
3.2941
3.21697
3.13824
3.0552
2.97734
2.90257
2.83145
2.76472
2.69759
2.63516
2.5737
2.51312
2.4531
2.38588
2.33294
2.29202
2.25428
2.21652
2.1766
2.13801
2.10089
2.05085
2.03021
2.00873
2
2.01736
2.07841
2.21995
2.39596
2.85281
3.20522
3.25612
3.25562
3.16084
3.0996
3.07647
3.07416
3.07041
3.0647
3.05711
3.04729
3.03402
3.01929
3.00363
2.98001
2.95092
2.92545
2.90272
2.88013
2.85657
2.83291
2.80855
2.78297
2.75623
2.72857
2.69867
2.66232
2.60943
3.98176
4.45843
4.50176
4.37689
4.24307
4.13569
3.94215
3.76924
3.67463
3.52279
3.39861
3.3245
3.25953
3.18215
3.02468
2.90406
2.848
2.84777
2.9303
3.18271
3.67258
4.29464
4.30685
4.30065
4.27178
4.21772
4.15309
4.09193
4.03089
3.9679
3.90939
3.85649
3.8157
3.77966
3.74514
3.70917
3.67143
3.63008
3.5847
3.53436
3.4786
3.41706
3.34996
3.27803
3.20189
3.12396
3.0456
2.96873
2.89546
2.82578
2.76017
2.69758
2.63766
2.57827
2.51661
2.45357
2.40669
2.35564
2.30962
2.26736
2.23131
2.19578
2.15656
2.11867
2.081
2.03026
1.99071
1.94958
1.95619
2.01068
2.12212
2.31051
2.5217
2.98965
3.23461
3.2394
3.18796
3.10859
3.06026
3.05912
3.05847
3.05731
3.05264
3.04419
3.03109
3.01264
2.97776
2.94688
2.91974
2.89543
2.87208
2.84785
2.82349
2.79927
2.77348
2.74603
2.71791
2.68801
2.6522
2.59859
2.99975
4.32704
4.39928
4.38095
4.27416
4.1659
4.01717
3.8218
3.71696
3.59979
3.45576
3.36451
3.29486
3.23403
3.09008
2.97882
2.96231
3.03998
3.29794
3.78685
4.45386
4.45908
4.44184
4.40235
4.32855
4.27088
4.21897
4.16404
4.10327
4.0339
3.96676
3.90607
3.85197
3.80677
3.76541
3.72686
3.68748
3.64681
3.60371
3.55745
3.50681
3.4515
3.39047
3.32507
3.25506
3.18285
3.10654
3.03189
2.9599
2.8911
2.82555
2.7615
2.6986
2.63817
2.57625
2.52061
2.4621
2.40977
2.36034
2.31364
2.27521
2.23584
2.19681
2.15722
2.11689
2.08153
2.01558
1.97631
1.94641
1.95269
1.98495
2.05318
2.19223
2.39205
2.7634
3.10714
3.20293
3.20005
3.14273
3.07732
3.03979
3.03829
3.03707
3.03509
3.02882
3.0153
2.98399
2.94409
2.91312
2.8874
2.86446
2.84029
2.81365
2.78831
2.76229
2.73458
2.70655
2.67765
2.64282
2.5881
2.04003
3.58328
4.38981
4.40498
4.31912
4.19403
4.07412
3.88944
3.74491
3.66213
3.53055
3.40979
3.33592
3.26037
3.17392
3.13024
3.17394
3.41218
3.91187
4.63206
4.65385
4.63277
4.57477
4.47623
4.4127
4.35833
4.30293
4.24396
4.17484
4.10434
4.03552
3.96751
3.90452
3.8447
3.79317
3.74646
3.70355
3.66048
3.61695
3.57155
3.52405
3.4728
3.41812
3.35846
3.29508
3.2278
3.15887
3.0878
3.01875
2.94965
2.88517
2.81889
2.75616
2.68727
2.62206
2.55918
2.49779
2.44641
2.40345
2.36172
2.31926
2.27702
2.23326
2.19368
2.15364
2.10978
2.06925
2.01371
1.97533
1.94398
1.94435
1.95371
1.99768
2.11009
2.28361
2.46222
2.89869
3.15688
3.17116
3.15302
3.08231
3.03285
3.01704
3.01529
3.0098
2.99537
2.97563
2.93903
2.90046
2.87131
2.8485
2.8262
2.80059
2.77413
2.7491
2.72233
2.69222
2.66272
2.63097
2.57729
1.506
2.59036
3.9442
4.3133
4.33567
4.22913
4.11474
3.97506
3.79475
3.70211
3.61703
3.45676
3.36603
3.3054
3.29434
3.34861
3.58005
4.04536
4.82184
4.85174
4.83049
4.77316
4.64671
4.56861
4.50108
4.43568
4.37101
4.30432
4.23674
4.16761
4.09457
4.02113
3.94926
3.88134
3.81974
3.76304
3.71244
3.66724
3.62254
3.57801
3.53227
3.48456
3.43398
3.38026
3.32358
3.2637
3.20129
3.137
3.07167
3.00571
2.9411
2.87735
2.81507
2.75157
2.68785
2.62209
2.56138
2.50743
2.46324
2.41946
2.37618
2.33182
2.28806
2.24548
2.20245
2.14994
2.0986
2.0573
2.0201
1.9793
1.93877
1.93286
1.9424
1.9668
2.0277
2.1525
2.35981
2.62923
2.98571
3.14828
3.14822
3.11204
3.04967
3.00616
2.98715
2.97331
2.95433
2.92809
2.89646
2.86807
2.83873
2.81325
2.78831
2.76108
2.73433
2.70853
2.68219
2.65426
2.62252
2.56739
1.47149
1.7356
2.98795
4.17927
4.28817
4.28341
4.20115
4.07544
3.89603
3.75273
3.64882
3.50812
3.41241
3.40729
3.48901
3.75777
4.25337
5.07565
5.10131
5.06856
4.99286
4.8395
4.74806
4.67253
4.59794
4.5215
4.44148
4.36622
4.29369
4.22064
4.14772
4.07485
4.00274
3.93117
3.86199
3.79748
3.73726
3.68491
3.63748
3.59272
3.54766
3.50143
3.45317
3.40223
3.34857
3.29313
3.23599
3.17806
3.11805
3.05818
2.99632
2.93577
2.87274
2.8111
2.74294
2.67401
2.61216
2.55771
2.50637
2.45822
2.41225
2.3675
2.32354
2.27844
2.23228
2.18201
2.1358
2.09549
2.05602
2.0224
1.97816
1.93991
1.93163
1.91951
1.93241
1.9764
2.07219
2.22592
2.38669
2.7944
3.04765
3.08858
3.07651
3.04194
2.98038
2.93622
2.9171
2.90143
2.88199
2.85663
2.82973
2.79854
2.76782
2.74115
2.71687
2.69377
2.67043
2.64566
2.61603
2.5575
1.39181
1.52465
1.99919
3.38264
4.27466
4.32452
4.28524
4.17033
4.02426
3.86717
3.68305
3.57686
3.54056
3.60484
3.89079
4.43005
5.32135
5.33744
5.28703
5.18526
5.018
4.92274
4.84065
4.75778
4.67287
4.58287
4.4988
4.4194
4.34265
4.26835
4.19505
4.12217
4.04899
3.97582
3.90294
3.83194
3.76442
3.70293
3.64995
3.60141
3.55495
3.50768
3.46015
3.41151
3.36178
3.3114
3.26035
3.20811
3.15412
3.09836
3.04142
2.98233
2.92191
2.85641
2.78534
2.7178
2.65586
2.59915
2.54575
2.49722
2.45279
2.40872
2.36554
2.32235
2.27393
2.22568
2.17881
2.13402
2.09726
2.06266
2.02766
1.99183
1.96466
1.93615
1.9066
1.90888
1.93076
1.98364
2.09627
2.28319
2.45629
2.81831
3.0207
3.03658
3.02252
2.9361
2.88204
2.86031
2.84677
2.8281
2.80213
2.77678
2.74286
2.71281
2.68821
2.66659
2.64517
2.62445
2.60015
2.53947
1.39559
1.42926
1.49896
2.43926
3.73083
4.22869
4.31356
4.22348
4.11494
3.91876
3.763
3.7189
3.7678
4.05569
4.62568
5.5899
5.6078
5.54236
5.41438
5.23718
5.136
5.05092
4.96178
4.86923
4.76402
4.66628
4.57684
4.4922
4.41179
4.33377
4.25779
4.18278
4.10796
4.03328
3.95815
3.88459
3.81233
3.74454
3.68337
3.62884
3.57745
3.52728
3.47705
3.42917
3.38081
3.33209
3.28306
3.23369
3.18346
3.1318
3.07841
3.02287
2.96425
2.90269
2.83418
2.76666
2.70477
2.64816
2.59493
2.54497
2.49626
2.44898
2.4011
2.35354
2.30034
2.25047
2.20737
2.16672
2.13054
2.09109
2.05566
2.02246
1.98281
1.95523
1.91274
1.89458
1.88178
1.8875
1.91103
1.95683
2.08576
2.21142
2.59129
2.88751
2.94503
2.94062
2.90647
2.83249
2.78885
2.7684
2.74635
2.72575
2.70515
2.67409
2.64762
2.62829
2.61235
2.5977
2.57801
2.51351
1.40837
1.38287
1.49963
1.67978
2.77558
3.94991
4.18299
4.17052
4.07915
3.93164
3.8915
3.95272
4.25981
4.85917
5.90033
5.91054
5.81713
5.63201
5.44523
5.34454
5.2555
5.16298
5.06349
4.95762
4.85366
4.75381
4.65951
4.56998
4.48375
4.40074
4.31986
4.24093
4.16301
4.08507
4.00759
3.92924
3.85335
3.7777
3.70781
3.64555
3.58922
3.53534
3.48063
3.42647
3.3778
3.33227
3.28703
3.2411
3.19433
3.14633
3.0964
3.04377
2.98758
2.92826
2.86223
2.79744
2.73708
2.6803
2.62642
2.57441
2.52398
2.47371
2.42436
2.37353
2.31981
2.2718
2.23072
2.19157
2.15329
2.11332
2.07651
2.03881
2.00588
1.97506
1.94213
1.92056
1.87953
1.85513
1.82927
1.80776
1.83184
1.93694
2.0953
2.31683
2.61879
2.79386
2.81518
2.80896
2.77007
2.71398
2.67252
2.65723
2.64427
2.62278
2.60115
2.58244
2.56727
2.55384
2.53774
2.47191
1.40468
1.4298
1.31504
1.4043
1.78254
3.03417
4.04824
4.14496
4.08261
4.02941
4.10368
4.46979
5.19678
6.31413
6.32075
6.22902
5.92382
5.71448
5.61622
5.52443
5.42894
5.32357
5.21029
5.09517
4.98499
4.87991
4.77619
4.67586
4.57958
4.48724
4.39766
4.31101
4.22623
4.14316
4.06151
3.9798
3.89954
3.81946
3.74336
3.67429
3.6103
3.54876
3.48949
3.42545
3.37162
3.32672
3.28345
3.24003
3.19546
3.14988
3.10217
3.05169
2.99823
2.94064
2.87825
2.81771
2.75981
2.70418
2.64987
2.5968
2.54469
2.49267
2.44163
2.38845
2.33454
2.28731
2.2449
2.20593
2.1664
2.12622
2.08191
2.04042
2.00453
1.96741
1.93408
1.8986
1.86256
1.8256
1.77464
1.73957
1.713
1.72618
1.77983
1.88573
2.03104
2.33039
2.56621
2.64774
2.67005
2.66885
2.62467
2.57843
2.55365
2.53707
2.52064
2.50915
2.49988
2.4915
2.48289
2.41918
1.40809
1.40909
1.39828
1.41945
1.52608
2.1557
3.40271
4.05311
4.11363
4.22421
4.62546
5.42825
6.60189
6.5949
6.47043
6.117
5.89165
5.79726
5.70907
5.61602
5.51386
5.40249
5.28546
5.17184
5.06041
4.95083
4.83934
4.73077
4.62764
4.5288
4.43465
4.34332
4.25516
4.16914
4.08517
4.00142
3.91938
3.83673
3.75653
3.68273
3.61427
3.54821
3.48535
3.41758
3.35371
3.30395
3.26087
3.21786
3.17442
3.13004
3.08345
3.03347
2.98101
2.92129
2.86228
2.80465
2.74803
2.69381
2.63909
2.58568
2.53229
2.47956
2.42674
2.37217
2.31739
2.26884
2.22485
2.18174
2.14057
2.09734
2.04827
2.00173
1.96133
1.92506
1.88955
1.85391
1.81699
1.77825
1.74088
1.68742
1.66125
1.61617
1.62577
1.64366
1.71186
1.85482
2.02658
2.29907
2.48316
2.52168
2.53452
2.51393
2.45706
2.42721
2.41442
2.40708
2.40011
2.39646
2.39884
2.34961
1.40835
1.4086
1.4072
1.39349
1.44086
1.5284
2.45329
3.54957
4.05529
4.73043
5.80524
7.12591
7.09327
6.86497
6.41681
6.14922
6.0501
5.95756
5.86114
5.75583
5.64297
5.52416
5.40555
5.28661
5.16724
5.04908
4.93136
4.81596
4.70372
4.59639
4.49313
4.39396
4.29839
4.20563
4.11468
4.02425
3.93558
3.84762
3.76093
3.68039
3.60453
3.53087
3.45935
3.38354
3.30715
3.24875
3.2004
3.1534
3.10641
3.05895
3.00931
2.95831
2.90083
2.84207
2.78669
2.73201
2.67863
2.62554
2.57272
2.51984
2.4679
2.41448
2.36323
2.3096
2.2575
2.21015
2.16636
2.1257
2.08569
2.04386
1.99577
1.95404
1.9166
1.88082
1.84655
1.8117
1.77608
1.7396
1.70371
1.66554
1.63125
1.58465
1.55678
1.55271
1.55036
1.5938
1.69211
1.81586
2.09828
2.31128
2.36715
2.3828
2.37731
2.33732
2.30321
2.28413
2.27978
2.27879
2.28464
2.26118
1.40847
1.40847
1.40803
1.40988
1.38094
1.48545
1.69509
2.56545
3.80946
5.96297
7.37521
7.4495
6.84624
6.46756
6.27414
6.15874
6.0828
6.00213
5.90928
5.80334
5.68835
5.56527
5.43984
5.31181
5.18593
5.05917
4.93642
4.81363
4.69423
4.57681
4.46411
4.35499
4.24909
4.14552
4.04625
3.94861
3.85277
3.75684
3.66329
3.5758
3.49283
3.41157
3.33234
3.25048
3.16515
3.09583
3.04189
2.99205
2.94359
2.89504
2.84582
2.79512
2.74054
2.69027
2.64328
2.59757
2.5523
2.50767
2.4633
2.41861
2.37374
2.32778
2.2835
2.23938
2.19444
2.15296
2.1139
2.07932
2.04496
2.00376
1.95934
1.9203
1.88485
1.85146
1.81865
1.78524
1.7509
1.71733
1.68369
1.65127
1.61824
1.58946
1.53913
1.50821
1.50598
1.50176
1.53211
1.59344
1.6871
1.90097
2.1205
2.25156
2.26593
2.26494
2.24106
2.21231
2.20069
2.19417
2.17902
2.18127
1.40846
1.40849
1.4097
1.39468
1.40654
1.35608
1.53791
2.20928
3.80785
6.59979
6.66811
6.44187
5.94505
5.78488
5.78332
5.77771
5.75634
5.70394
5.63338
5.55172
5.45492
5.34293
5.22672
5.10511
4.98343
4.86215
4.73894
4.6149
4.48976
4.36649
4.24472
4.1292
4.018
3.91076
3.80813
3.71011
3.61625
3.52529
3.43905
3.35921
3.28395
3.21104
3.13929
3.06947
2.99289
2.92951
2.8803
2.83633
2.79354
2.75089
2.70938
2.66321
2.61765
2.57822
2.54166
2.50574
2.46994
2.434
2.39744
2.3604
2.32331
2.28544
2.24803
2.21307
2.17279
2.13405
2.10249
2.07149
2.03832
1.99566
1.95475
1.91695
1.88321
1.85128
1.81985
1.78833
1.75653
1.72449
1.69214
1.6599
1.62686
1.59473
1.55821
1.52523
1.48684
1.47001
1.46649
1.47757
1.51704
1.60721
1.75243
1.99104
2.14726
2.17316
2.17488
2.15975
2.13351
2.10515
2.11316
2.14063
1.40845
1.40844
1.40832
1.40763
1.39909
1.41535
1.75196
2.43479
6.36653
6.37964
5.92209
5.69687
5.65836
5.60727
5.57407
5.53308
5.46916
5.3912
5.29511
5.19695
5.09368
4.98817
4.8764
4.76255
4.64781
4.53241
4.41899
4.30843
4.20003
4.09327
3.98927
3.88892
3.79307
3.70163
3.61487
3.53216
3.45324
3.37767
3.30445
3.23579
3.17126
3.10854
3.04624
2.98521
2.91956
2.86191
2.81526
2.77382
2.73329
2.69268
2.65334
2.60861
2.56717
2.53359
2.50286
2.47219
2.44159
2.41057
2.3786
2.3474
2.31512
2.28375
2.25272
2.22113
2.1863
2.15035
2.11752
2.08341
2.04712
2.01202
1.97521
1.93596
1.89876
1.86352
1.82949
1.79538
1.76146
1.72765
1.69464
1.6618
1.62847
1.59573
1.56162
1.53136
1.49113
1.46516
1.44044
1.44547
1.44302
1.47807
1.57104
1.67934
1.90659
2.05121
2.09756
2.10648
2.09538
2.08476
2.09025
2.16726
1.40845
1.40844
1.40835
1.40778
1.39931
1.40836
1.68885
2.38693
6.36307
6.28194
6.17051
6.07044
5.96184
5.8311
5.69464
5.58808
5.49125
5.39667
5.30278
5.20449
5.09612
4.98383
4.86906
4.75331
4.63744
4.52275
4.40793
4.29473
4.18611
4.08039
3.97711
3.87681
3.78157
3.69141
3.60593
3.52468
3.44688
3.37193
3.30014
3.23235
3.16763
3.10487
3.04331
2.98318
2.92134
2.86471
2.81552
2.77067
2.72791
2.68588
2.64566
2.59995
2.56055
2.52943
2.50037
2.47183
2.44393
2.41546
2.38743
2.35917
2.32935
2.3008
2.27227
2.24042
2.20754
2.17458
2.13898
2.10291
2.06839
2.03352
1.99742
1.95765
1.91905
1.88254
1.84729
1.81293
1.77937
1.74601
1.71343
1.68046
1.64835
1.6139
1.58042
1.54709
1.5157
1.49067
1.4544
1.42847
1.42477
1.42373
1.4711
1.55281
1.63623
1.82532
2.00268
2.03558
2.07265
2.07649
2.11019
2.32966
1.40845
1.40845
1.40829
1.40794
1.39889
1.41318
1.72229
2.50499
6.78607
6.31009
6.18743
6.11395
6.03482
5.94392
5.84293
5.74772
5.64915
5.54307
5.42882
5.30918
5.18725
5.06739
4.94957
4.83182
4.71471
4.59816
4.48227
4.36771
4.25385
4.14371
4.03778
3.93624
3.83999
3.74843
3.6615
3.57848
3.49861
3.4229
3.35074
3.28243
3.21753
3.1547
3.09298
3.03231
2.97038
2.91306
2.8618
2.8144
2.76892
2.72483
2.68227
2.63505
2.59598
2.56438
2.53506
2.50696
2.47948
2.4521
2.42547
2.39819
2.36983
2.34179
2.31273
2.28203
2.24974
2.21536
2.17969
2.14372
2.1076
2.07044
2.03071
1.98992
1.94987
1.9115
1.8742
1.83828
1.8025
1.7676
1.73259
1.69827
1.66261
1.62791
1.59151
1.55809
1.52731
1.49899
1.47653
1.4376
1.41186
1.41163
1.41736
1.44774
1.5102
1.5851
1.76873
1.92534
2.02911
2.12105
2.2309
2.61132
1.40845
1.40845
1.4083
1.408
1.39933
1.41099
1.70266
2.43125
6.62151
6.16312
6.09535
6.08427
6.0446
5.9781
5.86938
5.77132
5.67548
5.57748
5.47396
5.36318
5.24762
5.13221
5.01572
4.89821
4.78053
4.66325
4.54631
4.42989
4.31523
4.20415
4.09713
3.99402
3.89567
3.80148
3.712
3.62653
3.54461
3.46661
3.39252
3.32229
3.25529
3.1904
3.1268
3.0641
3.00141
2.94305
2.88966
2.83959
2.79152
2.74531
2.70001
2.65203
2.61294
2.58065
2.55114
2.523
2.49581
2.46969
2.44413
2.41781
2.3905
2.36278
2.33392
2.30318
2.27056
2.23603
2.19984
2.16251
2.1246
2.0862
2.04739
2.00601
1.96469
1.9248
1.88676
1.84948
1.81308
1.77723
1.74202
1.70694
1.67194
1.63708
1.60074
1.56581
1.53541
1.50801
1.48133
1.45517
1.42282
1.39399
1.39399
1.3966
1.41529
1.47243
1.58401
1.75757
1.9812
2.19908
2.50034
2.84418
1.40845
1.40845
1.4083
1.40798
1.39913
1.4119
1.71172
2.46563
6.7338
6.18141
6.08838
6.07807
6.03625
5.97023
5.87223
5.78141
5.68998
5.59389
5.48971
5.37789
5.26185
5.14576
5.02974
4.91309
4.79601
4.67932
4.56271
4.44664
4.33106
4.21897
4.11116
4.00771
3.90834
3.81329
3.72284
3.6367
3.55449
3.47609
3.40183
3.33139
3.26403
3.19892
3.13508
3.07219
3.00958
2.95111
2.89711
2.84631
2.79742
2.75058
2.70413
2.65602
2.61702
2.58465
2.55526
2.52716
2.50007
2.4747
2.4496
2.42367
2.39677
2.36922
2.3405
2.31004
2.27751
2.24287
2.20655
2.1693
2.13155
2.09299
2.05337
2.01111
1.96901
1.92865
1.88972
1.8525
1.8157
1.7798
1.7441
1.70856
1.67317
1.63778
1.60078
1.56559
1.53542
1.50794
1.48169
1.45551
1.43137
1.39562
1.37126
1.37101
1.37136
1.41179
1.51984
1.71124
1.98368
2.33812
2.80833
2.91482
)
;

boundaryField
{
    inlet
    {
        type            calculated;
        value           uniform 1.40845;
    }
    outlet
    {
        type            calculated;
        value           nonuniform List<scalar> 
40
(
1.86599
2.05389
2.23899
2.36332
2.44623
2.50499
2.54184
2.56533
2.5796
2.58949
2.59571
2.60585
2.62578
2.63976
2.64265
2.64243
2.64203
2.63963
2.63673
2.62895
2.61891
2.60943
2.59859
2.5881
2.57729
2.56739
2.5575
2.53947
2.51351
2.47191
2.41918
2.34961
2.26118
2.18127
2.14063
2.16726
2.32966
2.61132
2.84418
2.91482
)
;
    }
    bottom
    {
        type            symmetryPlane;
    }
    top
    {
        type            symmetryPlane;
    }
    obstacle
    {
        type            calculated;
        value           nonuniform List<scalar> 
110
(
7.15965
7.1609
7.14867
7.12859
7.0959
7.04926
6.98436
6.88346
6.72608
6.48193
1.94933
1.95611
1.991
1.71823
1.85794
1.82906
1.70202
1.46236
1.39424
1.37459
1.38464
1.39338
1.39401
1.3834
1.31396
1.24162
1.21149
1.20354
1.2053
1.21756
1.2205
1.22157
1.22147
1.2191
1.21711
1.21301
1.20855
1.20555
1.20383
1.20344
1.2039
1.21571
1.23792
1.26828
1.32575
1.38717
1.45603
1.53857
1.63327
1.70996
1.78714
1.87926
1.96366
2.0437
2.12942
2.19648
2.24796
2.31725
2.36457
2.39826
2.41055
2.4554
2.47566
2.49922
2.51439
2.52434
2.53101
2.53284
2.53185
2.52784
2.52039
2.51075
2.49932
2.48648
2.4719
2.45536
2.43765
2.42001
2.40251
2.38424
2.36579
2.34728
2.32902
2.31091
2.29322
2.27536
2.25725
2.23838
2.21945
2.20013
2.18117
2.16213
2.14342
2.12457
2.10601
2.0874
2.0693
2.05137
2.03415
2.01702
2.00064
1.98435
1.96909
1.95404
1.94017
1.926
1.91241
1.90084
1.8815
1.86599
)
;
    }
    defaultFaces
    {
        type            empty;
    }
}


// ************************************************************************* //
