/*--------------------------------*- C++ -*----------------------------------*\
| =========                 |                                                 |
| \\      /  F ield         | OpenFOAM: The Open Source CFD Toolbox           |
|  \\    /   O peration     | Version:  v2106                                 |
|   \\  /    A nd           | Website:  www.openfoam.com                      |
|    \\/     M anipulation  |                                                 |
\*---------------------------------------------------------------------------*/
FoamFile
{
    version     2.0;
    format      ascii;
    arch        "LSB;label=32;scalar=64";
    class       volScalarField;
    location    "12";
    object      Mo;
}
// * * * * * * * * * * * * * * * * * * * * * * * * * * * * * * * * * * * * * //

dimensions      [0 0 0 0 0 0 0];

internalField   nonuniform List<scalar> 
5250
(
3.01265
3.01265
3.01265
3.01265
3.01265
3.01265
3.01265
3.01264
3.01264
3.01233
3.01087
2.98971
2.88412
2.45744
1.46114
0.399408
0.340012
0.341128
0.304158
0.257596
0.222575
0.176968
0.131879
0.0794476
0.0354548
3.01265
3.01265
3.01265
3.01265
3.01265
3.01265
3.01265
3.01264
3.01264
3.01234
3.01092
2.99034
2.88672
2.46616
1.47059
0.410924
0.333946
0.340877
0.303156
0.258127
0.227069
0.181876
0.139801
0.0972076
0.0680598
3.01265
3.01265
3.01265
3.01265
3.01265
3.01265
3.01265
3.01264
3.01264
3.01234
3.0111
2.99058
2.89461
2.48762
1.49763
0.448353
0.325551
0.344548
0.306114
0.26278
0.230667
0.189972
0.158855
0.127156
0.107927
3.01265
3.01265
3.01265
3.01265
3.01265
3.01265
3.01265
3.01265
3.01263
3.0124
3.01108
2.99377
2.90028
2.51558
1.53175
0.497694
0.309283
0.348137
0.307715
0.26401
0.23983
0.210021
0.186953
0.163194
0.149195
3.01265
3.01265
3.01265
3.01265
3.01265
3.01265
3.01265
3.01265
3.01263
3.01246
3.01099
2.99806
2.90528
2.56383
1.60272
0.571085
0.288536
0.352178
0.309648
0.273477
0.257929
0.235673
0.219043
0.201913
0.193443
3.01265
3.01265
3.01265
3.01265
3.01265
3.01265
3.01265
3.01265
3.01263
3.0125
3.01126
3.00068
2.92153
2.62455
1.74389
0.685874
0.278702
0.367949
0.322944
0.292884
0.280309
0.266517
0.25522
0.246177
0.24117
3.01265
3.01265
3.01265
3.01265
3.01265
3.01265
3.01265
3.01265
3.01264
3.01254
3.01158
3.0042
2.94083
2.70034
1.96222
0.864353
0.298025
0.399323
0.354883
0.321391
0.311464
0.302148
0.296926
0.292479
0.29782
3.01265
3.01265
3.01265
3.01265
3.01265
3.01265
3.01265
3.01265
3.01264
3.01257
3.01193
3.00662
2.9563
2.75742
2.08433
1.09363
0.359373
0.442402
0.399093
0.358167
0.350738
0.343746
0.347339
0.350928
0.369124
3.01265
3.01265
3.01265
3.01265
3.01265
3.01265
3.01265
3.01265
3.01264
3.0126
3.01214
3.00853
2.96839
2.80557
2.19735
1.26969
0.465414
0.5032
0.464677
0.41426
0.400221
0.395598
0.407847
0.414075
0.463831
3.01265
3.01265
3.01265
3.01265
3.01265
3.01265
3.01265
3.01265
3.01264
3.01263
3.01217
3.00989
2.97849
2.84523
2.30786
1.36964
0.559764
0.5645
0.535527
0.490844
0.465452
0.457813
0.475857
0.507164
0.63463
3.01265
3.01265
3.01265
3.01265
3.01265
3.01265
3.01265
3.01265
3.01264
3.01264
3.01228
3.01083
2.98674
2.88252
2.4299
1.48472
0.650419
0.570358
0.582222
0.568033
0.541041
0.533981
0.560934
0.642383
0.862167
3.01265
3.01265
3.01265
3.01265
3.01265
3.01265
3.01265
3.01265
3.01265
3.01262
3.01244
3.01064
2.99638
2.90359
2.55151
1.62794
0.775219
0.558383
0.598575
0.631715
0.6232
0.618002
0.645374
0.751978
0.918882
3.01265
3.01265
3.01265
3.01265
3.01265
3.01265
3.01265
3.01265
3.01265
3.01264
3.01253
3.01155
3.00416
2.93615
2.68442
1.88553
0.979088
0.538509
0.599217
0.642213
0.670067
0.698352
0.723455
0.812398
0.944924
3.01265
3.01265
3.01265
3.01265
3.01265
3.01265
3.01265
3.01265
3.01265
3.01265
3.01257
3.0123
3.00733
2.96339
2.78537
2.17906
1.29938
0.584381
0.622709
0.65418
0.686905
0.736552
0.782553
0.860006
0.968426
3.01265
3.01265
3.01265
3.01265
3.01265
3.01265
3.01265
3.01265
3.01265
3.01264
3.01262
3.01217
3.00984
2.97843
2.84439
2.33141
1.48036
0.724603
0.67243
0.681564
0.706901
0.754536
0.814109
0.898367
0.987191
3.01265
3.01265
3.01265
3.01265
3.01265
3.01265
3.01265
3.01265
3.01265
3.01264
3.01264
3.01235
3.01105
2.99138
2.89729
2.48659
1.62716
0.903504
0.726341
0.729736
0.74199
0.778421
0.8322
0.908973
0.993143
3.01265
3.01265
3.01265
3.01265
3.01265
3.01265
3.01265
3.01265
3.01265
3.01265
3.01263
3.0125
3.01142
3.00188
2.93091
2.65699
1.81371
1.15588
0.74424
0.768802
0.783448
0.807918
0.85005
0.914314
0.991751
3.01265
3.01265
3.01265
3.01265
3.01265
3.01265
3.01265
3.01265
3.01265
3.01265
3.01264
3.01262
3.01186
3.00878
2.96016
2.81071
2.23654
1.46639
0.82096
0.805277
0.81629
0.836617
0.871028
0.924374
0.993312
3.01265
3.01265
3.01265
3.01265
3.01265
3.01265
3.01265
3.01265
3.01265
3.01265
3.01264
3.01261
3.01229
3.00972
2.98722
2.86192
2.45352
1.67345
1.00717
0.849331
0.856086
0.871798
0.899432
0.942045
0.999686
3.01265
3.01265
3.01265
3.01265
3.01265
3.01265
3.01265
3.01265
3.01265
3.01265
3.01265
3.01261
3.01263
3.01045
3.00865
2.89786
2.68322
1.8891
1.29283
0.891606
0.900007
0.912187
0.933216
0.965931
1.01179
3.01265
3.01265
3.01265
3.01265
3.01265
3.01265
3.01265
3.01265
3.01265
3.01265
3.01265
3.01264
3.01258
3.01202
3.00768
2.97154
2.80549
2.28177
1.59327
0.99903
0.938355
0.942523
0.959999
0.988886
1.02807
3.01265
3.01265
3.01265
3.01265
3.01265
3.01265
3.01265
3.01265
3.01265
3.01265
3.01265
3.01264
3.01258
3.01259
3.00884
3.01176
2.82791
2.60636
1.86279
1.23871
0.989138
0.982476
0.99518
1.01759
1.04986
3.01265
3.01265
3.01265
3.01265
3.01265
3.01265
3.01265
3.01265
3.01265
3.01265
3.01265
3.01265
3.01263
3.01254
3.01165
3.00505
2.95173
2.75359
2.07608
1.56543
1.04061
1.01908
1.02742
1.04547
1.07319
3.01265
3.01265
3.01265
3.01265
3.01265
3.01265
3.01265
3.01265
3.01265
3.01265
3.01265
3.01265
3.01264
3.01256
3.01254
3.0081
3.01267
2.79429
2.53906
1.86262
1.25565
1.0746
1.06559
1.07974
1.10136
3.01265
3.01265
3.01265
3.01265
3.01265
3.01265
3.01265
3.01265
3.01265
3.01265
3.01265
3.01265
3.01265
3.01263
3.0125
3.01132
3.0025
2.93563
2.70497
2.0167
1.58582
1.1202
1.10072
1.11038
1.12778
3.01265
3.01265
3.01265
3.01265
3.01265
3.01265
3.01265
3.01265
3.01265
3.01265
3.01265
3.01265
3.01265
3.01263
3.01254
3.01254
3.00698
3.01277
2.77565
2.50217
1.8775
1.30711
1.1595
1.14539
1.15925
3.01265
3.01265
3.01265
3.01265
3.01265
3.01265
3.01265
3.01265
3.01265
3.01265
3.01265
3.01265
3.01265
3.01265
3.01262
3.01247
3.01106
3.00146
2.92923
2.70289
2.04282
1.61884
1.2031
1.18137
1.18696
3.01265
3.01265
3.01265
3.01265
3.01265
3.01265
3.01265
3.01265
3.01265
3.01265
3.01265
3.01265
3.01265
3.01265
3.01264
3.01258
3.01202
3.00742
3.00496
2.77262
2.53815
1.92403
1.38253
1.23375
1.21719
3.01265
3.01265
3.01265
3.01265
3.01265
3.01265
3.01265
3.01265
3.01265
3.01265
3.01265
3.01265
3.01265
3.01265
3.01265
3.01262
3.01252
3.01106
3.00253
2.92943
2.72254
2.10467
1.71215
1.27661
1.25164
3.01265
3.01265
3.01265
3.01265
3.01265
3.01265
3.01265
3.01265
3.01265
3.01265
3.01265
3.01265
3.01265
3.01265
3.01265
3.01264
3.01256
3.01264
3.00843
3.01506
2.80449
2.57812
1.98408
1.4733
1.30195
3.01265
3.01265
3.01265
3.01265
3.01265
3.01265
3.01265
3.01265
3.01265
3.01265
3.01265
3.01265
3.01265
3.01265
3.01265
3.01265
3.01262
3.01257
3.01127
3.00569
2.93903
2.75122
2.1916
1.8166
1.3566
3.01265
3.01265
3.01265
3.01265
3.01265
3.01265
3.01265
3.01265
3.01265
3.01265
3.01265
3.01265
3.01265
3.01265
3.01265
3.01265
3.01265
3.0126
3.01256
3.00957
3.00468
2.84935
2.62904
2.06974
1.59722
3.01265
3.01265
3.01265
3.01265
3.01265
3.01265
3.01265
3.01265
3.01265
3.01265
3.01265
3.01265
3.01265
3.01265
3.01265
3.01265
3.01265
3.01263
3.01257
3.01159
3.00713
2.95343
2.79668
2.35237
1.91863
3.01265
3.01265
3.01265
3.01265
3.01265
3.01265
3.01265
3.01265
3.01265
3.01265
3.01265
3.01265
3.01265
3.01265
3.01265
3.01265
3.01265
3.01265
3.0126
3.01259
3.01002
3.00657
2.88229
2.76809
2.18977
3.01265
3.01265
3.01265
3.01265
3.01265
3.01265
3.01265
3.01265
3.01265
3.01265
3.01265
3.01265
3.01265
3.01265
3.01265
3.01265
3.01265
3.01265
3.01264
3.01256
3.01191
3.00781
2.9741
2.84873
2.58206
3.01265
3.01265
3.01265
3.01265
3.01265
3.01265
3.01265
3.01265
3.01265
3.01265
3.01265
3.01265
3.01265
3.01265
3.01265
3.01265
3.01265
3.01265
3.01265
3.01263
3.01263
3.01132
3.00588
2.94246
2.78581
3.01265
3.01265
3.01265
3.01265
3.01265
3.01265
3.01265
3.01265
3.01265
3.01265
3.01265
3.01265
3.01265
3.01265
3.01265
3.01265
3.01265
3.01265
3.01265
3.01265
3.01266
3.01348
3.01058
3.00732
2.88955
3.01265
3.01265
3.01265
3.01265
3.01265
3.01265
3.01265
3.01265
3.01265
3.01265
3.01265
3.01265
3.01265
3.01265
3.01265
3.01265
3.01265
3.01265
3.01265
3.01265
3.01264
3.01258
3.01225
3.00807
2.99132
3.01265
3.01265
3.01265
3.01265
3.01265
3.01265
3.01265
3.01265
3.01265
3.01265
3.01265
3.01265
3.01265
3.01265
3.01265
3.01265
3.01265
3.01265
3.01265
3.01265
3.01265
3.01264
3.01246
3.01212
3.00368
3.01265
3.01265
3.01265
3.01265
3.01265
3.01265
3.01265
3.01265
3.01265
3.01265
3.01265
3.01265
3.01265
3.01265
3.01265
3.01265
3.01265
3.01265
3.01265
3.01265
3.01265
3.01265
3.0126
3.01241
3.01083
3.01265
3.01265
3.01265
3.01265
3.01265
3.01265
3.01265
3.01265
3.01265
3.01265
3.01265
3.01265
3.01265
3.01265
3.01265
3.01265
3.01265
3.01265
3.01265
3.01265
3.01265
3.01265
3.01265
3.01263
3.01325
3.01265
3.01265
3.01265
3.01265
3.01265
3.01265
3.01265
3.01265
3.01265
3.01265
3.01265
3.01265
3.01265
3.01265
3.01265
3.01265
3.01265
3.01265
3.01265
3.01265
3.01265
3.01265
3.01265
3.01262
3.01262
3.01265
3.01265
3.01265
3.01265
3.01265
3.01265
3.01265
3.01265
3.01265
3.01265
3.01265
3.01265
3.01265
3.01265
3.01265
3.01265
3.01265
3.01265
3.01265
3.01265
3.01265
3.01265
3.01265
3.01264
3.01265
3.01265
3.01265
3.01265
3.01265
3.01265
3.01265
3.01265
3.01265
3.01265
3.01265
3.01265
3.01265
3.01265
3.01265
3.01265
3.01265
3.01265
3.01265
3.01265
3.01265
3.01265
3.01265
3.01265
3.01265
3.01265
3.01265
3.01265
3.01265
3.01265
3.01265
3.01265
3.01265
3.01265
3.01265
3.01265
3.01265
3.01265
3.01265
3.01265
3.01265
3.01265
3.01265
3.01265
3.01265
3.01265
3.01265
3.01265
3.01265
3.01265
3.01265
3.01265
3.01265
3.01265
3.01265
3.01265
3.01265
3.01265
3.01265
3.01265
3.01265
3.01265
3.01265
3.01265
3.01265
3.01265
3.01265
3.01265
3.01265
3.01265
3.01265
3.01265
3.01265
3.01265
3.01265
3.01265
3.01265
3.01265
3.01265
3.01265
3.01265
3.01265
3.01265
3.01265
3.01265
3.01265
3.01265
3.01265
3.01265
3.01265
3.01265
3.01265
3.01265
3.01265
3.01265
3.01265
3.01265
3.01265
3.01265
3.01265
3.01265
3.01265
3.01265
3.01265
3.01265
3.01265
3.01265
3.01265
3.01265
3.01265
3.01265
3.01265
3.01265
3.01265
3.01265
3.01265
3.01265
3.01265
3.01265
3.01265
3.01265
3.01265
3.01265
3.01265
3.01265
3.01265
3.01265
3.01265
3.01265
3.01265
3.01265
3.01265
3.01265
3.01265
3.01265
3.01265
3.01265
3.01265
3.01265
3.01265
3.01265
3.01265
3.01265
3.01265
3.01265
3.01265
3.01265
3.01265
3.01265
3.01265
3.01265
3.01265
3.01265
3.01265
3.01265
3.01265
3.01265
3.01265
3.01265
3.01265
3.01265
3.01265
3.01265
3.01265
3.01265
3.01265
3.01265
3.01265
3.01265
3.01265
3.01265
3.01265
3.01265
3.01265
3.01265
3.01265
1.11652
0.58245
0.340811
0.267578
0.373906
0.28638
0.402601
0.593956
0.730448
0.79005
0.802338
0.79472
0.791619
0.801871
0.853588
0.91101
0.953592
0.974705
0.981016
0.97776
0.974591
0.973305
0.976181
0.978896
0.983905
0.989292
0.99624
1.00116
1.00369
1.00469
1.00042
0.982448
0.963293
0.92472
0.879421
0.821071
0.761728
0.700962
0.63183
0.569136
0.513153
0.454653
0.397005
0.332592
0.271934
0.220299
0.174143
0.112457
0.059229
0.0187386
0.05471
0.0996974
0.143132
0.185163
0.22522
0.262928
0.298699
0.332428
0.363881
0.393173
0.42072
0.446806
0.471599
0.495227
0.517911
0.539879
0.561143
0.581595
0.600985
0.619628
0.637352
0.654413
0.6706
0.686286
0.70125
0.715851
0.72984
0.743535
0.75675
0.769774
0.782479
0.795058
0.807475
0.819748
0.831836
0.843756
0.855224
0.866478
0.876852
0.887014
0.896378
0.905676
0.914735
0.923789
0.932906
0.94208
0.951566
0.962
0.970723
0.97937
1.089
0.942529
0.6149
0.455365
0.16501
0.104214
0.227037
0.431164
0.515722
0.553213
0.516363
0.491893
0.485132
0.516874
0.570893
0.626932
0.663242
0.677679
0.679638
0.67428
0.672711
0.671557
0.674341
0.676078
0.6804
0.683545
0.693486
0.702041
0.707213
0.707843
0.700325
0.682001
0.661979
0.625457
0.58369
0.521729
0.458428
0.395527
0.318389
0.258029
0.203396
0.123095
0.0829954
0.0891514
0.141481
0.211733
0.288222
0.345585
0.392693
0.436082
0.472741
0.507474
0.540803
0.569921
0.597016
0.621759
0.645795
0.668754
0.690644
0.710933
0.730168
0.748375
0.766419
0.783913
0.800779
0.817204
0.833111
0.848501
0.863728
0.878455
0.892553
0.906201
0.919195
0.931843
0.944022
0.955998
0.967569
0.978914
0.989884
1.0007
1.01124
1.0217
1.03208
1.04244
1.05281
1.063
1.07295
1.08261
1.0915
1.10017
1.10814
1.11605
1.12377
1.13151
1.13933
1.14726
1.15551
1.16494
1.17307
1.18142
1.05291
1.08037
0.973658
0.838511
0.617225
0.440266
0.351772
0.401669
0.356291
0.263351
0.15284
0.0452225
0.0314814
0.107744
0.171325
0.318139
0.3764
0.409856
0.408208
0.393812
0.386092
0.380823
0.385702
0.389497
0.398918
0.40336
0.414485
0.419892
0.423253
0.421253
0.420445
0.401323
0.379693
0.340955
0.288365
0.223388
0.161357
0.117857
0.133307
0.193723
0.323972
0.427789
0.508659
0.585934
0.620395
0.657855
0.689582
0.707053
0.723496
0.739387
0.756867
0.774738
0.792652
0.810522
0.826925
0.843351
0.8596
0.875543
0.891179
0.905915
0.920013
0.934127
0.948114
0.961776
0.975184
0.988365
1.00145
1.01433
1.02694
1.03903
1.05066
1.06205
1.07305
1.08382
1.0943
1.10469
1.11485
1.12483
1.1345
1.14399
1.1533
1.16256
1.17178
1.18097
1.19019
1.19927
1.20826
1.21702
1.22511
1.23292
1.24015
1.24733
1.25444
1.2616
1.26888
1.2763
1.28405
1.29306
1.30116
1.30972
1.06753
1.16181
1.17626
1.12948
1.00525
0.844822
0.669254
0.64048
0.626606
0.580307
0.500561
0.39436
0.290987
0.262431
0.254761
0.278355
0.2469
0.195641
0.151623
0.0919391
0.054516
0.0236589
0.0175544
0.0300852
0.0646636
0.0760579
0.112572
0.138538
0.161761
0.165557
0.153258
0.14205
0.101335
0.0753262
0.113479
0.213571
0.362908
0.506296
0.628386
0.700012
0.767049
0.814231
0.848792
0.878959
0.89577
0.912756
0.922738
0.927718
0.933131
0.940238
0.94939
0.95924
0.967326
0.976341
0.986515
0.998129
1.00947
1.0196
1.02973
1.04048
1.051
1.06141
1.07169
1.08198
1.09281
1.10393
1.11496
1.12605
1.13636
1.14621
1.15621
1.16621
1.17593
1.18554
1.19508
1.20431
1.21325
1.22205
1.23084
1.23965
1.24844
1.25725
1.26613
1.27486
1.2836
1.29202
1.30041
1.30848
1.31614
1.32314
1.32995
1.33659
1.34328
1.35002
1.35686
1.36386
1.37119
1.37952
1.38811
1.397
1.08754
1.1713
1.23677
1.28245
1.23284
1.15508
1.05678
0.97621
0.967844
0.912504
0.821134
0.713465
0.604833
0.539588
0.492473
0.485973
0.48181
0.464162
0.428511
0.37827
0.31611
0.273099
0.225895
0.204514
0.167932
0.157689
0.127444
0.126926
0.102631
0.0800313
0.0972888
0.147742
0.223498
0.338871
0.491054
0.654317
0.792255
0.903904
0.96901
1.02378
1.05478
1.0729
1.08397
1.09346
1.10365
1.10696
1.10534
1.10075
1.0955
1.09102
1.08681
1.0881
1.08715
1.09121
1.09543
1.10001
1.10539
1.11163
1.11786
1.12436
1.13093
1.13815
1.14628
1.15547
1.1649
1.17454
1.18411
1.19271
1.2015
1.21054
1.21973
1.22898
1.23814
1.2472
1.25578
1.26414
1.27251
1.28094
1.28939
1.29786
1.30636
1.31475
1.32314
1.33139
1.33966
1.34773
1.35588
1.36369
1.37136
1.3782
1.38486
1.39132
1.39781
1.40434
1.41096
1.41774
1.42489
1.43295
1.44174
1.45107
1.0968
1.18249
1.24811
1.31306
1.31955
1.29737
1.26654
1.24851
1.26351
1.25253
1.18468
1.09307
0.988069
0.894516
0.826663
0.796322
0.774543
0.741132
0.694557
0.640491
0.579845
0.53087
0.477007
0.441038
0.394823
0.368671
0.326482
0.316174
0.289339
0.280208
0.301342
0.368635
0.48238
0.648545
0.833199
0.978389
1.0975
1.1905
1.24754
1.29005
1.30567
1.30454
1.29553
1.28058
1.26769
1.24755
1.23224
1.21793
1.2041
1.19057
1.17739
1.16519
1.15356
1.15418
1.15623
1.15863
1.1615
1.16441
1.16723
1.17113
1.17649
1.18249
1.18902
1.19626
1.20395
1.21207
1.22063
1.2294
1.23795
1.24645
1.25492
1.26341
1.27189
1.28028
1.28867
1.29697
1.30524
1.31335
1.32137
1.32936
1.33741
1.34559
1.35381
1.36198
1.37013
1.37815
1.38613
1.39367
1.40107
1.40761
1.41395
1.4203
1.42678
1.43342
1.44021
1.44719
1.45454
1.46268
1.47176
1.48144
1.08126
1.1791
1.2529
1.30759
1.35589
1.36084
1.36884
1.37198
1.3836
1.40808
1.42319
1.37781
1.31718
1.24971
1.18308
1.12317
1.10083
1.06774
1.02052
0.96288
0.89704
0.835556
0.77033
0.723303
0.669069
0.63207
0.581149
0.555621
0.511151
0.488261
0.516585
0.611728
0.765504
0.943521
1.10157
1.22056
1.32838
1.40277
1.45467
1.48752
1.50195
1.49764
1.48423
1.45958
1.42534
1.37877
1.33392
1.28558
1.25777
1.24481
1.22992
1.21681
1.20451
1.1947
1.18857
1.19227
1.19488
1.19523
1.19691
1.19949
1.20316
1.20742
1.21246
1.2184
1.22521
1.2324
1.2401
1.24807
1.25631
1.26448
1.27254
1.28071
1.28895
1.29717
1.30524
1.3131
1.321
1.32897
1.33698
1.34501
1.35298
1.361
1.369
1.37695
1.38479
1.3923
1.39978
1.40719
1.41444
1.42119
1.42786
1.43457
1.44135
1.4482
1.4551
1.4621
1.46939
1.47727
1.48659
1.49634
1.07174
1.15841
1.24042
1.29999
1.35249
1.37354
1.40098
1.42204
1.45265
1.48042
1.51139
1.53023
1.50272
1.46802
1.4307
1.39699
1.39134
1.38402
1.35655
1.30992
1.24778
1.18214
1.10995
1.05177
0.989591
0.939239
0.877685
0.833639
0.774143
0.732199
0.766767
0.867425
1.00911
1.16393
1.28449
1.39298
1.481
1.5382
1.58209
1.60987
1.62457
1.6235
1.61384
1.59547
1.56754
1.52789
1.47617
1.40621
1.34667
1.27872
1.25696
1.24864
1.23829
1.22769
1.21486
1.21404
1.21256
1.21348
1.21592
1.21841
1.21928
1.2212
1.22489
1.23052
1.23707
1.24436
1.25171
1.25924
1.2671
1.27474
1.28258
1.29046
1.29823
1.30603
1.31397
1.32193
1.32988
1.33767
1.34549
1.35341
1.36138
1.36946
1.3775
1.38539
1.39295
1.40023
1.40759
1.41497
1.42212
1.42913
1.43598
1.44278
1.44962
1.45641
1.46328
1.47026
1.47756
1.48552
1.49487
1.50469
1.06844
1.14176
1.21782
1.28511
1.33831
1.37003
1.40231
1.42805
1.45904
1.49988
1.53526
1.57056
1.59265
1.58007
1.56359
1.5525
1.54927
1.55438
1.56405
1.54692
1.51498
1.47489
1.42939
1.38248
1.33218
1.28084
1.22182
1.15922
1.08654
0.995664
1.01184
1.07633
1.17998
1.2821
1.39437
1.48545
1.56724
1.61503
1.65575
1.6798
1.68714
1.69134
1.68665
1.67904
1.6627
1.6369
1.60098
1.55184
1.48696
1.40014
1.33091
1.25348
1.25031
1.24731
1.24126
1.23642
1.23229
1.22697
1.22788
1.22907
1.23168
1.23448
1.23812
1.24315
1.24852
1.25493
1.26213
1.26958
1.27709
1.28478
1.29241
1.30019
1.3081
1.31603
1.32389
1.33149
1.33904
1.34665
1.35431
1.36203
1.36986
1.37771
1.38536
1.39289
1.40012
1.40733
1.41467
1.4221
1.42937
1.4366
1.44354
1.45035
1.45714
1.46389
1.47069
1.47759
1.4848
1.49263
1.50199
1.5118
1.06979
1.134
1.2018
1.2662
1.31463
1.35813
1.39211
1.42161
1.45456
1.49256
1.53823
1.57659
1.61532
1.62624
1.6277
1.62999
1.63126
1.63879
1.65103
1.66532
1.65912
1.63741
1.61165
1.58406
1.55476
1.52067
1.48264
1.4191
1.3423
1.24213
1.16032
1.20282
1.26777
1.34837
1.4273
1.50323
1.57207
1.62593
1.66
1.68734
1.71198
1.72064
1.72031
1.71931
1.71322
1.70414
1.68698
1.65911
1.6174
1.55942
1.48087
1.38321
1.29675
1.24745
1.25622
1.25938
1.25699
1.25227
1.24883
1.2485
1.24951
1.25158
1.25418
1.25814
1.26352
1.2704
1.27726
1.28488
1.29189
1.29857
1.30542
1.31246
1.31957
1.32682
1.33418
1.34171
1.3495
1.35747
1.36543
1.37337
1.38089
1.38814
1.39533
1.40248
1.4096
1.41675
1.42401
1.43128
1.43854
1.44566
1.45248
1.45912
1.46572
1.47232
1.47902
1.48587
1.49307
1.50095
1.51048
1.52041
1.07731
1.13359
1.19318
1.25223
1.29849
1.34312
1.37506
1.40965
1.44484
1.48291
1.52791
1.56964
1.60649
1.64047
1.64748
1.66027
1.66752
1.67942
1.6905
1.70624
1.71874
1.72183
1.71046
1.69588
1.67808
1.65327
1.6178
1.54753
1.43005
1.32073
1.21857
1.25762
1.31008
1.37574
1.43727
1.49525
1.54192
1.58166
1.61748
1.64763
1.67191
1.69239
1.71282
1.73363
1.7363
1.73258
1.7296
1.72211
1.70576
1.67523
1.62581
1.55614
1.4465
1.36282
1.26523
1.26859
1.27235
1.2755
1.27448
1.27133
1.26847
1.26981
1.27215
1.27539
1.27962
1.28502
1.29144
1.29818
1.30506
1.31198
1.31776
1.32389
1.33046
1.33744
1.34476
1.35243
1.36029
1.36804
1.3757
1.38308
1.39027
1.39731
1.40422
1.41108
1.41797
1.42493
1.43189
1.43885
1.44583
1.45259
1.45918
1.46579
1.47246
1.47923
1.48612
1.49319
1.50063
1.50875
1.51853
1.52881
1.09108
1.13927
1.19097
1.24257
1.29033
1.32955
1.3631
1.39542
1.42891
1.46624
1.50735
1.55317
1.59038
1.63039
1.65097
1.66503
1.67784
1.69376
1.70825
1.7225
1.73736
1.75166
1.76524
1.75747
1.74447
1.72111
1.66751
1.56719
1.40273
1.24024
1.22736
1.2593
1.3073
1.35608
1.409
1.45686
1.49832
1.53995
1.57557
1.60338
1.63193
1.65786
1.6827
1.70252
1.71827
1.73741
1.75299
1.74989
1.7515
1.74173
1.72282
1.68591
1.62551
1.54053
1.4265
1.32961
1.26755
1.28337
1.29465
1.29324
1.29157
1.28881
1.29107
1.29453
1.29877
1.30317
1.30807
1.31326
1.31902
1.32472
1.33101
1.33739
1.34385
1.35072
1.35798
1.36553
1.37342
1.38109
1.38869
1.39556
1.40213
1.40853
1.415
1.42157
1.42822
1.43506
1.44201
1.44893
1.45585
1.46257
1.46921
1.47585
1.48252
1.48931
1.49625
1.50339
1.51092
1.51914
1.52899
1.53948
1.10867
1.15127
1.19591
1.24251
1.2864
1.32316
1.35916
1.38675
1.41588
1.44961
1.487
1.53167
1.57248
1.6088
1.6373
1.66075
1.67722
1.69286
1.70858
1.72441
1.74198
1.75946
1.78457
1.78222
1.76785
1.73066
1.64711
1.49832
1.3453
1.19541
1.21786
1.24979
1.28978
1.33308
1.37732
1.41803
1.4568
1.49246
1.5243
1.55487
1.58453
1.61339
1.6384
1.66424
1.69298
1.71857
1.73586
1.75592
1.77539
1.77094
1.77004
1.75876
1.7359
1.69265
1.62282
1.50609
1.41299
1.30286
1.30581
1.31617
1.32615
1.32652
1.32575
1.32662
1.32878
1.33102
1.33445
1.33886
1.34358
1.34854
1.35401
1.36
1.36624
1.37264
1.37934
1.38628
1.39349
1.40048
1.40738
1.41332
1.41896
1.42475
1.43083
1.43709
1.44353
1.45016
1.4569
1.46364
1.47032
1.47684
1.48337
1.48991
1.49654
1.50329
1.51021
1.51735
1.52489
1.53315
1.54309
1.55359
1.13022
1.16696
1.20571
1.24704
1.28704
1.32075
1.35599
1.38224
1.4097
1.43881
1.47084
1.50779
1.54912
1.5841
1.61576
1.64882
1.66636
1.6844
1.70148
1.71853
1.7366
1.75458
1.78347
1.77484
1.75295
1.68686
1.56607
1.38708
1.22575
1.19756
1.21295
1.23661
1.2668
1.30161
1.33786
1.37466
1.41136
1.44686
1.48065
1.51328
1.54526
1.5736
1.60366
1.63288
1.66343
1.68548
1.71007
1.73596
1.75446
1.77504
1.791
1.7928
1.79591
1.78242
1.75423
1.70165
1.61786
1.49445
1.39373
1.31684
1.33563
1.34981
1.35958
1.36044
1.36032
1.36056
1.36215
1.36494
1.37
1.37454
1.37953
1.38459
1.38968
1.39545
1.40213
1.40907
1.41605
1.42268
1.42878
1.43439
1.43977
1.44525
1.45098
1.45698
1.46322
1.46966
1.47624
1.48281
1.48938
1.49574
1.50203
1.50834
1.51475
1.52132
1.52807
1.53508
1.54252
1.55073
1.56079
1.5713
1.15237
1.18512
1.22074
1.2571
1.29429
1.32581
1.35637
1.38294
1.40698
1.43258
1.46094
1.49348
1.53131
1.5639
1.59535
1.62777
1.65487
1.67496
1.69065
1.70837
1.72603
1.74214
1.7641
1.74736
1.70042
1.59698
1.41909
1.264
1.18051
1.18925
1.2027
1.22179
1.24572
1.2739
1.30518
1.33964
1.37442
1.40931
1.44379
1.47749
1.50971
1.5409
1.57275
1.60612
1.63027
1.65719
1.68345
1.70582
1.72966
1.755
1.77872
1.79916
1.82306
1.82655
1.8261
1.81673
1.77249
1.70454
1.59964
1.48762
1.37242
1.36281
1.37684
1.39099
1.40514
1.40185
1.39907
1.39857
1.39899
1.4034
1.40768
1.41122
1.41534
1.42025
1.42628
1.43388
1.44114
1.44847
1.45376
1.4587
1.46377
1.46905
1.47455
1.48028
1.48606
1.49196
1.49803
1.50419
1.51036
1.51651
1.52263
1.52878
1.53501
1.54139
1.54796
1.55478
1.56206
1.57014
1.58018
1.59065
1.17823
1.20515
1.2383
1.27068
1.30485
1.33336
1.36079
1.38614
1.40652
1.42939
1.45568
1.48604
1.51897
1.5519
1.58193
1.60959
1.64254
1.66072
1.67841
1.69495
1.71563
1.73451
1.72517
1.69007
1.60424
1.43688
1.3106
1.17751
1.18086
1.18721
1.19809
1.21348
1.23306
1.25674
1.28411
1.31461
1.34707
1.38083
1.41505
1.44899
1.48149
1.51444
1.54757
1.57451
1.60382
1.63257
1.65812
1.6844
1.71227
1.73877
1.76278
1.7885
1.8141
1.83816
1.86236
1.87096
1.85861
1.83519
1.78329
1.70501
1.58211
1.49261
1.39521
1.40588
1.42406
1.43906
1.44004
1.43672
1.43514
1.43626
1.43868
1.44347
1.44835
1.45359
1.45931
1.46571
1.47279
1.47897
1.48472
1.48892
1.49342
1.49805
1.50266
1.50759
1.51279
1.51818
1.52374
1.5294
1.53514
1.54103
1.5471
1.55328
1.55947
1.56574
1.57212
1.57871
1.58571
1.59353
1.60341
1.61373
1.20335
1.22608
1.25632
1.28588
1.31853
1.34345
1.3682
1.39346
1.41079
1.43066
1.45362
1.48118
1.51147
1.5449
1.57067
1.59926
1.63036
1.65248
1.66932
1.68673
1.70567
1.69859
1.67047
1.59778
1.44548
1.31504
1.18182
1.17947
1.18363
1.19009
1.19939
1.2118
1.22805
1.24818
1.27234
1.29965
1.32938
1.36112
1.39357
1.4263
1.46002
1.49387
1.52233
1.55287
1.58358
1.61232
1.64235
1.6713
1.69895
1.72825
1.75311
1.77904
1.80549
1.83525
1.86373
1.89713
1.89861
1.90316
1.88693
1.85518
1.7936
1.70388
1.5843
1.47801
1.43365
1.4467
1.46211
1.48104
1.47748
1.47402
1.47462
1.47637
1.47894
1.48448
1.48996
1.49585
1.50189
1.50786
1.51328
1.51784
1.52204
1.52623
1.53065
1.53493
1.53942
1.54435
1.54979
1.55549
1.56129
1.56724
1.57338
1.57961
1.58566
1.59181
1.59808
1.60454
1.61141
1.61912
1.62899
1.63936
1.23084
1.24941
1.27623
1.30274
1.33385
1.35583
1.37864
1.40307
1.41847
1.43453
1.4543
1.47841
1.50643
1.53734
1.56471
1.59427
1.62312
1.6462
1.66842
1.68514
1.67904
1.65437
1.5878
1.45826
1.31371
1.18064
1.17726
1.1845
1.19145
1.19925
1.20796
1.21854
1.23207
1.24925
1.26987
1.29398
1.32064
1.34965
1.38018
1.4125
1.44484
1.47704
1.50724
1.53813
1.57005
1.60193
1.6332
1.66272
1.69303
1.7189
1.746
1.77391
1.80175
1.82945
1.85983
1.88716
1.91178
1.93926
1.93535
1.93257
1.90845
1.86346
1.79459
1.67726
1.58266
1.47236
1.4817
1.49212
1.50285
1.51643
1.51378
1.51305
1.5128
1.51383
1.51972
1.52598
1.53326
1.53764
1.54168
1.54623
1.54992
1.55398
1.55804
1.56223
1.56658
1.57117
1.57627
1.58195
1.58768
1.59366
1.59989
1.60613
1.61222
1.61844
1.62478
1.63133
1.63827
1.64604
1.65605
1.66666
1.25151
1.269
1.29239
1.31851
1.34873
1.3717
1.39225
1.41523
1.43296
1.44387
1.45953
1.48027
1.5053
1.53209
1.55981
1.58662
1.61619
1.64302
1.67012
1.6678
1.64437
1.58235
1.46873
1.31008
1.16899
1.16443
1.17638
1.1871
1.19928
1.2073
1.21625
1.22665
1.23897
1.254
1.27199
1.29309
1.31744
1.34437
1.37367
1.40499
1.43645
1.46704
1.49861
1.53058
1.56386
1.59726
1.62685
1.656
1.68579
1.71306
1.74048
1.76906
1.79767
1.82536
1.85287
1.88174
1.911
1.9387
1.95438
1.9637
1.96843
1.95713
1.92514
1.87654
1.79972
1.6811
1.59618
1.50491
1.51313
1.53234
1.54405
1.55557
1.55192
1.54955
1.54967
1.55373
1.56043
1.56689
1.57307
1.57561
1.57807
1.58098
1.58461
1.58883
1.59345
1.59852
1.60401
1.60983
1.61594
1.62213
1.62842
1.63415
1.63968
1.64533
1.65127
1.65762
1.66464
1.6727
1.68327
1.69456
1.27928
1.29381
1.31208
1.33551
1.35873
1.38832
1.40707
1.42804
1.45105
1.45871
1.47065
1.48815
1.50948
1.53476
1.55699
1.58257
1.6106
1.63924
1.65397
1.63422
1.58006
1.4746
1.31408
1.16243
1.14522
1.16137
1.17674
1.19361
1.20535
1.216
1.22708
1.23868
1.25133
1.26547
1.28194
1.30102
1.32305
1.34766
1.37473
1.4034
1.43331
1.46452
1.49664
1.52915
1.56281
1.59258
1.6228
1.65267
1.6832
1.71368
1.73996
1.76598
1.79445
1.82312
1.85225
1.87913
1.90714
1.92817
1.95118
1.9715
1.994
1.99293
1.99104
1.98096
1.94626
1.88855
1.79304
1.67483
1.55053
1.54687
1.55209
1.5641
1.57825
1.58
1.57991
1.58068
1.58411
1.58955
1.59537
1.60154
1.60384
1.6066
1.60939
1.61305
1.6175
1.62263
1.62842
1.63446
1.64055
1.64684
1.65291
1.6586
1.66433
1.67015
1.67641
1.68315
1.69056
1.69907
1.71021
1.72223
1.32005
1.30594
1.32413
1.34735
1.37111
1.40087
1.42204
1.4441
1.46897
1.47769
1.48662
1.50071
1.51883
1.54296
1.55985
1.58514
1.60663
1.63194
1.61817
1.57483
1.48014
1.32022
1.16438
1.1259
1.14519
1.16384
1.18365
1.19931
1.21379
1.22826
1.24116
1.254
1.26733
1.28162
1.29745
1.3153
1.33545
1.35814
1.38309
1.41046
1.43987
1.47042
1.50139
1.53269
1.56403
1.59488
1.62592
1.65635
1.68586
1.71327
1.74064
1.76752
1.79482
1.82401
1.85211
1.87712
1.90209
1.92488
1.94578
1.97023
1.99069
2.01037
2.02084
2.02653
2.0281
2.01034
1.95976
1.88472
1.76008
1.66824
1.56772
1.57636
1.59015
1.60205
1.61804
1.61958
1.61994
1.62076
1.62294
1.6254
1.6288
1.6322
1.63469
1.63754
1.64104
1.64542
1.65084
1.65747
1.66394
1.67077
1.67682
1.68276
1.68891
1.69497
1.70156
1.70874
1.71663
1.72553
1.73704
1.74938
1.38262
1.34402
1.34282
1.36032
1.38333
1.40613
1.43336
1.45698
1.48118
1.49877
1.50434
1.51468
1.53133
1.55329
1.57067
1.59185
1.61049
1.60181
1.5655
1.48044
1.32244
1.17591
1.11002
1.1305
1.15039
1.17104
1.18807
1.20546
1.22321
1.24045
1.25667
1.27177
1.28705
1.30289
1.31953
1.33734
1.35665
1.37787
1.4009
1.4259
1.45245
1.48053
1.50962
1.53963
1.57003
1.60006
1.62985
1.65839
1.68668
1.71313
1.7397
1.76669
1.7939
1.82095
1.84777
1.87503
1.9019
1.92184
1.94245
1.96229
1.98123
2.0014
2.02222
2.04476
2.06415
2.06627
2.0485
2.01748
1.96178
1.87426
1.74972
1.64054
1.598
1.60328
1.62308
1.63678
1.65087
1.65032
1.64948
1.64971
1.65065
1.65247
1.65642
1.66023
1.6643
1.66885
1.67421
1.68073
1.68814
1.69514
1.70181
1.7075
1.71346
1.71938
1.72595
1.73324
1.74136
1.75057
1.76246
1.77542
1.48204
1.38408
1.36655
1.38008
1.39817
1.41709
1.44279
1.46808
1.4931
1.51583
1.52032
1.52952
1.54451
1.56264
1.58345
1.60287
1.59411
1.55982
1.48128
1.32697
1.20038
1.10057
1.12177
1.14373
1.16628
1.18417
1.20302
1.2229
1.24312
1.26353
1.28233
1.29938
1.31552
1.33171
1.3481
1.36504
1.38284
1.4019
1.42248
1.44471
1.46858
1.49384
1.52038
1.54803
1.57616
1.60474
1.63305
1.6611
1.68779
1.71467
1.74002
1.76611
1.79322
1.82072
1.84695
1.87281
1.89912
1.92015
1.94196
1.96031
1.98013
2.00057
2.0196
2.04293
2.06437
2.09117
2.08954
2.0895
2.07033
2.03111
1.96134
1.83527
1.73999
1.62898
1.63678
1.6479
1.66069
1.67633
1.68322
1.68184
1.68022
1.67968
1.67895
1.68256
1.68689
1.6923
1.69857
1.70542
1.71219
1.71941
1.72648
1.73238
1.73852
1.74434
1.75083
1.75811
1.76619
1.77532
1.78714
1.80022
1.80396
1.43588
1.40771
1.39521
1.41014
1.42894
1.45005
1.47658
1.50009
1.52694
1.53597
1.5432
1.55779
1.57356
1.596
1.59042
1.55851
1.4847
1.34133
1.21308
1.09508
1.11862
1.14302
1.16764
1.18505
1.20357
1.22318
1.24377
1.26465
1.28558
1.30581
1.32448
1.34175
1.35807
1.37442
1.39101
1.40807
1.42588
1.44462
1.46457
1.48578
1.50837
1.53219
1.55719
1.5833
1.60996
1.63687
1.66343
1.69002
1.71534
1.74107
1.76582
1.7915
1.81934
1.8459
1.87305
1.89455
1.91709
1.93936
1.95742
1.97665
1.99335
2.01261
2.03322
2.0601
2.08431
2.10607
2.12456
2.1229
2.11709
2.08235
2.02363
1.94104
1.81821
1.72375
1.65569
1.66182
1.68314
1.69655
1.71087
1.7091
1.70766
1.70701
1.70723
1.71025
1.71642
1.72422
1.73177
1.73888
1.74512
1.7514
1.75784
1.76401
1.76974
1.77597
1.7831
1.79099
1.80011
1.81202
1.82521
2.06863
1.62805
1.46417
1.43101
1.43265
1.44611
1.46176
1.48314
1.50759
1.53225
1.55321
1.55892
1.57209
1.58369
1.58555
1.5556
1.48579
1.35151
1.21531
1.0901
1.11383
1.14094
1.16811
1.18546
1.20371
1.22281
1.24281
1.26351
1.28467
1.30592
1.32676
1.34681
1.3654
1.38275
1.39936
1.41592
1.43247
1.44942
1.46694
1.48528
1.50457
1.52499
1.5466
1.56941
1.5933
1.61793
1.6431
1.66835
1.6937
1.71845
1.74325
1.76809
1.79363
1.82069
1.84717
1.87372
1.89718
1.92046
1.93781
1.95572
1.97546
1.99374
2.01451
2.03668
2.05905
2.08165
2.10609
2.12619
2.14692
2.14495
2.13901
2.1241
2.08391
2.01814
1.90307
1.80874
1.7031
1.70582
1.70685
1.71886
1.72727
1.73627
1.73518
1.73479
1.73547
1.73988
1.74861
1.7564
1.76521
1.7703
1.77579
1.78158
1.78805
1.79507
1.80153
1.80885
1.81676
1.82549
1.83695
1.84964
2.34914
2.00369
1.56417
1.48213
1.45758
1.46756
1.47934
1.49268
1.51295
1.53328
1.56178
1.57349
1.58624
1.58058
1.55263
1.48499
1.35297
1.2141
1.08229
1.10461
1.13355
1.16222
1.18162
1.20068
1.22023
1.24028
1.26072
1.28155
1.30266
1.32392
1.34506
1.36606
1.38611
1.40518
1.42284
1.43987
1.45642
1.47292
1.48967
1.50684
1.52469
1.54342
1.56317
1.58393
1.60568
1.62822
1.65139
1.67493
1.69883
1.72237
1.74636
1.77074
1.79589
1.82267
1.84849
1.87452
1.89783
1.92055
1.93871
1.95576
1.97391
1.99319
2.0131
2.03383
2.05591
2.07745
2.09736
2.12041
2.14017
2.15944
2.16783
2.1693
2.1568
2.1282
2.08066
2.00933
1.89255
1.80781
1.72305
1.73014
1.73907
1.74975
1.76014
1.76461
1.76556
1.76761
1.77281
1.78069
1.78871
1.79676
1.80204
1.80733
1.81327
1.82017
1.82712
1.83441
1.84201
1.8507
1.86208
1.87435
2.78082
2.2644
1.89148
1.53863
1.49965
1.47912
1.48817
1.50051
1.51636
1.54094
1.56351
1.58921
1.57929
1.54839
1.48009
1.34853
1.20646
1.07256
1.09281
1.1247
1.15292
1.17614
1.19486
1.21456
1.2352
1.25577
1.27648
1.29724
1.31831
1.33978
1.36145
1.38299
1.40445
1.42484
1.44399
1.46173
1.4788
1.49486
1.51101
1.52749
1.54441
1.56195
1.58024
1.59943
1.61935
1.64007
1.6613
1.68302
1.70516
1.72755
1.75045
1.77394
1.79821
1.8246
1.85056
1.87381
1.89741
1.91834
1.93973
1.95792
1.97722
1.99517
2.01377
2.03337
2.05463
2.07587
2.0968
2.11726
2.13767
2.15772
2.17379
2.19179
2.18842
2.18469
2.17374
2.13524
2.08899
1.99605
1.88935
1.78609
1.75932
1.75639
1.7724
1.78276
1.79653
1.79957
1.80199
1.80623
1.8124
1.82096
1.82896
1.83612
1.84213
1.84834
1.85468
1.86142
1.86852
1.87675
1.88787
1.89988
2.85843
2.64615
2.14896
1.73828
1.54698
1.51125
1.50378
1.51432
1.52897
1.55312
1.57064
1.58038
1.54803
1.47542
1.34056
1.19093
1.05444
1.07693
1.11401
1.14416
1.16809
1.18579
1.20499
1.22572
1.24731
1.26887
1.29013
1.31152
1.33307
1.35483
1.37687
1.39899
1.42113
1.44213
1.46232
1.4813
1.49926
1.51603
1.53207
1.54839
1.56509
1.58218
1.59986
1.61795
1.63659
1.65556
1.67505
1.69471
1.71502
1.73583
1.75742
1.77971
1.80312
1.82816
1.85274
1.87738
1.8979
1.91891
1.93941
1.95934
1.97819
1.99745
2.01668
2.03685
2.05683
2.07709
2.09658
2.11605
2.13295
2.14958
2.16667
2.1866
2.2021
2.21921
2.21764
2.21206
2.20085
2.16239
2.08959
1.9696
1.8849
1.78918
1.79409
1.79812
1.81475
1.8266
1.84023
1.84247
1.84516
1.8503
1.85692
1.86441
1.87151
1.87877
1.88471
1.89027
1.89624
1.90337
1.9139
1.92522
2.94985
2.79943
2.40234
2.06955
1.65977
1.57146
1.54135
1.54121
1.55888
1.57214
1.578
1.5475
1.47507
1.33624
1.17887
1.03737
1.06101
1.10099
1.13416
1.16102
1.17816
1.19657
1.21666
1.23818
1.25982
1.28142
1.3031
1.3249
1.34676
1.36887
1.39131
1.41374
1.43598
1.45729
1.47831
1.49887
1.518
1.53598
1.55284
1.56925
1.58603
1.60319
1.6205
1.63802
1.65524
1.67252
1.68992
1.70766
1.726
1.74502
1.76497
1.78591
1.80863
1.83146
1.85518
1.87819
1.90033
1.92125
1.94023
1.9596
1.9792
1.99939
2.01914
2.03957
2.05963
2.07937
2.09905
2.11692
2.13549
2.15198
2.16924
2.18636
2.20368
2.22301
2.24254
2.24964
2.25127
2.2442
2.2295
2.16939
2.07993
1.96765
1.8729
1.83631
1.83964
1.84794
1.8608
1.87614
1.88249
1.88543
1.88826
1.89372
1.89978
1.90635
1.91206
1.91775
1.92341
1.93008
1.93961
1.94986
3.00426
2.90023
2.82516
2.32131
1.99056
1.62316
1.58498
1.56665
1.57953
1.57388
1.54154
1.46599
1.32407
1.16556
1.02209
1.04591
1.08748
1.12168
1.15276
1.16998
1.18773
1.20743
1.22855
1.25049
1.27266
1.29479
1.317
1.33921
1.36147
1.38396
1.40665
1.42902
1.45109
1.47265
1.49404
1.51538
1.53549
1.55502
1.57237
1.58932
1.60637
1.62378
1.64105
1.65811
1.67417
1.69016
1.70637
1.72295
1.7401
1.75799
1.77686
1.79686
1.81844
1.84078
1.86309
1.88537
1.90663
1.92674
1.94702
1.96702
1.98742
2.00725
2.02726
2.04702
2.06613
2.08509
2.10485
2.12399
2.14337
2.1604
2.17723
2.19396
2.21043
2.22693
2.24549
2.26273
2.27573
2.28522
2.29172
2.26358
2.22394
2.15901
2.04655
1.96661
1.86833
1.87158
1.87134
1.89067
1.90363
1.91929
1.92316
1.92658
1.93256
1.93805
1.94392
1.95002
1.95492
1.96029
1.9682
1.97801
3.00854
3.00532
2.87221
2.72193
2.2456
1.87215
1.64238
1.60586
1.59496
1.55104
1.46201
1.30365
1.14852
1.00728
1.03589
1.07777
1.11297
1.14248
1.15933
1.17741
1.1971
1.2182
1.24014
1.26252
1.28535
1.30824
1.33107
1.35375
1.37642
1.399
1.42146
1.4437
1.46572
1.48753
1.50911
1.53099
1.55194
1.57236
1.59156
1.60924
1.62705
1.64547
1.66338
1.68111
1.69704
1.71221
1.7276
1.74328
1.7595
1.77642
1.79433
1.8135
1.83422
1.85495
1.87608
1.89698
1.91741
1.93761
1.95786
1.97835
1.99852
2.01882
2.03866
2.05726
2.07618
2.09478
2.11414
2.13259
2.15013
2.16636
2.18106
2.1952
2.20784
2.22027
2.23334
2.2449
2.25967
2.27541
2.29711
2.28631
2.2749
2.24717
2.20398
2.11293
2.02375
1.92799
1.87955
1.88813
1.89905
1.91583
1.93254
1.94917
1.95665
1.96324
1.97082
1.97742
1.98334
1.98942
1.99824
2.00777
3.01131
3.00799
2.96435
2.84712
2.56408
2.15398
1.78181
1.66251
1.57391
1.46449
1.27415
1.11736
1.00174
1.03446
1.07762
1.11532
1.14016
1.15482
1.17149
1.19032
1.21054
1.23205
1.25433
1.2775
1.30095
1.32474
1.34822
1.37111
1.39382
1.41634
1.43875
1.46101
1.48304
1.50505
1.52695
1.54937
1.57125
1.59271
1.61263
1.63128
1.65009
1.6698
1.68952
1.7086
1.72536
1.73992
1.75484
1.77023
1.7863
1.80314
1.82088
1.84012
1.85971
1.87973
1.89959
1.91915
1.93848
1.95776
1.97703
1.99615
2.01436
2.03168
2.04788
2.06302
2.07732
2.09184
2.10602
2.11993
2.13335
2.14544
2.15726
2.16794
2.17884
2.19029
2.20232
2.21495
2.22873
2.24421
2.25955
2.27357
2.28895
2.28024
2.27238
2.22599
2.15848
2.05335
1.97649
1.89005
1.8955
1.89891
1.92135
1.94049
1.95866
1.97857
1.98785
1.99512
2.00062
2.00835
2.01968
2.0296
3.01243
3.01144
3.00403
2.93903
2.79353
2.4591
2.14658
1.80502
1.51232
1.27867
1.03235
0.979236
1.01734
1.06442
1.10597
1.13047
1.14608
1.16309
1.18159
1.20106
1.22065
1.24124
1.26312
1.28685
1.31126
1.33628
1.36081
1.38468
1.40823
1.43167
1.45502
1.47848
1.50159
1.52492
1.54826
1.57216
1.59611
1.61937
1.64164
1.66229
1.68293
1.70421
1.72602
1.74629
1.76458
1.77881
1.79237
1.80601
1.82009
1.83403
1.84905
1.86479
1.88058
1.89655
1.91115
1.92571
1.94008
1.95441
1.96834
1.98207
1.99559
2.00909
2.02264
2.03434
2.04612
2.05857
2.07161
2.08495
2.09781
2.11069
2.1243
2.13694
2.14986
2.16265
2.17616
2.18971
2.2035
2.21833
2.23392
2.25349
2.27036
2.28954
2.28594
2.26991
2.23579
2.18802
2.09091
2.02132
1.93055
1.89659
1.90801
1.92158
1.94273
1.96215
1.98414
1.99635
2.00814
2.01852
2.03137
2.045
3.0127
3.0124
3.01013
3.00103
2.90698
2.79766
2.41175
1.99793
1.53022
1.04437
1.04181
1.07496
1.11788
1.15471
1.1716
1.17766
1.18665
1.20027
1.21713
1.23513
1.25489
1.27602
1.29858
1.3228
1.34799
1.37309
1.39823
1.42342
1.44837
1.47287
1.49727
1.52145
1.54477
1.56741
1.58929
1.61117
1.63232
1.65285
1.67185
1.68871
1.7053
1.72271
1.73944
1.75532
1.76996
1.78003
1.78959
1.79981
1.8104
1.82185
1.83464
1.84774
1.86157
1.87383
1.88611
1.89842
1.91076
1.92347
1.93652
1.94974
1.96292
1.97612
1.98959
2.00122
2.01336
2.02628
2.03995
2.05354
2.06715
2.08134
2.09601
2.10988
2.12395
2.13651
2.14963
2.16232
2.17489
2.18815
2.20159
2.21509
2.23118
2.24512
2.25823
2.25349
2.23931
2.21817
2.18214
2.11968
2.02429
1.95494
1.88372
1.89555
1.91141
1.933
1.95331
1.97444
1.9857
1.99916
2.01131
2.01751
3.01266
3.01264
3.01398
3.00705
2.99508
2.77363
2.41966
1.58983
0.994253
0.848374
0.937416
1.03098
1.11241
1.14271
1.16563
1.18271
1.20038
1.22
1.24051
1.26063
1.28214
1.30456
1.32719
1.35042
1.3739
1.39691
1.41895
1.44031
1.46115
1.48132
1.50119
1.52046
1.53945
1.55825
1.57674
1.59554
1.61377
1.63202
1.64897
1.66464
1.68029
1.6964
1.71376
1.72945
1.74485
1.75517
1.76477
1.77499
1.78579
1.79746
1.80982
1.82212
1.83461
1.84553
1.85668
1.86804
1.8794
1.89106
1.90308
1.9148
1.92644
1.93814
1.95052
1.96147
1.9715
1.98237
1.99416
2.00604
2.01682
2.02839
2.0397
2.05108
2.06142
2.0702
2.0792
2.08826
2.09772
2.10801
2.11868
2.12949
2.14121
2.15125
2.16385
2.1714
2.17719
2.16566
2.15165
2.11923
2.07619
1.98764
1.92707
1.85499
1.86621
1.88252
1.90702
1.93118
1.95627
1.96279
1.96711
1.96176
3.01264
3.01258
3.01201
3.00748
2.9649
2.784
2.19966
1.26832
0.412868
0.54152
0.685876
0.805854
0.887843
0.944145
0.996728
1.04124
1.08183
1.11473
1.14411
1.17214
1.19914
1.22583
1.2521
1.27768
1.30295
1.32811
1.35265
1.37635
1.39943
1.42168
1.44362
1.46466
1.48523
1.50517
1.52439
1.54366
1.56224
1.58024
1.59694
1.6123
1.62753
1.64302
1.65943
1.67427
1.68837
1.698
1.70656
1.71548
1.72491
1.73541
1.74565
1.75634
1.76512
1.77386
1.78232
1.79098
1.79911
1.80717
1.81544
1.824
1.83233
1.84065
1.84982
1.85831
1.86637
1.87513
1.88464
1.89391
1.90357
1.91391
1.92495
1.93616
1.94736
1.95848
1.96971
1.98081
1.9924
2.00475
2.01809
2.03173
2.04609
2.05816
2.07061
2.08575
2.10087
2.11563
2.11055
2.10021
2.06446
2.03299
1.9438
1.88656
1.81557
1.82087
1.83991
1.8625
1.88653
1.89119
1.88676
1.85685
3.01264
3.01261
3.01215
3.00873
2.97073
2.8086
2.22797
1.23211
0.256556
0.398942
0.452397
0.511621
0.58088
0.652884
0.721469
0.785568
0.841259
0.890433
0.938005
0.981673
1.01854
1.05481
1.08898
1.12113
1.15088
1.17949
1.20661
1.23316
1.2583
1.28204
1.30446
1.32573
1.34618
1.36544
1.38411
1.40186
1.41894
1.43518
1.45076
1.46573
1.48066
1.49581
1.5115
1.52633
1.53981
1.5507
1.56084
1.57103
1.58186
1.59307
1.60391
1.61476
1.62407
1.63339
1.64298
1.65204
1.66115
1.67044
1.68016
1.69031
1.70065
1.71118
1.72253
1.73324
1.74472
1.75706
1.77004
1.78374
1.79813
1.81307
1.82872
1.84485
1.86065
1.87643
1.89155
1.90659
1.92186
1.93765
1.95437
1.97091
1.98766
2.0038
2.01871
2.0343
2.05353
2.07052
2.09118
2.08609
2.07465
2.04763
2.01529
1.92475
1.86395
1.78792
1.78089
1.78315
1.78498
1.77441
1.73706
1.67226
3.01264
3.01261
3.01205
3.00864
2.9685
2.80289
2.20275
1.19499
0.237235
0.428886
0.45691
0.481193
0.510016
0.542333
0.57713
0.614612
0.653745
0.693085
0.73215
0.770807
0.808693
0.845788
0.882076
0.916817
0.949945
0.981328
1.01199
1.04156
1.07058
1.09884
1.12601
1.15208
1.17722
1.20144
1.22491
1.24765
1.2695
1.29073
1.31115
1.33092
1.35051
1.37031
1.39028
1.40928
1.42683
1.44243
1.45675
1.47069
1.48498
1.49896
1.51278
1.5252
1.53697
1.54862
1.56015
1.57128
1.58234
1.59348
1.60492
1.61646
1.62837
1.64078
1.65379
1.66706
1.68103
1.6957
1.71117
1.72738
1.74422
1.76162
1.77966
1.79781
1.81606
1.8344
1.85157
1.86895
1.88616
1.90371
1.92196
1.94008
1.95777
1.97556
1.99113
2.00714
2.02392
2.0447
2.06291
2.08664
2.08367
2.06907
2.04565
2.01163
1.92697
1.85505
1.78392
1.74709
1.69258
1.63978
1.55363
1.45663
3.01264
3.01261
3.01206
3.0088
2.96969
2.80721
2.21798
1.20555
0.240859
0.434892
0.443553
0.457925
0.484176
0.517757
0.551639
0.584791
0.617416
0.649732
0.682196
0.715304
0.748925
0.782583
0.816031
0.849169
0.88182
0.913869
0.944758
0.974902
1.00452
1.03364
1.06233
1.09054
1.11805
1.14461
1.17021
1.19473
1.21815
1.24081
1.26248
1.28382
1.30505
1.32631
1.34743
1.36782
1.387
1.40432
1.42034
1.43567
1.45112
1.46597
1.48048
1.49305
1.50557
1.51767
1.52979
1.54104
1.5524
1.5638
1.57545
1.58744
1.59981
1.61272
1.62621
1.64021
1.6549
1.67039
1.68665
1.70366
1.72129
1.73956
1.75829
1.77745
1.7967
1.81545
1.83429
1.85198
1.86994
1.88829
1.90691
1.92544
1.94412
1.961
1.97817
1.99443
2.01127
2.02909
2.05035
2.07025
2.09477
2.09135
2.07789
2.05236
2.01238
1.9349
1.83402
1.7403
1.64128
1.52754
1.44039
1.3626
3.01264
3.01261
3.01206
3.00874
2.96922
2.80548
2.21147
1.1965
0.232523
0.439091
0.448526
0.461593
0.484361
0.513164
0.542862
0.573318
0.604529
0.636326
0.668675
0.701635
0.735012
0.768477
0.801821
0.834801
0.86729
0.89924
0.930298
0.960745
0.990865
1.02036
1.04935
1.07778
1.10544
1.13218
1.15799
1.18282
1.2066
1.22956
1.25172
1.27335
1.29493
1.31638
1.33759
1.35819
1.37739
1.39507
1.41139
1.42718
1.44308
1.45822
1.47266
1.48537
1.49812
1.51038
1.5225
1.53373
1.54496
1.55627
1.56785
1.57979
1.59221
1.6052
1.61879
1.63294
1.64779
1.6634
1.67984
1.69705
1.71496
1.73345
1.75253
1.7719
1.7912
1.81052
1.82928
1.84738
1.86565
1.88428
1.90332
1.92194
1.94024
1.95814
1.97483
1.99174
2.00853
2.02581
2.04394
2.06704
2.08573
2.10562
2.09922
2.08171
2.04258
1.97225
1.86033
1.71578
1.54837
1.41513
1.35047
1.35553
)
;

boundaryField
{
    inlet
    {
        type            calculated;
        value           uniform 3.01265;
    }
    outlet
    {
        type            calculated;
        value           nonuniform List<scalar> 
40
(
0.97937
1.18142
1.30972
1.397
1.45107
1.48144
1.49634
1.50469
1.5118
1.52041
1.52881
1.53948
1.55359
1.5713
1.59065
1.61373
1.63936
1.66666
1.69456
1.72223
1.74938
1.77542
1.80022
1.82521
1.84964
1.87435
1.89988
1.92522
1.94986
1.97801
2.00777
2.0296
2.045
2.01751
1.96176
1.85685
1.67226
1.45663
1.3626
1.35553
)
;
    }
    bottom
    {
        type            symmetryPlane;
    }
    top
    {
        type            symmetryPlane;
    }
    obstacle
    {
        type            calculated;
        value           nonuniform List<scalar> 
110
(
0.0228416
0.0631401
0.104485
0.146999
0.191083
0.239546
0.294769
0.366167
0.453405
0.63069
0.840046
0.39627
0.338859
0.25193
0.360899
0.280204
0.399975
0.588009
0.724996
0.787505
0.801355
0.794505
0.791415
0.801781
0.853587
0.910908
0.953496
0.974635
0.980962
0.977735
0.974575
0.973291
0.976174
0.978889
0.983902
0.989291
0.996239
1.00116
1.00368
1.00468
1.0004
0.982428
0.963273
0.924699
0.87942
0.821043
0.761587
0.700639
0.631173
0.56818
0.512349
0.454174
0.396923
0.332478
0.271888
0.220199
0.174089
0.11173
0.0572515
0.00303907
0.0515606
0.0983164
0.142172
0.184363
0.224565
0.262381
0.298237
0.332057
0.363596
0.392954
0.420544
0.446662
0.471477
0.495124
0.517825
0.539809
0.561085
0.581548
0.600945
0.619595
0.637324
0.65439
0.670581
0.68627
0.701236
0.715839
0.72983
0.743527
0.756742
0.769768
0.782473
0.795053
0.80747
0.819744
0.831833
0.843753
0.855221
0.866476
0.87685
0.887013
0.896377
0.905675
0.914734
0.923788
0.932905
0.94208
0.951565
0.962
0.970722
0.97937
)
;
    }
    defaultFaces
    {
        type            empty;
    }
}


// ************************************************************************* //
