/*--------------------------------*- C++ -*----------------------------------*\
| =========                 |                                                 |
| \\      /  F ield         | OpenFOAM: The Open Source CFD Toolbox           |
|  \\    /   O peration     | Version:  v2106                                 |
|   \\  /    A nd           | Website:  www.openfoam.com                      |
|    \\/     M anipulation  |                                                 |
\*---------------------------------------------------------------------------*/
FoamFile
{
    version     2.0;
    format      ascii;
    arch        "LSB;label=32;scalar=64";
    class       volScalarField;
    location    "12";
    object      psi;
}
// * * * * * * * * * * * * * * * * * * * * * * * * * * * * * * * * * * * * * //

dimensions      [0 -2 2 0 0 0 0];

internalField   nonuniform List<scalar> 
5250
(
1.40845
1.40845
1.40845
1.40845
1.40845
1.40845
1.40845
1.40845
1.40843
1.40821
1.40624
1.38817
1.26409
0.929481
0.504107
0.533212
0.557407
0.557675
0.549776
0.551457
0.553556
0.558316
0.568061
0.583707
0.595188
1.40845
1.40845
1.40845
1.40845
1.40845
1.40845
1.40845
1.40845
1.40843
1.40821
1.40631
1.38873
1.26716
0.934682
0.506585
0.531545
0.558958
0.559432
0.55115
0.553653
0.55579
0.560011
0.569773
0.585147
0.596157
1.40845
1.40845
1.40845
1.40845
1.40845
1.40845
1.40845
1.40845
1.40843
1.40822
1.40641
1.38949
1.27188
0.947034
0.512372
0.530593
0.560693
0.563364
0.555382
0.557275
0.559498
0.564238
0.573698
0.588165
0.59866
1.40845
1.40845
1.40845
1.40845
1.40845
1.40845
1.40845
1.40845
1.40843
1.40824
1.40661
1.39143
1.28383
0.964964
0.520322
0.527973
0.563137
0.569012
0.561055
0.562818
0.564961
0.569512
0.57808
0.591241
0.601291
1.40845
1.40845
1.40845
1.40845
1.40845
1.40845
1.40845
1.40845
1.40843
1.40826
1.4068
1.39404
1.30134
0.99146
0.543636
0.525698
0.572137
0.579236
0.570299
0.572286
0.573548
0.57645
0.58363
0.595234
0.605042
1.40845
1.40845
1.40845
1.40845
1.40845
1.40845
1.40845
1.40845
1.40843
1.4083
1.40709
1.3965
1.31756
1.02917
0.603516
0.522273
0.592427
0.597731
0.585808
0.58633
0.585011
0.585691
0.590164
0.599661
0.609594
1.40845
1.40845
1.40845
1.40845
1.40845
1.40845
1.40845
1.40845
1.40844
1.40834
1.40743
1.39969
1.33878
1.08139
0.704382
0.509697
0.620381
0.626254
0.612412
0.608106
0.603168
0.59951
0.599833
0.606082
0.615873
1.40845
1.40845
1.40845
1.40845
1.40845
1.40845
1.40845
1.40845
1.40844
1.40837
1.40774
1.40234
1.35519
1.12875
0.749431
0.47849
0.608569
0.625932
0.616526
0.619157
0.617489
0.612389
0.611249
0.614126
0.626405
1.40845
1.40845
1.40845
1.40845
1.40845
1.40845
1.40845
1.40845
1.40844
1.4084
1.40796
1.4041
1.368
1.17361
0.801172
0.452452
0.575279
0.61159
0.611353
0.61782
0.622414
0.627099
0.627353
0.625832
0.643101
1.40845
1.40845
1.40845
1.40845
1.40845
1.40845
1.40845
1.40845
1.40845
1.40841
1.40807
1.40508
1.37803
1.21563
0.854193
0.457781
0.562488
0.587446
0.596327
0.609679
0.620501
0.630557
0.637731
0.640602
0.685092
1.40845
1.40845
1.40845
1.40845
1.40845
1.40845
1.40845
1.40845
1.40845
1.40842
1.40817
1.40604
1.38624
1.25493
0.915271
0.481426
0.555261
0.570328
0.582924
0.596912
0.613609
0.631635
0.654971
0.684567
0.781332
1.40845
1.40845
1.40845
1.40845
1.40845
1.40845
1.40845
1.40845
1.40845
1.40843
1.40823
1.4065
1.39184
1.29559
0.984408
0.520383
0.5424
0.580766
0.589693
0.592272
0.602872
0.625828
0.653291
0.684836
0.826198
1.40845
1.40845
1.40845
1.40845
1.40845
1.40845
1.40845
1.40845
1.40845
1.40844
1.40834
1.40739
1.39956
1.33604
1.06562
0.62536
0.527394
0.602912
0.602939
0.598753
0.602636
0.616408
0.647746
0.682566
0.814398
1.40845
1.40845
1.40845
1.40845
1.40845
1.40845
1.40845
1.40845
1.40845
1.40845
1.40839
1.40794
1.40389
1.36226
1.15109
0.769244
0.492012
0.614498
0.619241
0.610974
0.608016
0.617086
0.641348
0.67715
0.784358
1.40845
1.40845
1.40845
1.40845
1.40845
1.40845
1.40845
1.40845
1.40845
1.40845
1.40841
1.40806
1.40504
1.37783
1.21426
0.854792
0.481378
0.61323
0.625388
0.622706
0.618121
0.623498
0.642031
0.670969
0.742758
1.40845
1.40845
1.40845
1.40845
1.40845
1.40845
1.40845
1.40845
1.40845
1.40845
1.40843
1.40822
1.40641
1.38978
1.27473
0.944612
0.497581
0.58685
0.634216
0.640011
0.633952
0.634564
0.645249
0.667281
0.714091
1.40845
1.40845
1.40845
1.40845
1.40845
1.40845
1.40845
1.40845
1.40845
1.40845
1.40843
1.40831
1.40721
1.39775
1.32613
1.04605
0.544715
0.549858
0.630453
0.655593
0.6517
0.646895
0.652861
0.668936
0.702352
1.40845
1.40845
1.40845
1.40845
1.40845
1.40845
1.40845
1.40845
1.40845
1.40845
1.40844
1.40839
1.40785
1.40329
1.36306
1.15428
0.766859
0.500856
0.62619
0.650193
0.658646
0.659551
0.664381
0.675748
0.700663
1.40845
1.40845
1.40845
1.40845
1.40845
1.40845
1.40845
1.40845
1.40845
1.40845
1.40845
1.40841
1.4081
1.40546
1.38332
1.24895
0.901948
0.504697
0.607104
0.64321
0.668528
0.671596
0.676693
0.685376
0.703785
1.40845
1.40845
1.40845
1.40845
1.40845
1.40845
1.40845
1.40845
1.40845
1.40845
1.40845
1.40843
1.40836
1.40723
1.39825
1.32454
1.00774
0.548029
0.570654
0.648786
0.682615
0.685044
0.689022
0.696555
0.710532
1.40845
1.40845
1.40845
1.40845
1.40845
1.40845
1.40845
1.40845
1.40845
1.40845
1.40845
1.40844
1.40838
1.40782
1.4033
1.36735
1.1799
0.76128
0.513207
0.64415
0.662936
0.685947
0.694649
0.704013
0.717477
1.40845
1.40845
1.40845
1.40845
1.40845
1.40845
1.40845
1.40845
1.40845
1.40845
1.40845
1.40844
1.40836
1.4084
1.4065
1.3937
1.29193
0.901046
0.530796
0.603388
0.665761
0.693727
0.702657
0.712582
0.725051
1.40845
1.40845
1.40845
1.40845
1.40845
1.40845
1.40845
1.40845
1.40845
1.40845
1.40845
1.40845
1.40844
1.40833
1.40746
1.40046
1.34758
1.11118
0.613155
0.548089
0.658854
0.685654
0.704422
0.71714
0.730826
1.40845
1.40845
1.40845
1.40845
1.40845
1.40845
1.40845
1.40845
1.40845
1.40845
1.40845
1.40845
1.40844
1.40833
1.40837
1.40613
1.39183
1.27563
0.809332
0.51823
0.625067
0.673733
0.708733
0.721284
0.734735
1.40845
1.40845
1.40845
1.40845
1.40845
1.40845
1.40845
1.40845
1.40845
1.40845
1.40845
1.40845
1.40845
1.40843
1.40829
1.40712
1.3978
1.33069
1.06703
0.558255
0.574865
0.670451
0.703156
0.719888
0.73464
1.40845
1.40845
1.40845
1.40845
1.40845
1.40845
1.40845
1.40845
1.40845
1.40845
1.40845
1.40845
1.40845
1.40844
1.4083
1.40836
1.40555
1.38764
1.26073
0.762551
0.517422
0.637252
0.682199
0.71962
0.733748
1.40845
1.40845
1.40845
1.40845
1.40845
1.40845
1.40845
1.40845
1.40845
1.40845
1.40845
1.40845
1.40845
1.40845
1.40842
1.40825
1.40688
1.39631
1.32385
1.05338
0.560726
0.589679
0.685175
0.713239
0.731087
1.40845
1.40845
1.40845
1.40845
1.40845
1.40845
1.40845
1.40845
1.40845
1.40845
1.40845
1.40845
1.40845
1.40845
1.40844
1.40837
1.40783
1.40316
1.39288
1.27742
0.766474
0.525865
0.646622
0.694672
0.72888
1.40845
1.40845
1.40845
1.40845
1.40845
1.40845
1.40845
1.40845
1.40845
1.40845
1.40845
1.40845
1.40845
1.40845
1.40845
1.40843
1.40826
1.40693
1.39702
1.3273
1.05422
0.572383
0.596059
0.693106
0.717683
1.40845
1.40845
1.40845
1.40845
1.40845
1.40845
1.40845
1.40845
1.40845
1.40845
1.40845
1.40845
1.40845
1.40845
1.40845
1.40844
1.40835
1.40844
1.40629
1.39358
1.28765
0.797666
0.534924
0.646852
0.701946
1.40845
1.40845
1.40845
1.40845
1.40845
1.40845
1.40845
1.40845
1.40845
1.40845
1.40845
1.40845
1.40845
1.40845
1.40845
1.40845
1.40843
1.40831
1.40727
1.39912
1.33889
1.07186
0.585754
0.592508
0.693142
1.40845
1.40845
1.40845
1.40845
1.40845
1.40845
1.40845
1.40845
1.40845
1.40845
1.40845
1.40845
1.40845
1.40845
1.40845
1.40845
1.40845
1.40842
1.40821
1.40622
1.39239
1.28374
0.855685
0.557334
0.638828
1.40845
1.40845
1.40845
1.40845
1.40845
1.40845
1.40845
1.40845
1.40845
1.40845
1.40845
1.40845
1.40845
1.40845
1.40845
1.40845
1.40845
1.40844
1.40834
1.40751
1.40114
1.35219
1.11639
0.66689
0.584321
1.40845
1.40845
1.40845
1.40845
1.40845
1.40845
1.40845
1.40845
1.40845
1.40845
1.40845
1.40845
1.40845
1.40845
1.40845
1.40845
1.40845
1.40845
1.40841
1.40822
1.40662
1.39553
1.30658
0.949657
0.594769
1.40845
1.40845
1.40845
1.40845
1.40845
1.40845
1.40845
1.40845
1.40845
1.40845
1.40845
1.40845
1.40845
1.40845
1.40845
1.40845
1.40845
1.40845
1.40844
1.40835
1.4077
1.40301
1.36901
1.18735
0.7987
1.40845
1.40845
1.40845
1.40845
1.40845
1.40845
1.40845
1.40845
1.40845
1.40845
1.40845
1.40845
1.40845
1.40845
1.40845
1.40845
1.40845
1.40845
1.40845
1.40842
1.40843
1.40772
1.40018
1.34022
1.06968
1.40845
1.40845
1.40845
1.40845
1.40845
1.40845
1.40845
1.40845
1.40845
1.40845
1.40845
1.40845
1.40845
1.40845
1.40845
1.40845
1.40845
1.40845
1.40845
1.40845
1.40847
1.40904
1.40753
1.39151
1.29232
1.40845
1.40845
1.40845
1.40845
1.40845
1.40845
1.40845
1.40845
1.40845
1.40845
1.40845
1.40845
1.40845
1.40845
1.40845
1.40845
1.40845
1.40845
1.40845
1.40845
1.40844
1.40839
1.40792
1.40407
1.37982
1.40845
1.40845
1.40845
1.40845
1.40845
1.40845
1.40845
1.40845
1.40845
1.40845
1.40845
1.40845
1.40845
1.40845
1.40845
1.40845
1.40845
1.40845
1.40845
1.40845
1.40845
1.40844
1.40832
1.40737
1.40064
1.40845
1.40845
1.40845
1.40845
1.40845
1.40845
1.40845
1.40845
1.40845
1.40845
1.40845
1.40845
1.40845
1.40845
1.40845
1.40845
1.40845
1.40845
1.40845
1.40845
1.40845
1.40845
1.40841
1.40816
1.40645
1.40845
1.40845
1.40845
1.40845
1.40845
1.40845
1.40845
1.40845
1.40845
1.40845
1.40845
1.40845
1.40845
1.40845
1.40845
1.40845
1.40845
1.40845
1.40845
1.40845
1.40845
1.40845
1.40845
1.40844
1.40881
1.40845
1.40845
1.40845
1.40845
1.40845
1.40845
1.40845
1.40845
1.40845
1.40845
1.40845
1.40845
1.40845
1.40845
1.40845
1.40845
1.40845
1.40845
1.40845
1.40845
1.40845
1.40845
1.40845
1.40843
1.40833
1.40845
1.40845
1.40845
1.40845
1.40845
1.40845
1.40845
1.40845
1.40845
1.40845
1.40845
1.40845
1.40845
1.40845
1.40845
1.40845
1.40845
1.40845
1.40845
1.40845
1.40845
1.40845
1.40845
1.40845
1.40843
1.40845
1.40845
1.40845
1.40845
1.40845
1.40845
1.40845
1.40845
1.40845
1.40845
1.40845
1.40845
1.40845
1.40845
1.40845
1.40845
1.40845
1.40845
1.40845
1.40845
1.40845
1.40845
1.40845
1.40845
1.40845
1.40845
1.40845
1.40845
1.40845
1.40845
1.40845
1.40845
1.40845
1.40845
1.40845
1.40845
1.40845
1.40845
1.40845
1.40845
1.40845
1.40845
1.40845
1.40845
1.40845
1.40845
1.40845
1.40845
1.40845
1.40845
1.40845
1.40845
1.40845
1.40845
1.40845
1.40845
1.40845
1.40845
1.40845
1.40845
1.40845
1.40845
1.40845
1.40845
1.40845
1.40845
1.40845
1.40845
1.40845
1.40845
1.40845
1.40845
1.40845
1.40845
1.40845
1.40845
1.40845
1.40845
1.40845
1.40845
1.40845
1.40845
1.40845
1.40845
1.40845
1.40845
1.40845
1.40845
1.40845
1.40845
1.40845
1.40845
1.40845
1.40845
1.40845
1.40845
1.40845
1.40845
1.40845
1.40845
1.40845
1.40845
1.40845
1.40845
1.40845
1.40845
1.40845
1.40845
1.40845
1.40845
1.40845
1.40845
1.40845
1.40845
1.40845
1.40845
1.40845
1.40845
1.40845
1.40845
1.40845
1.40845
1.40845
1.40845
1.40845
1.40845
1.40845
1.40845
1.40845
1.40845
1.40845
1.40845
1.40845
1.40845
1.40845
1.40845
1.40845
1.40845
1.40845
1.40845
1.40845
1.40845
1.40845
1.40845
1.40845
1.40845
1.40845
1.40845
1.40845
1.40845
1.40845
1.40845
1.40845
1.40845
1.40845
1.40845
1.40845
1.40845
1.40845
1.40845
1.40845
1.40845
1.40845
1.40845
1.40845
1.40845
1.40845
1.40845
1.40845
1.40845
1.40845
1.40845
1.40845
1.40845
1.40845
0.704585
0.630517
0.522073
0.530348
0.535751
0.52573
0.517825
0.515521
0.557084
0.574298
0.576915
0.575525
0.574334
0.571941
0.567168
0.583089
0.599093
0.607306
0.609283
0.61004
0.607649
0.606817
0.606414
0.606754
0.60685
0.608162
0.610125
0.612108
0.613427
0.613657
0.614175
0.616221
0.614429
0.613092
0.608912
0.600255
0.590258
0.579286
0.569326
0.557268
0.549229
0.541728
0.534767
0.529063
0.524075
0.521288
0.518492
0.516561
0.515153
0.514176
0.514437
0.51597
0.518003
0.520687
0.522827
0.525294
0.528109
0.531126
0.533994
0.536813
0.539521
0.542243
0.544861
0.547481
0.550098
0.552713
0.555407
0.558027
0.560431
0.562811
0.565139
0.567357
0.569595
0.571751
0.573931
0.576004
0.578084
0.58013
0.582208
0.584301
0.586444
0.588587
0.590768
0.592877
0.595003
0.596981
0.598957
0.600697
0.602455
0.604048
0.605712
0.607329
0.609005
0.610699
0.612429
0.614252
0.616115
0.619185
0.619263
0.617714
0.696772
0.646854
0.603408
0.551456
0.535632
0.520146
0.498994
0.471366
0.505518
0.519873
0.521608
0.51187
0.508903
0.504774
0.502829
0.516888
0.525324
0.530202
0.530043
0.529332
0.528704
0.527553
0.5271
0.527202
0.527519
0.527774
0.527214
0.530024
0.531832
0.531969
0.532072
0.533223
0.532369
0.530243
0.528284
0.525816
0.517478
0.510486
0.505897
0.502269
0.500685
0.498168
0.500246
0.48568
0.490672
0.495841
0.496992
0.500936
0.506599
0.512669
0.520005
0.527223
0.532815
0.538967
0.544606
0.550632
0.55655
0.562554
0.568285
0.573131
0.577403
0.581814
0.58645
0.590831
0.59485
0.598488
0.602045
0.605699
0.609345
0.612852
0.616236
0.619237
0.622149
0.624971
0.627848
0.630615
0.633325
0.635809
0.638238
0.640613
0.643025
0.645469
0.647983
0.650539
0.653169
0.655604
0.657989
0.659981
0.66191
0.663592
0.665314
0.666983
0.668699
0.67044
0.672215
0.674071
0.676064
0.679302
0.679594
0.677698
0.771045
0.712521
0.668873
0.604393
0.572001
0.553522
0.542977
0.516131
0.489677
0.486739
0.482212
0.486132
0.494042
0.489486
0.480446
0.471206
0.488238
0.496193
0.497328
0.497997
0.494288
0.492381
0.491462
0.491717
0.492981
0.493453
0.494125
0.494686
0.495498
0.495195
0.494777
0.49705
0.496052
0.49366
0.491644
0.486805
0.482731
0.481775
0.465465
0.471124
0.477712
0.482382
0.491251
0.501288
0.514506
0.529714
0.540056
0.551441
0.562139
0.571713
0.582369
0.591463
0.597255
0.603121
0.608799
0.613982
0.619402
0.624603
0.629769
0.634609
0.638669
0.642613
0.646695
0.650688
0.654515
0.65823
0.66202
0.665573
0.6689
0.671947
0.675042
0.677872
0.680619
0.683347
0.686125
0.68888
0.691679
0.694297
0.69687
0.699344
0.701834
0.70432
0.706848
0.709375
0.711946
0.714363
0.716758
0.718835
0.72073
0.722574
0.724479
0.726427
0.728442
0.730516
0.732647
0.734843
0.737183
0.74074
0.741528
0.73926
0.824061
0.796059
0.761899
0.703718
0.64403
0.601272
0.59642
0.584255
0.554917
0.525101
0.509506
0.497058
0.497563
0.501128
0.502595
0.489518
0.483943
0.482404
0.480547
0.481441
0.483124
0.489259
0.497162
0.49593
0.49522
0.494812
0.493362
0.492908
0.496242
0.497131
0.495672
0.495612
0.492426
0.48839
0.477667
0.468099
0.467657
0.472138
0.484539
0.502411
0.526303
0.54427
0.564812
0.57821
0.591148
0.603278
0.611671
0.618542
0.626717
0.632396
0.640637
0.645083
0.649798
0.655798
0.660017
0.6644
0.66801
0.671562
0.675454
0.679986
0.683873
0.68662
0.689573
0.693011
0.696935
0.70068
0.703766
0.706438
0.70923
0.712224
0.715453
0.718643
0.721362
0.723812
0.72622
0.728631
0.731082
0.733606
0.736237
0.738901
0.741478
0.743973
0.746473
0.748928
0.751407
0.753798
0.756187
0.75826
0.760153
0.762046
0.763952
0.76589
0.76785
0.769844
0.771905
0.774051
0.776421
0.77975
0.781622
0.779254
0.81377
0.823363
0.810821
0.776206
0.735188
0.687232
0.66256
0.67394
0.645621
0.607808
0.5774
0.549533
0.529149
0.52643
0.527662
0.525609
0.517742
0.508387
0.500373
0.493665
0.490122
0.490768
0.492735
0.494362
0.495059
0.496386
0.496479
0.496205
0.496158
0.497564
0.498431
0.494952
0.490811
0.486165
0.487828
0.496812
0.511161
0.532221
0.562147
0.580332
0.603808
0.616651
0.630884
0.644286
0.65988
0.668045
0.672723
0.674201
0.676315
0.678885
0.684002
0.685875
0.690479
0.69419
0.695968
0.6984
0.701519
0.705014
0.70801
0.710303
0.713135
0.716193
0.719708
0.723749
0.726848
0.729114
0.731355
0.733906
0.73684
0.739989
0.743099
0.74601
0.748454
0.750822
0.75321
0.755641
0.758139
0.76071
0.763231
0.765699
0.768165
0.770628
0.773091
0.775502
0.77793
0.78027
0.782665
0.784647
0.786429
0.788268
0.790157
0.792105
0.794099
0.796149
0.798265
0.800466
0.802876
0.806095
0.808343
0.805652
0.783372
0.819093
0.822059
0.806369
0.786955
0.762325
0.73654
0.75015
0.722423
0.681685
0.650382
0.624172
0.596845
0.582125
0.579154
0.573868
0.563128
0.550135
0.539616
0.52866
0.519081
0.513216
0.50907
0.506646
0.503744
0.502879
0.503026
0.502951
0.501646
0.499832
0.499773
0.498461
0.499919
0.505469
0.520581
0.547427
0.584121
0.616427
0.64668
0.662258
0.679792
0.683526
0.690332
0.702021
0.70994
0.713491
0.713061
0.714549
0.715054
0.713391
0.712926
0.71406
0.717312
0.720348
0.721893
0.723688
0.725653
0.727288
0.729215
0.731624
0.735363
0.73849
0.740229
0.742408
0.74495
0.747685
0.750826
0.753907
0.756502
0.759071
0.761618
0.764199
0.766674
0.769197
0.771786
0.774249
0.776636
0.77903
0.78145
0.783932
0.786505
0.789173
0.791746
0.794082
0.79625
0.798394
0.800555
0.802308
0.80401
0.805824
0.807752
0.809812
0.811985
0.814238
0.816497
0.818783
0.821202
0.824265
0.826707
0.823798
0.748103
0.79899
0.817522
0.8205
0.814401
0.80784
0.797716
0.810661
0.810176
0.785819
0.749954
0.721518
0.69362
0.672616
0.653217
0.646058
0.632734
0.616348
0.599261
0.586077
0.571323
0.560372
0.550167
0.542303
0.533569
0.528645
0.522765
0.520317
0.516682
0.511033
0.510645
0.512405
0.520078
0.540162
0.578287
0.633541
0.675799
0.719283
0.737292
0.756294
0.759951
0.757501
0.755338
0.750838
0.74163
0.729315
0.732527
0.739093
0.740344
0.740551
0.739747
0.734751
0.734718
0.735815
0.73881
0.742253
0.741983
0.742893
0.744504
0.746537
0.748156
0.750228
0.752506
0.755119
0.758063
0.760457
0.762831
0.76549
0.768349
0.771171
0.773618
0.775941
0.778263
0.780489
0.78277
0.78516
0.787651
0.790213
0.792808
0.795419
0.797919
0.800396
0.802741
0.80497
0.807184
0.809417
0.811662
0.813853
0.81585
0.817882
0.819945
0.822028
0.824124
0.82625
0.828419
0.830668
0.833125
0.836139
0.83917
0.836279
0.732596
0.771394
0.80168
0.817006
0.815704
0.818957
0.82367
0.835076
0.851481
0.846724
0.824353
0.797442
0.773805
0.751359
0.733075
0.733809
0.727254
0.711664
0.690203
0.671559
0.648245
0.633665
0.617111
0.605348
0.591467
0.580627
0.567531
0.558188
0.545185
0.538913
0.531474
0.543987
0.568419
0.609234
0.675871
0.726898
0.75853
0.793878
0.809604
0.82815
0.829047
0.830426
0.828523
0.821911
0.808369
0.791164
0.771256
0.742852
0.744963
0.754035
0.754695
0.754408
0.753425
0.748856
0.751617
0.751583
0.751879
0.753024
0.755177
0.754842
0.755515
0.757413
0.760445
0.763475
0.765661
0.767635
0.769966
0.772744
0.775862
0.778159
0.780276
0.782437
0.784675
0.787041
0.789546
0.791964
0.794354
0.796779
0.799244
0.801759
0.804212
0.806643
0.808961
0.811263
0.813594
0.815987
0.818472
0.82092
0.823004
0.82506
0.82715
0.829283
0.831467
0.833724
0.836066
0.838526
0.841207
0.844468
0.847673
0.844661
0.728744
0.752663
0.778923
0.799872
0.811582
0.817573
0.825184
0.838856
0.856443
0.873077
0.869626
0.85617
0.837566
0.823548
0.808082
0.80496
0.804487
0.795511
0.778248
0.757544
0.740248
0.720867
0.704789
0.689677
0.674172
0.65862
0.641609
0.625113
0.597346
0.573935
0.575809
0.598871
0.636494
0.695227
0.767189
0.798594
0.817522
0.839612
0.853962
0.869594
0.878671
0.885569
0.886356
0.880672
0.870056
0.854917
0.833999
0.809315
0.780109
0.73855
0.746706
0.764996
0.763577
0.763198
0.762365
0.757152
0.757187
0.758222
0.759042
0.761135
0.763077
0.764214
0.765529
0.76695
0.769491
0.772022
0.774885
0.777506
0.779468
0.781513
0.783715
0.786067
0.788534
0.7908
0.793034
0.795337
0.79776
0.800314
0.802832
0.805201
0.807504
0.809806
0.812036
0.814293
0.816629
0.819059
0.821584
0.824088
0.826269
0.82843
0.830636
0.832891
0.835194
0.837558
0.83999
0.842516
0.845236
0.84847
0.85183
0.848822
0.730902
0.749349
0.770108
0.782318
0.800788
0.809259
0.820762
0.836451
0.855334
0.872937
0.890121
0.886084
0.876242
0.869651
0.862951
0.854962
0.859617
0.863894
0.856175
0.840566
0.823492
0.808687
0.794095
0.779261
0.764708
0.749604
0.729873
0.70805
0.663322
0.609467
0.633167
0.663264
0.705635
0.769657
0.812248
0.838465
0.856223
0.873608
0.888427
0.901274
0.906139
0.912713
0.916662
0.914625
0.911881
0.903964
0.89124
0.872354
0.844431
0.810394
0.7741
0.736178
0.748356
0.76468
0.771827
0.770498
0.767496
0.764611
0.76502
0.765722
0.766848
0.767907
0.769675
0.771202
0.773963
0.777896
0.779507
0.780904
0.782552
0.784561
0.786876
0.789284
0.791541
0.793772
0.796126
0.798666
0.801372
0.804003
0.806257
0.808469
0.810681
0.81291
0.815176
0.817463
0.81973
0.822014
0.824344
0.82656
0.828621
0.830714
0.832883
0.835139
0.837482
0.83992
0.84246
0.845122
0.847996
0.8514
0.85501
0.851996
0.735399
0.750626
0.766048
0.776888
0.789231
0.798636
0.812034
0.828095
0.84697
0.86754
0.887104
0.894763
0.892172
0.887058
0.882924
0.88273
0.886635
0.895265
0.894801
0.888109
0.876744
0.864972
0.85537
0.84511
0.832983
0.817082
0.793127
0.753084
0.675684
0.647697
0.676747
0.705685
0.75123
0.797623
0.820562
0.845695
0.868817
0.889132
0.904655
0.917109
0.923451
0.928307
0.929652
0.931162
0.933267
0.931903
0.927776
0.918063
0.901414
0.87855
0.846079
0.804073
0.743902
0.747074
0.771056
0.771464
0.775648
0.77565
0.774444
0.771864
0.772601
0.773656
0.775766
0.777753
0.779478
0.782066
0.784962
0.786674
0.788385
0.790007
0.792
0.794337
0.797031
0.799652
0.802
0.804237
0.806524
0.80889
0.811259
0.813532
0.815746
0.817979
0.820155
0.82232
0.824499
0.826691
0.82893
0.831105
0.833257
0.83546
0.837734
0.840078
0.842476
0.844913
0.847404
0.849986
0.852769
0.856115
0.859718
0.856592
0.741335
0.755636
0.767914
0.778177
0.785539
0.794334
0.803842
0.816873
0.834821
0.856832
0.875513
0.894578
0.897235
0.893639
0.892791
0.895336
0.900553
0.905049
0.913563
0.916698
0.914339
0.908023
0.899332
0.891073
0.879487
0.859553
0.823581
0.756723
0.65308
0.685866
0.709363
0.739537
0.782736
0.802259
0.823266
0.843219
0.862494
0.882652
0.896215
0.909075
0.922793
0.932085
0.940961
0.943048
0.943307
0.942247
0.941798
0.941845
0.936973
0.927403
0.907996
0.878822
0.840935
0.795481
0.743375
0.756808
0.772535
0.79044
0.787314
0.787107
0.783207
0.784565
0.786279
0.788651
0.7903
0.79173
0.793029
0.794699
0.796353
0.798524
0.801534
0.804178
0.806347
0.808458
0.810648
0.813073
0.815828
0.817921
0.819917
0.821955
0.824019
0.82615
0.828385
0.830674
0.832834
0.834965
0.837125
0.839308
0.841458
0.843662
0.84592
0.848207
0.85045
0.852694
0.854971
0.857324
0.859891
0.863065
0.866494
0.863109
0.746026
0.761224
0.771747
0.780523
0.786902
0.794666
0.801187
0.811236
0.825671
0.842721
0.860865
0.881714
0.894937
0.896041
0.897941
0.900437
0.904611
0.91101
0.919196
0.922487
0.929985
0.932133
0.925296
0.918331
0.903934
0.872452
0.811715
0.716437
0.679615
0.711828
0.73333
0.758546
0.781509
0.801094
0.81907
0.835367
0.85246
0.865284
0.878553
0.892325
0.903875
0.913489
0.924317
0.935155
0.94547
0.949568
0.950747
0.951146
0.950324
0.951169
0.945999
0.936533
0.914477
0.879445
0.834222
0.764231
0.757948
0.779928
0.784634
0.796493
0.794817
0.794131
0.792787
0.792939
0.793823
0.796737
0.798223
0.799844
0.801813
0.804197
0.806832
0.80924
0.811251
0.81351
0.816053
0.818593
0.82128
0.823149
0.825007
0.826998
0.829175
0.831569
0.834097
0.836559
0.838886
0.84114
0.843345
0.845539
0.847748
0.850011
0.852334
0.854723
0.857141
0.859575
0.862052
0.86461
0.867376
0.870735
0.874395
0.870812
0.749085
0.764981
0.776282
0.784732
0.791796
0.797808
0.802854
0.810652
0.820351
0.832897
0.850075
0.865672
0.882855
0.893094
0.896881
0.899206
0.904842
0.909885
0.914644
0.920749
0.935728
0.940169
0.931155
0.922294
0.897834
0.847155
0.764498
0.677727
0.712008
0.725683
0.741609
0.759947
0.775997
0.792063
0.806948
0.821483
0.836087
0.849138
0.862884
0.875179
0.886514
0.898775
0.912741
0.922071
0.929766
0.939947
0.949442
0.958981
0.960549
0.961018
0.963848
0.966298
0.95891
0.94457
0.913582
0.869326
0.819214
0.7513
0.765655
0.782822
0.803646
0.80437
0.803145
0.80078
0.800821
0.801
0.802009
0.805129
0.809141
0.810421
0.811743
0.813389
0.815685
0.818474
0.821767
0.824567
0.826862
0.829089
0.830994
0.832831
0.834721
0.836714
0.838813
0.841035
0.843356
0.845736
0.848208
0.850559
0.852776
0.855042
0.857364
0.859778
0.862288
0.864893
0.867607
0.870429
0.873466
0.877097
0.881178
0.877554
0.750415
0.767079
0.780855
0.787912
0.79588
0.803334
0.807154
0.812154
0.819575
0.829849
0.843214
0.857865
0.868436
0.884535
0.893553
0.896942
0.901459
0.905863
0.910722
0.917775
0.935199
0.934436
0.926855
0.911544
0.868559
0.793911
0.678558
0.701788
0.730911
0.73959
0.749297
0.759799
0.771225
0.783689
0.797307
0.811562
0.823945
0.836392
0.849453
0.861011
0.873004
0.886431
0.897481
0.906582
0.918251
0.930286
0.940152
0.950502
0.96179
0.972067
0.97807
0.976855
0.975822
0.976449
0.965641
0.940352
0.904205
0.85219
0.79248
0.763003
0.781021
0.790575
0.812913
0.811141
0.808285
0.804238
0.804307
0.805287
0.8097
0.813173
0.814043
0.815513
0.817563
0.820427
0.82378
0.827526
0.829208
0.830723
0.832349
0.834052
0.83583
0.837754
0.839821
0.842006
0.844369
0.846924
0.849621
0.852265
0.854736
0.857243
0.8598
0.862428
0.865122
0.86787
0.870706
0.873625
0.876743
0.880462
0.884738
0.881004
0.749585
0.766238
0.783566
0.790254
0.797275
0.806538
0.811101
0.815234
0.821507
0.830387
0.840857
0.854207
0.863881
0.874529
0.888869
0.89274
0.895011
0.900246
0.907083
0.914906
0.924413
0.920046
0.912096
0.881227
0.814838
0.69754
0.706579
0.737205
0.740204
0.745319
0.751326
0.758379
0.766963
0.776976
0.788405
0.801036
0.813059
0.825426
0.838055
0.849786
0.862855
0.874517
0.884795
0.897013
0.909531
0.919809
0.931698
0.941884
0.952685
0.959918
0.967797
0.978033
0.985185
0.990302
0.984603
0.97702
0.962363
0.930787
0.888888
0.838874
0.765661
0.772798
0.79404
0.804575
0.819035
0.816631
0.814571
0.812677
0.813012
0.814491
0.817668
0.821176
0.823061
0.825066
0.827302
0.830103
0.832943
0.833882
0.834851
0.836052
0.837431
0.83911
0.84118
0.843529
0.846023
0.848664
0.851479
0.854291
0.857024
0.85968
0.862356
0.865061
0.86783
0.870626
0.873499
0.876451
0.879627
0.883444
0.887918
0.883995
0.747834
0.765351
0.783828
0.792406
0.79791
0.807665
0.814285
0.817941
0.824074
0.831888
0.841524
0.853035
0.863385
0.870507
0.883265
0.894557
0.894442
0.897358
0.904576
0.909519
0.906703
0.902156
0.878507
0.823389
0.721347
0.710229
0.737279
0.740827
0.744736
0.748342
0.752423
0.757692
0.764422
0.772908
0.782524
0.793226
0.804869
0.817292
0.829083
0.841577
0.854517
0.864312
0.876153
0.889169
0.899723
0.912001
0.923414
0.932288
0.940249
0.948284
0.95814
0.968309
0.978568
0.988488
0.993127
0.988269
0.989203
0.979659
0.959808
0.921677
0.873315
0.82503
0.770332
0.784383
0.799848
0.82724
0.826859
0.822975
0.8182
0.818952
0.81963
0.821708
0.825466
0.829823
0.832057
0.834472
0.83654
0.837858
0.839162
0.840589
0.842115
0.843686
0.84531
0.847217
0.849514
0.852137
0.855065
0.857915
0.860563
0.863167
0.865787
0.868451
0.871222
0.874058
0.876991
0.880024
0.883284
0.887181
0.891754
0.88765
0.744792
0.762395
0.781512
0.792292
0.796606
0.805972
0.815709
0.818589
0.823994
0.83167
0.841622
0.852962
0.863447
0.871315
0.882035
0.894578
0.896089
0.902432
0.90028
0.897973
0.893726
0.873359
0.825126
0.741954
0.704617
0.732185
0.737698
0.745929
0.747868
0.750144
0.752929
0.756998
0.762739
0.770262
0.779328
0.789072
0.799865
0.811296
0.822747
0.835141
0.845414
0.856207
0.868437
0.879481
0.891565
0.902249
0.91101
0.920069
0.928539
0.938904
0.950369
0.960608
0.970027
0.980173
0.994099
0.997795
1.00063
0.995492
0.992636
0.976654
0.951757
0.915714
0.864725
0.794961
0.789103
0.812602
0.816103
0.833211
0.832134
0.827973
0.825206
0.825178
0.826478
0.829767
0.836771
0.838993
0.839064
0.839889
0.841011
0.842498
0.844586
0.847355
0.849495
0.851563
0.853785
0.85637
0.859395
0.86261
0.865295
0.867718
0.870194
0.872786
0.875522
0.87837
0.881306
0.884316
0.887544
0.891443
0.896048
0.891751
0.737661
0.758183
0.778778
0.793456
0.796587
0.803377
0.81637
0.819534
0.823293
0.830756
0.841154
0.852688
0.862476
0.871892
0.882614
0.892729
0.903742
0.901317
0.895395
0.888345
0.870394
0.826157
0.756891
0.697989
0.726728
0.734341
0.748237
0.749169
0.750304
0.752533
0.755719
0.759892
0.765158
0.771389
0.779061
0.788007
0.797849
0.808714
0.819482
0.830811
0.840479
0.851172
0.862715
0.873454
0.88542
0.893509
0.902737
0.912775
0.922716
0.933604
0.943377
0.953031
0.963578
0.97453
0.984585
0.995216
1.00333
1.00115
1.00354
1.00139
0.99463
0.978649
0.948336
0.903814
0.858544
0.78582
0.791326
0.808793
0.820837
0.837585
0.836173
0.833427
0.830178
0.831252
0.833875
0.83969
0.843429
0.842758
0.842779
0.843568
0.845163
0.847596
0.850728
0.853648
0.856218
0.858943
0.861994
0.865104
0.868129
0.870733
0.873235
0.875862
0.878629
0.881594
0.884785
0.888237
0.89198
0.896345
0.901285
0.896756
0.735613
0.752089
0.771679
0.790461
0.797651
0.802259
0.81454
0.821533
0.823148
0.829381
0.839243
0.851856
0.85988
0.868298
0.87953
0.89431
0.9057
0.897597
0.887959
0.872043
0.830513
0.761298
0.688613
0.716973
0.728264
0.746618
0.74981
0.751403
0.754135
0.757602
0.761376
0.765301
0.769562
0.7746
0.780636
0.788153
0.796761
0.806457
0.816765
0.827136
0.837722
0.8487
0.858614
0.868377
0.87753
0.887767
0.898449
0.908651
0.919508
0.927242
0.936395
0.946829
0.959033
0.967712
0.977039
0.98376
0.990311
0.998629
1.00954
1.01245
1.00916
1.00708
0.998465
0.978199
0.942988
0.889469
0.829672
0.791742
0.814576
0.823283
0.843564
0.842751
0.83908
0.837151
0.837498
0.8397
0.842734
0.8461
0.847511
0.847865
0.8489
0.850502
0.852934
0.855803
0.85877
0.861772
0.865043
0.868182
0.870835
0.873326
0.875814
0.878434
0.881225
0.884334
0.887696
0.89132
0.895216
0.899723
0.904861
0.900248
0.713699
0.744347
0.764965
0.786448
0.799843
0.80251
0.811661
0.822285
0.823825
0.828619
0.837042
0.849257
0.858889
0.864072
0.874002
0.893046
0.895697
0.887917
0.876154
0.83983
0.773366
0.679972
0.705153
0.721494
0.743591
0.749511
0.751567
0.754691
0.758226
0.761941
0.765837
0.769454
0.773206
0.777399
0.782318
0.788282
0.795372
0.803477
0.812593
0.822195
0.832834
0.842743
0.852521
0.86278
0.872439
0.882897
0.892604
0.901909
0.911161
0.92098
0.930504
0.940829
0.950691
0.961734
0.96838
0.976069
0.983807
0.991687
1.00006
1.00997
1.01184
1.0126
1.01737
1.01462
0.998244
0.968524
0.928736
0.87685
0.800288
0.803893
0.824724
0.832027
0.849315
0.848038
0.842231
0.841978
0.843211
0.8452
0.847735
0.851371
0.853671
0.855619
0.857762
0.860135
0.862722
0.86564
0.869103
0.873116
0.875226
0.877398
0.879695
0.882144
0.884801
0.887884
0.891301
0.894959
0.898859
0.903394
0.90862
0.903912
0.716557
0.739389
0.757523
0.776119
0.796202
0.803051
0.811091
0.822818
0.825868
0.828395
0.834746
0.845491
0.858316
0.863137
0.870379
0.883476
0.880991
0.874032
0.844729
0.784629
0.686408
0.698882
0.716956
0.740502
0.747581
0.750276
0.753837
0.757721
0.761526
0.76523
0.768727
0.772373
0.775887
0.779607
0.783771
0.78863
0.794565
0.801607
0.809746
0.818555
0.828178
0.837695
0.847796
0.857839
0.867916
0.87718
0.886507
0.896016
0.905183
0.914759
0.924572
0.934523
0.944218
0.953892
0.963403
0.972344
0.977685
0.98446
0.991389
0.998753
1.00684
1.01586
1.02314
1.02926
1.0244
1.01531
0.99849
0.961711
0.909506
0.859596
0.798342
0.811749
0.826914
0.84507
0.856977
0.855342
0.85037
0.850478
0.851554
0.853269
0.855942
0.859289
0.862538
0.865177
0.8677
0.870502
0.873705
0.877509
0.881057
0.882987
0.884937
0.88708
0.8895
0.892422
0.895742
0.899341
0.903165
0.90759
0.912673
0.90786
0.68976
0.721803
0.754201
0.769098
0.788038
0.800611
0.808642
0.82237
0.8262
0.827956
0.83343
0.842401
0.855641
0.863034
0.866728
0.866225
0.862312
0.841053
0.788472
0.692151
0.694986
0.712149
0.735945
0.742198
0.744911
0.748688
0.753063
0.757893
0.761838
0.765902
0.769754
0.773572
0.777464
0.781367
0.785522
0.790096
0.795362
0.801435
0.80852
0.816428
0.825015
0.834165
0.843711
0.853427
0.862826
0.872351
0.881535
0.890306
0.899434
0.908064
0.917453
0.927057
0.938095
0.946423
0.956011
0.962831
0.969842
0.978677
0.984584
0.992079
0.999902
1.00741
1.01663
1.0318
1.03424
1.0317
1.02989
1.01672
0.992313
0.948644
0.889406
0.809808
0.812861
0.836316
0.84366
0.86416
0.864687
0.86223
0.858747
0.858718
0.85928
0.860837
0.864316
0.867945
0.870945
0.874321
0.878387
0.882461
0.885099
0.886984
0.888968
0.891162
0.893694
0.896828
0.900435
0.904136
0.907966
0.912418
0.917688
0.912643
0.63218
0.722514
0.738783
0.764587
0.777977
0.793653
0.80275
0.817675
0.826944
0.827357
0.830748
0.839173
0.854784
0.859727
0.856219
0.84893
0.82986
0.783864
0.700508
0.685451
0.703471
0.728259
0.734668
0.737436
0.741683
0.7465
0.751646
0.756917
0.761684
0.766524
0.771552
0.775993
0.780111
0.784277
0.788482
0.792881
0.797688
0.803044
0.809115
0.815876
0.823372
0.83144
0.840071
0.849059
0.858267
0.867251
0.875955
0.884733
0.893395
0.902325
0.911341
0.92104
0.931236
0.941881
0.948865
0.95636
0.965019
0.972959
0.97922
0.986294
0.994222
1.00383
1.01591
1.02665
1.04028
1.04177
1.04139
1.03997
1.03329
1.00978
0.974106
0.929541
0.878362
0.812278
0.824961
0.842932
0.856811
0.87343
0.872023
0.867599
0.866485
0.866571
0.867652
0.870528
0.874737
0.880033
0.884054
0.886544
0.888804
0.891149
0.893541
0.895604
0.898118
0.901223
0.905069
0.909025
0.912943
0.91728
0.9228
0.917795
0.579729
0.674713
0.734105
0.759301
0.778947
0.790061
0.801625
0.813662
0.8273
0.827894
0.829201
0.836209
0.849145
0.848381
0.841127
0.821178
0.776379
0.702218
0.677915
0.696909
0.721082
0.730147
0.732308
0.736466
0.741402
0.746689
0.752284
0.757656
0.762888
0.768051
0.77322
0.778236
0.782405
0.786543
0.790705
0.795008
0.799572
0.804456
0.809812
0.815715
0.82226
0.829419
0.837161
0.845345
0.853949
0.862331
0.87081
0.879296
0.887882
0.896726
0.905842
0.915494
0.925225
0.935786
0.944134
0.951257
0.958849
0.963982
0.971155
0.979417
0.988093
0.998367
1.00961
1.01959
1.02731
1.03483
1.04486
1.04374
1.0426
1.04079
1.02835
1.00461
0.965084
0.913775
0.841361
0.833888
0.855165
0.860392
0.873912
0.880172
0.878734
0.873979
0.873656
0.875038
0.87839
0.883469
0.890693
0.892877
0.894269
0.896331
0.898724
0.90146
0.904001
0.906858
0.910541
0.91431
0.918139
0.922628
0.928619
0.923667
0.613227
0.616226
0.710231
0.741996
0.779752
0.788558
0.797494
0.809131
0.824386
0.83066
0.830519
0.835074
0.835444
0.831561
0.814032
0.769238
0.696455
0.669197
0.689579
0.7133
0.726032
0.72805
0.731966
0.736751
0.741927
0.747416
0.752665
0.758006
0.763438
0.768952
0.774445
0.779915
0.784478
0.788352
0.792319
0.796423
0.800761
0.805351
0.810284
0.815672
0.821595
0.828146
0.835218
0.842721
0.850515
0.85854
0.866702
0.875058
0.88363
0.892638
0.902007
0.911957
0.922064
0.932502
0.940658
0.948738
0.955358
0.961525
0.968917
0.977791
0.986411
0.994827
1.00384
1.01329
1.02312
1.0307
1.03872
1.04996
1.05081
1.0501
1.04714
1.04013
1.02323
0.994193
0.950769
0.902865
0.834241
0.841225
0.858189
0.865838
0.88065
0.884114
0.882696
0.882936
0.884523
0.888145
0.892615
0.897964
0.900961
0.902033
0.903854
0.906273
0.909211
0.912489
0.916385
0.920601
0.924528
0.928923
0.935317
0.930308
0.924
0.611499
0.658612
0.751943
0.766924
0.786536
0.795472
0.804625
0.81637
0.833161
0.832401
0.827538
0.821645
0.805098
0.761875
0.689496
0.657562
0.680677
0.701236
0.719122
0.72108
0.724552
0.729373
0.734906
0.741297
0.746193
0.751164
0.756393
0.76188
0.767565
0.773231
0.77866
0.783896
0.788385
0.792602
0.796838
0.801255
0.806007
0.811048
0.816384
0.822127
0.828298
0.834915
0.841856
0.849183
0.856723
0.864696
0.872977
0.881489
0.890384
0.899612
0.909356
0.919617
0.930366
0.937837
0.945779
0.953495
0.962293
0.969054
0.977427
0.984569
0.992543
1.00122
1.01024
1.0201
1.02723
1.03524
1.04177
1.04693
1.05418
1.05271
1.0492
1.0474
1.03765
1.01934
0.988025
0.932782
0.868498
0.842116
0.85577
0.866127
0.877402
0.893439
0.893377
0.89072
0.891818
0.894523
0.898344
0.902829
0.908241
0.910141
0.912484
0.915433
0.918941
0.922973
0.927203
0.931552
0.936342
0.94347
0.938234
1.23573
0.81149
0.589446
0.681825
0.755251
0.776676
0.793166
0.802702
0.815879
0.831083
0.827602
0.81668
0.795633
0.752852
0.682742
0.645787
0.670603
0.691307
0.713295
0.713974
0.716242
0.720134
0.725055
0.731532
0.737531
0.743033
0.748739
0.754592
0.760438
0.766203
0.771996
0.77779
0.78369
0.789118
0.794344
0.799116
0.803872
0.808834
0.814133
0.819675
0.825455
0.831588
0.837842
0.844359
0.850988
0.857935
0.865127
0.872816
0.88082
0.889276
0.89807
0.907528
0.917636
0.927817
0.935963
0.942903
0.950566
0.958636
0.966162
0.973578
0.981268
0.989343
0.996971
1.00503
1.01175
1.01785
1.02463
1.0297
1.03551
1.0418
1.04808
1.05545
1.05462
1.05141
1.04736
1.03439
1.00573
0.961437
0.912093
0.831474
0.838958
0.862605
0.871898
0.888951
0.896928
0.896618
0.896736
0.898864
0.903106
0.907807
0.913457
0.918294
0.922035
0.925518
0.929154
0.933181
0.937555
0.94243
0.949173
0.944349
1.34148
1.09128
0.639683
0.614686
0.711836
0.751298
0.789479
0.804833
0.822232
0.823003
0.816459
0.796453
0.747492
0.67518
0.635225
0.659578
0.680042
0.704216
0.705005
0.706809
0.71046
0.715498
0.721359
0.728255
0.734537
0.740909
0.747403
0.753883
0.760042
0.766108
0.77227
0.778509
0.784857
0.791188
0.797431
0.803295
0.80839
0.813567
0.818948
0.824621
0.830449
0.836474
0.842342
0.84829
0.85437
0.86061
0.867077
0.873863
0.881059
0.88878
0.897016
0.906009
0.916141
0.924429
0.932873
0.940101
0.947122
0.954297
0.961895
0.969593
0.97729
0.985183
0.992045
0.99893
1.00479
1.01102
1.01583
1.02167
1.02574
1.03069
1.03646
1.04122
1.04586
1.05037
1.04823
1.04913
1.04204
1.01763
0.976699
0.92733
0.870597
0.833654
0.84897
0.86214
0.875472
0.894369
0.896961
0.898203
0.9008
0.905098
0.910877
0.917862
0.9213
0.924909
0.929151
0.933177
0.937205
0.941988
0.950566
0.946216
1.39644
1.30857
0.960239
0.630655
0.66743
0.760253
0.782449
0.807934
0.816948
0.811096
0.791867
0.744901
0.671167
0.632335
0.65498
0.676465
0.70098
0.702065
0.703131
0.706212
0.711234
0.71687
0.723152
0.729756
0.736573
0.743264
0.749938
0.756474
0.762891
0.769316
0.775881
0.782576
0.789363
0.795982
0.802455
0.808806
0.813791
0.818641
0.823793
0.829183
0.834832
0.840555
0.846142
0.851378
0.856707
0.862129
0.867717
0.873612
0.879897
0.886721
0.89419
0.902432
0.911359
0.919328
0.926362
0.933022
0.93982
0.946754
0.953897
0.960575
0.967357
0.973297
0.979432
0.984842
0.990916
0.995922
1.0013
1.00515
1.00867
1.01267
1.01629
1.01984
1.02357
1.02764
1.0343
1.03236
1.03076
1.02316
1.00572
0.978752
0.937356
0.886334
0.814593
0.821254
0.847125
0.858492
0.87481
0.890717
0.894301
0.896021
0.900365
0.907289
0.912262
0.91768
0.924618
0.929233
0.933815
0.939396
0.950151
0.946064
1.40631
1.38767
1.27698
0.862903
0.612709
0.680554
0.769687
0.795095
0.79722
0.780047
0.730488
0.654805
0.62775
0.649519
0.677088
0.697213
0.698754
0.700027
0.703216
0.708199
0.714251
0.719999
0.725972
0.732277
0.73872
0.745056
0.751339
0.757662
0.764078
0.770659
0.777431
0.784349
0.79117
0.797926
0.804395
0.811026
0.81649
0.821375
0.826422
0.831764
0.837301
0.843224
0.848138
0.852577
0.857209
0.86206
0.867051
0.872294
0.877864
0.884001
0.890792
0.898382
0.90623
0.912468
0.918617
0.924794
0.930992
0.937205
0.943266
0.949227
0.954271
0.959423
0.963505
0.967878
0.972359
0.976282
0.980242
0.982688
0.985149
0.987304
0.989791
0.991388
0.993198
0.994685
0.996252
0.998954
1.00294
1.00055
0.992172
0.983642
0.965606
0.936418
0.88832
0.810801
0.796651
0.814354
0.83383
0.84806
0.870234
0.877442
0.881494
0.886865
0.894062
0.902808
0.911214
0.91775
0.924184
0.931294
0.943537
0.940848
1.4075
1.40102
1.35896
1.15023
0.746736
0.621031
0.712519
0.768256
0.760176
0.710066
0.618553
0.621396
0.641564
0.673565
0.68982
0.689787
0.691117
0.694626
0.700081
0.707537
0.713458
0.71948
0.725885
0.732593
0.738786
0.744891
0.751178
0.757647
0.764291
0.771126
0.778195
0.785339
0.792181
0.798831
0.805179
0.811687
0.817249
0.822042
0.827021
0.832283
0.837768
0.843709
0.848526
0.851577
0.854859
0.858532
0.862412
0.866513
0.870885
0.875752
0.881237
0.887468
0.89248
0.89707
0.90173
0.906455
0.910963
0.915633
0.920025
0.923921
0.927035
0.929453
0.931853
0.934298
0.93653
0.938924
0.940249
0.941963
0.942809
0.943342
0.943893
0.944882
0.946297
0.948199
0.950474
0.953179
0.95648
0.962506
0.96352
0.964249
0.95996
0.949899
0.920883
0.879304
0.83202
0.771385
0.780665
0.804228
0.817159
0.83545
0.854387
0.864904
0.872497
0.879876
0.887836
0.896455
0.905651
0.914135
0.92766
0.927155
1.40831
1.4071
1.39867
1.33407
1.05666
0.645487
0.636903
0.687366
0.67305
0.598395
0.617995
0.639009
0.674656
0.688353
0.68872
0.690086
0.693124
0.697491
0.703666
0.708906
0.714686
0.720874
0.72763
0.734654
0.740753
0.746513
0.75244
0.758549
0.764811
0.771208
0.777739
0.784472
0.790577
0.796546
0.802095
0.807636
0.812603
0.816412
0.820274
0.82431
0.828474
0.83292
0.83679
0.837702
0.838689
0.840078
0.841694
0.843537
0.845703
0.848518
0.852147
0.85542
0.85777
0.860184
0.862791
0.86533
0.867712
0.870182
0.8722
0.874075
0.875829
0.877522
0.879357
0.881613
0.884314
0.887293
0.890267
0.893266
0.896425
0.899805
0.903106
0.906724
0.910615
0.914889
0.919244
0.924117
0.929519
0.93555
0.94211
0.950715
0.949685
0.944007
0.936556
0.920916
0.89328
0.846816
0.773671
0.770734
0.78831
0.806946
0.819393
0.839449
0.851158
0.855053
0.859931
0.866955
0.87534
0.884643
0.894594
0.901356
1.40848
1.40832
1.40599
1.39201
1.30008
0.971452
0.665665
0.566035
0.48966
0.560172
0.581226
0.6247
0.643579
0.649027
0.654892
0.662
0.670049
0.67957
0.68806
0.693676
0.699528
0.705775
0.712542
0.719652
0.726697
0.732533
0.737661
0.742686
0.747742
0.752646
0.757587
0.762468
0.76691
0.770933
0.774244
0.777419
0.779644
0.781061
0.782628
0.784524
0.786642
0.78941
0.79068
0.790117
0.789757
0.790265
0.791273
0.792785
0.794977
0.797889
0.801451
0.804095
0.806599
0.809425
0.812421
0.815627
0.819083
0.82273
0.826318
0.829822
0.833403
0.836859
0.840358
0.844382
0.848979
0.854172
0.858631
0.863501
0.868762
0.874269
0.879521
0.884875
0.890329
0.896116
0.902051
0.908351
0.915097
0.922513
0.929535
0.936743
0.945825
0.945612
0.944405
0.942754
0.934616
0.910707
0.868498
0.818571
0.768203
0.778488
0.802026
0.813321
0.831124
0.842265
0.846884
0.85105
0.857077
0.862884
0.866235
0.872533
1.40846
1.40845
1.40926
1.40574
1.36974
1.19557
0.768687
0.426334
0.431095
0.467881
0.529026
0.554147
0.563048
0.574456
0.585232
0.595872
0.606614
0.618629
0.629365
0.637413
0.64517
0.652475
0.65859
0.664732
0.671324
0.677808
0.683217
0.687821
0.691882
0.695739
0.699581
0.703541
0.707637
0.711831
0.71578
0.719797
0.722977
0.7258
0.728865
0.7323
0.736067
0.74013
0.744508
0.746383
0.748295
0.750826
0.753914
0.757401
0.761286
0.765579
0.769675
0.773033
0.776495
0.780259
0.784178
0.788282
0.792631
0.797134
0.80159
0.806222
0.811302
0.815885
0.820259
0.825401
0.831821
0.837906
0.843306
0.849251
0.855777
0.862689
0.86889
0.874978
0.88128
0.88792
0.89479
0.901934
0.909343
0.917315
0.924745
0.931758
0.938675
0.946474
0.952573
0.952587
0.950795
0.9469
0.927961
0.890706
0.839301
0.776218
0.783223
0.805912
0.816215
0.829056
0.841444
0.843559
0.842809
0.843825
0.838606
0.842619
1.40844
1.40839
1.40783
1.40311
1.36287
1.1565
0.782049
0.430936
0.499036
0.546772
0.541975
0.536575
0.538376
0.544215
0.552858
0.562815
0.569495
0.575911
0.582474
0.589149
0.596464
0.603034
0.609159
0.615285
0.621392
0.627731
0.633774
0.639622
0.645467
0.651262
0.657038
0.662858
0.668795
0.674924
0.680973
0.687078
0.692581
0.697483
0.702508
0.707787
0.713278
0.718907
0.724815
0.728645
0.732303
0.73636
0.740762
0.745383
0.75012
0.755075
0.759069
0.762633
0.766483
0.770501
0.774647
0.778816
0.783204
0.787781
0.792535
0.797527
0.803157
0.808047
0.813151
0.818784
0.825496
0.831459
0.837705
0.844353
0.851406
0.858604
0.865929
0.873143
0.880155
0.887243
0.894408
0.901832
0.909452
0.91744
0.925325
0.932554
0.939048
0.946289
0.954277
0.962771
0.967806
0.966431
0.962234
0.945059
0.915943
0.861231
0.790264
0.7941
0.811992
0.821279
0.830975
0.835073
0.8342
0.828519
0.800936
0.810254
1.40845
1.4084
1.40799
1.40428
1.36987
1.18027
0.811894
0.452026
0.528453
0.559939
0.559132
0.556566
0.560242
0.563397
0.564871
0.567336
0.570945
0.575407
0.580302
0.585476
0.591582
0.5979
0.604016
0.610343
0.61676
0.623157
0.629398
0.635147
0.640939
0.646873
0.652975
0.659293
0.665869
0.672459
0.678803
0.684864
0.690327
0.69557
0.700914
0.706461
0.712212
0.718101
0.724171
0.728962
0.733645
0.738486
0.743422
0.748452
0.753546
0.758165
0.761712
0.765298
0.769094
0.773012
0.777032
0.781279
0.785802
0.790617
0.795617
0.800898
0.80652
0.81153
0.816893
0.822935
0.829294
0.835769
0.842678
0.849905
0.857377
0.865178
0.873258
0.881375
0.888804
0.896136
0.903615
0.911266
0.919165
0.927188
0.935515
0.942862
0.949958
0.957386
0.965368
0.973866
0.985122
0.988315
0.984098
0.981123
0.968859
0.937216
0.879801
0.811164
0.810123
0.826409
0.829957
0.828112
0.821916
0.801568
0.749193
0.773185
1.40844
1.4084
1.40794
1.40387
1.36784
1.17323
0.803322
0.44867
0.526255
0.568546
0.568158
0.56929
0.57225
0.57577
0.578429
0.581595
0.585507
0.589677
0.593908
0.598546
0.603836
0.609394
0.615083
0.620932
0.626974
0.633125
0.639322
0.64558
0.651832
0.658135
0.664589
0.671197
0.677833
0.68432
0.690578
0.696668
0.702497
0.708245
0.714114
0.720164
0.726397
0.732771
0.73917
0.7442
0.748884
0.753647
0.758497
0.763371
0.768348
0.77271
0.776555
0.780529
0.784719
0.788686
0.792649
0.796717
0.80091
0.805248
0.809712
0.814502
0.819585
0.824776
0.830115
0.835939
0.842184
0.848906
0.855905
0.863052
0.870344
0.877814
0.885463
0.892737
0.899987
0.907014
0.914317
0.921756
0.929519
0.937341
0.945436
0.952588
0.959644
0.966546
0.973967
0.981829
0.990224
1.00187
1.00467
0.998772
0.995046
0.984813
0.952127
0.895576
0.830623
0.818265
0.815646
0.808801
0.794352
0.759837
0.710328
0.742405
1.40844
1.4084
1.40796
1.40403
1.36908
1.17779
0.809724
0.452036
0.531333
0.565144
0.565099
0.566342
0.571913
0.579076
0.583015
0.58718
0.591499
0.596159
0.601146
0.606626
0.612677
0.618685
0.624797
0.63109
0.637325
0.643584
0.649976
0.656516
0.663269
0.670092
0.676771
0.683233
0.689539
0.69565
0.701595
0.707527
0.713408
0.719374
0.725478
0.73171
0.737977
0.74421
0.750057
0.754853
0.759345
0.763931
0.768625
0.773316
0.778125
0.782354
0.786145
0.790064
0.794155
0.797729
0.801277
0.804952
0.808753
0.812736
0.816942
0.821488
0.826399
0.831449
0.836711
0.842469
0.848687
0.85524
0.862057
0.868951
0.876039
0.883334
0.890589
0.897893
0.904822
0.911808
0.918851
0.926215
0.933731
0.941538
0.949163
0.956342
0.96304
0.970063
0.977114
0.98463
0.992514
1.00077
1.01211
1.01465
1.00926
1.0062
0.994213
0.957658
0.899754
0.843349
0.789058
0.760894
0.734075
0.694942
0.702686
0.719001
1.40844
1.4084
1.40796
1.40397
1.36861
1.17601
0.80729
0.451404
0.530677
0.567764
0.566965
0.567912
0.572751
0.578713
0.58264
0.58679
0.591582
0.596748
0.602156
0.60795
0.614081
0.620261
0.626515
0.632828
0.639108
0.645471
0.651991
0.658719
0.665727
0.672514
0.678988
0.685343
0.691567
0.697694
0.703782
0.709853
0.715846
0.721852
0.727934
0.734002
0.740111
0.746124
0.751802
0.756693
0.761291
0.765974
0.770793
0.775526
0.780404
0.784437
0.788196
0.792059
0.796035
0.799457
0.802909
0.806501
0.810228
0.814147
0.818321
0.822836
0.827679
0.832703
0.837953
0.843614
0.849687
0.856194
0.862971
0.869915
0.876966
0.884161
0.891483
0.898752
0.905753
0.912707
0.919831
0.9272
0.93477
0.942503
0.950298
0.957134
0.964014
0.970928
0.978181
0.985419
0.992912
1.0007
1.0091
1.02154
1.01988
1.01559
1.00912
0.989676
0.94451
0.874524
0.796358
0.725705
0.67153
0.685126
0.70394
0.706353
)
;

boundaryField
{
    inlet
    {
        type            calculated;
        value           uniform 1.40845;
    }
    outlet
    {
        type            calculated;
        value           nonuniform List<scalar> 
40
(
0.617714
0.677698
0.73926
0.779254
0.805652
0.823798
0.836279
0.844661
0.848822
0.851996
0.856592
0.863109
0.870812
0.877554
0.881004
0.883995
0.88765
0.891751
0.896756
0.900248
0.903912
0.90786
0.912643
0.917795
0.923667
0.930308
0.938234
0.944349
0.946216
0.946064
0.940848
0.927155
0.901356
0.872533
0.842619
0.810254
0.773185
0.742405
0.719001
0.706353
)
;
    }
    bottom
    {
        type            symmetryPlane;
    }
    top
    {
        type            symmetryPlane;
    }
    obstacle
    {
        type            calculated;
        value           nonuniform List<scalar> 
110
(
0.595188
0.596157
0.59866
0.601291
0.605042
0.609594
0.615873
0.626405
0.643101
0.685092
0.704585
0.630517
0.522073
0.530348
0.535751
0.52573
0.517825
0.515521
0.557084
0.574298
0.576915
0.575525
0.574334
0.571941
0.567168
0.583089
0.599093
0.607306
0.609283
0.61004
0.607649
0.606817
0.606414
0.606754
0.60685
0.608162
0.610125
0.612108
0.613427
0.613657
0.614175
0.616221
0.614429
0.613092
0.608912
0.600255
0.590258
0.579286
0.569326
0.557268
0.549229
0.541728
0.534767
0.529063
0.524075
0.521288
0.518492
0.516561
0.515153
0.514176
0.514437
0.51597
0.518003
0.520687
0.522827
0.525294
0.528109
0.531126
0.533994
0.536813
0.539521
0.542243
0.544861
0.547481
0.550098
0.552713
0.555407
0.558027
0.560431
0.562811
0.565139
0.567357
0.569595
0.571751
0.573931
0.576004
0.578084
0.58013
0.582208
0.584301
0.586444
0.588587
0.590768
0.592877
0.595003
0.596981
0.598957
0.600697
0.602455
0.604048
0.605712
0.607329
0.609005
0.610699
0.612429
0.614252
0.616115
0.619185
0.619263
0.617714
)
;
    }
    defaultFaces
    {
        type            empty;
    }
}


// ************************************************************************* //
