/*--------------------------------*- C++ -*----------------------------------*\
| =========                 |                                                 |
| \\      /  F ield         | OpenFOAM: The Open Source CFD Toolbox           |
|  \\    /   O peration     | Version:  v2106                                 |
|   \\  /    A nd           | Website:  www.openfoam.com                      |
|    \\/     M anipulation  |                                                 |
\*---------------------------------------------------------------------------*/
FoamFile
{
    version     2.0;
    format      ascii;
    arch        "LSB;label=32;scalar=64";
    class       volScalarField;
    location    "12";
    object      rho;
}
// * * * * * * * * * * * * * * * * * * * * * * * * * * * * * * * * * * * * * //

dimensions      [1 -3 0 0 0 0 0];

internalField   nonuniform List<scalar> 
5250
(
1.40845
1.40845
1.40845
1.40845
1.40845
1.40845
1.40845
1.40845
1.40845
1.40835
1.4082
1.40211
1.40079
1.59885
2.13551
5.77309
6.34525
6.16617
6.23866
6.38091
6.46009
6.59369
6.76198
6.98689
7.14284
1.40845
1.40845
1.40845
1.40845
1.40845
1.40845
1.40845
1.40845
1.40845
1.40835
1.40821
1.40228
1.40042
1.59308
2.11696
5.70824
6.38642
6.17921
6.24885
6.40646
6.46873
6.60231
6.77279
6.99331
7.1442
1.40845
1.40845
1.40845
1.40845
1.40845
1.40845
1.40845
1.40845
1.40845
1.40834
1.40828
1.4021
1.4023
1.58193
2.07297
5.56513
6.44691
6.17653
6.27152
6.40777
6.48025
6.61175
6.77462
6.98248
7.1254
1.40845
1.40845
1.40845
1.40845
1.40845
1.40845
1.40845
1.40845
1.40845
1.40837
1.4082
1.40326
1.39926
1.56147
2.00716
5.34929
6.55187
6.17937
6.30308
6.43723
6.50871
6.6312
6.77202
6.9616
7.09816
1.40845
1.40845
1.40845
1.40845
1.40845
1.40845
1.40845
1.40845
1.40845
1.40841
1.4081
1.40538
1.3948
1.53196
1.95458
5.05989
6.72709
6.22136
6.35587
6.49515
6.53518
6.62743
6.75861
6.92234
7.05371
1.40845
1.40845
1.40845
1.40845
1.40845
1.40845
1.40845
1.40845
1.40845
1.40842
1.40814
1.406
1.3955
1.50312
1.96507
4.67289
7.09601
6.33629
6.47736
6.58255
6.5991
6.66136
6.74094
6.87581
6.99316
1.40845
1.40845
1.40845
1.40845
1.40845
1.40845
1.40845
1.40845
1.40845
1.40843
1.40818
1.407
1.39505
1.46847
1.99281
4.08508
7.55398
6.55663
6.69597
6.74221
6.71748
6.69657
6.73621
6.79837
6.91638
1.40845
1.40845
1.40845
1.40845
1.40845
1.40845
1.40845
1.40845
1.40845
1.40843
1.40829
1.40733
1.39571
1.44295
1.87373
3.36801
7.4482
6.48651
6.64949
6.78959
6.78788
6.72543
6.71732
6.74658
6.79367
1.40845
1.40845
1.40845
1.40845
1.40845
1.40845
1.40845
1.40845
1.40845
1.40844
1.40832
1.40765
1.39708
1.42542
1.7734
2.76797
6.79989
6.39042
6.52177
6.66184
6.71646
6.72515
6.65925
6.59982
6.6261
1.40845
1.40845
1.40845
1.40845
1.40845
1.40845
1.40845
1.40845
1.40845
1.40845
1.4083
1.40806
1.39934
1.41324
1.68414
2.41728
6.19423
6.11526
6.27278
6.46266
6.55457
6.59827
6.50088
6.5529
6.37613
1.40845
1.40845
1.40845
1.40845
1.40845
1.40845
1.40845
1.40845
1.40845
1.40845
1.40833
1.40828
1.40104
1.40647
1.60436
2.13267
5.58322
5.98905
6.02447
6.11172
6.28407
6.39183
6.28922
6.32923
5.33424
1.40845
1.40845
1.40845
1.40845
1.40845
1.40845
1.40845
1.40845
1.40845
1.40844
1.40841
1.40798
1.40556
1.40019
1.53443
1.90172
4.80719
6.14617
5.97679
5.88655
5.9579
6.07605
5.89353
5.77135
5.39451
1.40845
1.40845
1.40845
1.40845
1.40845
1.40845
1.40845
1.40845
1.40845
1.40845
1.40843
1.40819
1.40709
1.39248
1.47009
1.83456
3.96957
6.40155
5.90768
5.80402
5.74584
5.75189
5.65066
5.43757
5.4053
1.40845
1.40845
1.40845
1.40845
1.40845
1.40845
1.40845
1.40845
1.40845
1.40845
1.40842
1.40843
1.40691
1.39575
1.43011
1.80013
3.05727
6.48961
5.94522
5.77642
5.65499
5.5726
5.43522
5.2407
5.19136
1.40845
1.40845
1.40845
1.40845
1.40845
1.40845
1.40845
1.40845
1.40845
1.40845
1.40845
1.4083
1.40806
1.39941
1.41219
1.68969
2.46126
5.97765
5.96383
5.77384
5.61557
5.47521
5.29372
5.079
4.90619
1.40845
1.40845
1.40845
1.40845
1.40845
1.40845
1.40845
1.40845
1.40845
1.40845
1.40845
1.40835
1.40826
1.40253
1.40212
1.56288
2.01117
4.95796
6.01102
5.82192
5.59594
5.39486
5.18254
4.9697
4.72386
1.40845
1.40845
1.40845
1.40845
1.40845
1.40845
1.40845
1.40845
1.40845
1.40845
1.40845
1.40842
1.40821
1.40624
1.39639
1.47721
1.67491
3.83714
5.91024
5.837
5.60459
5.37014
5.1406
4.91631
4.64908
1.40845
1.40845
1.40845
1.40845
1.40845
1.40845
1.40845
1.40845
1.40845
1.40845
1.40845
1.40846
1.40819
1.40811
1.3941
1.43935
1.73364
2.74731
5.62287
5.71073
5.58955
5.39363
5.16067
4.91011
4.63889
1.40845
1.40845
1.40845
1.40845
1.40845
1.40845
1.40845
1.40845
1.40845
1.40845
1.40845
1.40844
1.40838
1.40791
1.40332
1.40548
1.61987
2.15893
4.86985
5.64699
5.63146
5.40778
5.17255
4.91714
4.64624
1.40845
1.40845
1.40845
1.40845
1.40845
1.40845
1.40845
1.40845
1.40845
1.40845
1.40845
1.40844
1.40857
1.40753
1.41012
1.37272
1.51712
1.73275
3.73926
5.58054
5.62159
5.41489
5.19364
4.95554
4.68529
1.40845
1.40845
1.40845
1.40845
1.40845
1.40845
1.40845
1.40845
1.40845
1.40845
1.40845
1.40845
1.40844
1.40832
1.40762
1.40106
1.41985
1.65833
2.57585
5.16159
5.37821
5.37438
5.19726
4.98244
4.73426
1.40845
1.40845
1.40845
1.40845
1.40845
1.40845
1.40845
1.40845
1.40845
1.40845
1.40845
1.40845
1.40842
1.40876
1.40645
1.41413
1.3456
1.60082
1.99546
4.15306
5.41831
5.42326
5.24461
5.03606
4.79571
1.40845
1.40845
1.40845
1.40845
1.40845
1.40845
1.40845
1.40845
1.40845
1.40845
1.40845
1.40845
1.40845
1.40844
1.40824
1.40724
1.39798
1.44608
1.5924
2.99008
5.15484
5.27026
5.21557
5.04863
4.83326
1.40845
1.40845
1.40845
1.40845
1.40845
1.40845
1.40845
1.40845
1.40845
1.40845
1.40845
1.40845
1.40845
1.40842
1.40884
1.40626
1.41575
1.32373
1.54347
2.14887
4.36805
5.23202
5.26898
5.08966
4.87778
1.40845
1.40845
1.40845
1.40845
1.40845
1.40845
1.40845
1.40845
1.40845
1.40845
1.40845
1.40845
1.40845
1.40845
1.40843
1.40819
1.4069
1.39763
1.47816
1.60271
3.21126
5.05914
5.15394
5.04968
4.87826
1.40845
1.40845
1.40845
1.40845
1.40845
1.40845
1.40845
1.40845
1.40845
1.40845
1.40845
1.40845
1.40845
1.40844
1.40841
1.40893
1.40555
1.41711
1.32874
1.52104
2.18906
4.32597
5.0217
5.06111
4.89228
1.40845
1.40845
1.40845
1.40845
1.40845
1.40845
1.40845
1.40845
1.40845
1.40845
1.40845
1.40845
1.40845
1.40845
1.40845
1.40844
1.40813
1.40707
1.39816
1.49318
1.63454
3.1893
4.86804
4.93906
4.85297
1.40845
1.40845
1.40845
1.40845
1.40845
1.40845
1.40845
1.40845
1.40845
1.40845
1.40845
1.40845
1.40845
1.40845
1.40845
1.40845
1.40831
1.4072
1.42885
1.32668
1.48773
2.12375
4.10983
4.825
4.85612
1.40845
1.40845
1.40845
1.40845
1.40845
1.40845
1.40845
1.40845
1.40845
1.40845
1.40845
1.40845
1.40845
1.40845
1.40845
1.40843
1.40843
1.40811
1.40763
1.39522
1.48588
1.60767
3.03204
4.64803
4.72704
1.40845
1.40845
1.40845
1.40845
1.40845
1.40845
1.40845
1.40845
1.40845
1.40845
1.40845
1.40845
1.40845
1.40845
1.40845
1.40845
1.40842
1.40889
1.40598
1.41659
1.33022
1.46132
2.01526
3.8568
4.66494
1.40845
1.40845
1.40845
1.40845
1.40845
1.40845
1.40845
1.40845
1.40845
1.40845
1.40845
1.40845
1.40845
1.40845
1.40845
1.40845
1.40844
1.40846
1.40806
1.40795
1.39367
1.45534
1.51724
2.79194
4.3987
1.40845
1.40845
1.40845
1.40845
1.40845
1.40845
1.40845
1.40845
1.40845
1.40845
1.40845
1.40845
1.40845
1.40845
1.40845
1.40845
1.40845
1.40844
1.4085
1.40744
1.41037
1.36127
1.48725
1.88132
3.45697
1.40845
1.40845
1.40845
1.40845
1.40845
1.40845
1.40845
1.40845
1.40845
1.40845
1.40845
1.40845
1.40845
1.40845
1.40845
1.40845
1.40845
1.40845
1.40845
1.40817
1.40806
1.39553
1.43791
1.53605
2.43639
1.40845
1.40845
1.40845
1.40845
1.40845
1.40845
1.40845
1.40845
1.40845
1.40845
1.40845
1.40845
1.40845
1.40845
1.40845
1.40845
1.40845
1.40845
1.40843
1.40853
1.40773
1.41085
1.36855
1.50879
1.70792
1.40845
1.40845
1.40845
1.40845
1.40845
1.40845
1.40845
1.40845
1.40845
1.40845
1.40845
1.40845
1.40845
1.40845
1.40845
1.40845
1.40845
1.40845
1.40845
1.40844
1.40834
1.40813
1.40336
1.41191
1.57541
1.40845
1.40845
1.40845
1.40845
1.40845
1.40845
1.40845
1.40845
1.40845
1.40845
1.40845
1.40845
1.40845
1.40845
1.40845
1.40845
1.40845
1.40845
1.40845
1.40845
1.40857
1.40777
1.40709
1.38902
1.44413
1.40845
1.40845
1.40845
1.40845
1.40845
1.40845
1.40845
1.40845
1.40845
1.40845
1.40845
1.40845
1.40845
1.40845
1.40845
1.40845
1.40845
1.40845
1.40845
1.40846
1.40844
1.40874
1.40229
1.40656
1.37405
1.40845
1.40845
1.40845
1.40845
1.40845
1.40845
1.40845
1.40845
1.40845
1.40845
1.40845
1.40845
1.40845
1.40845
1.40845
1.40845
1.40845
1.40845
1.40845
1.40845
1.40845
1.40842
1.40839
1.40751
1.40895
1.40845
1.40845
1.40845
1.40845
1.40845
1.40845
1.40845
1.40845
1.40845
1.40845
1.40845
1.40845
1.40845
1.40845
1.40845
1.40845
1.40845
1.40845
1.40845
1.40845
1.40845
1.40846
1.40833
1.4085
1.40551
1.40845
1.40845
1.40845
1.40845
1.40845
1.40845
1.40845
1.40845
1.40845
1.40845
1.40845
1.40845
1.40845
1.40845
1.40845
1.40845
1.40845
1.40845
1.40845
1.40845
1.40845
1.40845
1.40844
1.40843
1.40827
1.40845
1.40845
1.40845
1.40845
1.40845
1.40845
1.40845
1.40845
1.40845
1.40845
1.40845
1.40845
1.40845
1.40845
1.40845
1.40845
1.40845
1.40845
1.40845
1.40845
1.40845
1.40845
1.40845
1.40841
1.40898
1.40845
1.40845
1.40845
1.40845
1.40845
1.40845
1.40845
1.40845
1.40845
1.40845
1.40845
1.40845
1.40845
1.40845
1.40845
1.40845
1.40845
1.40845
1.40845
1.40845
1.40845
1.40845
1.40845
1.40844
1.4085
1.40845
1.40845
1.40845
1.40845
1.40845
1.40845
1.40845
1.40845
1.40845
1.40845
1.40845
1.40845
1.40845
1.40845
1.40845
1.40845
1.40845
1.40845
1.40845
1.40845
1.40845
1.40845
1.40845
1.40845
1.40846
1.40845
1.40845
1.40845
1.40845
1.40845
1.40845
1.40845
1.40845
1.40845
1.40845
1.40845
1.40845
1.40845
1.40845
1.40845
1.40845
1.40845
1.40845
1.40845
1.40845
1.40845
1.40845
1.40845
1.40845
1.40845
1.40845
1.40845
1.40845
1.40845
1.40845
1.40845
1.40845
1.40845
1.40845
1.40845
1.40845
1.40845
1.40845
1.40845
1.40845
1.40845
1.40845
1.40845
1.40845
1.40845
1.40845
1.40845
1.40845
1.40845
1.40845
1.40845
1.40845
1.40845
1.40845
1.40845
1.40845
1.40845
1.40845
1.40845
1.40845
1.40845
1.40845
1.40845
1.40845
1.40845
1.40845
1.40845
1.40845
1.40845
1.40845
1.40845
1.40845
1.40845
1.40845
1.40845
1.40845
1.40845
1.40845
1.40845
1.40845
1.40845
1.40845
1.40845
1.40845
1.40845
1.40845
1.40845
1.40845
1.40845
1.40845
1.40845
1.40845
1.40845
1.40845
1.40845
1.40845
1.40845
1.40845
1.40845
1.40845
1.40845
1.40845
1.40845
1.40845
1.40845
1.40845
1.40845
1.40845
1.40845
1.40845
1.40845
1.40845
1.40845
1.40845
1.40845
1.40845
1.40845
1.40845
1.40845
1.40845
1.40845
1.40845
1.40845
1.40845
1.40845
1.40845
1.40845
1.40845
1.40845
1.40845
1.40845
1.40845
1.40845
1.40845
1.40845
1.40845
1.40845
1.40845
1.40845
1.40845
1.40845
1.40845
1.40845
1.40845
1.40845
1.40845
1.40845
1.40845
1.40845
1.40845
1.40845
1.40845
1.40845
1.40845
1.40845
1.40845
1.40845
1.40845
1.40845
1.40845
1.40845
1.40845
1.40845
1.40845
1.40845
1.40845
1.40845
1.40845
1.40845
1.40845
1.40845
1.40845
1.40845
1.40845
1.40845
1.92071
1.95349
2.04098
1.75985
1.90235
1.87547
1.7491
1.51482
1.44925
1.43071
1.44072
1.44909
1.44947
1.4314
1.35838
1.29516
1.26298
1.25517
1.2562
1.26422
1.26517
1.26527
1.26183
1.25923
1.25328
1.24838
1.23992
1.23604
1.23444
1.23507
1.2401
1.26431
1.29061
1.33526
1.39673
1.46606
1.53907
1.60783
1.70589
1.776
1.84108
1.92254
1.99128
2.08982
2.17528
2.24633
2.30808
2.36648
2.41679
2.45347
2.49516
2.52676
2.54773
2.56751
2.57901
2.58704
2.59129
2.59206
2.58875
2.58233
2.57359
2.56318
2.55079
2.53675
2.52146
2.50526
2.48858
2.47093
2.45195
2.43264
2.41292
2.39274
2.37292
2.3532
2.33399
2.31463
2.29563
2.27665
2.25803
2.23955
2.22147
2.20342
2.18564
2.1677
2.15003
2.13219
2.11488
2.09762
2.08148
2.06573
2.05123
2.0368
2.02299
2.00899
1.99523
1.98111
1.96695
1.95498
1.93348
1.91616
2.89828
2.6103
2.18982
1.81496
1.95717
1.93227
1.7926
1.41385
1.26556
1.23032
1.25909
1.27823
1.27665
1.23791
1.17237
1.13824
1.11137
1.0999
1.09987
1.10084
1.10215
1.10212
1.09835
1.09643
1.0922
1.08956
1.07892
1.07343
1.07025
1.07175
1.07679
1.09547
1.11863
1.14962
1.19587
1.26418
1.33127
1.39931
1.50416
1.60359
1.69338
1.78513
1.86916
1.91142
2.03397
2.11307
2.18662
2.28057
2.36578
2.43917
2.51404
2.5748
2.61598
2.65403
2.68288
2.70744
2.72556
2.74017
2.75068
2.75297
2.75001
2.74601
2.74146
2.73427
2.72364
2.70982
2.69481
2.67928
2.66334
2.64655
2.62888
2.60952
2.59009
2.57063
2.55172
2.53267
2.51368
2.49393
2.47424
2.45446
2.43497
2.41558
2.39659
2.37777
2.35942
2.34071
2.32239
2.30367
2.28599
2.26862
2.25245
2.23643
2.22088
2.20525
2.18964
2.17385
2.15787
2.14404
2.11968
2.09935
3.82222
3.08573
2.6504
2.17771
2.07503
1.98916
1.76098
1.39237
1.20243
1.18777
1.20595
1.23388
1.25369
1.2329
1.17971
1.0755
1.02277
1.01027
1.00991
1.02549
1.02681
1.02725
1.02077
1.0172
1.01208
1.01049
1.00148
0.999544
0.995308
0.997266
0.996188
1.01533
1.03719
1.06495
1.11387
1.17746
1.26143
1.3164
1.37134
1.48362
1.57241
1.68285
1.80546
1.95126
2.11362
2.25818
2.36963
2.49512
2.60489
2.70088
2.79282
2.86938
2.91403
2.94788
2.97784
3.0011
3.01817
3.02811
3.03403
3.03539
3.03086
3.02443
3.01604
3.00442
2.9897
2.97315
2.95603
2.93751
2.9178
2.89663
2.87516
2.85235
2.82957
2.80717
2.78538
2.76384
2.74266
2.7209
2.69919
2.67719
2.6554
2.63365
2.61219
2.59085
2.56987
2.54873
2.5281
2.50743
2.48765
2.46908
2.45175
2.43485
2.41837
2.40201
2.38563
2.36906
2.35206
2.33672
2.31024
2.28611
4.41148
3.5784
3.07461
2.58827
2.30315
2.13927
1.97516
1.70271
1.45711
1.30203
1.25132
1.24372
1.24992
1.2288
1.15752
1.04456
1.00312
0.991773
0.99202
1.00585
1.00878
1.02541
1.0369
1.033
1.025
1.02318
1.01293
1.00331
0.992246
0.997498
0.998589
1.0123
1.02676
1.04547
1.06767
1.09634
1.17064
1.26725
1.40125
1.56714
1.73604
1.88497
2.05738
2.19056
2.3552
2.49543
2.62681
2.74733
2.8666
2.94804
3.03705
3.08846
3.13946
3.18718
3.21309
3.22611
3.23046
3.23316
3.23632
3.23923
3.2324
3.2178
3.20278
3.18818
3.17359
3.15609
3.13367
3.10891
3.08513
3.06233
3.04024
3.01786
2.99363
2.96859
2.94377
2.91921
2.89502
2.87133
2.84833
2.82566
2.80274
2.77946
2.75627
2.73304
2.71017
2.68748
2.66532
2.64317
2.62223
2.60279
2.58421
2.56616
2.54822
2.53037
2.51242
2.49438
2.47607
2.45833
2.43253
2.40551
4.50484
3.90451
3.37091
2.95005
2.70215
2.46135
2.24614
1.99534
1.66913
1.49411
1.42269
1.38437
1.33073
1.29763
1.25627
1.18175
1.10784
1.05346
1.02559
1.01947
1.01824
1.02445
1.02387
1.02348
1.01549
1.01664
1.00413
0.998959
0.992442
1.00158
0.999738
1.00342
1.01767
1.0387
1.08408
1.1557
1.25497
1.39207
1.556
1.72036
1.90624
2.06885
2.24421
2.40224
2.56448
2.68417
2.81117
2.90889
3.0222
3.11154
3.19864
3.23921
3.2951
3.32302
3.33738
3.35328
3.36213
3.36724
3.3631
3.35604
3.34772
3.33884
3.32961
3.31713
3.29586
3.26863
3.2418
3.21742
3.1947
3.17264
3.14993
3.12564
3.09919
3.07291
3.04723
3.02201
2.99726
2.97293
2.94849
2.92392
2.89947
2.87512
2.85089
2.82672
2.80297
2.77945
2.7566
2.73331
2.71122
2.69099
2.67153
2.65255
2.63369
2.61502
2.59634
2.57759
2.55857
2.53941
2.51289
2.48295
4.44975
4.03493
3.59028
3.20906
2.98658
2.79684
2.58331
2.34042
1.98576
1.73859
1.63545
1.57719
1.50485
1.4339
1.36167
1.26341
1.1839
1.13417
1.11105
1.10005
1.08407
1.07503
1.06157
1.05429
1.0409
1.03853
1.02777
1.02346
1.00573
1.00641
1.01059
1.02031
1.03784
1.07126
1.13216
1.22085
1.33827
1.47847
1.62885
1.78156
1.94774
2.11019
2.29259
2.48694
2.64568
2.78657
2.89216
2.99407
3.07731
3.15776
3.24186
3.32121
3.38265
3.4108
3.41447
3.42786
3.43393
3.43631
3.4363
3.43591
3.4348
3.42215
3.40341
3.38385
3.36233
3.33955
3.31698
3.29317
3.26782
3.24287
3.21793
3.19265
3.16663
3.14102
3.11581
3.09016
3.06442
3.03899
3.0138
2.98898
2.96455
2.94052
2.91617
2.89124
2.86631
2.84191
2.81804
2.7936
2.77071
2.74978
2.72975
2.71045
2.69154
2.67285
2.65397
2.63474
2.61503
2.59457
2.56738
2.53544
4.33801
4.06446
3.7081
3.4115
3.17485
3.02498
2.85123
2.67523
2.42496
2.11563
1.9035
1.81038
1.73522
1.66203
1.57243
1.48415
1.37339
1.29188
1.23713
1.21118
1.18568
1.16897
1.14304
1.12307
1.09724
1.08603
1.06255
1.05804
1.04023
1.0437
1.05438
1.07351
1.10363
1.16572
1.25586
1.3845
1.49858
1.62304
1.71404
1.82621
1.92136
2.03267
2.16121
2.29031
2.43451
2.5967
2.81754
3.016
3.12362
3.19478
3.25266
3.30178
3.38003
3.43261
3.46816
3.46929
3.45726
3.46257
3.47091
3.47148
3.46368
3.45139
3.43718
3.42168
3.403
3.37923
3.35452
3.32996
3.30616
3.283
3.25803
3.23199
3.20534
3.17819
3.15175
3.12622
3.10122
3.07652
3.0519
3.02738
3.00247
2.97751
2.9522
2.92703
2.90261
2.87884
2.85544
2.83249
2.81021
2.78943
2.76931
2.74945
2.72959
2.70978
2.68995
2.67008
2.65008
2.62908
2.60305
2.57034
4.31164
4.03343
3.76245
3.51213
3.2855
3.1532
3.01363
2.85343
2.67944
2.44181
2.20058
2.05058
1.96416
1.89344
1.81139
1.72842
1.61417
1.50343
1.4195
1.3781
1.34309
1.32829
1.29388
1.26318
1.22246
1.1971
1.16444
1.14918
1.13102
1.13816
1.1678
1.233
1.2975
1.38977
1.51805
1.60422
1.6635
1.74172
1.79663
1.85947
1.91576
1.99072
2.07039
2.15198
2.2536
2.38121
2.53034
2.69123
2.97054
3.19952
3.28236
3.3209
3.35459
3.38477
3.45825
3.4628
3.47102
3.48116
3.48002
3.4646
3.46221
3.46186
3.45582
3.44133
3.41758
3.39246
3.36842
3.34642
3.32485
3.29923
3.27309
3.24728
3.22166
3.1962
3.17086
3.14521
3.11977
3.09467
3.06971
3.04495
3.01996
2.99503
2.97014
2.94601
2.92269
2.90009
2.87803
2.85623
2.83398
2.81275
2.79228
2.7721
2.75207
2.73223
2.71251
2.69289
2.67321
2.65259
2.62651
2.59279
4.33523
4.02298
3.76332
3.54105
3.3741
3.22452
3.11165
2.98094
2.83039
2.665
2.46285
2.28341
2.16323
2.0982
2.02228
1.94784
1.85693
1.74333
1.63993
1.56872
1.53298
1.49952
1.47441
1.44047
1.40561
1.3646
1.33829
1.30578
1.29935
1.30567
1.43194
1.54636
1.65416
1.76661
1.85607
1.8453
1.83258
1.85897
1.878
1.91843
1.9577
2.00193
2.03373
2.07092
2.12231
2.18678
2.28218
2.41333
2.57081
2.74532
3.1054
3.35868
3.36895
3.38038
3.38852
3.40796
3.44212
3.46476
3.4681
3.46384
3.46204
3.45577
3.44375
3.43042
3.41244
3.39206
3.37192
3.34892
3.32262
3.29729
3.27303
3.24947
3.22564
3.20032
3.17471
3.14934
3.1245
3.10028
3.07592
3.05086
3.02559
3.0007
2.97617
2.95266
2.93019
2.9084
2.88697
2.86558
2.84359
2.82247
2.80211
2.78204
2.76206
2.7422
2.72239
2.70259
2.68265
2.66162
2.63551
2.60128
4.39563
4.0851
3.81889
3.5683
3.42704
3.27111
3.17775
3.07197
2.94189
2.79209
2.64069
2.45264
2.31869
2.24269
2.17908
2.11337
2.05323
1.97371
1.86609
1.76752
1.7098
1.68124
1.65953
1.62829
1.6024
1.56312
1.54578
1.52127
1.56092
1.62735
1.91849
2.03991
2.14285
2.22108
2.19688
2.13156
2.07478
2.05433
2.04448
2.0401
2.0299
2.04092
2.047
2.06001
2.07489
2.10042
2.14195
2.19517
2.28338
2.43316
2.6215
2.86133
3.23183
3.43159
3.41013
3.38888
3.39769
3.42194
3.43754
3.4451
3.44388
3.44204
3.43311
3.42328
3.41376
3.39864
3.37209
3.34558
3.32113
3.29889
3.27669
3.25336
3.22844
3.20327
3.17869
3.15497
3.13145
3.10698
3.08097
3.05553
3.03088
3.00689
2.98361
2.96101
2.93886
2.91698
2.89517
2.8729
2.85045
2.82885
2.80803
2.78762
2.76742
2.74741
2.72755
2.70775
2.68784
2.66681
2.64076
2.60584
4.45886
4.15586
3.87933
3.63467
3.45347
3.3055
3.21381
3.11698
3.00634
2.88064
2.74024
2.58121
2.43396
2.33146
2.26835
2.21801
2.16494
2.10638
2.02625
1.93651
1.8601
1.81512
1.79154
1.77071
1.75007
1.72928
1.72318
1.73731
1.83262
2.12542
2.45648
2.54949
2.59915
2.56916
2.47282
2.40813
2.35635
2.30929
2.26146
2.21537
2.16569
2.12739
2.09205
2.07731
2.07551
2.08345
2.08834
2.10106
2.1393
2.20004
2.29233
2.46175
2.63379
3.08241
3.41924
3.42052
3.40904
3.39185
3.39625
3.41322
3.42985
3.42963
3.42522
3.41269
3.40198
3.39081
3.37499
3.35157
3.32694
3.30167
3.2797
3.25901
3.23824
3.21552
3.19066
3.16489
3.13953
3.11478
3.09022
3.06588
3.04207
3.01912
2.99663
2.97462
2.95282
2.93095
2.90894
2.88648
2.86419
2.84265
2.82175
2.80123
2.78084
2.76041
2.7399
2.71925
2.6984
2.67646
2.64946
2.61351
4.53272
4.24819
3.96589
3.71581
3.50667
3.35965
3.23655
3.14203
3.05003
2.94127
2.81357
2.6906
2.54124
2.41702
2.34387
2.30081
2.24687
2.18982
2.14174
2.07085
2.00227
1.93776
1.89274
1.87212
1.85747
1.85775
1.88052
1.9921
2.16577
2.76791
2.93211
2.97371
2.94874
2.81999
2.72059
2.63903
2.56682
2.50257
2.43176
2.3738
2.32614
2.27299
2.22542
2.17112
2.12946
2.09679
2.08183
2.08517
2.08777
2.09591
2.13103
2.20895
2.33817
2.54132
2.8049
3.24832
3.46877
3.468
3.40632
3.40627
3.41339
3.4406
3.44056
3.42754
3.41471
3.40339
3.39085
3.373
3.35089
3.32863
3.30851
3.28733
3.26468
3.24104
3.21672
3.19232
3.16781
3.14105
3.11542
3.09127
3.06784
3.04522
3.02346
3.0022
2.98044
2.95841
2.93618
2.91366
2.89105
2.86903
2.84747
2.82615
2.80462
2.78288
2.76092
2.73871
2.71628
2.69277
2.66395
2.62625
4.58358
4.32626
4.05158
3.79521
3.58042
3.42199
3.28145
3.18347
3.08189
2.97385
2.86277
2.74826
2.62826
2.50181
2.41401
2.35055
2.30396
2.26356
2.20899
2.14488
2.10009
2.03462
1.96924
1.94723
1.94168
1.9582
2.04445
2.25334
2.73227
3.27162
3.29295
3.25483
3.16839
3.07093
2.96751
2.86829
2.77812
2.68106
2.60032
2.53149
2.46044
2.39139
2.3353
2.28563
2.23924
2.18519
2.13917
2.10074
2.0775
2.07777
2.08923
2.10735
2.1559
2.25069
2.41302
2.58523
3.05543
3.42077
3.46632
3.44739
3.39373
3.38347
3.39971
3.4009
3.4019
3.3952
3.37945
3.36381
3.35037
3.33553
3.31608
3.29319
3.26876
3.24669
3.22497
3.20217
3.17805
3.15037
3.12481
3.10191
3.08067
3.06058
3.04086
3.02055
2.99924
2.97723
2.95474
2.93206
2.90941
2.88712
2.86515
2.84353
2.82192
2.80016
2.77814
2.75583
2.73317
2.70927
2.67986
2.64043
4.637
4.39714
4.13894
3.88703
3.67182
3.49571
3.34594
3.23446
3.12184
3.01963
2.91747
2.79426
2.68456
2.58166
2.47717
2.39742
2.35116
2.29923
2.24947
2.20834
2.17542
2.09914
2.02522
2.00424
2.0112
2.06958
2.29609
2.65851
3.31056
3.46365
3.47033
3.42507
3.34316
3.24549
3.14034
3.03396
2.93529
2.83998
2.75458
2.66952
2.59046
2.52403
2.46878
2.39883
2.33357
2.28746
2.23865
2.19431
2.14362
2.10736
2.09748
2.09483
2.1062
2.11949
2.17026
2.29037
2.49154
2.71893
3.2285
3.48139
3.50822
3.39671
3.36568
3.37445
3.38378
3.38045
3.37603
3.36643
3.35557
3.33355
3.31394
3.29459
3.27476
3.25383
3.23317
3.20951
3.18494
3.16116
3.13738
3.11483
3.09361
3.07322
3.05296
3.03251
3.01161
2.99025
2.96859
2.94612
2.92314
2.90047
2.87798
2.85581
2.83376
2.81179
2.78971
2.76737
2.74463
2.72055
2.69109
2.6503
4.66918
4.44623
4.21412
3.95656
3.74689
3.58045
3.42345
3.29307
3.18422
3.08012
2.97183
2.86193
2.72845
2.6431
2.54625
2.45075
2.3838
2.33557
2.29229
2.2574
2.22202
2.14204
2.08711
2.07622
2.11545
2.29082
2.53671
3.2264
3.58433
3.59078
3.56625
3.51886
3.45318
3.37413
3.28305
3.18718
3.08151
2.98196
2.8907
2.80091
2.72118
2.65329
2.57571
2.50086
2.45099
2.39472
2.34008
2.29492
2.25623
2.21918
2.17964
2.13182
2.0997
2.09115
2.08882
2.12139
2.18725
2.34365
2.56426
2.96333
3.36531
3.47981
3.46883
3.36842
3.32401
3.32859
3.33692
3.34502
3.34087
3.32103
3.296
3.2787
3.26452
3.24914
3.22982
3.20689
3.17712
3.15172
3.13026
3.10999
3.08987
3.06972
3.04941
3.02923
3.00918
2.98893
2.96826
2.94674
2.9243
2.902
2.8798
2.8578
2.83577
2.81369
2.79128
2.7684
2.74494
2.72011
2.69008
2.64794
4.69858
4.48979
4.28697
4.03067
3.81087
3.65411
3.50141
3.3663
3.2562
3.14675
3.03387
2.93131
2.80378
2.68876
2.61134
2.50741
2.42031
2.36881
2.32644
2.28359
2.23499
2.1771
2.1693
2.19205
2.31983
2.52188
3.18634
3.64556
3.65467
3.64773
3.62536
3.58869
3.53677
3.47072
3.39184
3.30255
3.20699
3.11134
3.0187
2.92698
2.84736
2.7647
2.68545
2.62673
2.56389
2.49953
2.45264
2.39971
2.35171
2.2998
2.25325
2.21334
2.16737
2.1282
2.07049
2.06519
2.0704
2.1283
2.24323
2.42664
2.62414
3.13972
3.44633
3.45046
3.39461
3.32402
3.3007
3.3153
3.31873
3.31726
3.30506
3.28841
3.26541
3.24465
3.2238
3.20221
3.17855
3.14994
3.12639
3.10657
3.08752
3.06878
3.04966
3.02973
3.00932
2.98899
2.96883
2.94834
2.92707
2.90515
2.88289
2.86048
2.83781
2.81492
2.79161
2.76783
2.74356
2.718
2.68729
2.64338
4.70385
4.5208
4.33628
4.10046
3.86919
3.71777
3.57427
3.43175
3.32571
3.22164
3.11465
3.0001
2.88398
2.75684
2.6718
2.58744
2.48001
2.40911
2.35761
2.30533
2.25486
2.24153
2.26107
2.37634
2.57226
3.17678
3.65948
3.69535
3.69735
3.68658
3.66686
3.63679
3.59528
3.5396
3.47209
3.39601
3.31339
3.22716
3.13571
3.0492
2.9655
2.87539
2.80767
2.74022
2.66693
2.61174
2.54948
2.48572
2.42644
2.36815
2.31976
2.27084
2.22484
2.1769
2.12232
2.06497
2.06106
2.06731
2.08123
2.14347
2.29377
2.51687
2.79621
3.24401
3.44629
3.45877
3.34024
3.27132
3.26691
3.28435
3.28463
3.2793
3.26439
3.24393
3.21778
3.19683
3.17596
3.15265
3.13137
3.1124
3.09349
3.07425
3.05506
3.03576
3.01581
2.99525
2.97453
2.95308
2.93076
2.90798
2.88488
2.86185
2.83863
2.81518
2.79129
2.76688
2.74185
2.7154
2.6837
2.63825
4.72316
4.56143
4.3877
4.17174
3.92764
3.76992
3.6431
3.49059
3.37736
3.28325
3.18891
3.07879
2.9625
2.83998
2.73909
2.6554
2.54986
2.47649
2.3762
2.33352
2.31713
2.33361
2.42621
2.65379
3.17872
3.69554
3.75025
3.75631
3.73051
3.71302
3.69514
3.67228
3.64028
3.59715
3.54139
3.47707
3.40468
3.32748
3.24375
3.16368
3.07076
2.9885
2.91706
2.83941
2.77167
2.69996
2.62483
2.55915
2.49695
2.44648
2.39584
2.3407
2.28829
2.24006
2.19912
2.1348
2.09177
2.04847
2.04136
2.05678
2.10556
2.19051
2.36386
2.55401
3.04152
3.39833
3.41303
3.38377
3.3
3.24647
3.24418
3.24513
3.24344
3.23807
3.22884
3.19666
3.16509
3.14554
3.12736
3.11128
3.09569
3.07944
3.05996
3.04059
3.02149
3.00245
2.98295
2.96247
2.93916
2.91475
2.89054
2.86696
2.84328
2.81912
2.79412
2.76825
2.74168
2.7138
2.68075
2.6337
4.68578
4.58343
4.44493
4.2607
4.01132
3.82199
3.71229
3.55583
3.42288
3.33551
3.24942
3.15007
3.03548
2.92092
2.81653
2.72157
2.63625
2.50792
2.42812
2.38854
2.39618
2.47551
2.72962
3.19166
3.77586
3.8553
3.86211
3.7986
3.76351
3.74733
3.73225
3.71362
3.68704
3.65171
3.60599
3.54988
3.48558
3.41315
3.33564
3.25153
3.16512
3.0903
3.01182
2.92953
2.85304
2.76529
2.69616
2.6331
2.5713
2.51954
2.46196
2.40532
2.35455
2.30561
2.25139
2.20264
2.15548
2.09693
2.07417
2.04919
2.05129
2.07018
2.12472
2.2572
2.43664
2.62798
3.09511
3.37103
3.37211
3.32263
3.24048
3.20111
3.1982
3.21025
3.2121
3.20519
3.17953
3.14188
3.11765
3.10191
3.08796
3.07419
3.05834
3.03992
3.02009
3.00086
2.98163
2.96093
2.93827
2.91317
2.88789
2.86357
2.83938
2.81501
2.7903
2.76498
2.73886
2.71101
2.67728
2.62863
4.6942
4.58501
4.46248
4.31826
4.10091
3.87725
3.75923
3.62439
3.46835
3.37513
3.29739
3.20965
3.08884
2.9744
2.88192
2.80336
2.70503
2.56782
2.50853
2.49165
2.5383
2.76643
3.15746
3.83877
3.98611
3.99636
3.91365
3.85595
3.82685
3.80591
3.78542
3.76271
3.73592
3.70281
3.66281
3.61332
3.55533
3.48882
3.4168
3.33737
3.25943
3.17843
3.08969
3.00446
2.9211
2.84916
2.78149
2.71502
2.65286
2.5837
2.52868
2.47878
2.43058
2.3695
2.31919
2.26422
2.21363
2.17533
2.14117
2.09316
2.05014
2.04289
2.04934
2.07022
2.12354
2.26026
2.47481
2.8458
3.26251
3.34559
3.34083
3.24462
3.18632
3.1724
3.17821
3.17545
3.16426
3.14686
3.12057
3.0964
3.08153
3.06929
3.05609
3.0402
3.02173
3.00171
2.98102
2.95835
2.93338
2.90744
2.88181
2.85717
2.83298
2.80858
2.78374
2.75807
2.7313
2.70262
2.66797
2.61819
4.55365
4.58257
4.50101
4.38304
4.20398
3.9592
3.80495
3.6865
3.5307
3.42205
3.3393
3.25983
3.15081
3.01987
2.928
2.86706
2.74671
2.6574
2.62952
2.65013
2.82612
3.1186
3.88576
4.12812
4.14881
4.05801
3.97896
3.93116
3.89165
3.85932
3.83294
3.80555
3.7762
3.7429
3.70442
3.65978
3.60823
3.55009
3.48456
3.41384
3.33789
3.25193
3.16987
3.09152
3.01154
2.93896
2.86372
2.79082
2.7233
2.66199
2.60235
2.54757
2.48638
2.43054
2.36584
2.31373
2.26457
2.21939
2.17686
2.13536
2.08385
2.05272
2.04324
2.01026
2.019
2.07048
2.16766
2.3374
2.52246
3.02017
3.3128
3.32081
3.2914
3.20428
3.14104
3.13944
3.13578
3.12834
3.1184
3.10446
3.08553
3.06852
3.05499
3.04066
3.02468
3.00666
2.98635
2.96278
2.93182
2.9035
2.87696
2.85139
2.82662
2.80158
2.77575
2.7489
2.72104
2.69146
2.65592
2.60515
4.52595
4.55071
4.47424
4.37847
4.26091
4.04955
3.8653
3.74813
3.59746
3.46666
3.38035
3.30372
3.21624
3.07965
2.96914
2.89275
2.80095
2.76229
2.78072
2.93071
3.17671
3.94977
4.28263
4.3091
4.21758
4.13466
4.07714
4.02167
3.96712
3.91976
3.88061
3.8469
3.81216
3.77584
3.73676
3.69426
3.64724
3.59544
3.53689
3.47262
3.40199
3.3278
3.25022
3.17014
3.09038
3.00947
2.93395
2.86301
2.79442
2.7322
2.67035
2.60961
2.54839
2.4898
2.4306
2.37411
2.31762
2.274
2.23284
2.19497
2.16068
2.12604
2.08745
2.05042
2.0009
2.00564
2.01874
2.07249
2.21893
2.42616
2.68846
3.1143
3.29462
3.29323
3.23443
3.15386
3.10181
3.1019
3.10013
3.09665
3.08933
3.07634
3.06178
3.04524
3.02783
3.00857
2.98649
2.96211
2.93411
2.90214
2.87299
2.84614
2.82065
2.79504
2.76864
2.741
2.71205
2.68126
2.6447
2.59357
3.9951
4.45288
4.48304
4.38703
4.27998
4.12377
3.92835
3.81574
3.66515
3.52214
3.43183
3.35119
3.27091
3.14815
3.01566
2.92264
2.88492
2.90136
3.03735
3.25706
4.03285
4.4586
4.473
4.35933
4.27038
4.21274
4.15443
4.09253
4.02675
3.969
3.92071
3.88001
3.84241
3.80429
3.76485
3.72351
3.67917
3.63135
3.57903
3.52155
3.45862
3.39006
3.31692
3.24015
3.16117
3.08326
3.00653
2.93226
2.86378
2.79593
2.7349
2.67139
2.61388
2.54618
2.49015
2.42361
2.36849
2.32611
2.2745
2.23725
2.19202
2.15309
2.12021
2.09208
2.03538
1.9945
1.98608
1.99882
2.02411
2.08875
2.2482
2.4379
2.93416
3.25171
3.2713
3.25923
3.1718
3.10662
3.07673
3.07629
3.07559
3.07368
3.06343
3.04608
3.02406
3.00255
2.98131
2.95704
2.92577
2.89325
2.86371
2.83653
2.81118
2.78579
2.75894
2.73068
2.70132
2.67055
2.63364
2.5812
3.02719
4.33839
4.42041
4.40502
4.29185
4.16322
3.98822
3.86216
3.73576
3.57277
3.46517
3.39508
3.32755
3.19381
3.07921
3.01317
3.02159
3.14857
3.38924
4.11221
4.62969
4.64173
4.50537
4.40427
4.34606
4.28804
4.22713
4.16203
4.09506
4.03243
3.97729
3.92727
3.88221
3.84009
3.798
3.75522
3.71104
3.66488
3.61527
3.56164
3.50299
3.43962
3.37146
3.29939
3.22435
3.14756
3.07047
2.99655
2.92532
2.85807
2.79257
2.73088
2.66853
2.60506
2.53518
2.47708
2.4273
2.37549
2.32438
2.28393
2.24666
2.2166
2.18505
2.14573
2.1109
2.04952
2.00528
1.97711
1.95097
1.97016
2.03922
2.16499
2.35818
2.60465
3.03865
3.24765
3.2476
3.19411
3.10879
3.05803
3.05401
3.05407
3.05228
3.04406
3.02711
3.00236
2.97208
2.93887
2.9084
2.8805
2.85223
2.82278
2.79708
2.77219
2.74612
2.71827
2.68853
2.6578
2.62239
2.57032
2.10241
3.60567
4.41315
4.44753
4.37462
4.21463
4.0798
3.93385
3.81701
3.64515
3.5007
3.42515
3.34978
3.24293
3.16733
3.16209
3.27604
3.53714
4.2447
4.81412
4.82123
4.68424
4.56048
4.49377
4.43086
4.36824
4.30361
4.23539
4.16609
4.09809
4.03425
3.97605
3.92075
3.87187
3.8255
3.78031
3.73459
3.68782
3.63926
3.58833
3.53396
3.47545
3.41243
3.34528
3.27482
3.20127
3.12762
3.05514
2.98512
2.91803
2.85299
2.79051
2.7266
2.66501
2.59778
2.53377
2.47929
2.42458
2.38928
2.34659
2.31188
2.27266
2.23071
2.18437
2.1341
2.08865
2.05226
1.99863
1.97632
1.96935
1.97742
2.00523
2.0795
2.22996
2.40711
2.85343
3.17412
3.20241
3.18769
3.13284
3.07204
3.02874
3.02625
3.02299
3.01414
2.99512
2.97302
2.93189
2.8956
2.86815
2.84237
2.81468
2.78655
2.75976
2.73187
2.70224
2.67293
2.64355
2.60975
2.5578
1.5152
2.57178
3.97354
4.38258
4.42819
4.27094
4.11843
3.9935
3.88952
3.74627
3.56997
3.46376
3.36671
3.32015
3.30998
3.41709
3.68426
4.41582
5.03703
5.03547
4.90244
4.7538
4.67344
4.60246
4.53315
4.46215
4.38885
4.31632
4.24414
4.17282
4.10324
4.03666
3.97105
3.90951
3.85469
3.80325
3.75381
3.70482
3.65582
3.60584
3.55409
3.49948
3.44129
3.3793
3.31409
3.24653
3.17788
3.10913
3.0414
2.97596
2.91097
2.84716
2.78185
2.71643
2.64709
2.58303
2.5222
2.47024
2.43012
2.38942
2.34768
2.30381
2.26217
2.22044
2.17898
2.13503
2.0966
2.06604
2.01466
1.97966
1.95735
1.95633
1.97658
2.02689
2.13703
2.31993
2.51182
2.9264
3.14749
3.1512
3.12509
3.06908
3.01921
2.99794
2.98865
2.9752
2.95439
2.92938
2.89409
2.85653
2.82704
2.79876
2.77013
2.74265
2.71602
2.68821
2.65881
2.62998
2.59813
2.546
1.48894
1.75579
3.0075
4.23214
4.3365
4.31336
4.18657
4.04609
3.92943
3.83417
3.63208
3.49642
3.45576
3.45017
3.55728
3.83416
4.57979
5.27309
5.24961
5.12658
4.94265
4.84253
4.7695
4.69844
4.62388
4.53857
4.45741
4.37996
4.30397
4.22894
4.15465
4.08136
4.01069
3.94199
3.87856
3.82046
3.76714
3.71713
3.66773
3.61832
3.56812
3.51616
3.46162
3.40465
3.34504
3.28404
3.22167
3.15891
3.09482
3.03182
2.96829
2.90559
2.8411
2.77619
2.70443
2.64342
2.58476
2.53451
2.4796
2.43742
2.39064
2.35015
2.30985
2.26839
2.22919
2.18294
2.14233
2.09951
2.0573
2.02548
1.9821
1.9548
1.95446
1.96483
1.99372
2.03773
2.15546
2.33986
2.70394
3.00921
3.1072
3.10685
3.07903
3.00485
2.94963
2.93444
2.91854
2.89982
2.87724
2.84922
2.81115
2.78019
2.75286
2.72674
2.70097
2.67475
2.64767
2.62101
2.59069
2.53683
1.38196
1.52003
1.99159
3.37912
4.27406
4.315
4.24834
4.13176
4.01031
3.87971
3.7032
3.57841
3.58334
3.70624
4.00986
4.77571
5.54244
5.51961
5.39469
5.1651
5.0404
4.95319
4.87229
4.79201
4.70169
4.61353
4.53035
4.44919
4.36882
4.28877
4.21023
4.13358
4.05963
3.98655
3.9171
3.85149
3.7922
3.73852
3.68832
3.63834
3.58868
3.53789
3.48583
3.43188
3.3767
3.32003
3.26274
3.20409
3.14467
3.08375
3.02259
2.96008
2.89635
2.83012
2.75945
2.6933
2.63678
2.58202
2.52894
2.47949
2.43314
2.38929
2.34519
2.30314
2.25895
2.21652
2.17824
2.13716
2.10289
2.06698
2.03203
2.00122
1.96193
1.93292
1.92369
1.926
1.95237
2.04172
2.18964
2.35341
2.76654
3.02972
3.05332
3.03893
2.97214
2.9091
2.87055
2.85375
2.83428
2.81191
2.78796
2.76012
2.73152
2.70369
2.67744
2.65341
2.62874
2.60119
2.57072
2.51906
1.39693
1.44264
1.50403
2.39659
3.74605
4.2309
4.30669
4.20124
4.08621
3.9036
3.7924
3.75268
3.85515
4.17569
4.9679
5.77485
5.75225
5.62968
5.36927
5.22479
5.13151
5.03897
4.95049
4.85997
4.76881
4.68192
4.59751
4.51447
4.43058
4.34774
4.26682
4.18752
4.11054
4.03575
3.96314
3.89368
3.82744
3.76867
3.71483
3.66353
3.61172
3.56022
3.50719
3.45447
3.40161
3.34836
3.29427
3.23907
3.18291
3.12533
3.0665
3.00582
2.94424
2.87487
2.8084
2.74175
2.68139
2.6265
2.5761
2.52618
2.47761
2.43086
2.38338
2.3381
2.29289
2.25108
2.20741
2.16966
2.1282
2.09306
2.05723
2.01994
1.98342
1.94933
1.91467
1.90242
1.87683
1.875
1.91997
2.03776
2.21506
2.50513
2.81478
2.92522
2.93493
2.91272
2.84179
2.79217
2.76571
2.75015
2.73597
2.71747
2.68624
2.65975
2.63707
2.61393
2.59088
2.56696
2.54349
2.49208
1.40973
1.36943
1.47497
1.6784
2.81086
3.98966
4.18891
4.18335
4.06231
3.95168
3.94169
4.07431
4.41441
5.28378
6.1127
6.07349
5.9282
5.64303
5.47664
5.38177
5.28208
5.17913
5.0753
4.97512
4.87947
4.78499
4.69262
4.60216
4.51363
4.4274
4.3438
4.26224
4.18232
4.10293
4.02454
3.94874
3.87226
3.80422
3.74435
3.68736
3.63218
3.57702
3.52251
3.46827
3.41615
3.36433
3.31242
3.25988
3.20639
3.15147
3.09472
3.03562
2.97372
2.90784
2.84072
2.7765
2.71733
2.66163
2.60835
2.55521
2.50412
2.4532
2.40576
2.35878
2.31609
2.27056
2.22763
2.18293
2.14158
2.10435
2.06646
2.02921
1.99315
1.95622
1.92254
1.87197
1.83717
1.79751
1.79719
1.81917
1.88535
2.02347
2.16295
2.48572
2.74136
2.78496
2.7871
2.76083
2.7099
2.67054
2.6574
2.64302
2.61835
2.60024
2.58349
2.55656
2.53381
2.51485
2.49817
2.44684
1.40452
1.40928
1.37121
1.49509
1.84777
3.05907
4.0347
4.151
4.08776
4.08172
4.2636
4.6257
5.62278
6.46469
6.42095
6.19992
5.90101
5.72827
5.6288
5.52908
5.41803
5.30403
5.19391
5.08877
4.98435
4.88096
4.78018
4.68289
4.58906
4.49868
4.41107
4.32559
4.24086
4.15719
4.0735
3.99284
3.911
3.83437
3.76649
3.70419
3.64365
3.58501
3.52403
3.46666
3.41473
3.36505
3.31519
3.2647
3.21358
3.16111
3.10651
3.04948
2.98941
2.92374
2.86033
2.79953
2.74096
2.68426
2.62843
2.57414
2.51957
2.46887
2.41794
2.37095
2.3249
2.27813
2.23188
2.18412
2.13996
2.09713
2.05636
2.01376
1.97316
1.92947
1.88897
1.84682
1.80756
1.7548
1.7077
1.70021
1.70755
1.72798
1.7973
1.91256
2.19407
2.4799
2.61625
2.64287
2.64654
2.59559
2.5516
2.52864
2.52043
2.51051
2.49878
2.48192
2.46573
2.4492
2.43742
2.39228
1.40805
1.40839
1.40144
1.42804
1.53001
2.15932
3.39303
4.01265
4.12889
4.42071
4.8036
6.07717
6.82835
6.76542
6.43934
6.10304
5.9436
5.85174
5.76357
5.65913
5.5392
5.42032
5.30615
5.19307
5.07644
4.96241
4.85415
4.75048
4.65094
4.55557
4.46425
4.37583
4.28745
4.19957
4.1117
4.02615
3.93974
3.8571
3.78397
3.7167
3.65162
3.58829
3.52168
3.45566
3.40009
3.34985
3.29975
3.24899
3.1973
3.14411
3.08856
3.03153
2.9685
2.90553
2.84468
2.78532
2.72632
2.66899
2.61147
2.55404
2.49758
2.44232
2.39026
2.34037
2.29123
2.24284
2.19158
2.14324
2.09404
2.04662
2.00178
1.95944
1.9172
1.87653
1.83511
1.79554
1.75695
1.72183
1.67579
1.6391
1.60717
1.58311
1.59368
1.66894
1.79414
1.92657
2.21451
2.42178
2.46826
2.47845
2.46482
2.43578
2.4051
2.38445
2.37482
2.37205
2.36601
2.3571
2.35345
2.32024
1.40836
1.40811
1.40836
1.39367
1.44213
1.53727
2.4086
3.49807
4.22587
5.03283
6.61187
7.2274
7.1619
6.75367
6.41578
6.24035
6.11713
6.00565
5.89163
5.76374
5.6508
5.53967
5.42535
5.30738
5.18296
5.05973
4.94298
4.83155
4.72419
4.62047
4.5202
4.42348
4.32541
4.22902
4.13244
4.03788
3.94408
3.85178
3.76876
3.6919
3.61717
3.54359
3.46884
3.38955
3.32413
3.26792
3.21349
3.15895
3.10433
3.04856
2.99175
2.93135
2.8688
2.80896
2.75148
2.6937
2.63593
2.57915
2.52181
2.46541
2.41017
2.35666
2.30616
2.25904
2.21387
2.16803
2.12239
2.07725
2.03371
1.99163
1.94936
1.9089
1.86926
1.83092
1.79278
1.75692
1.72084
1.68585
1.64821
1.615
1.56608
1.53061
1.5256
1.5392
1.58198
1.66591
1.75283
1.99013
2.22654
2.33638
2.35524
2.35794
2.32199
2.27722
2.25231
2.24379
2.23982
2.23703
2.23392
2.23337
1.40849
1.40818
1.40733
1.40986
1.38269
1.48998
1.72139
2.61362
4.1798
6.75493
7.09766
7.05495
6.63981
6.30886
6.19016
6.14294
6.08281
6.00909
5.90331
5.77424
5.65027
5.5298
5.40713
5.28417
5.16363
5.03722
4.90959
4.78691
4.66954
4.55538
4.44501
4.33839
4.23326
4.12893
4.02318
3.919
3.81375
3.71193
3.6198
3.53444
3.45129
3.37127
3.28634
3.20199
3.1324
3.07513
3.02092
2.96853
2.91705
2.86564
2.8143
2.75961
2.70719
2.65872
2.61079
2.56375
2.51654
2.46915
2.4212
2.37358
2.32764
2.28257
2.23945
2.19995
2.16135
2.12196
2.07997
2.04033
2.00092
1.96139
1.92115
1.88238
1.84497
1.80944
1.7743
1.74051
1.70731
1.6741
1.64009
1.60667
1.57489
1.52687
1.50085
1.49541
1.49551
1.51303
1.57813
1.68093
1.79838
2.0444
2.2208
2.24533
2.25243
2.22875
2.19497
2.17145
2.16366
2.15428
2.15188
2.17369
1.40845
1.40841
1.40933
1.39987
1.4067
1.37866
1.69456
2.16562
5.04032
6.44499
6.52751
6.06044
5.7239
5.6677
5.63324
5.61661
5.59307
5.56178
5.50637
5.41999
5.32384
5.21612
5.09599
4.97723
4.8636
4.75175
4.63372
4.51242
4.39099
4.27257
4.15872
4.05026
3.94654
3.84687
3.74891
3.65373
3.55801
3.46702
3.38444
3.30772
3.23378
3.16163
3.09183
3.01773
2.95704
2.9085
2.86408
2.82076
2.77764
2.7348
2.69078
2.64561
2.60379
2.56483
2.52583
2.48744
2.4487
2.40967
2.37015
2.33139
2.29412
2.25422
2.21489
2.18094
2.14716
2.10841
2.06872
2.03176
1.99486
1.95676
1.918
1.88114
1.84671
1.81379
1.78095
1.74834
1.71551
1.68294
1.64846
1.61402
1.58028
1.54921
1.51534
1.48246
1.46614
1.45913
1.46972
1.5237
1.60453
1.69224
1.92908
2.1123
2.15643
2.16025
2.14893
2.11225
2.08655
2.08573
2.09795
2.15949
1.40845
1.40843
1.40829
1.40752
1.39776
1.42809
1.81803
2.63211
6.49637
6.35213
5.81138
5.60816
5.61286
5.61284
5.57079
5.50707
5.40603
5.30932
5.21265
5.11337
5.01138
4.89851
4.78365
4.67065
4.5578
4.44774
4.33935
4.23313
4.12994
4.02907
3.93148
3.83792
3.7488
3.66419
3.58213
3.50234
3.42265
3.34523
3.27432
3.20808
3.14359
3.07994
3.01823
2.95295
2.898
2.85325
2.81224
2.77203
2.73172
2.69174
2.64958
2.6092
2.57313
2.53807
2.50351
2.46892
2.43569
2.40243
2.36892
2.33574
2.30247
2.26514
2.23004
2.19679
2.162
2.12399
2.08727
2.05043
2.01276
1.97471
1.93654
1.89871
1.86139
1.82545
1.79059
1.75692
1.7234
1.69029
1.65625
1.62173
1.58786
1.55789
1.52909
1.49992
1.47081
1.44621
1.43019
1.44949
1.4891
1.55285
1.621
1.85625
2.03317
2.08972
2.09745
2.08205
2.06918
2.06933
2.09103
2.25043
1.40845
1.40844
1.40832
1.40764
1.39763
1.42025
1.7708
2.63679
6.88901
6.31599
6.20154
6.08804
5.97028
5.8146
5.65747
5.53526
5.43989
5.34462
5.24429
5.14416
5.04083
4.93008
4.81615
4.70343
4.59225
4.48135
4.36956
4.25661
4.14872
4.04594
3.94795
3.85501
3.76692
3.68218
3.59858
3.51616
3.43415
3.3558
3.28252
3.21365
3.14754
3.08335
3.0216
2.95969
2.90589
2.85943
2.81656
2.77572
2.73522
2.69393
2.65168
2.61368
2.57907
2.5455
2.51298
2.48196
2.45191
2.42166
2.39098
2.3602
2.32739
2.29224
2.25881
2.22475
2.1887
2.15289
2.11646
2.07906
2.04148
2.00396
1.96623
1.92852
1.89004
1.85311
1.81788
1.78369
1.75018
1.71652
1.68323
1.64856
1.61541
1.58505
1.55637
1.52783
1.50179
1.46536
1.43485
1.43102
1.43602
1.46079
1.52501
1.59883
1.80886
1.99944
2.04981
2.06985
2.08381
2.1153
2.178
2.49343
1.40845
1.40845
1.40827
1.40773
1.39732
1.42395
1.78284
2.70348
7.05536
6.24239
6.11751
6.06821
6.00867
5.93333
5.84415
5.74718
5.64035
5.52539
5.40733
5.28889
5.16896
5.04724
4.92578
4.80633
4.689
4.57258
4.4577
4.34492
4.23498
4.12936
4.02909
3.93364
3.84221
3.75326
3.66651
3.58261
3.50118
3.42376
3.35112
3.28256
3.21681
3.15298
3.09135
3.02851
2.97168
2.92129
2.8748
2.83038
2.78724
2.74401
2.70299
2.66639
2.63254
2.59888
2.56674
2.53591
2.50555
2.47477
2.44381
2.41224
2.37931
2.34511
2.31052
2.27532
2.23954
2.2028
2.16492
2.12602
2.08661
2.04637
2.00592
1.96448
1.92396
1.88432
1.84687
1.81006
1.77456
1.73901
1.7042
1.66838
1.63445
1.60244
1.5732
1.54433
1.51546
1.48862
1.44977
1.41341
1.41143
1.41427
1.43758
1.50127
1.58577
1.77708
1.93603
2.05231
2.13524
2.26426
2.43045
2.827
1.40845
1.40845
1.40827
1.40777
1.39752
1.42211
1.7754
2.67106
7.08393
6.14664
6.10962
6.10796
6.06427
5.98888
5.88156
5.78241
5.68316
5.58078
5.4764
5.37067
5.26002
5.14347
5.02525
4.90697
4.78784
4.66938
4.55281
4.43875
4.32889
4.22338
4.1208
4.02068
3.92344
3.82863
3.73661
3.64874
3.56476
3.48558
3.41102
3.34002
3.27175
3.20533
3.13958
3.07393
3.01387
2.96003
2.91027
2.86281
2.81762
2.7735
2.7324
2.69577
2.66136
2.62662
2.59411
2.56331
2.53292
2.5022
2.47111
2.43936
2.40614
2.37167
2.33675
2.30116
2.26452
2.22673
2.18765
2.14763
2.10676
2.06554
2.0234
1.98133
1.93907
1.8984
1.85937
1.82238
1.78576
1.75007
1.71431
1.67887
1.64448
1.61292
1.58222
1.55336
1.52422
1.49482
1.46688
1.42633
1.39394
1.39009
1.39015
1.41718
1.48887
1.60515
1.76215
1.98188
2.21717
2.42582
2.78835
2.99381
1.40845
1.40845
1.40827
1.40776
1.39743
1.42279
1.77852
2.6892
7.1276
6.14
6.08292
6.07955
6.0393
5.97174
5.88373
5.79609
5.70282
5.60262
5.49889
5.39221
5.2804
5.164
5.04537
4.9262
4.80682
4.68844
4.57231
4.45917
4.35003
4.24305
4.13791
4.03605
3.93735
3.84182
3.75003
3.6624
3.57879
3.49971
3.42473
3.3528
3.28331
3.21571
3.14921
3.08377
3.02341
2.969
2.91886
2.87066
2.82525
2.78046
2.73955
2.70272
2.6678
2.63273
2.60031
2.56973
2.53953
2.50915
2.47841
2.44693
2.41406
2.37988
2.34491
2.30907
2.27236
2.23437
2.19504
2.15448
2.11314
2.07108
2.02864
1.98609
1.94359
1.90246
1.86329
1.82565
1.78873
1.75229
1.71657
1.68026
1.64618
1.61386
1.58363
1.55385
1.52496
1.49617
1.46667
1.43949
1.39432
1.36959
1.36872
1.37937
1.42274
1.52496
1.7046
1.96661
2.32872
2.77234
2.98279
2.95666
)
;

boundaryField
{
    inlet
    {
        type            calculated;
        value           uniform 1.40845;
    }
    outlet
    {
        type            calculated;
        value           nonuniform List<scalar> 
40
(
1.91616
2.09935
2.28611
2.40551
2.48295
2.53544
2.57034
2.59279
2.60128
2.60584
2.61351
2.62625
2.64043
2.6503
2.64794
2.64338
2.63825
2.6337
2.62863
2.61819
2.60515
2.59357
2.5812
2.57032
2.5578
2.546
2.53683
2.51906
2.49208
2.44684
2.39228
2.32024
2.23337
2.17369
2.15949
2.25043
2.49343
2.827
2.99381
2.95666
)
;
    }
    bottom
    {
        type            symmetryPlane;
    }
    top
    {
        type            symmetryPlane;
    }
    obstacle
    {
        type            calculated;
        value           nonuniform List<scalar> 
110
(
7.14284
7.1442
7.1254
7.09816
7.05371
6.99316
6.91638
6.79367
6.6261
6.37613
1.92071
1.95349
2.04098
1.75985
1.90235
1.87547
1.7491
1.51482
1.44925
1.43071
1.44072
1.44909
1.44947
1.4314
1.35838
1.29516
1.26298
1.25517
1.2562
1.26422
1.26517
1.26527
1.26183
1.25923
1.25328
1.24838
1.23992
1.23604
1.23444
1.23507
1.2401
1.26431
1.29061
1.33526
1.39673
1.46606
1.53907
1.60783
1.70589
1.776
1.84108
1.92254
1.99128
2.08982
2.17528
2.24633
2.30808
2.36648
2.41679
2.45347
2.49516
2.52676
2.54773
2.56751
2.57901
2.58704
2.59129
2.59206
2.58875
2.58233
2.57359
2.56318
2.55079
2.53675
2.52146
2.50526
2.48858
2.47093
2.45195
2.43264
2.41292
2.39274
2.37292
2.3532
2.33399
2.31463
2.29563
2.27665
2.25803
2.23955
2.22147
2.20342
2.18564
2.1677
2.15003
2.13219
2.11488
2.09762
2.08148
2.06573
2.05123
2.0368
2.02299
2.00899
1.99523
1.98111
1.96695
1.95498
1.93348
1.91616
)
;
    }
    defaultFaces
    {
        type            empty;
    }
}


// ************************************************************************* //
