/*--------------------------------*- C++ -*----------------------------------*\
| =========                 |                                                 |
| \\      /  F ield         | OpenFOAM: The Open Source CFD Toolbox           |
|  \\    /   O peration     | Version:  v2106                                 |
|   \\  /    A nd           | Website:  www.openfoam.com                      |
|    \\/     M anipulation  |                                                 |
\*---------------------------------------------------------------------------*/
FoamFile
{
    version     2.0;
    format      ascii;
    arch        "LSB;label=32;scalar=64";
    class       volScalarField;
    location    "1";
    object      Mo;
}
// * * * * * * * * * * * * * * * * * * * * * * * * * * * * * * * * * * * * * //

dimensions      [0 0 0 0 0 0 0];

internalField   nonuniform List<scalar> 
5250
(
3.01265
3.01265
3.01265
3.01265
3.01265
3.01265
3.01264
3.01256
3.01184
3.00648
2.95727
2.7856
2.17784
1.19573
0.348611
0.437838
0.405112
0.352096
0.305003
0.270699
0.225422
0.181891
0.134837
0.0881927
0.0356862
3.01265
3.01265
3.01265
3.01265
3.01265
3.01265
3.01264
3.01256
3.01186
3.00678
2.95891
2.79017
2.19073
1.21567
0.342525
0.436761
0.403893
0.350829
0.3048
0.272416
0.229805
0.188874
0.144933
0.102975
0.0646925
3.01265
3.01265
3.01265
3.01265
3.01265
3.01265
3.01264
3.01257
3.01191
3.00756
2.96237
2.80051
2.21856
1.26792
0.340972
0.438652
0.406184
0.354232
0.309496
0.281442
0.24307
0.204863
0.165191
0.129618
0.102462
3.01265
3.01265
3.01265
3.01265
3.01265
3.01265
3.01264
3.01259
3.012
3.0084
2.9672
2.81499
2.25399
1.32572
0.366365
0.448801
0.415611
0.364412
0.321139
0.295792
0.261091
0.227293
0.192855
0.162957
0.142388
3.01265
3.01265
3.01265
3.01265
3.01265
3.01265
3.01264
3.01261
3.01211
3.00909
2.97222
2.83039
2.29505
1.37396
0.427662
0.475469
0.43773
0.3808
0.336911
0.314815
0.285224
0.255512
0.225995
0.20118
0.187069
3.01265
3.01265
3.01265
3.01265
3.01265
3.01265
3.01264
3.01262
3.01217
3.00971
2.9765
2.84567
2.34244
1.41739
0.496282
0.511465
0.470325
0.40559
0.358169
0.339027
0.314205
0.2897
0.266313
0.246629
0.236606
3.01265
3.01265
3.01265
3.01265
3.01265
3.01265
3.01264
3.01262
3.0122
3.01032
2.98136
2.86394
2.39548
1.4678
0.558486
0.548892
0.506451
0.440922
0.387788
0.370111
0.349578
0.330076
0.311961
0.296359
0.296167
3.01265
3.01265
3.01265
3.01265
3.01265
3.01265
3.01264
3.01264
3.01225
3.01082
2.98637
2.88226
2.45537
1.52962
0.616043
0.58155
0.543456
0.48782
0.429107
0.407292
0.390635
0.377431
0.365458
0.361506
0.371011
3.01265
3.01265
3.01265
3.01265
3.01265
3.01265
3.01264
3.01264
3.01231
3.01119
2.99034
2.90179
2.52065
1.60699
0.68607
0.597192
0.582811
0.543625
0.487092
0.454608
0.440853
0.432228
0.429306
0.429355
0.469089
3.01265
3.01265
3.01265
3.01265
3.01265
3.01265
3.01264
3.01264
3.01236
3.01129
2.99639
2.9091
2.59834
1.703
0.794775
0.584289
0.602983
0.589611
0.555309
0.508605
0.497784
0.49121
0.50113
0.526285
0.64488
3.01265
3.01265
3.01265
3.01265
3.01265
3.01265
3.01265
3.01264
3.01249
3.01133
3.00215
2.92916
2.67811
1.8435
0.942739
0.561996
0.606281
0.608961
0.593511
0.561398
0.553244
0.559073
0.584105
0.662532
0.870051
3.01265
3.01265
3.01265
3.01265
3.01265
3.01265
3.01265
3.01264
3.01255
3.01165
3.00553
2.95039
2.76127
2.08492
1.14967
0.534469
0.599462
0.625789
0.620776
0.609602
0.605814
0.626896
0.667112
0.783848
0.991398
3.01265
3.01265
3.01265
3.01265
3.01265
3.01265
3.01265
3.01264
3.01259
3.01204
3.00831
2.96695
2.8169
2.26325
1.39259
0.567686
0.59413
0.623201
0.630805
0.646175
0.65582
0.685717
0.729134
0.835711
0.993817
3.01265
3.01265
3.01265
3.01265
3.01265
3.01265
3.01265
3.01264
3.01261
3.01224
3.00983
2.97854
2.85447
2.37957
1.53238
0.681039
0.628199
0.633154
0.640931
0.660303
0.687053
0.727811
0.776315
0.870716
0.991058
3.01265
3.01265
3.01265
3.01265
3.01265
3.01265
3.01265
3.01264
3.01263
3.01225
3.01103
2.98626
2.89582
2.49145
1.64448
0.830197
0.66733
0.65932
0.662622
0.68005
0.71098
0.754512
0.806154
0.886908
0.997361
3.01265
3.01265
3.01265
3.01265
3.01265
3.01265
3.01265
3.01264
3.01264
3.01239
3.01113
2.99779
2.91467
2.61502
1.7777
1.01691
0.705971
0.703207
0.702392
0.712241
0.738067
0.778497
0.828019
0.900983
1.00005
3.01265
3.01265
3.01265
3.01265
3.01265
3.01265
3.01265
3.01265
3.01264
3.01256
3.01166
3.00677
2.94453
2.74357
1.99412
1.27958
0.719836
0.742681
0.749487
0.755755
0.771044
0.804306
0.849337
0.914618
1.00065
3.01265
3.01265
3.01265
3.01265
3.01265
3.01265
3.01265
3.01265
3.01264
3.01262
3.01206
3.0091
2.97016
2.83567
2.31594
1.53565
0.819544
0.782637
0.785796
0.792055
0.805875
0.833625
0.873225
0.931049
1.00635
3.01265
3.01265
3.01265
3.01265
3.01265
3.01265
3.01265
3.01265
3.01264
3.01264
3.01221
3.0108
2.98617
2.88154
2.491
1.70819
1.00035
0.820932
0.820873
0.827459
0.841974
0.867163
0.901607
0.951895
1.01737
3.01265
3.01265
3.01265
3.01265
3.01265
3.01265
3.01265
3.01265
3.01265
3.01263
3.01247
3.01122
3.00121
2.92028
2.65728
1.87078
1.24978
0.852084
0.860349
0.867502
0.878427
0.898518
0.927805
0.970508
1.02849
3.01265
3.01265
3.01265
3.01265
3.01265
3.01265
3.01265
3.01265
3.01265
3.01263
3.01263
3.01173
3.00799
2.95309
2.81683
2.23628
1.52633
0.907893
0.891811
0.898092
0.908591
0.926081
0.95108
0.986301
1.03619
3.01265
3.01265
3.01265
3.01265
3.01265
3.01265
3.01265
3.01265
3.01265
3.01264
3.01263
3.01216
3.00995
2.98373
2.85639
2.47521
1.73625
1.07697
0.921822
0.920388
0.930452
0.947743
0.97153
1.0027
1.04503
3.01265
3.01265
3.01265
3.01265
3.01265
3.01265
3.01265
3.01265
3.01265
3.01265
3.01263
3.01252
3.01115
3.00731
2.90339
2.6764
1.90865
1.32644
0.95547
0.949661
0.959179
0.974344
0.995494
1.02204
1.05692
3.01265
3.01265
3.01265
3.01265
3.01265
3.01265
3.01265
3.01265
3.01265
3.01265
3.01263
3.01262
3.0118
3.00845
2.959
2.81692
2.25373
1.60096
1.02545
0.982204
0.985701
0.999053
1.01759
1.03988
1.06926
3.01265
3.01265
3.01265
3.01265
3.01265
3.01265
3.01265
3.01265
3.01265
3.01265
3.01264
3.0126
3.01226
3.0097
2.98725
2.8632
2.53858
1.83086
1.22529
1.01665
1.01218
1.02347
1.03819
1.05745
1.08213
3.01265
3.01265
3.01265
3.01265
3.01265
3.01265
3.01265
3.01265
3.01265
3.01265
3.01265
3.01262
3.01264
3.01093
3.00641
2.92488
2.7401
2.01796
1.54831
1.05322
1.03753
1.04645
1.05912
1.07651
1.0972
3.01265
3.01265
3.01265
3.01265
3.01265
3.01265
3.01265
3.01265
3.01265
3.01265
3.01265
3.01264
3.01258
3.01206
3.00833
2.9768
2.82895
2.41663
1.79148
1.21052
1.07317
1.06882
1.07967
1.09443
1.11192
3.01265
3.01265
3.01265
3.01265
3.01265
3.01265
3.01265
3.01265
3.01265
3.01265
3.01265
3.01265
3.0126
3.01266
3.01007
3.00463
2.8907
2.69541
1.99523
1.48763
1.1251
1.10025
1.10596
1.11583
1.12958
3.01265
3.01265
3.01265
3.01265
3.01265
3.01265
3.01265
3.01265
3.01265
3.01265
3.01265
3.01265
3.01264
3.01256
3.01187
3.0072
2.96734
2.8066
2.36355
1.76111
1.23085
1.13556
1.12639
1.1349
1.14634
3.01265
3.01265
3.01265
3.01265
3.01265
3.01265
3.01265
3.01265
3.01265
3.01265
3.01265
3.01265
3.01265
3.01259
3.01262
3.00936
3.00436
2.8669
2.67572
2.00101
1.48716
1.18951
1.15762
1.15734
1.16532
3.01265
3.01265
3.01265
3.01265
3.01265
3.01265
3.01265
3.01265
3.01265
3.01265
3.01265
3.01265
3.01265
3.01263
3.01254
3.01173
3.00641
2.95948
2.78842
2.30544
1.77701
1.27851
1.19026
1.17421
1.1798
3.01265
3.01265
3.01265
3.01265
3.01265
3.01265
3.01265
3.01265
3.01265
3.01265
3.01265
3.01265
3.01265
3.01264
3.01257
3.01255
3.00911
3.00449
2.86114
2.66353
2.02082
1.52845
1.24469
1.20527
1.19734
3.01265
3.01265
3.01265
3.01265
3.01265
3.01265
3.01265
3.01265
3.01265
3.01265
3.01265
3.01265
3.01265
3.01265
3.01263
3.01254
3.01169
3.00635
2.95799
2.79031
2.31548
1.8113
1.33189
1.23207
1.2111
3.01265
3.01265
3.01265
3.01265
3.01265
3.01265
3.01265
3.01265
3.01265
3.01265
3.01265
3.01265
3.01265
3.01265
3.01265
3.01261
3.01272
3.00949
3.00454
2.86682
2.6824
2.05521
1.59446
1.27533
1.23821
3.01265
3.01265
3.01265
3.01265
3.01265
3.01265
3.01265
3.01265
3.01265
3.01265
3.01265
3.01265
3.01265
3.01265
3.01265
3.01263
3.01257
3.01173
3.00695
2.96007
2.80614
2.38402
1.85998
1.38463
1.25656
3.01265
3.01265
3.01265
3.01265
3.01265
3.01265
3.01265
3.01265
3.01265
3.01265
3.01265
3.01265
3.01265
3.01265
3.01265
3.01265
3.01264
3.01293
3.0101
3.00643
2.87743
2.72613
2.09183
1.67057
1.28753
3.01265
3.01265
3.01265
3.01265
3.01265
3.01265
3.01265
3.01265
3.01265
3.01265
3.01265
3.01265
3.01265
3.01265
3.01265
3.01265
3.01264
3.01259
3.01181
3.0081
2.96597
2.82346
2.45951
1.91154
1.42616
3.01265
3.01265
3.01265
3.01265
3.01265
3.01265
3.01265
3.01265
3.01265
3.01265
3.01265
3.01265
3.01265
3.01265
3.01265
3.01265
3.01265
3.01262
3.01262
3.00994
3.00651
2.88723
2.75152
2.10324
1.73228
3.01265
3.01265
3.01265
3.01265
3.01265
3.01265
3.01265
3.01265
3.01265
3.01265
3.01265
3.01265
3.01265
3.01265
3.01265
3.01265
3.01265
3.01264
3.01257
3.0119
3.00797
2.96897
2.82639
2.45433
1.90718
3.01265
3.01265
3.01265
3.01265
3.01265
3.01265
3.01265
3.01265
3.01265
3.01265
3.01265
3.01265
3.01265
3.01265
3.01265
3.01265
3.01265
3.01265
3.01262
3.0128
3.01022
3.00655
2.89029
2.73755
2.06924
3.01265
3.01265
3.01265
3.01265
3.01265
3.01265
3.01265
3.01265
3.01265
3.01265
3.01265
3.01265
3.01265
3.01265
3.01265
3.01265
3.01265
3.01265
3.01264
3.01256
3.01189
3.00755
2.96826
2.81906
2.42379
3.01265
3.01265
3.01265
3.01265
3.01265
3.01265
3.01265
3.01265
3.01265
3.01265
3.01265
3.01265
3.01265
3.01265
3.01265
3.01265
3.01265
3.01265
3.01265
3.01259
3.01268
3.00951
3.00326
2.86527
2.71672
3.01265
3.01265
3.01265
3.01265
3.01265
3.01265
3.01265
3.01265
3.01265
3.01265
3.01265
3.01265
3.01265
3.01265
3.01265
3.01265
3.01265
3.01265
3.01265
3.01263
3.01262
3.01163
3.00718
2.96477
2.79871
3.01265
3.01265
3.01265
3.01265
3.01265
3.01265
3.01265
3.01265
3.01265
3.01265
3.01265
3.01265
3.01265
3.01265
3.01265
3.01265
3.01265
3.01265
3.01265
3.01264
3.01262
3.01253
3.00982
3.01054
2.84468
3.01265
3.01265
3.01265
3.01265
3.01265
3.01265
3.01265
3.01265
3.01265
3.01265
3.01265
3.01265
3.01265
3.01265
3.01265
3.01265
3.01265
3.01265
3.01265
3.01265
3.01262
3.01263
3.0111
3.00679
2.92969
3.01265
3.01265
3.01265
3.01265
3.01265
3.01265
3.01265
3.01265
3.01265
3.01265
3.01265
3.01265
3.01265
3.01265
3.01265
3.01265
3.01265
3.01265
3.01265
3.01265
3.01264
3.01259
3.01212
3.00885
2.97821
3.01265
3.01265
3.01265
3.01265
3.01265
3.01265
3.01265
3.01265
3.01265
3.01265
3.01265
3.01265
3.01265
3.01265
3.01265
3.01265
3.01265
3.01265
3.01265
3.01265
3.01264
3.01259
3.01254
3.01
3.00457
3.01265
3.01265
3.01265
3.01265
3.01265
3.01265
3.01265
3.01265
3.01265
3.01265
3.01265
3.01265
3.01265
3.01265
3.01265
3.01265
3.01265
3.01265
3.01265
3.01265
3.01265
3.01263
3.01262
3.0114
3.00751
3.01265
3.01265
3.01265
3.01265
3.01265
3.01265
3.01265
3.01265
3.01265
3.01265
3.01265
3.01265
3.01265
3.01265
3.01265
3.01265
3.01265
3.01265
3.01265
3.01265
3.01265
3.01264
3.01259
3.01197
3.00789
3.01265
3.01265
3.01265
3.01265
3.01265
3.01265
3.01265
3.01265
3.01265
3.01265
3.01265
3.01265
3.01265
3.01265
3.01265
3.01265
3.01265
3.01265
3.01265
3.01265
3.01265
3.01265
3.01256
3.01211
3.0068
1.21519
1.47073
0.986352
0.194295
0.146658
0.247546
0.314815
0.333858
0.345962
0.346003
0.345332
0.324997
0.291072
0.238818
0.180373
0.115176
0.0468359
0.0512427
0.119178
0.187861
0.251533
0.308159
0.358541
0.403633
0.443255
0.479685
0.51476
0.548976
0.582484
0.615342
0.647798
0.67996
0.71191
0.743589
0.775013
0.806205
0.836926
0.867039
0.896494
0.924942
0.95182
0.977214
1.00078
1.02233
1.04178
1.05951
1.07575
1.09053
1.10384
1.11558
1.12581
1.13447
1.14155
1.14718
1.15153
1.15484
1.15727
1.1589
1.15955
1.1592
1.15756
1.15271
1.14122
1.11529
1.05523
0.910047
0.592886
0.219508
0.0407267
0.00508671
0.000568399
6.23821e-05
6.83116e-06
7.47667e-07
8.18351e-08
8.95646e-09
9.80249e-10
1.07277e-10
1.17391e-11
1.28269e-12
1.37886e-13
1.22147e-14
1.23638e-15
3.72556e-15
3.95995e-15
2.79769e-15
2.12267e-15
2.29162e-15
1.11384e-15
2.28102e-15
2.43245e-15
3.60931e-15
2.89014e-15
2.00429e-15
2.35619e-15
4.3805e-16
8.9901e-16
3.71858e-15
4.81126e-15
3.93583e-15
1.20803
1.49093
1.30503
0.944594
0.713692
0.590577
0.447321
0.394645
0.325351
0.302082
0.303065
0.315942
0.348849
0.38837
0.42233
0.459838
0.49348
0.524964
0.550627
0.573254
0.598448
0.624233
0.648182
0.669484
0.688654
0.705485
0.721256
0.737237
0.754159
0.772345
0.791922
0.812965
0.835537
0.859453
0.884374
0.90946
0.933791
0.957146
0.979626
1.00154
1.02273
1.04227
1.05985
1.07533
1.08868
1.1001
1.10962
1.1176
1.12451
1.1304
1.13552
1.13999
1.14383
1.14708
1.14985
1.15215
1.1541
1.15567
1.15656
1.15645
1.1553
1.15116
1.14041
1.11512
1.0555
0.91056
0.593495
0.219858
0.0408156
0.00509848
0.000569668
6.25158e-05
6.84511e-06
7.49128e-07
8.19878e-08
8.97247e-09
9.81926e-10
1.07453e-10
1.17576e-11
1.28554e-12
1.38599e-13
1.15833e-14
1.54949e-15
3.08742e-15
3.32874e-15
1.96042e-15
3.62237e-15
1.35617e-15
2.27406e-15
3.14072e-15
4.0014e-15
2.87659e-15
1.80176e-15
2.93304e-15
2.7772e-15
7.22529e-16
3.48266e-15
2.96969e-15
1.13882e-15
1.63949e-15
1.17114
1.35158
1.44854
1.33256
1.21802
1.113
0.994817
0.932404
0.864098
0.837743
0.834659
0.84716
0.868304
0.878267
0.879528
0.877042
0.869444
0.858233
0.843966
0.839332
0.836538
0.838043
0.847332
0.856083
0.864434
0.873022
0.881162
0.889851
0.899306
0.909733
0.921271
0.934015
0.9481
0.963437
0.979842
0.996684
1.01324
1.02915
1.04427
1.05893
1.07325
1.08636
1.09759
1.10645
1.11283
1.11735
1.1212
1.1247
1.12795
1.13116
1.13436
1.1376
1.1409
1.14415
1.14726
1.15008
1.15258
1.15463
1.15594
1.15606
1.15511
1.15115
1.14045
1.11509
1.05537
0.910373
0.593377
0.219855
0.0408224
0.00510023
0.000569952
6.2556e-05
6.8504e-06
7.49797e-07
8.207e-08
8.98237e-09
9.831e-10
1.0759e-10
1.17743e-11
1.28711e-12
1.37845e-13
1.14795e-14
1.67638e-15
3.22026e-15
2.94431e-15
2.44511e-15
2.84017e-15
2.76453e-15
2.18296e-15
1.41147e-15
5.12931e-16
1.87458e-15
2.6097e-15
2.03601e-15
2.04106e-15
7.74745e-16
9.05266e-16
2.98463e-15
3.59874e-15
2.39133e-15
1.16335
1.28918
1.46154
1.46533
1.39977
1.34411
1.29233
1.26119
1.23292
1.20739
1.19697
1.19026
1.18194
1.16767
1.14164
1.10925
1.07119
1.03534
1.00608
0.987052
0.968738
0.954289
0.948745
0.949415
0.950729
0.952307
0.955794
0.961516
0.968931
0.977662
0.987506
0.997981
1.0092
1.02118
1.0335
1.04568
1.05779
1.06963
1.08117
1.0924
1.10288
1.11205
1.12009
1.12681
1.13167
1.13526
1.13846
1.1411
1.14338
1.14524
1.14692
1.14854
1.15014
1.15176
1.15343
1.1551
1.15659
1.15781
1.15842
1.15812
1.15666
1.15213
1.14103
1.1155
1.05584
0.911125
0.594534
0.220616
0.0410201
0.00512696
0.000572898
6.28736e-05
6.88436e-06
7.53443e-07
8.24612e-08
9.02449e-09
9.87638e-10
1.0808e-10
1.18259e-11
1.29252e-12
1.3954e-13
1.3013e-14
1.63645e-15
2.43726e-15
3.08868e-15
1.47378e-15
3.70239e-15
2.46677e-15
2.5097e-15
2.99074e-15
2.37796e-15
1.57088e-15
1.60309e-15
2.61779e-15
1.96865e-15
2.32713e-15
1.88672e-15
6.21903e-16
2.80338e-15
3.46208e-15
1.14333
1.27414
1.38411
1.48122
1.45902
1.4302
1.3982
1.37517
1.36076
1.34814
1.33773
1.32754
1.30978
1.28224
1.2451
1.20021
1.1528
1.10653
1.0767
1.05353
1.03322
1.01861
1.00349
0.997788
0.995056
0.995105
0.997305
1.00178
1.00813
1.01604
1.02518
1.03499
1.04531
1.05596
1.06632
1.07635
1.0864
1.09629
1.10536
1.11355
1.12112
1.12785
1.13298
1.13685
1.13977
1.1417
1.14332
1.14479
1.14592
1.14695
1.14798
1.14898
1.15005
1.15122
1.15248
1.15383
1.15522
1.15641
1.15703
1.15675
1.15534
1.15091
1.13995
1.11458
1.05511
0.910587
0.594278
0.22057
0.0410219
0.00512868
0.000573253
6.29293e-05
6.89218e-06
7.5448e-07
8.25934e-08
9.04092e-09
9.8964e-10
1.0832e-10
1.18543e-11
1.29546e-12
1.3879e-13
1.2608e-14
1.87348e-15
4.64592e-15
2.02046e-15
1.33309e-15
3.66247e-15
1.91311e-15
2.39032e-15
2.17309e-15
1.54418e-15
2.23648e-15
2.28926e-15
2.10421e-15
9.01868e-16
6.68222e-16
2.04122e-15
2.61732e-15
1.63984e-15
3.47923e-15
1.11969
1.25065
1.35144
1.44443
1.43961
1.43142
1.41984
1.40652
1.39575
1.38256
1.36711
1.35116
1.32892
1.30014
1.26473
1.2229
1.1764
1.13418
1.10469
1.08588
1.06888
1.05368
1.04167
1.03108
1.02554
1.02539
1.02734
1.03123
1.03665
1.0434
1.05129
1.06007
1.06955
1.07885
1.08826
1.09767
1.10649
1.1146
1.12141
1.12795
1.13457
1.13953
1.14273
1.14531
1.14748
1.14917
1.1509
1.15259
1.15406
1.15523
1.15626
1.15698
1.15757
1.15813
1.15869
1.15927
1.15986
1.16032
1.16031
1.15961
1.15759
1.15259
1.14125
1.11572
1.05631
0.912133
0.596341
0.221911
0.0413708
0.00517591
0.00057846
6.3491e-05
6.95222e-06
7.60929e-07
8.32854e-08
9.11547e-09
9.97674e-10
1.09188e-10
1.19478e-11
1.30565e-12
1.4095e-13
1.24656e-14
1.41447e-15
2.95851e-15
4.42101e-15
1.13407e-15
3.66608e-15
2.3864e-15
3.03315e-15
2.70897e-15
2.6566e-15
1.80466e-15
2.85361e-15
2.33372e-15
5.64688e-16
2.94361e-16
9.01868e-16
1.6674e-15
2.04853e-15
6.71073e-16
1.10359
1.22402
1.33363
1.38037
1.39782
1.39863
1.39371
1.38499
1.37401
1.35932
1.34423
1.3304
1.31295
1.29036
1.26173
1.22771
1.19027
1.15311
1.1223
1.10218
1.08837
1.07389
1.06231
1.04935
1.04077
1.03955
1.04119
1.04464
1.0491
1.05492
1.06209
1.07038
1.07944
1.08911
1.09952
1.10911
1.11792
1.12531
1.13151
1.13756
1.14218
1.14515
1.14809
1.15113
1.15223
1.15226
1.15316
1.15447
1.15563
1.15658
1.15711
1.1574
1.15761
1.1578
1.15804
1.15835
1.15873
1.15904
1.15896
1.15824
1.15619
1.15123
1.14
1.11461
1.05535
0.911372
0.595977
0.221867
0.0413807
0.00517956
0.000579123
6.359e-05
6.96575e-06
7.62692e-07
8.35074e-08
9.14281e-09
1.00098e-09
1.09583e-10
1.1994e-11
1.31189e-12
1.41392e-13
1.26769e-14
2.1929e-15
3.25237e-15
2.54546e-15
1.58895e-15
1.46156e-15
2.93027e-15
4.14293e-15
2.04934e-15
1.81351e-15
2.82846e-15
1.42656e-15
3.0589e-15
6.19496e-16
2.86948e-15
8.32678e-16
9.94311e-16
2.78294e-15
2.92096e-15
1.09811
1.19859
1.29838
1.3477
1.37555
1.38168
1.37753
1.36675
1.34988
1.33331
1.32048
1.30682
1.29138
1.2728
1.24791
1.22458
1.19525
1.15945
1.12793
1.10742
1.09491
1.08439
1.07573
1.06498
1.05662
1.05377
1.05422
1.05593
1.05863
1.06316
1.0694
1.07703
1.08574
1.0955
1.1062
1.11693
1.12677
1.13469
1.14096
1.14565
1.14865
1.15184
1.15534
1.15732
1.15739
1.15762
1.15824
1.15953
1.16088
1.1622
1.16304
1.16362
1.16392
1.164
1.16391
1.16372
1.16349
1.1632
1.16272
1.16151
1.1589
1.15347
1.14189
1.11627
1.05703
0.913482
0.598755
0.223696
0.0418583
0.0052445
0.000586294
6.43643e-05
7.04862e-06
7.71599e-07
8.44639e-08
9.24589e-09
1.01209e-09
1.10782e-10
1.21241e-11
1.32593e-12
1.43291e-13
1.27475e-14
1.08904e-15
2.255e-15
2.27665e-15
1.55916e-15
3.67451e-15
2.13895e-15
3.32705e-15
2.42168e-15
3.26541e-15
1.62162e-15
2.69521e-15
1.26878e-15
2.17923e-15
1.26268e-15
1.03721e-15
8.96329e-16
1.84396e-15
4.23504e-15
1.0947
1.18667
1.27286
1.32485
1.33815
1.34907
1.34974
1.3382
1.31817
1.30654
1.29458
1.28025
1.26679
1.25317
1.23345
1.21202
1.18757
1.15801
1.13134
1.11108
1.10028
1.09429
1.08899
1.08167
1.07395
1.07013
1.06894
1.06914
1.07082
1.07448
1.07979
1.08651
1.09448
1.10371
1.1141
1.125
1.13539
1.14306
1.14856
1.15214
1.1548
1.15745
1.15919
1.15995
1.16045
1.16068
1.16065
1.16107
1.16229
1.16343
1.16414
1.16447
1.16451
1.16433
1.164
1.1635
1.16294
1.16244
1.16177
1.16042
1.15773
1.15227
1.14069
1.11512
1.05598
0.912665
0.598447
0.223742
0.0418973
0.00525274
0.000587535
6.45332e-05
7.07038e-06
7.74325e-07
8.47971e-08
9.286e-09
1.01686e-09
1.11343e-10
1.21885e-11
1.3336e-12
1.44713e-13
1.42292e-14
1.85209e-15
3.3016e-15
1.72951e-15
2.16621e-15
2.66225e-15
1.28896e-15
3.26266e-15
2.19876e-15
2.07785e-15
2.1573e-15
9.60428e-16
9.50613e-16
1.14731e-15
9.27725e-16
9.17288e-16
1.86282e-15
2.16605e-15
5.40814e-16
1.09504
1.17547
1.25205
1.30649
1.31298
1.31656
1.31628
1.30694
1.29548
1.28101
1.26544
1.25216
1.23999
1.22715
1.21173
1.1941
1.17924
1.15874
1.13757
1.11807
1.10877
1.10356
1.09984
1.09495
1.08895
1.08457
1.08245
1.08247
1.08405
1.08707
1.09127
1.09671
1.10354
1.11185
1.12141
1.13169
1.14186
1.14952
1.15489
1.1583
1.16069
1.16261
1.16442
1.16576
1.16591
1.16554
1.16496
1.16506
1.16601
1.16756
1.16858
1.16911
1.1693
1.16922
1.16894
1.16834
1.16751
1.16657
1.16548
1.1637
1.16061
1.15475
1.14283
1.11703
1.05792
0.915121
0.601694
0.225902
0.0424645
0.00533009
0.000596078
6.54553e-05
7.16897e-06
7.84909e-07
8.59317e-08
9.40801e-09
1.02997e-09
1.12755e-10
1.23412e-11
1.3491e-12
1.46866e-13
1.29132e-14
2.45148e-15
2.13673e-15
1.57441e-15
1.73071e-15
3.70761e-15
1.64993e-15
3.46728e-15
1.50305e-15
3.06391e-15
1.56537e-15
1.29615e-15
9.6663e-16
1.58947e-15
1.26268e-15
1.84468e-16
5.09685e-16
9.47465e-16
1.37755e-15
1.09418
1.16483
1.23257
1.28547
1.29499
1.29534
1.29224
1.28298
1.27148
1.25386
1.234
1.22101
1.21052
1.20075
1.19143
1.18014
1.16923
1.155
1.14078
1.12674
1.11783
1.11281
1.10922
1.10473
1.10055
1.0962
1.09381
1.09402
1.0957
1.09812
1.10143
1.10604
1.11199
1.11919
1.12776
1.13761
1.14772
1.15535
1.16023
1.1633
1.16547
1.16762
1.16941
1.16933
1.16915
1.1689
1.16794
1.16727
1.16773
1.16889
1.1697
1.17018
1.17021
1.16999
1.16951
1.16868
1.16762
1.16645
1.16513
1.16315
1.15988
1.15388
1.14186
1.11603
1.05699
0.914421
0.601566
0.226095
0.0425452
0.00534434
0.00059801
6.57011e-05
7.19915e-06
7.88552e-07
8.63639e-08
9.45875e-09
1.03587e-09
1.13436e-10
1.24189e-11
1.35915e-12
1.46078e-13
1.2581e-14
4.10062e-16
1.90968e-15
2.3576e-15
2.2918e-15
1.95376e-15
9.74838e-16
2.73331e-15
3.08742e-15
3.13596e-15
1.90267e-15
8.94939e-16
2.28571e-15
8.1982e-16
1.91605e-15
6.80285e-16
1.91675e-15
2.91883e-15
2.90529e-15
1.09566
1.15501
1.21169
1.26471
1.26964
1.27321
1.27204
1.26633
1.25303
1.23389
1.21193
1.19595
1.18725
1.17856
1.16943
1.16224
1.15382
1.14736
1.13969
1.13213
1.12656
1.12279
1.11868
1.11494
1.11025
1.10571
1.10407
1.10422
1.10524
1.10697
1.10998
1.11392
1.11881
1.125
1.13297
1.14262
1.15287
1.16052
1.16593
1.16926
1.17182
1.17328
1.17348
1.17364
1.17345
1.17166
1.17074
1.17114
1.17173
1.17178
1.17251
1.17339
1.17365
1.17356
1.17327
1.17265
1.17165
1.17035
1.16875
1.1664
1.16274
1.15638
1.14405
1.11801
1.05901
0.916986
0.604977
0.228385
0.0431504
0.00542696
0.000607117
6.66811e-05
7.30353e-06
7.9971e-07
8.75541e-08
9.586e-09
1.04945e-09
1.1489e-10
1.25752e-11
1.37418e-12
1.50438e-13
1.33353e-14
2.19025e-16
1.08255e-15
3.4154e-15
1.64671e-15
3.60805e-15
2.18311e-15
4.20715e-15
8.35066e-16
2.48471e-15
3.74518e-16
2.25437e-15
8.89824e-16
1.77871e-15
8.11783e-16
6.69959e-16
9.25575e-16
3.17708e-15
4.01698e-15
1.09941
1.14945
1.19681
1.24732
1.24866
1.25323
1.25458
1.25117
1.23905
1.22016
1.19595
1.17474
1.16831
1.1634
1.15713
1.15147
1.14663
1.14307
1.14014
1.13596
1.13363
1.13192
1.12923
1.12557
1.12104
1.1157
1.11356
1.11308
1.11362
1.11557
1.11795
1.12046
1.12454
1.13086
1.13905
1.14834
1.15741
1.16511
1.1705
1.17338
1.17531
1.17587
1.17668
1.17682
1.17477
1.17324
1.17331
1.17356
1.17296
1.17279
1.17374
1.17459
1.17487
1.17475
1.1744
1.17362
1.17241
1.17086
1.16899
1.16639
1.1625
1.15594
1.14345
1.1173
1.05831
0.9165
0.605067
0.22872
0.0432688
0.00544614
0.000609565
6.6978e-05
7.33862e-06
8.03809e-07
8.80262e-08
9.63994e-09
1.05556e-09
1.15575e-10
1.2651e-11
1.38416e-12
1.49376e-13
1.31321e-14
9.98808e-16
2.9167e-15
1.67296e-15
4.24443e-15
2.23035e-15
1.80929e-15
3.8185e-15
2.49697e-15
3.69916e-15
1.8058e-15
1.66804e-15
1.03432e-15
5.19363e-16
1.44529e-15
1.13026e-15
1.95563e-15
3.55185e-15
1.86001e-15
1.10574
1.14524
1.18613
1.23178
1.23533
1.23875
1.24031
1.23582
1.22544
1.20949
1.18617
1.16004
1.15708
1.15284
1.14893
1.14427
1.14374
1.14368
1.14219
1.14052
1.14154
1.14126
1.13963
1.1368
1.13283
1.12782
1.1233
1.12217
1.12284
1.12358
1.12455
1.1267
1.13106
1.1369
1.14345
1.15237
1.1618
1.16985
1.17463
1.17763
1.17925
1.18046
1.18132
1.17988
1.17831
1.17785
1.17744
1.17598
1.17522
1.17578
1.17678
1.1771
1.17735
1.17734
1.1771
1.1765
1.17544
1.17395
1.17205
1.16928
1.16515
1.15833
1.14559
1.11925
1.06028
0.918975
0.608347
0.230917
0.0438638
0.0055263
0.000618366
6.79136e-05
7.43731e-06
8.14239e-07
8.91253e-08
9.75584e-09
1.06774e-09
1.16857e-10
1.27868e-11
1.39766e-12
1.51368e-13
1.43223e-14
1.01856e-15
3.55988e-15
2.90901e-15
1.80599e-15
9.70059e-16
1.9396e-15
3.26167e-15
2.34563e-15
3.01525e-15
1.09422e-15
1.42656e-15
1.5342e-15
1.29673e-15
1.74408e-15
5.41887e-16
2.90972e-15
1.43607e-15
2.40545e-15
1.11157
1.14583
1.17895
1.22149
1.22613
1.22554
1.22697
1.22304
1.21313
1.19928
1.18048
1.15803
1.14991
1.14427
1.14026
1.1403
1.14565
1.14854
1.14931
1.14913
1.14881
1.14942
1.14833
1.1462
1.14285
1.13828
1.1341
1.13205
1.13071
1.13
1.13145
1.13424
1.13782
1.14226
1.14862
1.15748
1.16728
1.17428
1.1788
1.18173
1.1829
1.18398
1.18341
1.18221
1.18139
1.18071
1.1787
1.17735
1.17736
1.17793
1.17773
1.17802
1.17851
1.17845
1.1782
1.1776
1.17652
1.17497
1.17289
1.16986
1.16545
1.15837
1.1454
1.11891
1.05988
0.918723
0.608593
0.231319
0.0439966
0.00554662
0.000620845
6.82013e-05
7.46999e-06
8.17907e-07
8.95317e-08
9.8004e-09
1.07257e-09
1.17373e-10
1.28411e-11
1.40283e-12
1.51308e-13
1.51815e-14
1.44506e-15
3.01718e-15
2.43828e-15
3.2973e-15
1.67331e-15
2.18133e-15
1.60278e-15
1.62724e-15
4.32714e-15
1.28716e-15
1.60945e-15
5.33863e-16
1.50746e-15
5.47373e-16
1.93107e-15
2.62179e-15
3.32884e-15
1.97409e-15
1.12057
1.14875
1.17538
1.21334
1.21759
1.21775
1.21899
1.21345
1.20438
1.19138
1.17777
1.15961
1.14335
1.14319
1.14331
1.14377
1.14786
1.15528
1.15979
1.16039
1.15965
1.15821
1.15698
1.15469
1.1515
1.14727
1.14303
1.14052
1.13804
1.13643
1.13811
1.14033
1.14346
1.148
1.15457
1.16273
1.17212
1.17838
1.18286
1.18529
1.18674
1.18771
1.18742
1.18659
1.18578
1.18384
1.18173
1.18074
1.18029
1.17954
1.17931
1.18002
1.1806
1.18057
1.18039
1.17991
1.17892
1.17744
1.17537
1.17228
1.16775
1.16051
1.14737
1.12073
1.06169
0.920928
0.611444
0.233221
0.0445105
0.00561511
0.00062826
6.89739e-05
7.54981e-06
8.26123e-07
9.03726e-08
9.88606e-09
1.08123e-09
1.18241e-10
1.29278e-11
1.41325e-12
1.52211e-13
1.40312e-14
8.41009e-16
4.73347e-15
2.01795e-15
1.58476e-15
1.2158e-15
2.27577e-15
6.1249e-16
3.01878e-16
3.19155e-15
2.11518e-15
3.19129e-15
1.67043e-15
2.32038e-15
2.07813e-15
1.74955e-15
2.3736e-15
2.77146e-15
3.00837e-15
1.13166
1.15472
1.17552
1.20378
1.21319
1.21457
1.21312
1.20847
1.20242
1.19415
1.17867
1.15471
1.138
1.14546
1.14632
1.1492
1.15412
1.16422
1.17259
1.17519
1.17435
1.17147
1.16675
1.16264
1.15939
1.15504
1.15079
1.14772
1.14463
1.14348
1.14398
1.14537
1.14914
1.15414
1.16023
1.16791
1.17664
1.18261
1.18659
1.18861
1.19015
1.19051
1.19019
1.18976
1.18798
1.18521
1.18315
1.18182
1.18063
1.1802
1.18106
1.18205
1.18169
1.18154
1.18129
1.18081
1.1799
1.17848
1.17639
1.1732
1.16847
1.16101
1.14763
1.12078
1.06161
0.920868
0.61169
0.233552
0.0446134
0.00562999
0.000629963
6.91575e-05
7.56905e-06
8.28085e-07
9.05662e-08
9.90435e-09
1.08285e-09
1.1837e-10
1.2935e-11
1.41232e-12
1.51311e-13
1.45216e-14
1.23126e-15
3.19794e-15
1.48164e-15
1.87033e-15
3.03175e-15
3.6441e-16
2.15811e-15
1.41053e-15
1.81218e-15
2.43426e-15
2.11145e-15
2.50135e-15
1.3735e-15
2.01128e-15
2.36884e-15
9.55577e-16
4.22568e-15
1.76372e-15
1.14587
1.16411
1.1789
1.19639
1.21213
1.21211
1.20766
1.20494
1.20376
1.194
1.17371
1.14983
1.13569
1.14336
1.15061
1.15524
1.1642
1.17599
1.18652
1.191
1.19012
1.18538
1.17942
1.17201
1.16752
1.1624
1.15786
1.15393
1.15145
1.15006
1.14937
1.14961
1.15316
1.15786
1.16442
1.17285
1.18059
1.18699
1.19069
1.19257
1.19344
1.19353
1.19364
1.19309
1.19083
1.18847
1.18602
1.18416
1.18336
1.18353
1.18352
1.18296
1.18286
1.18306
1.18285
1.18241
1.18162
1.18034
1.17834
1.17518
1.17041
1.16286
1.14936
1.12239
1.06317
0.922647
0.613834
0.234936
0.0449776
0.00567697
0.00063483
6.96377e-05
7.61546e-06
8.32476e-07
9.09695e-08
9.93985e-09
1.08576e-09
1.18579e-10
1.29447e-11
1.41122e-12
1.50921e-13
1.42291e-14
9.68432e-16
2.46014e-15
3.21644e-15
1.32007e-15
2.75741e-15
1.55974e-15
2.1912e-15
1.78198e-15
1.93008e-15
3.10946e-15
2.23697e-15
4.08464e-15
3.66872e-15
2.53324e-15
3.40387e-15
3.1046e-15
3.82276e-15
5.52115e-15
1.16017
1.17389
1.18579
1.1992
1.21322
1.21031
1.20844
1.208
1.20456
1.18927
1.16981
1.15176
1.13947
1.14489
1.15613
1.16282
1.17291
1.18531
1.19699
1.20362
1.20417
1.19933
1.19239
1.18418
1.17566
1.16981
1.16479
1.1607
1.15766
1.1553
1.15441
1.15498
1.15727
1.16169
1.16836
1.17685
1.18561
1.19144
1.19516
1.19687
1.19713
1.19705
1.19643
1.19486
1.19265
1.19004
1.18761
1.18583
1.18505
1.1845
1.18383
1.18356
1.18348
1.18371
1.18355
1.18321
1.18253
1.18134
1.17936
1.17619
1.17134
1.16365
1.14995
1.12277
1.06334
0.922665
0.613844
0.234996
0.0449897
0.00567748
0.000634694
6.95965e-05
7.60758e-06
8.31192e-07
9.07775e-08
9.91256e-09
1.08203e-09
1.1808e-10
1.28806e-11
1.40291e-12
1.50007e-13
1.44398e-14
1.19375e-15
2.0228e-15
8.57137e-16
2.87321e-15
2.34223e-15
1.67984e-15
2.22655e-15
5.21278e-16
1.82514e-15
6.15329e-16
4.48164e-16
1.38218e-15
1.99137e-15
1.15704e-15
8.00043e-16
1.79196e-15
1.48695e-15
1.88584e-15
1.17663
1.18622
1.19574
1.2045
1.21518
1.21359
1.21291
1.20941
1.2005
1.18468
1.16847
1.15663
1.15008
1.15238
1.16386
1.17355
1.17846
1.18869
1.20209
1.21317
1.21595
1.21238
1.20558
1.19632
1.18609
1.17754
1.17163
1.16738
1.16343
1.16087
1.15979
1.15957
1.16083
1.16545
1.17216
1.1802
1.18888
1.19514
1.19842
1.19994
1.20022
1.20031
1.19933
1.19772
1.19509
1.19216
1.19012
1.18833
1.18704
1.18608
1.18548
1.18502
1.1849
1.1851
1.18476
1.18437
1.18368
1.1826
1.18076
1.17771
1.17293
1.16522
1.15145
1.12415
1.0646
0.923885
0.615017
0.235646
0.0451382
0.00569342
0.000635907
6.96611e-05
7.60694e-06
8.30257e-07
9.05786e-08
9.87994e-09
1.07724e-09
1.17421e-10
1.27932e-11
1.39117e-12
1.49342e-13
1.52219e-14
2.24478e-15
4.22471e-15
3.11991e-15
1.44488e-15
4.03173e-15
1.81259e-15
2.86754e-15
2.22054e-15
4.80592e-15
1.66296e-15
3.71916e-15
1.54418e-15
3.258e-15
3.40621e-15
2.41162e-15
3.74164e-15
3.47837e-15
5.02074e-15
1.18764
1.19721
1.20484
1.21016
1.21785
1.21735
1.21559
1.20816
1.198
1.18791
1.1747
1.1628
1.15822
1.15635
1.16292
1.17665
1.18494
1.19416
1.20752
1.2199
1.22422
1.2219
1.2155
1.20646
1.19575
1.18534
1.17852
1.17311
1.16944
1.16646
1.16451
1.16498
1.16655
1.1695
1.17624
1.18463
1.19256
1.19855
1.20196
1.20336
1.20359
1.20325
1.20227
1.20016
1.19783
1.19485
1.19156
1.18921
1.1877
1.18687
1.186
1.18538
1.1857
1.1858
1.18531
1.18496
1.1844
1.1834
1.18162
1.17865
1.17389
1.16614
1.15224
1.12474
1.0649
0.923797
0.614487
0.235198
0.0449894
0.00566959
0.000632782
6.92676e-05
7.55797e-06
8.24204e-07
8.98358e-08
9.78928e-09
1.06624e-09
1.16092e-10
1.26331e-11
1.37263e-12
1.4803e-13
1.5114e-14
7.95152e-16
1.23389e-15
2.4378e-15
1.99965e-15
2.30851e-15
1.67811e-15
1.70071e-15
9.37071e-16
4.123e-15
3.7876e-15
3.61087e-15
1.85992e-15
2.27665e-15
1.61048e-15
2.39185e-15
2.49311e-15
2.0228e-15
2.1048e-15
1.20205
1.20608
1.21093
1.21587
1.22085
1.22235
1.21513
1.20561
1.20051
1.19335
1.17932
1.1647
1.15957
1.16326
1.16688
1.17497
1.1891
1.19937
1.21201
1.22384
1.22875
1.22726
1.22165
1.21368
1.20384
1.19324
1.18501
1.17899
1.17427
1.17138
1.16939
1.16899
1.17082
1.17446
1.17977
1.18762
1.19571
1.20143
1.20466
1.20584
1.206
1.20558
1.20451
1.20291
1.20021
1.1969
1.1935
1.1909
1.18952
1.188
1.18713
1.18692
1.18717
1.1867
1.18613
1.18567
1.18514
1.18424
1.18257
1.17975
1.17513
1.16743
1.15351
1.1259
1.06583
0.924354
0.614459
0.234922
0.0448655
0.00564646
0.000629432
6.88175e-05
7.49967e-06
8.16809e-07
8.89147e-08
9.6759e-09
1.05245e-09
1.14428e-10
1.24332e-11
1.34826e-12
1.44615e-13
1.37505e-14
2.45922e-15
2.94578e-15
2.29903e-15
1.56961e-15
2.06286e-15
5.54603e-16
1.27543e-16
2.48711e-15
2.30491e-15
2.16087e-15
1.97122e-15
4.12174e-15
3.77054e-15
3.7666e-15
4.03862e-15
2.71387e-15
5.67305e-15
3.49864e-15
1.21237
1.2153
1.22016
1.22324
1.22448
1.22135
1.2142
1.20841
1.20387
1.19473
1.18113
1.16728
1.15956
1.16458
1.17676
1.18272
1.19069
1.2037
1.21403
1.22399
1.23003
1.22964
1.22504
1.21817
1.20948
1.19972
1.19052
1.18425
1.17878
1.17539
1.17341
1.17319
1.175
1.17884
1.18469
1.19186
1.19937
1.20472
1.20786
1.2087
1.2084
1.20797
1.2066
1.20466
1.20196
1.19859
1.19528
1.19241
1.18998
1.18856
1.18778
1.18752
1.18729
1.18677
1.18642
1.18589
1.18535
1.18457
1.18306
1.18043
1.17596
1.16832
1.15436
1.12658
1.06613
0.923957
0.613067
0.233731
0.0444901
0.00558933
0.000622329
6.79664e-05
7.39863e-06
8.04844e-07
8.75043e-08
9.50997e-09
1.03301e-09
1.12156e-10
1.21686e-11
1.31871e-12
1.40453e-13
1.4295e-14
1.03151e-15
2.15349e-15
4.74609e-15
2.58798e-15
1.78881e-15
2.60358e-15
2.41392e-15
2.92131e-15
1.97194e-15
2.65185e-15
2.13187e-15
3.63246e-15
3.16308e-15
3.92959e-15
2.80649e-15
3.32003e-15
2.1111e-15
2.3098e-15
1.21752
1.22231
1.22971
1.23241
1.22844
1.22113
1.21538
1.21406
1.2091
1.19917
1.18547
1.17082
1.15813
1.16162
1.17051
1.18461
1.1907
1.20353
1.21445
1.22357
1.22896
1.22957
1.22562
1.21967
1.21214
1.20358
1.19486
1.18814
1.18247
1.17882
1.17715
1.17706
1.17888
1.18213
1.18778
1.19531
1.20257
1.20733
1.20987
1.21088
1.21079
1.20984
1.20852
1.20606
1.20334
1.20014
1.1969
1.19419
1.19141
1.18915
1.18874
1.18818
1.18744
1.18711
1.18714
1.1865
1.18586
1.18507
1.18362
1.18115
1.17684
1.16933
1.15539
1.1275
1.0667
0.923755
0.611635
0.232379
0.0440545
0.00552194
0.000613873
6.69454e-05
7.27713e-06
7.90441e-07
8.58098e-08
9.31128e-09
1.00984e-09
1.09464e-10
1.18572e-11
1.28134e-12
1.37438e-13
1.35864e-14
2.84945e-15
2.28484e-15
3.05594e-15
3.81661e-15
2.04338e-15
4.43061e-15
3.47302e-15
3.45834e-15
3.0221e-15
2.01915e-15
3.25206e-15
3.06001e-15
5.21134e-15
3.4278e-15
3.74851e-15
4.4581e-15
3.63326e-15
3.8528e-15
1.22778
1.22707
1.22734
1.22747
1.22481
1.22049
1.21909
1.21573
1.20966
1.20102
1.18803
1.1706
1.15457
1.15593
1.16571
1.18456
1.19013
1.19881
1.21323
1.22241
1.22648
1.22692
1.22429
1.21926
1.21285
1.2052
1.19744
1.19118
1.1856
1.18186
1.18005
1.17996
1.18159
1.18507
1.19053
1.19823
1.20605
1.21082
1.21306
1.21336
1.21305
1.21197
1.21011
1.2078
1.20475
1.20136
1.19821
1.19507
1.19258
1.19025
1.18844
1.18773
1.18741
1.18714
1.18688
1.18661
1.18586
1.18515
1.18385
1.18157
1.17746
1.17006
1.15615
1.12812
1.06685
0.922842
0.609082
0.230251
0.0434068
0.00542572
0.000602219
6.55792e-05
7.11869e-06
7.72069e-07
8.36901e-08
9.06705e-09
9.81804e-10
1.06253e-10
1.14905e-11
1.24004e-12
1.33326e-13
1.42663e-14
1.67534e-15
3.16819e-15
2.41602e-15
4.85472e-15
1.45866e-15
2.82981e-15
1.67321e-15
4.0259e-15
1.22295e-15
2.5608e-15
2.54843e-15
2.3743e-15
2.47564e-15
3.88598e-15
3.03864e-15
3.66417e-15
2.35072e-15
2.25305e-15
1.24689
1.22727
1.22488
1.22418
1.22222
1.22045
1.21805
1.21249
1.20684
1.19921
1.18464
1.16735
1.15427
1.15653
1.16351
1.17729
1.19246
1.198
1.20891
1.218
1.22232
1.2231
1.22121
1.21668
1.2111
1.20477
1.1982
1.19257
1.18777
1.18354
1.18193
1.1821
1.1836
1.18738
1.19298
1.2003
1.20786
1.21307
1.21533
1.21553
1.21454
1.21354
1.21175
1.20926
1.20623
1.20275
1.19927
1.19607
1.19347
1.19131
1.18917
1.18805
1.18733
1.18693
1.18681
1.18681
1.18616
1.18531
1.18412
1.18192
1.17797
1.17073
1.15691
1.12877
1.06703
0.921812
0.606103
0.227723
0.0426554
0.00531327
0.000588646
6.39889e-05
6.93495e-06
7.50874e-07
8.12589e-08
8.78875e-09
9.50074e-10
1.02645e-10
1.10817e-11
1.19481e-12
1.29269e-13
1.25023e-14
8.27177e-16
1.97055e-15
1.32497e-15
2.79092e-15
1.22417e-15
2.06628e-15
1.30439e-15
2.00475e-15
5.29649e-16
1.92414e-15
1.9732e-15
3.47636e-15
6.37977e-16
3.52876e-15
3.75724e-15
2.0262e-15
5.74595e-16
6.40833e-16
1.24538
1.22237
1.21885
1.22012
1.21973
1.21735
1.2129
1.20895
1.2034
1.1935
1.17852
1.16183
1.15766
1.15795
1.15608
1.16223
1.17843
1.1934
1.20506
1.2149
1.21861
1.21851
1.2166
1.21262
1.20734
1.20242
1.19736
1.19259
1.18839
1.18461
1.18243
1.18178
1.1839
1.18796
1.19418
1.2021
1.20994
1.21516
1.21751
1.21755
1.21644
1.21489
1.21298
1.21033
1.2071
1.2035
1.19998
1.19701
1.19422
1.19181
1.18982
1.18777
1.1866
1.18661
1.18666
1.18651
1.18605
1.1852
1.1841
1.18208
1.17828
1.17117
1.15743
1.12919
1.0669
0.920227
0.602167
0.224521
0.0417285
0.00517699
0.000572434
6.2114e-05
6.72089e-06
7.26463e-07
7.84881e-08
8.47483e-09
9.14625e-10
9.86506e-11
1.06342e-11
1.14549e-12
1.22693e-13
1.29526e-14
1.66356e-15
2.72288e-15
2.59682e-15
3.13869e-15
2.31353e-15
2.70069e-15
1.49475e-15
2.16946e-15
1.21914e-15
1.70734e-15
2.22054e-15
3.53369e-15
3.10973e-15
1.09323e-15
2.05112e-15
3.62629e-15
1.49347e-15
1.24461e-15
1.26204
1.22213
1.20924
1.21301
1.21317
1.21248
1.20913
1.2048
1.19739
1.18529
1.1676
1.14888
1.14541
1.14776
1.15576
1.15905
1.17045
1.18991
1.20227
1.2099
1.21308
1.21274
1.21058
1.20727
1.20282
1.19876
1.1945
1.19043
1.18665
1.18354
1.18142
1.18116
1.18403
1.18897
1.1954
1.20327
1.21105
1.21603
1.21816
1.21817
1.21691
1.21533
1.21321
1.21068
1.20762
1.20417
1.20072
1.19769
1.19502
1.19267
1.19045
1.1883
1.18696
1.18616
1.18596
1.18592
1.18574
1.18516
1.184
1.18215
1.17851
1.17156
1.15789
1.12953
1.06664
0.918359
0.597566
0.220849
0.0406762
0.00502369
0.000554292
6.00279e-05
6.48399e-06
6.99624e-07
7.54601e-08
8.13416e-09
8.76407e-10
9.43769e-11
1.0157e-11
1.09237e-12
1.17168e-13
1.18627e-14
1.93738e-15
1.33948e-15
1.24013e-15
1.57925e-15
2.56815e-15
5.48131e-16
7.15603e-16
7.81678e-16
5.20002e-16
1.42306e-15
1.48723e-15
1.88412e-15
1.22742e-15
7.73029e-16
2.04187e-15
2.28302e-15
2.65797e-15
8.15354e-16
1.40807
1.21712
1.1977
1.201
1.2036
1.20466
1.20166
1.19617
1.18652
1.17072
1.15257
1.14139
1.13554
1.13782
1.14687
1.15605
1.16499
1.17983
1.19198
1.20156
1.20432
1.20388
1.20134
1.19804
1.19468
1.19201
1.18895
1.18597
1.18315
1.18089
1.17963
1.18053
1.18346
1.18806
1.19452
1.20247
1.21022
1.21535
1.21786
1.21821
1.21703
1.21522
1.21328
1.2108
1.20779
1.20438
1.20091
1.19787
1.19525
1.19292
1.19079
1.18875
1.18704
1.18569
1.18522
1.18514
1.18515
1.18479
1.18378
1.18201
1.17853
1.17173
1.15814
1.12966
1.06612
0.916025
0.592127
0.216625
0.0394875
0.00485281
0.000534213
5.77394e-05
6.22583e-06
6.70621e-07
7.22113e-08
7.77146e-09
8.36014e-10
8.98919e-11
9.66013e-12
1.03724e-12
1.0976e-13
1.19079e-14
1.08744e-15
1.16839e-15
1.19118e-15
9.90128e-16
1.43103e-15
1.85858e-15
1.46955e-15
2.5562e-15
1.88108e-15
2.42497e-15
1.70427e-15
1.34905e-15
1.98478e-15
1.33458e-15
2.12286e-15
3.18731e-15
3.00776e-15
2.779e-15
1.69247
1.21639
1.19457
1.18254
1.18729
1.1896
1.18766
1.18095
1.16762
1.15103
1.13073
1.12916
1.12647
1.12416
1.1306
1.14464
1.15818
1.17085
1.18211
1.18806
1.19039
1.19019
1.18856
1.18678
1.1845
1.18204
1.17971
1.17788
1.17636
1.17527
1.17587
1.17792
1.18151
1.1865
1.19318
1.20126
1.20886
1.21406
1.21674
1.21717
1.21617
1.21457
1.21258
1.21002
1.20704
1.20376
1.2005
1.19769
1.19523
1.19299
1.19091
1.18888
1.18724
1.18578
1.18501
1.18452
1.18436
1.18408
1.18337
1.18172
1.17844
1.17178
1.15827
1.12967
1.06541
0.91335
0.586049
0.212002
0.0381996
0.00467015
0.00051283
5.53191e-05
5.95401e-06
6.40253e-07
6.88264e-08
7.39571e-09
7.94405e-10
8.52996e-11
9.15531e-12
9.82352e-13
1.03589e-13
1.00269e-14
1.42289e-15
7.1328e-16
2.02042e-15
1.81863e-15
8.07169e-16
6.15329e-16
2.14793e-15
1.80833e-16
1.14731e-15
2.16854e-15
4.19665e-16
2.45131e-16
5.82201e-16
1.41798e-15
1.96181e-15
4.62314e-15
4.98196e-15
1.66286e-15
1.86243
1.34459
1.17928
1.16283
1.16612
1.16824
1.16711
1.16093
1.14901
1.13391
1.11615
1.11113
1.10471
1.10314
1.11057
1.12897
1.14471
1.15901
1.1708
1.17398
1.17544
1.17479
1.17313
1.1714
1.16974
1.16916
1.16865
1.16817
1.16805
1.16875
1.17059
1.17347
1.17773
1.18363
1.19098
1.19945
1.20752
1.21268
1.21507
1.21565
1.21496
1.21347
1.21143
1.20883
1.20597
1.20291
1.19989
1.19731
1.19494
1.19274
1.19083
1.18897
1.18722
1.18573
1.18463
1.18403
1.18372
1.18333
1.18269
1.18127
1.17815
1.17166
1.15824
1.1295
1.06449
0.910198
0.579509
0.207051
0.03684
0.00447947
0.000490541
5.28111e-05
5.67344e-06
6.09073e-07
6.53693e-08
7.01413e-09
7.52409e-10
8.06952e-11
8.65263e-12
9.27178e-13
9.73115e-14
9.54841e-15
3.27969e-16
1.6949e-15
2.16544e-15
5.46918e-16
1.41282e-15
4.48164e-16
1.4154e-15
2.3634e-15
1.96042e-15
1.83697e-15
2.02141e-15
1.25212e-15
1.81406e-15
1.20434e-15
1.06594e-15
2.59045e-15
3.45599e-15
1.2755e-15
2.03586
1.59201
1.16564
1.14203
1.1392
1.1435
1.1433
1.13818
1.12613
1.10828
1.08943
1.08353
1.08295
1.08292
1.08853
1.10354
1.12545
1.14082
1.14641
1.15154
1.1534
1.15393
1.15374
1.15322
1.15332
1.1545
1.15617
1.15714
1.1587
1.16109
1.16457
1.16903
1.17469
1.18135
1.18916
1.19799
1.20616
1.21127
1.21387
1.21465
1.21408
1.2125
1.21025
1.20795
1.20532
1.20239
1.19952
1.19686
1.19466
1.19268
1.1908
1.18898
1.18727
1.18579
1.18456
1.18374
1.18325
1.18275
1.18204
1.18072
1.17778
1.17146
1.15812
1.12923
1.06347
0.906781
0.572608
0.201913
0.0354523
0.00428666
0.000468035
5.02867e-05
5.39173e-06
5.77878e-07
6.19257e-08
6.63583e-09
7.11007e-10
7.6182e-11
8.16197e-12
8.73798e-13
9.1363e-14
9.49608e-15
1.01856e-15
3.68486e-16
2.10768e-15
6.24965e-16
9.43603e-16
1.86531e-15
2.31923e-15
6.46249e-16
2.32552e-15
1.0295e-15
1.59453e-15
5.13093e-16
1.485e-15
2.24178e-15
1.54197e-15
2.32256e-15
3.83276e-15
3.01451e-15
2.36507
1.77688
1.2381
1.11343
1.1101
1.1166
1.11571
1.10812
1.09076
1.06968
1.04702
1.04307
1.04753
1.05817
1.06403
1.07619
1.09571
1.11202
1.12245
1.12649
1.12855
1.12997
1.13239
1.13542
1.13882
1.1411
1.14353
1.14662
1.15057
1.15483
1.15914
1.165
1.17185
1.17941
1.18772
1.19705
1.20529
1.21053
1.2135
1.21458
1.21406
1.21243
1.21031
1.20789
1.20522
1.20243
1.19949
1.19709
1.19492
1.1929
1.191
1.18927
1.18766
1.18616
1.18482
1.18375
1.18301
1.18236
1.1815
1.18013
1.17731
1.17116
1.15792
1.12889
1.06237
0.90324
0.565508
0.196709
0.0340711
0.00409595
0.000445845
4.78008e-05
5.11528e-06
5.47351e-07
5.85716e-08
6.26902e-09
6.7109e-10
7.18563e-11
7.69498e-12
8.22573e-13
8.78806e-14
9.5275e-15
8.14946e-16
1.61434e-16
2.42271e-15
1.88795e-15
2.03894e-15
1.64368e-15
1.17016e-15
1.35433e-15
2.04727e-15
1.23913e-15
2.43835e-15
1.85929e-15
1.71258e-15
1.35617e-15
1.31194e-15
2.47279e-15
1.98348e-15
8.16167e-16
2.62486
1.92695
1.41605
1.09807
1.08982
1.09074
1.08271
1.06293
1.03452
1.01468
0.99662
0.990307
0.994925
1.0104
1.02892
1.04938
1.06919
1.08408
1.09415
1.10272
1.10961
1.11416
1.11847
1.12364
1.12927
1.13356
1.13771
1.14211
1.14668
1.1512
1.15646
1.16319
1.17089
1.17907
1.18812
1.19774
1.2055
1.2113
1.21479
1.21585
1.21525
1.21368
1.2116
1.20906
1.20637
1.20349
1.20075
1.19823
1.19589
1.19377
1.19187
1.19013
1.18845
1.18686
1.18541
1.18412
1.1831
1.18224
1.18122
1.1797
1.17689
1.17085
1.15771
1.12854
1.0613
0.899773
0.558527
0.19163
0.0327457
0.00391342
0.000424665
4.54277e-05
4.85217e-06
5.18365e-07
5.53986e-08
5.92343e-09
6.33667e-10
6.78245e-11
7.26308e-12
7.77231e-13
8.13925e-14
8.92379e-15
2.255e-15
5.64688e-16
2.22454e-15
1.28748e-15
4.87036e-16
5.36963e-16
5.46614e-16
1.72552e-15
1.67984e-16
1.00931e-15
7.34491e-16
4.81034e-16
3.53519e-15
1.9475e-15
1.90668e-15
3.30399e-15
4.65284e-15
3.40252e-15
2.77442
2.10359
1.6297
1.12554
1.06966
1.05267
1.026
0.986806
0.944865
0.939984
0.931655
0.931465
0.940308
0.964856
1.00008
1.0329
1.0543
1.06826
1.07997
1.08931
1.0989
1.10739
1.11267
1.11839
1.12467
1.13082
1.13639
1.14168
1.14575
1.15054
1.15646
1.16398
1.17092
1.17944
1.18944
1.19929
1.20732
1.21335
1.21679
1.21801
1.2177
1.21636
1.21427
1.2116
1.20873
1.20579
1.20295
1.2002
1.1977
1.19549
1.19343
1.19148
1.18962
1.18797
1.18645
1.18498
1.18367
1.18254
1.18129
1.17955
1.17659
1.17057
1.15748
1.12821
1.06028
0.896541
0.551965
0.186882
0.0315253
0.00374552
0.000405201
4.32405e-05
4.60993e-06
4.91691e-07
5.24865e-08
5.60736e-09
5.99599e-10
6.4175e-11
6.87501e-12
7.3501e-13
7.75293e-14
8.0877e-15
1.64348e-15
1.60986e-15
1.64631e-15
1.99566e-15
2.64354e-15
1.6946e-15
1.73741e-15
9.96812e-16
1.2584e-15
1.85585e-15
1.60382e-15
1.04993e-15
3.05922e-15
3.03692e-15
1.93558e-15
6.1249e-16
2.73459e-15
4.68838e-15
2.83519
2.45105
1.80369
1.25741
1.02286
0.969757
0.919912
0.876871
0.852523
0.851127
0.864892
0.889829
0.921871
0.963128
0.999774
1.03031
1.04989
1.06462
1.07665
1.08607
1.09614
1.10558
1.11364
1.12052
1.12703
1.13338
1.13887
1.14387
1.14853
1.15344
1.15945
1.166
1.17249
1.18078
1.19127
1.20178
1.21025
1.2162
1.21967
1.22121
1.2211
1.21984
1.2176
1.21495
1.21197
1.20887
1.20579
1.20289
1.20019
1.1977
1.19538
1.19321
1.19129
1.18955
1.18789
1.18623
1.18465
1.1832
1.18165
1.17964
1.17646
1.17038
1.15732
1.12796
1.05942
0.893702
0.546059
0.182643
0.0304452
0.00359709
0.000387951
4.12998e-05
4.39485e-06
4.68046e-07
4.99104e-08
5.32885e-09
5.69712e-10
6.09903e-11
6.53867e-12
7.0073e-13
7.33482e-14
7.20117e-15
6.39666e-16
2.02931e-15
2.13895e-15
4.84986e-16
6.96203e-16
1.66914e-15
1.53745e-15
1.48304e-15
5.01808e-16
5.40814e-16
2.29788e-15
3.02548e-15
3.63082e-15
2.00002e-15
1.75239e-15
4.01115e-15
6.14062e-15
5.5832e-15
2.89884
2.6655
1.91099
1.47321
0.925225
0.806908
0.762694
0.757349
0.774404
0.80205
0.840438
0.889106
0.940607
0.983068
1.01237
1.03407
1.05016
1.06408
1.07622
1.0871
1.09751
1.1077
1.11716
1.12417
1.13053
1.1367
1.14122
1.14618
1.15126
1.15631
1.16214
1.16779
1.17448
1.18255
1.19276
1.20331
1.21194
1.218
1.22212
1.22401
1.22424
1.22316
1.22102
1.21833
1.21523
1.21196
1.20874
1.20567
1.20276
1.20003
1.19755
1.19533
1.1933
1.1914
1.18951
1.18761
1.18578
1.18406
1.18224
1.17996
1.17653
1.17032
1.15724
1.1278
1.05877
0.891405
0.541078
0.179051
0.0295536
0.00347315
0.000373503
3.96688e-05
4.21391e-06
4.48173e-07
4.77493e-08
5.09592e-09
5.44813e-10
5.83513e-11
6.26073e-12
6.70848e-13
7.18859e-14
5.60448e-15
2.19025e-16
1.43798e-15
6.16542e-16
1.22505e-15
2.70677e-15
2.1929e-15
9.21891e-16
7.83692e-16
1.2353e-15
1.52715e-15
3.34327e-15
1.03368e-15
2.00674e-15
1.54504e-15
2.4501e-15
2.99221e-15
3.57293e-15
3.41676e-15
2.94824
2.77234
2.16322
1.47286
0.893499
0.628638
0.661956
0.705476
0.754032
0.809643
0.869226
0.926855
0.970994
1.00056
1.02314
1.04092
1.05555
1.06888
1.08122
1.09139
1.10129
1.11095
1.12049
1.12771
1.13463
1.13989
1.14486
1.14984
1.15403
1.15913
1.16405
1.16973
1.1765
1.18456
1.19394
1.20481
1.21372
1.22014
1.22423
1.22642
1.22707
1.22594
1.22399
1.22138
1.21831
1.21494
1.21149
1.20822
1.20514
1.20225
1.19964
1.19733
1.19519
1.19311
1.191
1.1889
1.1869
1.18498
1.18294
1.18043
1.17676
1.17039
1.15724
1.12773
1.05834
0.889719
0.537184
0.176255
0.0288617
0.00337686
0.000362227
3.83948e-05
4.07233e-06
4.32649e-07
4.60633e-08
4.91477e-09
5.25518e-10
5.63142e-11
6.04768e-12
6.49699e-13
6.88198e-14
6.85721e-15
1.27211e-15
1.74199e-15
1.21033e-15
8.56556e-16
8.0871e-16
7.54006e-16
1.2093e-15
2.75587e-15
1.86246e-15
4.56604e-16
3.33681e-15
1.95503e-15
4.65156e-15
3.20175e-15
4.71e-15
5.5987e-15
5.70305e-15
6.17892e-15
2.96409
2.78068
2.20758
1.27693
0.689137
0.58389
0.658303
0.738709
0.821084
0.880317
0.929576
0.966313
0.992119
1.01225
1.02902
1.04322
1.05573
1.0683
1.08058
1.09163
1.10183
1.11186
1.12176
1.12927
1.13629
1.14198
1.14806
1.15167
1.15525
1.15934
1.16451
1.1706
1.17756
1.18568
1.19499
1.20507
1.21453
1.22142
1.22567
1.22828
1.22897
1.22783
1.22598
1.22367
1.22074
1.21727
1.21368
1.21026
1.20707
1.20408
1.20135
1.1989
1.19664
1.19446
1.19222
1.18998
1.18781
1.18572
1.18353
1.18085
1.17699
1.17049
1.15728
1.12772
1.05809
0.888612
0.534528
0.174343
0.0283892
0.00331104
0.000354498
3.75206e-05
3.97508e-06
4.21992e-07
4.49073e-08
4.7908e-09
5.12349e-10
5.49286e-11
5.9042e-12
6.35833e-13
6.76003e-14
5.40514e-15
5.18244e-16
2.64354e-16
5.28394e-16
1.68281e-15
2.10496e-15
3.90686e-15
9.19186e-16
8.64273e-16
1.41194e-15
1.71374e-15
3.09547e-15
2.10326e-15
3.96531e-15
1.919e-15
3.1711e-15
5.11713e-15
4.48953e-15
5.77244e-15
2.9609
2.75282
2.09929
0.899885
0.312619
0.503339
0.662582
0.792133
0.882982
0.931339
0.969021
0.991397
1.00619
1.02
1.03103
1.04214
1.0542
1.06684
1.07931
1.09123
1.10163
1.1118
1.12185
1.12935
1.13684
1.14281
1.14877
1.15204
1.15578
1.16006
1.16513
1.17112
1.17815
1.18655
1.19629
1.20639
1.21533
1.22206
1.22672
1.22924
1.23006
1.22922
1.22748
1.22513
1.22207
1.21847
1.21479
1.2113
1.20807
1.20508
1.20229
1.19976
1.19742
1.19519
1.19291
1.19058
1.18831
1.18611
1.18386
1.1811
1.17714
1.17057
1.15731
1.12771
1.05796
0.888063
0.533188
0.173373
0.0281498
0.00327763
0.000350567
3.70751e-05
3.92548e-06
4.16553e-07
4.43177e-08
4.72765e-09
5.05653e-10
5.42252e-11
5.82928e-12
6.28628e-13
6.6683e-14
6.09715e-15
9.27814e-16
1.90842e-15
2.34489e-15
1.72398e-15
1.67118e-15
1.65094e-15
1.85084e-15
1.26793e-15
2.09369e-15
2.61503e-15
3.64649e-15
2.08869e-15
3.48152e-15
3.34979e-15
5.07073e-15
3.82587e-15
3.55521e-15
5.33412e-15
)
;

boundaryField
{
    inlet
    {
        type            calculated;
        value           uniform 3.01265;
    }
    outlet
    {
        type            calculated;
        value           nonuniform List<scalar> 
40
(
3.93583e-15
1.63949e-15
2.39133e-15
3.46208e-15
3.47923e-15
6.71073e-16
2.92096e-15
4.23504e-15
5.40814e-16
1.37755e-15
2.90529e-15
4.01698e-15
1.86001e-15
2.40545e-15
1.97409e-15
3.00837e-15
1.76372e-15
5.52115e-15
1.88584e-15
5.02074e-15
2.1048e-15
3.49864e-15
2.3098e-15
3.8528e-15
2.25305e-15
6.40833e-16
1.24461e-15
8.15354e-16
2.779e-15
1.66286e-15
1.2755e-15
3.01451e-15
8.16167e-16
3.40252e-15
4.68838e-15
5.5832e-15
3.41676e-15
6.17892e-15
5.77244e-15
5.33412e-15
)
;
    }
    bottom
    {
        type            symmetryPlane;
    }
    top
    {
        type            symmetryPlane;
    }
    obstacle
    {
        type            calculated;
        value           nonuniform List<scalar> 
110
(
0.0202841
0.0576579
0.0979967
0.138676
0.184061
0.233302
0.292372
0.367874
0.457132
0.64009
0.932422
1.30043
0.907899
0.024624
0.146459
0.247226
0.314255
0.333832
0.345748
0.345673
0.344971
0.324921
0.291066
0.238535
0.179575
0.112478
0.0379882
0.0430034
0.115335
0.185182
0.249815
0.307109
0.357791
0.403047
0.442782
0.479301
0.514436
0.548697
0.582246
0.61514
0.647624
0.67981
0.711778
0.743472
0.774909
0.806115
0.836849
0.866974
0.896444
0.924903
0.951789
0.977189
1.00076
1.02232
1.04176
1.05949
1.07574
1.09052
1.10383
1.11557
1.1258
1.13446
1.14154
1.14717
1.15152
1.15484
1.15727
1.1589
1.15955
1.1592
1.15756
1.15271
1.14122
1.11529
1.05523
0.910046
0.592886
0.219508
0.0407267
0.00508671
0.000568399
6.23821e-05
6.83116e-06
7.47667e-07
8.18351e-08
8.95646e-09
9.80249e-10
1.07277e-10
1.17391e-11
1.28269e-12
1.37883e-13
1.2201e-14
6.82843e-16
3.59459e-15
3.92957e-15
2.79579e-15
2.08718e-15
1.94546e-15
8.37448e-16
1.85527e-15
2.40927e-15
2.6283e-15
2.77002e-15
1.2755e-15
2.28044e-15
3.86515e-16
8.11681e-16
3.47863e-15
4.47069e-15
3.72342e-15
)
;
    }
    defaultFaces
    {
        type            empty;
    }
}


// ************************************************************************* //
