/*--------------------------------*- C++ -*----------------------------------*\
| =========                 |                                                 |
| \\      /  F ield         | OpenFOAM: The Open Source CFD Toolbox           |
|  \\    /   O peration     | Version:  v2106                                 |
|   \\  /    A nd           | Website:  www.openfoam.com                      |
|    \\/     M anipulation  |                                                 |
\*---------------------------------------------------------------------------*/
FoamFile
{
    version     2.0;
    format      ascii;
    arch        "LSB;label=32;scalar=64";
    class       volScalarField;
    location    "1";
    object      psi;
}
// * * * * * * * * * * * * * * * * * * * * * * * * * * * * * * * * * * * * * //

dimensions      [0 -2 2 0 0 0 0];

internalField   nonuniform List<scalar> 
5250
(
1.40845
1.40845
1.40845
1.40845
1.40845
1.40845
1.40844
1.40836
1.40764
1.40195
1.35533
1.14027
0.781589
0.489077
0.593647
0.597213
0.58759
0.578921
0.585825
0.58607
0.579113
0.576391
0.587103
0.625824
0.65707
1.40845
1.40845
1.40845
1.40845
1.40845
1.40845
1.40844
1.40836
1.40767
1.4022
1.35722
1.14544
0.787081
0.489817
0.594372
0.599781
0.590267
0.580714
0.587126
0.587057
0.579657
0.576849
0.587502
0.626158
0.657724
1.40845
1.40845
1.40845
1.40845
1.40845
1.40845
1.40844
1.40837
1.40773
1.40271
1.36105
1.15697
0.798625
0.490156
0.595745
0.605316
0.595921
0.584536
0.590079
0.589358
0.581288
0.578362
0.588913
0.627616
0.659812
1.40845
1.40845
1.40845
1.40845
1.40845
1.40845
1.40844
1.40838
1.40785
1.40347
1.366
1.17315
0.81449
0.487516
0.596037
0.612392
0.604018
0.590152
0.593591
0.591948
0.582982
0.579696
0.58968
0.627858
0.66192
1.40845
1.40845
1.40845
1.40845
1.40845
1.40845
1.40844
1.4084
1.40798
1.40431
1.37141
1.19111
0.834513
0.483281
0.592937
0.620151
0.614767
0.597903
0.598227
0.594926
0.584964
0.581461
0.590808
0.6283
0.664888
1.40845
1.40845
1.40845
1.40845
1.40845
1.40845
1.40845
1.40841
1.40804
1.40489
1.37635
1.20971
0.85849
0.482702
0.584866
0.618726
0.61865
0.603863
0.602062
0.597239
0.587062
0.583351
0.592062
0.628661
0.669022
1.40845
1.40845
1.40845
1.40845
1.40845
1.40845
1.40845
1.40842
1.40809
1.40538
1.38113
1.23125
0.887166
0.488818
0.575064
0.611215
0.615306
0.602958
0.602377
0.599111
0.590528
0.586487
0.594361
0.629552
0.67442
1.40845
1.40845
1.40845
1.40845
1.40845
1.40845
1.40845
1.40842
1.40816
1.40591
1.38571
1.25343
0.920629
0.502107
0.566493
0.598536
0.605949
0.596594
0.599446
0.598627
0.593775
0.589767
0.597341
0.631178
0.684416
1.40845
1.40845
1.40845
1.40845
1.40845
1.40845
1.40845
1.40843
1.40821
1.40635
1.38949
1.27448
0.959355
0.522386
0.557358
0.588146
0.591102
0.583898
0.589737
0.597495
0.596852
0.596545
0.603386
0.634084
0.6989
1.40845
1.40845
1.40845
1.40845
1.40845
1.40845
1.40845
1.40843
1.40825
1.40663
1.39324
1.30006
1.00225
0.547165
0.549567
0.589026
0.587069
0.581691
0.585868
0.596536
0.601339
0.602037
0.610468
0.640041
0.741535
1.40845
1.40845
1.40845
1.40845
1.40845
1.40845
1.40845
1.40843
1.4083
1.40713
1.39761
1.32619
1.05387
0.603244
0.535653
0.598191
0.592986
0.586661
0.586098
0.596736
0.606929
0.610244
0.625694
0.67083
0.824232
1.40845
1.40845
1.40845
1.40845
1.40845
1.40845
1.40845
1.40844
1.40834
1.40749
1.40072
1.34822
1.1181
0.728259
0.507072
0.612298
0.608073
0.598726
0.590348
0.599906
0.613248
0.620672
0.634679
0.666882
0.842775
1.40845
1.40845
1.40845
1.40845
1.40845
1.40845
1.40845
1.40844
1.40839
1.40786
1.40358
1.36596
1.17213
0.810136
0.498563
0.616935
0.618028
0.61209
0.601658
0.604792
0.615244
0.627554
0.644002
0.669954
0.813495
1.40845
1.40845
1.40845
1.40845
1.40845
1.40845
1.40845
1.40845
1.40841
1.40808
1.4052
1.37807
1.21763
0.870872
0.501573
0.617399
0.631604
0.628844
0.619809
0.615954
0.622079
0.633368
0.649437
0.673189
0.771265
1.40845
1.40845
1.40845
1.40845
1.40845
1.40845
1.40845
1.40845
1.40842
1.40815
1.406
1.38651
1.25918
0.936658
0.518382
0.608833
0.643475
0.642892
0.639966
0.633141
0.634732
0.641825
0.655186
0.676204
0.743931
1.40845
1.40845
1.40845
1.40845
1.40845
1.40845
1.40845
1.40845
1.40843
1.40826
1.40671
1.39381
1.30559
1.01319
0.551378
0.580114
0.658232
0.659493
0.656295
0.650139
0.648402
0.652648
0.663281
0.680218
0.729163
1.40845
1.40845
1.40845
1.40845
1.40845
1.40845
1.40845
1.40845
1.40844
1.40835
1.40754
1.4011
1.34761
1.10036
0.63887
0.539432
0.651758
0.671628
0.669804
0.665486
0.660226
0.662176
0.670455
0.684262
0.722097
1.40845
1.40845
1.40845
1.40845
1.40845
1.40845
1.40845
1.40845
1.40845
1.40839
1.40795
1.40415
1.37025
1.1865
0.821364
0.508081
0.636141
0.664097
0.666937
0.665532
0.666403
0.669248
0.677152
0.688694
0.718036
1.40845
1.40845
1.40845
1.40845
1.40845
1.40845
1.40845
1.40845
1.40845
1.40842
1.40814
1.40576
1.38528
1.25369
0.922053
0.520136
0.611668
0.656277
0.669585
0.668506
0.669944
0.673617
0.681674
0.692071
0.714322
1.40845
1.40845
1.40845
1.40845
1.40845
1.40845
1.40845
1.40845
1.40845
1.40843
1.40827
1.40695
1.39665
1.31873
1.02292
0.555398
0.57521
0.65648
0.68128
0.679938
0.677611
0.679135
0.685336
0.695137
0.713152
1.40845
1.40845
1.40845
1.40845
1.40845
1.40845
1.40845
1.40845
1.40845
1.40844
1.40837
1.40774
1.40243
1.35608
1.13827
0.751895
0.515808
0.644007
0.673361
0.679892
0.679935
0.682921
0.689906
0.69983
0.71468
1.40845
1.40845
1.40845
1.40845
1.40845
1.40845
1.40845
1.40845
1.40845
1.40845
1.40841
1.40806
1.40507
1.38068
1.23683
0.894393
0.5234
0.620745
0.659882
0.680513
0.684822
0.689402
0.696701
0.7064
0.719007
1.40845
1.40845
1.40845
1.40845
1.40845
1.40845
1.40845
1.40845
1.40845
1.40845
1.40843
1.4083
1.40709
1.39923
1.32714
1.00552
0.551645
0.58022
0.658911
0.684088
0.692637
0.699557
0.70768
0.717093
0.727527
1.40845
1.40845
1.40845
1.40845
1.40845
1.40845
1.40845
1.40845
1.40845
1.40845
1.40844
1.40838
1.40778
1.40284
1.36092
1.14759
0.73819
0.521113
0.651322
0.670934
0.696392
0.704132
0.711898
0.721926
0.734297
1.40845
1.40845
1.40845
1.40845
1.40845
1.40845
1.40845
1.40845
1.40845
1.40845
1.40844
1.4084
1.40806
1.40534
1.38326
1.24816
0.90913
0.534914
0.621634
0.668348
0.699644
0.709527
0.717058
0.726563
0.737478
1.40845
1.40845
1.40845
1.40845
1.40845
1.40845
1.40845
1.40845
1.40845
1.40845
1.40845
1.40843
1.40832
1.40733
1.39872
1.33197
1.05002
0.578808
0.578819
0.667806
0.695654
0.7126
0.722224
0.732518
0.741582
1.40845
1.40845
1.40845
1.40845
1.40845
1.40845
1.40845
1.40845
1.40845
1.40845
1.40845
1.40844
1.40838
1.40786
1.40382
1.37252
1.20285
0.807611
0.531996
0.648804
0.682375
0.713764
0.722857
0.732797
0.741104
1.40845
1.40845
1.40845
1.40845
1.40845
1.40845
1.40845
1.40845
1.40845
1.40845
1.40845
1.40845
1.40843
1.40827
1.40684
1.39472
1.30573
0.979354
0.562589
0.600963
0.685039
0.712486
0.724918
0.732977
0.740778
1.40845
1.40845
1.40845
1.40845
1.40845
1.40845
1.40845
1.40845
1.40845
1.40845
1.40845
1.40845
1.40844
1.40835
1.40767
1.40251
1.36329
1.16737
0.75138
0.536473
0.667093
0.695884
0.72489
0.732212
0.740514
1.40845
1.40845
1.40845
1.40845
1.40845
1.40845
1.40845
1.40845
1.40845
1.40845
1.40845
1.40845
1.40845
1.40841
1.40828
1.4066
1.39222
1.29019
0.938053
0.558436
0.613058
0.69742
0.722091
0.731729
0.738596
1.40845
1.40845
1.40845
1.40845
1.40845
1.40845
1.40845
1.40845
1.40845
1.40845
1.40845
1.40845
1.40845
1.40844
1.40833
1.40753
1.40154
1.35614
1.13812
0.691561
0.548672
0.675548
0.704139
0.729313
0.73578
1.40845
1.40845
1.40845
1.40845
1.40845
1.40845
1.40845
1.40845
1.40845
1.40845
1.40845
1.40845
1.40845
1.40844
1.40835
1.40838
1.40664
1.39131
1.28547
0.917356
0.557873
0.616738
0.702854
0.721952
0.735378
1.40845
1.40845
1.40845
1.40845
1.40845
1.40845
1.40845
1.40845
1.40845
1.40845
1.40845
1.40845
1.40845
1.40845
1.40843
1.40833
1.4075
1.40139
1.35503
1.13222
0.683049
0.553471
0.674892
0.707568
0.730534
1.40845
1.40845
1.40845
1.40845
1.40845
1.40845
1.40845
1.40845
1.40845
1.40845
1.40845
1.40845
1.40845
1.40845
1.40845
1.40841
1.40849
1.40683
1.39165
1.2877
0.923242
0.563304
0.615011
0.705413
0.716305
1.40845
1.40845
1.40845
1.40845
1.40845
1.40845
1.40845
1.40845
1.40845
1.40845
1.40845
1.40845
1.40845
1.40845
1.40845
1.40844
1.40834
1.4076
1.4019
1.35759
1.1408
0.71732
0.550392
0.666804
0.708464
1.40845
1.40845
1.40845
1.40845
1.40845
1.40845
1.40845
1.40845
1.40845
1.40845
1.40845
1.40845
1.40845
1.40845
1.40845
1.40845
1.40844
1.40862
1.40718
1.3936
1.2984
0.949778
0.568783
0.607704
0.699487
1.40845
1.40845
1.40845
1.40845
1.40845
1.40845
1.40845
1.40845
1.40845
1.40845
1.40845
1.40845
1.40845
1.40845
1.40845
1.40845
1.40844
1.40837
1.40773
1.40261
1.36323
1.1615
0.759359
0.546164
0.648448
1.40845
1.40845
1.40845
1.40845
1.40845
1.40845
1.40845
1.40845
1.40845
1.40845
1.40845
1.40845
1.40845
1.40845
1.40845
1.40845
1.40845
1.40842
1.40834
1.40684
1.39449
1.30745
0.972993
0.568076
0.586454
1.40845
1.40845
1.40845
1.40845
1.40845
1.40845
1.40845
1.40845
1.40845
1.40845
1.40845
1.40845
1.40845
1.40845
1.40845
1.40845
1.40845
1.40844
1.40836
1.40771
1.40295
1.36616
1.17465
0.770282
0.531841
1.40845
1.40845
1.40845
1.40845
1.40845
1.40845
1.40845
1.40845
1.40845
1.40845
1.40845
1.40845
1.40845
1.40845
1.40845
1.40845
1.40845
1.40845
1.40841
1.40854
1.40724
1.39487
1.30694
0.976493
0.559978
1.40845
1.40845
1.40845
1.40845
1.40845
1.40845
1.40845
1.40845
1.40845
1.40845
1.40845
1.40845
1.40845
1.40845
1.40845
1.40845
1.40845
1.40845
1.40844
1.40836
1.4077
1.40278
1.3649
1.17064
0.764737
1.40845
1.40845
1.40845
1.40845
1.40845
1.40845
1.40845
1.40845
1.40845
1.40845
1.40845
1.40845
1.40845
1.40845
1.40845
1.40845
1.40845
1.40845
1.40845
1.40842
1.40828
1.40663
1.39206
1.28655
0.942152
1.40845
1.40845
1.40845
1.40845
1.40845
1.40845
1.40845
1.40845
1.40845
1.40845
1.40845
1.40845
1.40845
1.40845
1.40845
1.40845
1.40845
1.40845
1.40845
1.40844
1.40835
1.40765
1.40183
1.35976
1.16259
1.40845
1.40845
1.40845
1.40845
1.40845
1.40845
1.40845
1.40845
1.40845
1.40845
1.40845
1.40845
1.40845
1.40845
1.40845
1.40845
1.40845
1.40845
1.40845
1.40845
1.40842
1.40827
1.40641
1.39528
1.30283
1.40845
1.40845
1.40845
1.40845
1.40845
1.40845
1.40845
1.40845
1.40845
1.40845
1.40845
1.40845
1.40845
1.40845
1.40845
1.40845
1.40845
1.40845
1.40845
1.40845
1.40844
1.40832
1.40734
1.39943
1.3372
1.40845
1.40845
1.40845
1.40845
1.40845
1.40845
1.40845
1.40845
1.40845
1.40845
1.40845
1.40845
1.40845
1.40845
1.40845
1.40845
1.40845
1.40845
1.40845
1.40845
1.40844
1.40838
1.40792
1.40432
1.37513
1.40845
1.40845
1.40845
1.40845
1.40845
1.40845
1.40845
1.40845
1.40845
1.40845
1.40845
1.40845
1.40845
1.40845
1.40845
1.40845
1.40845
1.40845
1.40845
1.40845
1.40844
1.40837
1.40837
1.4071
1.39479
1.40845
1.40845
1.40845
1.40845
1.40845
1.40845
1.40845
1.40845
1.40845
1.40845
1.40845
1.40845
1.40845
1.40845
1.40845
1.40845
1.40845
1.40845
1.40845
1.40845
1.40845
1.40844
1.40835
1.40757
1.40093
1.40845
1.40845
1.40845
1.40845
1.40845
1.40845
1.40845
1.40845
1.40845
1.40845
1.40845
1.40845
1.40845
1.40845
1.40845
1.40845
1.40845
1.40845
1.40845
1.40845
1.40845
1.40844
1.40838
1.40784
1.40309
1.40845
1.40845
1.40845
1.40845
1.40845
1.40845
1.40845
1.40845
1.40845
1.40845
1.40845
1.40845
1.40845
1.40845
1.40845
1.40845
1.40845
1.40845
1.40845
1.40845
1.40845
1.40844
1.40839
1.40782
1.40287
0.998134
0.826691
0.631969
0.613567
0.626209
0.632689
0.65125
0.656623
0.658868
0.654604
0.649103
0.644907
0.640383
0.630629
0.622227
0.614091
0.608467
0.608011
0.613805
0.623221
0.6329
0.641912
0.650725
0.659095
0.667772
0.677505
0.688475
0.700362
0.712821
0.725427
0.738258
0.751032
0.76348
0.775203
0.785913
0.795463
0.803325
0.809536
0.814648
0.818658
0.821706
0.824004
0.825728
0.826697
0.826997
0.826977
0.826802
0.826424
0.825846
0.825088
0.824164
0.82311
0.821959
0.820739
0.819607
0.81863
0.817781
0.816986
0.8164
0.816113
0.815721
0.815184
0.814242
0.812418
0.810631
0.818995
0.903504
1.19897
1.38147
1.4058
1.40817
1.40842
1.40845
1.40845
1.40845
1.40845
1.40845
1.40845
1.40845
1.40845
1.40845
1.40845
1.40845
1.40845
1.40845
1.40845
1.40845
1.40845
1.40845
1.40845
1.40845
1.40845
1.40845
1.40845
1.40845
1.40845
1.40845
1.40845
1.40845
1.40845
0.865477
0.737589
0.636195
0.619382
0.625949
0.619972
0.620079
0.621957
0.618378
0.61597
0.611754
0.602868
0.589861
0.579725
0.567506
0.562264
0.565128
0.573049
0.58277
0.59564
0.612582
0.628572
0.642348
0.650888
0.655596
0.659989
0.665104
0.671681
0.680126
0.690432
0.702419
0.715868
0.730659
0.746709
0.763314
0.779069
0.792225
0.802232
0.809319
0.814224
0.817656
0.819917
0.821257
0.821963
0.82256
0.823147
0.823354
0.823319
0.823153
0.822839
0.82238
0.821796
0.821107
0.820338
0.81952
0.818689
0.817885
0.817094
0.816472
0.816171
0.815754
0.815167
0.814193
0.812384
0.810636
0.818983
0.903293
1.19858
1.3814
1.4058
1.40817
1.40842
1.40845
1.40845
1.40845
1.40845
1.40845
1.40845
1.40845
1.40845
1.40845
1.40845
1.40845
1.40845
1.40845
1.40845
1.40845
1.40845
1.40845
1.40845
1.40845
1.40845
1.40845
1.40845
1.40845
1.40845
1.40845
1.40845
1.40845
1.40845
0.943507
0.872187
0.757614
0.688235
0.660603
0.645385
0.638163
0.639561
0.639319
0.637829
0.624697
0.621314
0.623134
0.626983
0.634082
0.644967
0.66016
0.679563
0.694369
0.70774
0.720901
0.734908
0.750248
0.760326
0.76435
0.767702
0.771464
0.775743
0.780839
0.786942
0.793944
0.801567
0.809691
0.818261
0.827047
0.835138
0.84151
0.845802
0.847835
0.848295
0.848028
0.846901
0.844659
0.841382
0.837307
0.83319
0.830159
0.827792
0.825933
0.824471
0.823112
0.821885
0.820754
0.819777
0.818881
0.818127
0.817474
0.816861
0.816334
0.816103
0.81571
0.815095
0.81412
0.81235
0.810626
0.818986
0.903317
1.19859
1.38139
1.4058
1.40817
1.40842
1.40845
1.40845
1.40845
1.40845
1.40845
1.40845
1.40845
1.40845
1.40845
1.40845
1.40845
1.40845
1.40845
1.40845
1.40845
1.40845
1.40845
1.40845
1.40845
1.40845
1.40845
1.40845
1.40845
1.40845
1.40845
1.40845
1.40845
1.40845
0.92884
0.940884
0.885869
0.824593
0.772849
0.743105
0.718593
0.710129
0.706379
0.708026
0.707164
0.709973
0.724272
0.73931
0.746696
0.755706
0.771074
0.786622
0.795319
0.800289
0.804609
0.808937
0.813704
0.814949
0.815026
0.816372
0.818791
0.82188
0.825793
0.830676
0.836353
0.841872
0.847329
0.852588
0.857139
0.860241
0.86223
0.863175
0.86338
0.862947
0.8615
0.858747
0.854609
0.849235
0.842951
0.837003
0.832409
0.829179
0.826757
0.824981
0.823684
0.822607
0.821591
0.820616
0.819751
0.818941
0.818194
0.81745
0.816796
0.816441
0.81594
0.815237
0.814177
0.812349
0.810622
0.818916
0.902826
1.19774
1.38123
1.40578
1.40817
1.40842
1.40845
1.40845
1.40845
1.40845
1.40845
1.40845
1.40845
1.40845
1.40845
1.40845
1.40845
1.40845
1.40845
1.40845
1.40845
1.40845
1.40845
1.40845
1.40845
1.40845
1.40845
1.40845
1.40845
1.40845
1.40845
1.40845
1.40845
1.40845
0.877424
0.929139
0.915864
0.878206
0.863604
0.847737
0.831787
0.823198
0.822019
0.826385
0.838717
0.847395
0.849479
0.851876
0.849734
0.844954
0.846044
0.8485
0.848005
0.84695
0.845154
0.84132
0.83817
0.833422
0.830266
0.830381
0.831257
0.833147
0.836256
0.840538
0.845695
0.851082
0.856325
0.861168
0.864565
0.866446
0.867689
0.868156
0.868033
0.867262
0.865425
0.862196
0.857539
0.851683
0.844895
0.837898
0.83268
0.82878
0.826062
0.824305
0.823019
0.821806
0.820804
0.819961
0.819229
0.818509
0.81786
0.817199
0.816572
0.816242
0.815755
0.815077
0.81405
0.812263
0.810581
0.818933
0.902929
1.1978
1.38123
1.40578
1.40817
1.40842
1.40845
1.40845
1.40845
1.40845
1.40845
1.40845
1.40845
1.40845
1.40845
1.40845
1.40845
1.40845
1.40845
1.40845
1.40845
1.40845
1.40845
1.40845
1.40845
1.40845
1.40845
1.40845
1.40845
1.40845
1.40845
1.40845
1.40845
1.40845
0.818643
0.896244
0.895846
0.876448
0.877847
0.879267
0.880664
0.883574
0.885395
0.887052
0.890086
0.900355
0.902836
0.900721
0.892557
0.880973
0.867506
0.864106
0.860658
0.856396
0.852138
0.847234
0.841026
0.833229
0.828562
0.827808
0.828151
0.829332
0.831855
0.835751
0.8406
0.846127
0.851952
0.856842
0.861113
0.864662
0.866369
0.866774
0.866791
0.866522
0.864823
0.861644
0.857289
0.851669
0.844884
0.837774
0.832117
0.828153
0.825468
0.823812
0.822549
0.82165
0.82094
0.820292
0.819642
0.819007
0.818376
0.8177
0.817035
0.816644
0.816102
0.815339
0.814193
0.81232
0.810609
0.818818
0.902054
1.19631
1.38096
1.40576
1.40816
1.40842
1.40845
1.40845
1.40845
1.40845
1.40845
1.40845
1.40845
1.40845
1.40845
1.40845
1.40845
1.40845
1.40845
1.40845
1.40845
1.40845
1.40845
1.40845
1.40845
1.40845
1.40845
1.40845
1.40845
1.40845
1.40845
1.40845
1.40845
1.40845
0.782576
0.854206
0.857551
0.8685
0.874176
0.878175
0.883349
0.884532
0.887571
0.894162
0.901324
0.905423
0.908341
0.905344
0.897414
0.886013
0.87279
0.860662
0.856478
0.851324
0.845139
0.838179
0.829547
0.818974
0.812748
0.810415
0.809705
0.810234
0.812421
0.816207
0.821316
0.827387
0.833913
0.840716
0.84808
0.85329
0.856646
0.858951
0.860464
0.86024
0.859346
0.857798
0.854848
0.84986
0.843569
0.837188
0.831491
0.827487
0.824757
0.822763
0.821498
0.820698
0.820102
0.819577
0.819047
0.8185
0.817927
0.817307
0.816733
0.816392
0.815892
0.81516
0.814032
0.812193
0.81055
0.818839
0.902186
1.19637
1.38094
1.40575
1.40816
1.40842
1.40845
1.40845
1.40845
1.40845
1.40845
1.40845
1.40845
1.40845
1.40845
1.40845
1.40845
1.40845
1.40845
1.40845
1.40845
1.40845
1.40845
1.40845
1.40845
1.40845
1.40845
1.40845
1.40845
1.40845
1.40845
1.40845
1.40845
1.40845
0.766086
0.814756
0.820799
0.837114
0.849926
0.864311
0.867508
0.871124
0.876937
0.887201
0.895239
0.893493
0.893023
0.893817
0.892063
0.881739
0.866289
0.846484
0.841383
0.83643
0.830984
0.825182
0.817172
0.808235
0.802159
0.796888
0.794509
0.794817
0.796477
0.799486
0.803908
0.8096
0.816331
0.824004
0.83264
0.840621
0.847646
0.853071
0.854777
0.855125
0.855486
0.854832
0.852237
0.847956
0.843105
0.837366
0.831565
0.827153
0.82429
0.822234
0.82097
0.820177
0.81968
0.819304
0.818955
0.818599
0.818191
0.817675
0.817107
0.816744
0.816223
0.815426
0.814206
0.812308
0.810607
0.818666
0.901019
1.19435
1.38057
1.40572
1.40816
1.40842
1.40845
1.40845
1.40845
1.40845
1.40845
1.40845
1.40845
1.40845
1.40845
1.40845
1.40845
1.40845
1.40845
1.40845
1.40845
1.40845
1.40845
1.40845
1.40845
1.40845
1.40845
1.40845
1.40845
1.40845
1.40845
1.40845
1.40845
1.40845
0.749307
0.793167
0.798089
0.803764
0.816747
0.830825
0.834666
0.846321
0.857426
0.866701
0.873933
0.873468
0.868748
0.8693
0.868839
0.862616
0.850129
0.833856
0.828015
0.825651
0.822413
0.818112
0.811694
0.804371
0.797916
0.791156
0.788074
0.788184
0.789271
0.791387
0.794827
0.799685
0.805914
0.813458
0.822187
0.832182
0.842324
0.847848
0.850474
0.852686
0.852963
0.852112
0.850078
0.847074
0.842798
0.837431
0.831658
0.827253
0.82384
0.821582
0.820223
0.819422
0.818947
0.818616
0.81832
0.818029
0.817708
0.81728
0.816799
0.816484
0.815993
0.815212
0.814016
0.812165
0.810535
0.818677
0.901114
1.19431
1.38053
1.40571
1.40816
1.40842
1.40845
1.40845
1.40845
1.40845
1.40845
1.40845
1.40845
1.40845
1.40845
1.40845
1.40845
1.40845
1.40845
1.40845
1.40845
1.40845
1.40845
1.40845
1.40845
1.40845
1.40845
1.40845
1.40845
1.40845
1.40845
1.40845
1.40845
1.40845
0.741042
0.775353
0.783357
0.785574
0.792252
0.799477
0.805048
0.819318
0.827295
0.83598
0.847564
0.850426
0.845692
0.845474
0.847676
0.846012
0.837073
0.824916
0.817304
0.81661
0.814704
0.811705
0.807328
0.801822
0.795565
0.788777
0.785927
0.785964
0.786419
0.787832
0.790578
0.794756
0.800518
0.807787
0.816593
0.827407
0.838012
0.844415
0.849226
0.851005
0.851291
0.851044
0.84962
0.846547
0.842244
0.836733
0.831551
0.827487
0.823904
0.821366
0.81976
0.818894
0.818447
0.81818
0.818003
0.817844
0.817652
0.817354
0.816956
0.816703
0.816245
0.815445
0.814197
0.812289
0.810587
0.818461
0.899765
1.19194
1.38008
1.40567
1.40815
1.40842
1.40845
1.40845
1.40845
1.40845
1.40845
1.40845
1.40845
1.40845
1.40845
1.40845
1.40845
1.40845
1.40845
1.40845
1.40845
1.40845
1.40845
1.40845
1.40845
1.40845
1.40845
1.40845
1.40845
1.40845
1.40845
1.40845
1.40845
1.40845
0.739242
0.765871
0.771242
0.773486
0.777938
0.779583
0.787618
0.791333
0.795094
0.803657
0.816223
0.828275
0.828363
0.827697
0.83025
0.830127
0.82548
0.81574
0.811075
0.809828
0.808136
0.805729
0.80234
0.798279
0.793362
0.787285
0.785341
0.784893
0.784989
0.78605
0.788471
0.792275
0.797562
0.804597
0.813571
0.824299
0.835347
0.843627
0.84771
0.850115
0.851465
0.850762
0.84877
0.845762
0.841594
0.836135
0.831537
0.827306
0.823593
0.821102
0.819446
0.818384
0.817874
0.817641
0.817486
0.817337
0.817167
0.816925
0.816611
0.81643
0.81602
0.815243
0.814016
0.812143
0.810507
0.818453
0.899773
1.19175
1.38001
1.40566
1.40815
1.40842
1.40845
1.40845
1.40845
1.40845
1.40845
1.40845
1.40845
1.40845
1.40845
1.40845
1.40845
1.40845
1.40845
1.40845
1.40845
1.40845
1.40845
1.40845
1.40845
1.40845
1.40845
1.40845
1.40845
1.40845
1.40845
1.40845
1.40845
1.40845
0.740401
0.760338
0.763546
0.760486
0.76367
0.764926
0.770443
0.76914
0.773127
0.780978
0.791276
0.804973
0.810828
0.810417
0.81007
0.810828
0.810278
0.805583
0.801978
0.801722
0.801261
0.799949
0.797803
0.794547
0.790307
0.787265
0.784683
0.783543
0.783786
0.784999
0.787114
0.790479
0.795464
0.802521
0.811725
0.822716
0.834802
0.842761
0.847445
0.850105
0.850127
0.849568
0.848366
0.845645
0.840727
0.835736
0.83231
0.827938
0.823123
0.820731
0.819136
0.817977
0.817386
0.817177
0.817071
0.81698
0.816885
0.816742
0.816531
0.816452
0.816125
0.815386
0.814148
0.812237
0.810531
0.81821
0.898354
1.18923
1.37953
1.40562
1.40815
1.40842
1.40845
1.40845
1.40845
1.40845
1.40845
1.40845
1.40845
1.40845
1.40845
1.40845
1.40845
1.40845
1.40845
1.40845
1.40845
1.40845
1.40845
1.40845
1.40845
1.40845
1.40845
1.40845
1.40845
1.40845
1.40845
1.40845
1.40845
1.40845
0.745182
0.760684
0.760947
0.754436
0.757806
0.762074
0.760973
0.755871
0.757287
0.76116
0.767472
0.779139
0.790688
0.791286
0.789721
0.790663
0.792754
0.792726
0.791883
0.793868
0.795285
0.794789
0.793566
0.791556
0.788481
0.785892
0.783071
0.78282
0.78334
0.784066
0.78552
0.788662
0.794172
0.801308
0.810177
0.821899
0.832608
0.840751
0.846933
0.848701
0.848815
0.848746
0.847237
0.843807
0.839835
0.836506
0.831911
0.826405
0.823264
0.820881
0.818717
0.817598
0.816901
0.81659
0.816503
0.816469
0.816433
0.816344
0.816189
0.816154
0.815866
0.815166
0.813966
0.812093
0.810441
0.818169
0.898258
1.18887
1.37943
1.40561
1.40815
1.40842
1.40845
1.40845
1.40845
1.40845
1.40845
1.40845
1.40845
1.40845
1.40845
1.40845
1.40845
1.40845
1.40845
1.40845
1.40845
1.40845
1.40845
1.40845
1.40845
1.40845
1.40845
1.40845
1.40845
1.40845
1.40845
1.40845
1.40845
1.40845
0.751387
0.763563
0.761897
0.753188
0.754445
0.755583
0.752084
0.749813
0.74717
0.745891
0.746949
0.75538
0.766816
0.770961
0.769596
0.773596
0.780429
0.779916
0.782038
0.785899
0.789995
0.790817
0.790374
0.789118
0.787003
0.783392
0.782441
0.782488
0.782499
0.782921
0.784348
0.788027
0.793048
0.799473
0.808846
0.821004
0.831868
0.840814
0.846104
0.847855
0.848557
0.84802
0.846204
0.843536
0.84069
0.83642
0.830388
0.825965
0.824065
0.821321
0.818446
0.817134
0.81648
0.816122
0.816008
0.816009
0.816038
0.816019
0.815949
0.815986
0.815779
0.815164
0.814014
0.81214
0.810419
0.817896
0.896897
1.18639
1.37895
1.40557
1.40814
1.40842
1.40845
1.40845
1.40845
1.40845
1.40845
1.40845
1.40845
1.40845
1.40845
1.40845
1.40845
1.40845
1.40845
1.40845
1.40845
1.40845
1.40845
1.40845
1.40845
1.40845
1.40845
1.40845
1.40845
1.40845
1.40845
1.40845
1.40845
1.40845
0.751716
0.764192
0.763545
0.751925
0.74974
0.751015
0.749389
0.745154
0.737874
0.738067
0.738575
0.742113
0.746066
0.75017
0.755404
0.761694
0.768103
0.772084
0.774567
0.778446
0.783423
0.786923
0.78741
0.786893
0.785397
0.782848
0.781342
0.780791
0.780991
0.782116
0.784408
0.787655
0.792066
0.798548
0.808004
0.819244
0.831583
0.840626
0.84477
0.847287
0.847855
0.847151
0.845602
0.843646
0.840412
0.835165
0.829696
0.827172
0.82422
0.820708
0.818396
0.816857
0.816005
0.815692
0.815553
0.815531
0.815558
0.815581
0.815574
0.815656
0.815492
0.814934
0.813831
0.81199
0.810305
0.817811
0.896719
1.18595
1.37884
1.40555
1.40814
1.40842
1.40845
1.40845
1.40845
1.40845
1.40845
1.40845
1.40845
1.40845
1.40845
1.40845
1.40845
1.40845
1.40845
1.40845
1.40845
1.40845
1.40845
1.40845
1.40845
1.40845
1.40845
1.40845
1.40845
1.40845
1.40845
1.40845
1.40845
1.40845
0.751783
0.763345
0.764118
0.751847
0.749627
0.74947
0.746097
0.739309
0.737189
0.736779
0.731714
0.730783
0.735028
0.740049
0.745519
0.750575
0.75605
0.766953
0.769289
0.77283
0.778085
0.783479
0.785084
0.784925
0.7839
0.781862
0.780338
0.779788
0.78018
0.781687
0.783832
0.786914
0.791289
0.798275
0.807387
0.818358
0.831679
0.839288
0.844159
0.847006
0.847164
0.846688
0.845384
0.84331
0.839439
0.834353
0.830892
0.827052
0.822503
0.820225
0.818912
0.816935
0.815529
0.815181
0.815041
0.815022
0.815065
0.815137
0.815208
0.815356
0.815242
0.814774
0.813753
0.811949
0.810212
0.817504
0.895491
1.18379
1.37843
1.40552
1.40814
1.40842
1.40845
1.40845
1.40845
1.40845
1.40845
1.40845
1.40845
1.40845
1.40845
1.40845
1.40845
1.40845
1.40845
1.40845
1.40845
1.40845
1.40845
1.40845
1.40845
1.40845
1.40845
1.40845
1.40845
1.40845
1.40845
1.40845
1.40845
1.40845
0.750395
0.761498
0.763083
0.754683
0.750768
0.748453
0.745115
0.740649
0.738406
0.732522
0.721261
0.721765
0.729386
0.735909
0.739603
0.742895
0.75024
0.76177
0.767702
0.7719
0.775734
0.780161
0.782848
0.783159
0.782379
0.780432
0.779206
0.778963
0.779599
0.780747
0.7827
0.786126
0.791106
0.797683
0.806531
0.817809
0.83
0.838067
0.843933
0.845861
0.846034
0.845722
0.844777
0.842111
0.83817
0.834123
0.830164
0.825204
0.822019
0.821107
0.819273
0.816786
0.815296
0.81481
0.814645
0.814589
0.814616
0.814684
0.814798
0.814988
0.81491
0.814505
0.813545
0.811779
0.810058
0.817367
0.895281
1.18341
1.37834
1.40551
1.40814
1.40842
1.40845
1.40845
1.40845
1.40845
1.40845
1.40845
1.40845
1.40845
1.40845
1.40845
1.40845
1.40845
1.40845
1.40845
1.40845
1.40845
1.40845
1.40845
1.40845
1.40845
1.40845
1.40845
1.40845
1.40845
1.40845
1.40845
1.40845
1.40845
0.749425
0.759248
0.762477
0.759004
0.753812
0.74833
0.747582
0.746183
0.740349
0.72641
0.713981
0.714879
0.722049
0.729127
0.73307
0.738743
0.747148
0.757966
0.766554
0.773884
0.777586
0.779135
0.781194
0.781764
0.78102
0.77952
0.778124
0.778342
0.778825
0.779766
0.781704
0.785347
0.790522
0.797535
0.806765
0.818706
0.829215
0.838084
0.84346
0.844992
0.845251
0.845063
0.84377
0.841039
0.837573
0.833662
0.828757
0.825739
0.823492
0.820915
0.818237
0.816714
0.815187
0.814308
0.814135
0.814101
0.814106
0.81416
0.814322
0.814566
0.814529
0.814206
0.813334
0.811622
0.809872
0.817027
0.894296
1.18182
1.37805
1.40548
1.40813
1.40842
1.40845
1.40845
1.40845
1.40845
1.40845
1.40845
1.40845
1.40845
1.40845
1.40845
1.40845
1.40845
1.40845
1.40845
1.40845
1.40845
1.40845
1.40845
1.40845
1.40845
1.40845
1.40845
1.40845
1.40845
1.40845
1.40845
1.40845
1.40845
0.747616
0.756632
0.762625
0.761539
0.754817
0.752032
0.752182
0.749725
0.739907
0.725701
0.714441
0.712768
0.716244
0.722624
0.727231
0.734896
0.744413
0.756435
0.76471
0.774624
0.780518
0.780954
0.780889
0.781139
0.780564
0.779004
0.777953
0.777882
0.778259
0.77946
0.781447
0.784538
0.789585
0.796711
0.80605
0.817614
0.82923
0.837594
0.842377
0.844146
0.844468
0.844008
0.842635
0.840249
0.836847
0.832429
0.828951
0.825995
0.82258
0.819705
0.818325
0.81689
0.815493
0.814096
0.813678
0.813624
0.813612
0.813666
0.81388
0.814141
0.814126
0.813863
0.813063
0.811399
0.809661
0.816836
0.894146
1.18173
1.37803
1.40548
1.40813
1.40842
1.40845
1.40845
1.40845
1.40845
1.40845
1.40845
1.40845
1.40845
1.40845
1.40845
1.40845
1.40845
1.40845
1.40845
1.40845
1.40845
1.40845
1.40845
1.40845
1.40845
1.40845
1.40845
1.40845
1.40845
1.40845
1.40845
1.40845
1.40845
0.744536
0.752946
0.761876
0.761847
0.757203
0.757125
0.755511
0.749468
0.739557
0.728478
0.717854
0.714151
0.714372
0.720806
0.725843
0.731139
0.739827
0.750653
0.764076
0.776393
0.782308
0.782333
0.781386
0.781028
0.780151
0.778689
0.777577
0.777371
0.777768
0.778684
0.780442
0.783593
0.788665
0.795877
0.805195
0.816462
0.828884
0.837688
0.84177
0.84375
0.844016
0.843384
0.841933
0.839302
0.835388
0.831939
0.828476
0.824627
0.822128
0.820007
0.817761
0.81673
0.815605
0.814025
0.81308
0.813023
0.81306
0.813132
0.81339
0.813657
0.813662
0.813456
0.812732
0.811123
0.809377
0.816475
0.893505
1.18096
1.37791
1.40547
1.40813
1.40842
1.40845
1.40845
1.40845
1.40845
1.40845
1.40845
1.40845
1.40845
1.40845
1.40845
1.40845
1.40845
1.40845
1.40845
1.40845
1.40845
1.40845
1.40845
1.40845
1.40845
1.40845
1.40845
1.40845
1.40845
1.40845
1.40845
1.40845
1.40845
0.742362
0.749079
0.759105
0.760936
0.758511
0.757454
0.753551
0.748545
0.741888
0.731255
0.717735
0.715716
0.715146
0.718657
0.725564
0.730788
0.737436
0.747268
0.76059
0.775161
0.7813
0.782538
0.782072
0.780735
0.779319
0.778074
0.777049
0.777099
0.777325
0.778069
0.780058
0.783172
0.787817
0.794997
0.804428
0.816212
0.82785
0.836185
0.841236
0.842599
0.842735
0.842241
0.84066
0.83827
0.834887
0.83102
0.826538
0.823866
0.822078
0.81969
0.817467
0.816827
0.815484
0.813834
0.812948
0.812635
0.812615
0.81264
0.812891
0.813188
0.813215
0.813047
0.812381
0.810819
0.809088
0.81624
0.893533
1.18142
1.37803
1.40549
1.40814
1.40842
1.40845
1.40845
1.40845
1.40845
1.40845
1.40845
1.40845
1.40845
1.40845
1.40845
1.40845
1.40845
1.40845
1.40845
1.40845
1.40845
1.40845
1.40845
1.40845
1.40845
1.40845
1.40845
1.40845
1.40845
1.40845
1.40845
1.40845
1.40845
0.73881
0.744807
0.756248
0.761746
0.760429
0.755351
0.752107
0.750286
0.746201
0.733556
0.719318
0.718348
0.718517
0.718126
0.721287
0.726815
0.733046
0.743458
0.756858
0.771825
0.779869
0.782278
0.782097
0.780811
0.778621
0.776733
0.775633
0.77543
0.775786
0.77667
0.778498
0.781807
0.786785
0.793669
0.803228
0.814754
0.827479
0.835154
0.839648
0.841599
0.841641
0.841126
0.839812
0.83724
0.833926
0.829666
0.825745
0.82365
0.821173
0.81839
0.817414
0.81641
0.81508
0.813746
0.812802
0.81227
0.812125
0.812123
0.812342
0.812638
0.812683
0.812547
0.811934
0.810422
0.808699
0.815864
0.893323
1.18167
1.37813
1.4055
1.40814
1.40842
1.40845
1.40845
1.40845
1.40845
1.40845
1.40845
1.40845
1.40845
1.40845
1.40845
1.40845
1.40845
1.40845
1.40845
1.40845
1.40845
1.40845
1.40845
1.40845
1.40845
1.40845
1.40845
1.40845
1.40845
1.40845
1.40845
1.40845
1.40845
0.734723
0.740893
0.751222
0.75852
0.75718
0.752534
0.75193
0.75106
0.746155
0.734583
0.723338
0.718404
0.719936
0.723697
0.722326
0.72446
0.730867
0.740505
0.752917
0.767146
0.777684
0.781183
0.781112
0.78001
0.778001
0.775359
0.774035
0.773959
0.774322
0.775388
0.777439
0.780806
0.785946
0.793106
0.802322
0.813509
0.825554
0.834947
0.838742
0.839773
0.84034
0.839746
0.838391
0.835907
0.832458
0.828821
0.824956
0.822075
0.819778
0.818003
0.81719
0.816057
0.814721
0.813818
0.812633
0.811922
0.811679
0.81165
0.811869
0.81212
0.812165
0.812047
0.811473
0.810009
0.808315
0.815594
0.893659
1.18296
1.37843
1.40553
1.40814
1.40842
1.40845
1.40845
1.40845
1.40845
1.40845
1.40845
1.40845
1.40845
1.40845
1.40845
1.40845
1.40845
1.40845
1.40845
1.40845
1.40845
1.40845
1.40845
1.40845
1.40845
1.40845
1.40845
1.40845
1.40845
1.40845
1.40845
1.40845
1.40845
0.731519
0.737807
0.744622
0.7505
0.751017
0.751684
0.751912
0.749991
0.744842
0.736383
0.726104
0.717599
0.719054
0.723957
0.724971
0.724359
0.72979
0.738625
0.751346
0.763876
0.773435
0.778315
0.778979
0.778122
0.776468
0.774187
0.772224
0.772018
0.772476
0.773621
0.775743
0.77918
0.784174
0.791415
0.800943
0.812727
0.824242
0.832834
0.837676
0.838756
0.838799
0.838356
0.836791
0.834453
0.831036
0.827297
0.824255
0.821061
0.818346
0.817763
0.816681
0.815092
0.814109
0.813605
0.812648
0.811536
0.811081
0.811046
0.811265
0.811519
0.811568
0.81146
0.810912
0.809489
0.807825
0.815222
0.893965
1.1844
1.37877
1.40557
1.40815
1.40842
1.40845
1.40845
1.40845
1.40845
1.40845
1.40845
1.40845
1.40845
1.40845
1.40845
1.40845
1.40845
1.40845
1.40845
1.40845
1.40845
1.40845
1.40845
1.40845
1.40845
1.40845
1.40845
1.40845
1.40845
1.40845
1.40845
1.40845
1.40845
0.729622
0.732722
0.737409
0.741389
0.745555
0.749043
0.7488
0.746964
0.742793
0.735881
0.725311
0.713984
0.715414
0.721683
0.727293
0.724191
0.727872
0.737045
0.75002
0.76157
0.769674
0.774307
0.776076
0.775731
0.774194
0.771816
0.770324
0.769889
0.770339
0.771462
0.773572
0.777055
0.78236
0.789764
0.799494
0.811154
0.82324
0.830961
0.835543
0.837277
0.837174
0.836584
0.83519
0.832811
0.829813
0.826026
0.82302
0.819949
0.818
0.816297
0.815322
0.814517
0.813879
0.813235
0.812625
0.81169
0.810824
0.81063
0.810751
0.810954
0.81101
0.810901
0.810354
0.808951
0.807336
0.814937
0.894728
1.18673
1.37929
1.40562
1.40815
1.40842
1.40845
1.40845
1.40845
1.40845
1.40845
1.40845
1.40845
1.40845
1.40845
1.40845
1.40845
1.40845
1.40845
1.40845
1.40845
1.40845
1.40845
1.40845
1.40845
1.40845
1.40845
1.40845
1.40845
1.40845
1.40845
1.40845
1.40845
1.40845
0.710408
0.722158
0.727002
0.733174
0.740549
0.743403
0.742272
0.742298
0.740287
0.733346
0.720749
0.713158
0.714786
0.716934
0.722614
0.725034
0.727265
0.735812
0.747563
0.759095
0.765916
0.769754
0.771961
0.771778
0.770731
0.769277
0.767785
0.766976
0.767239
0.768408
0.770681
0.774427
0.780036
0.787723
0.797579
0.809713
0.82103
0.829374
0.833601
0.835221
0.835456
0.834854
0.833498
0.831259
0.828191
0.824857
0.821447
0.818596
0.817187
0.815403
0.814467
0.813807
0.813061
0.812499
0.812146
0.8116
0.810685
0.810064
0.810069
0.81025
0.810353
0.810248
0.809704
0.808309
0.806742
0.814591
0.895663
1.18942
1.37989
1.40568
1.40816
1.40842
1.40845
1.40845
1.40845
1.40845
1.40845
1.40845
1.40845
1.40845
1.40845
1.40845
1.40845
1.40845
1.40845
1.40845
1.40845
1.40845
1.40845
1.40845
1.40845
1.40845
1.40845
1.40845
1.40845
1.40845
1.40845
1.40845
1.40845
1.40845
0.706441
0.717568
0.724025
0.729604
0.734658
0.736773
0.738871
0.738231
0.735654
0.728717
0.720167
0.716727
0.714771
0.709085
0.711375
0.717553
0.725147
0.733653
0.745356
0.757506
0.762758
0.764457
0.76617
0.766593
0.76634
0.765465
0.764289
0.763729
0.763699
0.764468
0.766609
0.770494
0.776311
0.784327
0.794528
0.806606
0.818861
0.826907
0.831433
0.833118
0.833237
0.832794
0.831448
0.829263
0.826395
0.823012
0.819914
0.817626
0.815582
0.814557
0.813318
0.812535
0.812126
0.811966
0.811693
0.81128
0.810754
0.809834
0.809496
0.809579
0.80968
0.809577
0.809031
0.807626
0.806116
0.814294
0.897019
1.19285
1.38064
1.40576
1.40817
1.40842
1.40845
1.40845
1.40845
1.40845
1.40845
1.40845
1.40845
1.40845
1.40845
1.40845
1.40845
1.40845
1.40845
1.40845
1.40845
1.40845
1.40845
1.40845
1.40845
1.40845
1.40845
1.40845
1.40845
1.40845
1.40845
1.40845
1.40845
1.40845
0.683557
0.69816
0.716578
0.72445
0.729469
0.732382
0.733779
0.732792
0.730249
0.72418
0.716447
0.713899
0.711913
0.709939
0.706656
0.710979
0.720454
0.73039
0.741315
0.751453
0.757487
0.758997
0.759839
0.760441
0.760307
0.759683
0.758943
0.758556
0.758626
0.759451
0.761822
0.766038
0.772182
0.780315
0.790526
0.802726
0.814901
0.823412
0.827941
0.829809
0.8301
0.829712
0.828615
0.826693
0.824087
0.82106
0.818098
0.815846
0.814327
0.813045
0.812058
0.811417
0.811029
0.810901
0.810756
0.810652
0.810402
0.80967
0.808905
0.808832
0.808869
0.808766
0.80824
0.806846
0.805404
0.813903
0.898677
1.19686
1.38147
1.40584
1.40818
1.40842
1.40845
1.40845
1.40845
1.40845
1.40845
1.40845
1.40845
1.40845
1.40845
1.40845
1.40845
1.40845
1.40845
1.40845
1.40845
1.40845
1.40845
1.40845
1.40845
1.40845
1.40845
1.40845
1.40845
1.40845
1.40845
1.40845
1.40845
1.40845
0.628212
0.690781
0.709949
0.717744
0.72138
0.725694
0.726019
0.725164
0.721463
0.71542
0.709378
0.707382
0.705559
0.706117
0.706278
0.708481
0.716368
0.727305
0.738697
0.747915
0.750858
0.751747
0.752385
0.75281
0.753262
0.752762
0.751975
0.751756
0.751929
0.752922
0.755363
0.759531
0.765678
0.77413
0.784881
0.797748
0.809946
0.818165
0.823058
0.825302
0.825878
0.825712
0.824888
0.823262
0.820968
0.818258
0.815629
0.813608
0.812161
0.811207
0.810565
0.81018
0.809763
0.809498
0.80961
0.809857
0.809687
0.809187
0.808409
0.808087
0.808039
0.807903
0.807386
0.806002
0.804649
0.813524
0.900703
1.2015
1.38241
1.40594
1.40819
1.40842
1.40845
1.40845
1.40845
1.40845
1.40845
1.40845
1.40845
1.40845
1.40845
1.40845
1.40845
1.40845
1.40845
1.40845
1.40845
1.40845
1.40845
1.40845
1.40845
1.40845
1.40845
1.40845
1.40845
1.40845
1.40845
1.40845
1.40845
1.40845
0.571776
0.671324
0.687404
0.706956
0.712298
0.716275
0.71573
0.713742
0.706721
0.706985
0.70728
0.70366
0.69607
0.696986
0.699893
0.703769
0.71127
0.7247
0.732486
0.739371
0.741885
0.743642
0.743455
0.742284
0.741913
0.741522
0.741507
0.741468
0.741934
0.743727
0.746848
0.751525
0.757942
0.766602
0.777417
0.790125
0.802402
0.811195
0.816724
0.819492
0.820389
0.820383
0.819854
0.818617
0.816724
0.814387
0.812111
0.810506
0.809476
0.808834
0.808484
0.808261
0.808105
0.808141
0.808207
0.808327
0.808459
0.808344
0.807871
0.807289
0.807099
0.806903
0.806396
0.805057
0.803808
0.813111
0.903001
1.20662
1.38342
1.40603
1.4082
1.40842
1.40845
1.40845
1.40845
1.40845
1.40845
1.40845
1.40845
1.40845
1.40845
1.40845
1.40845
1.40845
1.40845
1.40845
1.40845
1.40845
1.40845
1.40845
1.40845
1.40845
1.40845
1.40845
1.40845
1.40845
1.40845
1.40845
1.40845
1.40845
0.518405
0.626625
0.671066
0.695244
0.700009
0.704732
0.705385
0.704238
0.700756
0.7003
0.699875
0.69133
0.682194
0.683381
0.689533
0.696561
0.705891
0.717874
0.724211
0.727382
0.729454
0.729074
0.728703
0.728011
0.727869
0.727862
0.727721
0.728163
0.729332
0.731575
0.735073
0.740182
0.747276
0.756476
0.767601
0.780313
0.793222
0.802825
0.808997
0.812062
0.813295
0.813622
0.813462
0.812764
0.811453
0.809632
0.807907
0.806845
0.806162
0.805748
0.805734
0.805817
0.805983
0.806205
0.806495
0.80683
0.807025
0.807137
0.806937
0.806484
0.806145
0.805864
0.805327
0.804007
0.802879
0.812703
0.905578
1.21213
1.38447
1.40614
1.40821
1.40842
1.40845
1.40845
1.40845
1.40845
1.40845
1.40845
1.40845
1.40845
1.40845
1.40845
1.40845
1.40845
1.40845
1.40845
1.40845
1.40845
1.40845
1.40845
1.40845
1.40845
1.40845
1.40845
1.40845
1.40845
1.40845
1.40845
1.40845
1.40845
0.557781
0.580048
0.664673
0.677622
0.690869
0.695833
0.695859
0.694541
0.692289
0.687716
0.684233
0.680291
0.671676
0.671072
0.676213
0.686154
0.697961
0.703067
0.706562
0.710775
0.711282
0.711033
0.709616
0.709657
0.710329
0.710994
0.711659
0.712867
0.714997
0.718265
0.722552
0.728338
0.735894
0.745417
0.756844
0.770313
0.783468
0.793251
0.799548
0.803202
0.805188
0.806108
0.806319
0.806077
0.805308
0.804143
0.803082
0.802226
0.802003
0.802099
0.802366
0.802787
0.803307
0.803869
0.804451
0.804996
0.805409
0.805683
0.805661
0.805441
0.80512
0.804779
0.804184
0.802856
0.80181
0.812259
0.908352
1.21787
1.38553
1.40624
1.40822
1.40843
1.40845
1.40845
1.40845
1.40845
1.40845
1.40845
1.40845
1.40845
1.40845
1.40845
1.40845
1.40845
1.40845
1.40845
1.40845
1.40845
1.40845
1.40845
1.40845
1.40845
1.40845
1.40845
1.40845
1.40845
1.40845
1.40845
1.40845
1.40845
0.753276
0.52295
0.636698
0.659456
0.678486
0.684832
0.683854
0.680245
0.675359
0.668559
0.664404
0.660548
0.658785
0.655571
0.658863
0.667642
0.677571
0.683747
0.685671
0.686486
0.687198
0.688845
0.691317
0.691936
0.692908
0.694587
0.696967
0.699523
0.70267
0.706487
0.711452
0.71804
0.726353
0.736234
0.747974
0.761767
0.774728
0.784145
0.790774
0.795051
0.797523
0.798796
0.799309
0.799368
0.799141
0.798543
0.797699
0.797552
0.797717
0.798143
0.798784
0.799557
0.800393
0.801252
0.802111
0.802916
0.803576
0.804028
0.804216
0.804168
0.803964
0.803624
0.802968
0.801616
0.800604
0.811742
0.911242
1.2237
1.38657
1.40635
1.40823
1.40843
1.40845
1.40845
1.40845
1.40845
1.40845
1.40845
1.40845
1.40845
1.40845
1.40845
1.40845
1.40845
1.40845
1.40845
1.40845
1.40845
1.40845
1.40845
1.40845
1.40845
1.40845
1.40845
1.40845
1.40845
1.40845
1.40845
1.40845
1.40845
0.914202
0.524065
0.574689
0.657963
0.674629
0.673559
0.669165
0.660988
0.652208
0.644204
0.634912
0.631297
0.633021
0.634773
0.638126
0.646221
0.652106
0.657415
0.663958
0.667107
0.669888
0.67194
0.674801
0.678818
0.681212
0.683732
0.686561
0.689847
0.693629
0.698163
0.703742
0.710856
0.719459
0.729675
0.741756
0.755562
0.767519
0.777344
0.784497
0.7889
0.791505
0.792935
0.793654
0.793818
0.793713
0.793348
0.793179
0.793311
0.793711
0.794389
0.795277
0.796286
0.797373
0.79853
0.799699
0.800728
0.80159
0.802223
0.802633
0.802738
0.802657
0.80237
0.801677
0.80029
0.799286
0.81113
0.914078
1.22939
1.38757
1.40644
1.40824
1.40843
1.40845
1.40845
1.40845
1.40845
1.40845
1.40845
1.40845
1.40845
1.40845
1.40845
1.40845
1.40845
1.40845
1.40845
1.40845
1.40845
1.40845
1.40845
1.40845
1.40845
1.40845
1.40845
1.40845
1.40845
1.40845
1.40845
1.40845
1.40845
1.06643
0.615681
0.520807
0.633593
0.661304
0.658509
0.648411
0.631254
0.626281
0.616355
0.60332
0.597956
0.601665
0.60821
0.618302
0.628133
0.637795
0.64517
0.649485
0.654532
0.660742
0.66329
0.666493
0.670377
0.674387
0.677955
0.681465
0.684871
0.688818
0.693631
0.699555
0.706488
0.715334
0.72609
0.73837
0.751906
0.764162
0.774232
0.781261
0.785673
0.788265
0.789653
0.790228
0.790228
0.79005
0.789844
0.789854
0.790057
0.790543
0.791286
0.792234
0.793354
0.794627
0.796018
0.797392
0.798592
0.799614
0.800408
0.800999
0.801274
0.801274
0.80105
0.800341
0.798882
0.7979
0.810436
0.916721
1.2347
1.38848
1.40653
1.40825
1.40843
1.40845
1.40845
1.40845
1.40845
1.40845
1.40845
1.40845
1.40845
1.40845
1.40845
1.40845
1.40845
1.40845
1.40845
1.40845
1.40845
1.40845
1.40845
1.40845
1.40845
1.40845
1.40845
1.40845
1.40845
1.40845
1.40845
1.40845
1.40845
1.20996
0.832532
0.511277
0.585317
0.642324
0.631599
0.610029
0.601362
0.59331
0.586458
0.577719
0.576612
0.581958
0.593485
0.611482
0.622483
0.631152
0.639473
0.644571
0.649925
0.656018
0.660103
0.664114
0.668036
0.671636
0.675207
0.678742
0.682466
0.686671
0.69166
0.697512
0.704325
0.713248
0.724459
0.737475
0.751129
0.763439
0.773342
0.780483
0.78505
0.787579
0.788822
0.789
0.788788
0.788444
0.788155
0.788075
0.788158
0.788478
0.789087
0.789975
0.791119
0.79246
0.793919
0.795376
0.796691
0.797817
0.798712
0.799441
0.79985
0.799916
0.799728
0.799013
0.797445
0.79647
0.809666
0.919046
1.23944
1.38928
1.40661
1.40826
1.40843
1.40845
1.40845
1.40845
1.40845
1.40845
1.40845
1.40845
1.40845
1.40845
1.40845
1.40845
1.40845
1.40845
1.40845
1.40845
1.40845
1.40845
1.40845
1.40845
1.40845
1.40845
1.40845
1.40845
1.40845
1.40845
1.40845
1.40845
1.40845
1.30799
0.986394
0.533227
0.50901
0.584826
0.583904
0.579312
0.580504
0.567558
0.563487
0.565724
0.573854
0.586084
0.599923
0.615095
0.626117
0.633965
0.640928
0.646577
0.651554
0.656682
0.661517
0.66506
0.668679
0.672072
0.674939
0.678196
0.681897
0.686133
0.690996
0.696706
0.703708
0.712778
0.724357
0.737991
0.751833
0.764366
0.774329
0.781723
0.786327
0.788782
0.78967
0.789608
0.789265
0.788719
0.788127
0.787671
0.78747
0.787513
0.787857
0.788588
0.789671
0.791007
0.79248
0.793908
0.795186
0.7963
0.797251
0.798083
0.798578
0.798687
0.798512
0.797781
0.796095
0.795109
0.80885
0.921028
1.2433
1.38994
1.40668
1.40827
1.40843
1.40845
1.40845
1.40845
1.40845
1.40845
1.40845
1.40845
1.40845
1.40845
1.40845
1.40845
1.40845
1.40845
1.40845
1.40845
1.40845
1.40845
1.40845
1.40845
1.40845
1.40845
1.40845
1.40845
1.40845
1.40845
1.40845
1.40845
1.40845
1.3496
1.10682
0.691267
0.425714
0.473077
0.564518
0.568313
0.56301
0.556265
0.560096
0.566847
0.579337
0.595458
0.611469
0.623083
0.631901
0.638718
0.645213
0.649984
0.65455
0.659513
0.663529
0.666719
0.669984
0.67268
0.67545
0.678563
0.681947
0.685996
0.690785
0.696656
0.704081
0.713403
0.724899
0.738577
0.753717
0.766443
0.775907
0.782878
0.788032
0.790895
0.791415
0.791215
0.790723
0.789915
0.788897
0.787963
0.787447
0.787314
0.787474
0.78803
0.78899
0.790242
0.791638
0.792932
0.794069
0.795102
0.796127
0.797031
0.797567
0.797684
0.797504
0.796742
0.794937
0.793929
0.808035
0.92259
1.24631
1.39044
1.40673
1.40827
1.40843
1.40845
1.40845
1.40845
1.40845
1.40845
1.40845
1.40845
1.40845
1.40845
1.40845
1.40845
1.40845
1.40845
1.40845
1.40845
1.40845
1.40845
1.40845
1.40845
1.40845
1.40845
1.40845
1.40845
1.40845
1.40845
1.40845
1.40845
1.40845
1.36272
1.15144
0.772662
0.394994
0.417258
0.492681
0.535213
0.541534
0.541387
0.548231
0.562803
0.583505
0.602751
0.617804
0.628408
0.635673
0.64194
0.647837
0.652118
0.656249
0.660763
0.664256
0.667074
0.669997
0.672576
0.675305
0.678022
0.681193
0.685021
0.689935
0.696073
0.703746
0.713379
0.724955
0.738803
0.75445
0.767951
0.777638
0.784265
0.789136
0.791964
0.792676
0.792504
0.791856
0.790772
0.789409
0.788291
0.78763
0.787388
0.787463
0.787892
0.788724
0.789843
0.791127
0.792373
0.793394
0.794373
0.795399
0.79633
0.796875
0.796977
0.796787
0.795988
0.794078
0.793058
0.807422
0.923637
1.24837
1.39079
1.40676
1.40828
1.40843
1.40845
1.40845
1.40845
1.40845
1.40845
1.40845
1.40845
1.40845
1.40845
1.40845
1.40845
1.40845
1.40845
1.40845
1.40845
1.40845
1.40845
1.40845
1.40845
1.40845
1.40845
1.40845
1.40845
1.40845
1.40845
1.40845
1.40845
1.40845
1.35887
1.13836
0.766385
0.39633
0.426646
0.433598
0.456091
0.471328
0.491798
0.523605
0.560458
0.588461
0.60874
0.625249
0.635238
0.641506
0.646461
0.65098
0.654655
0.657971
0.661589
0.664617
0.667051
0.66954
0.672026
0.674392
0.676867
0.680044
0.684022
0.688951
0.695146
0.702965
0.712793
0.724792
0.738807
0.754275
0.767644
0.778161
0.785415
0.789868
0.792388
0.793126
0.792987
0.792341
0.791205
0.789825
0.788664
0.787917
0.787588
0.787603
0.787945
0.788681
0.789709
0.790925
0.792122
0.793101
0.794043
0.79504
0.795984
0.79653
0.796616
0.796418
0.795595
0.793633
0.792602
0.807093
0.92416
1.24941
1.39096
1.40678
1.40828
1.40843
1.40845
1.40845
1.40845
1.40845
1.40845
1.40845
1.40845
1.40845
1.40845
1.40845
1.40845
1.40845
1.40845
1.40845
1.40845
1.40845
1.40845
1.40845
1.40845
1.40845
1.40845
1.40845
1.40845
1.40845
1.40845
1.40845
1.40845
1.40845
)
;

boundaryField
{
    inlet
    {
        type            calculated;
        value           uniform 1.40845;
    }
    outlet
    {
        type            calculated;
        value           nonuniform List<scalar> 
40
(
1.40845
1.40845
1.40845
1.40845
1.40845
1.40845
1.40845
1.40845
1.40845
1.40845
1.40845
1.40845
1.40845
1.40845
1.40845
1.40845
1.40845
1.40845
1.40845
1.40845
1.40845
1.40845
1.40845
1.40845
1.40845
1.40845
1.40845
1.40845
1.40845
1.40845
1.40845
1.40845
1.40845
1.40845
1.40845
1.40845
1.40845
1.40845
1.40845
1.40845
)
;
    }
    bottom
    {
        type            symmetryPlane;
    }
    top
    {
        type            symmetryPlane;
    }
    obstacle
    {
        type            calculated;
        value           nonuniform List<scalar> 
110
(
0.65707
0.657724
0.659812
0.66192
0.664888
0.669022
0.67442
0.684416
0.6989
0.741535
0.998134
0.826691
0.631969
0.613567
0.626209
0.632689
0.65125
0.656623
0.658868
0.654604
0.649103
0.644907
0.640383
0.630629
0.622227
0.614091
0.608467
0.608011
0.613805
0.623221
0.6329
0.641912
0.650725
0.659095
0.667772
0.677505
0.688475
0.700362
0.712821
0.725427
0.738258
0.751032
0.76348
0.775203
0.785913
0.795463
0.803325
0.809536
0.814648
0.818658
0.821706
0.824004
0.825728
0.826697
0.826997
0.826977
0.826802
0.826424
0.825846
0.825088
0.824164
0.82311
0.821959
0.820739
0.819607
0.81863
0.817781
0.816986
0.8164
0.816113
0.815721
0.815184
0.814242
0.812418
0.810631
0.818995
0.903504
1.19897
1.38147
1.4058
1.40817
1.40842
1.40845
1.40845
1.40845
1.40845
1.40845
1.40845
1.40845
1.40845
1.40845
1.40845
1.40845
1.40845
1.40845
1.40845
1.40845
1.40845
1.40845
1.40845
1.40845
1.40845
1.40845
1.40845
1.40845
1.40845
1.40845
1.40845
1.40845
1.40845
)
;
    }
    defaultFaces
    {
        type            empty;
    }
}


// ************************************************************************* //
