/*--------------------------------*- C++ -*----------------------------------*\
| =========                 |                                                 |
| \\      /  F ield         | OpenFOAM: The Open Source CFD Toolbox           |
|  \\    /   O peration     | Version:  v2106                                 |
|   \\  /    A nd           | Website:  www.openfoam.com                      |
|    \\/     M anipulation  |                                                 |
\*---------------------------------------------------------------------------*/
FoamFile
{
    version     2.0;
    format      ascii;
    arch        "LSB;label=32;scalar=64";
    class       volScalarField;
    location    "1";
    object      rho;
}
// * * * * * * * * * * * * * * * * * * * * * * * * * * * * * * * * * * * * * //

dimensions      [1 -3 0 0 0 0 0];

internalField   nonuniform List<scalar> 
5250
(
1.40845
1.40845
1.40845
1.40845
1.40845
1.40845
1.40845
1.40843
1.40823
1.40705
1.39245
1.42881
1.78666
2.80589
6.59867
5.89204
5.91076
6.10237
6.34314
6.41763
6.43239
6.48346
6.66366
7.17057
7.60272
1.40845
1.40845
1.40845
1.40845
1.40845
1.40845
1.40845
1.40843
1.40823
1.4072
1.39285
1.42654
1.77922
2.78794
6.66293
5.93132
5.94655
6.12777
6.35981
6.42804
6.4361
6.48532
6.66339
7.16881
7.60434
1.40845
1.40845
1.40845
1.40845
1.40845
1.40845
1.40845
1.40843
1.40822
1.40738
1.39377
1.4221
1.75849
2.72809
6.74594
6.00211
6.01053
6.16547
6.38531
6.43704
6.43081
6.47513
6.64878
7.14982
7.5895
1.40845
1.40845
1.40845
1.40845
1.40845
1.40845
1.40845
1.40844
1.40822
1.40743
1.3948
1.41697
1.73041
2.62073
6.75019
6.09975
6.1036
6.22288
6.40931
6.44193
6.41955
6.45837
6.6182
7.10732
7.56277
1.40845
1.40845
1.40845
1.40845
1.40845
1.40845
1.40845
1.40844
1.40826
1.40762
1.39589
1.412
1.70633
2.47699
6.55451
6.19194
6.20077
6.2883
6.43804
6.44289
6.40116
6.42436
6.57136
7.04223
7.5201
1.40845
1.40845
1.40845
1.40845
1.40845
1.40845
1.40845
1.40845
1.40829
1.40797
1.39739
1.40738
1.67457
2.33501
6.19243
6.1669
6.2144
6.32519
6.44957
6.4315
6.37193
6.39039
6.51179
6.95904
7.45325
1.40845
1.40845
1.40845
1.40845
1.40845
1.40845
1.40845
1.40845
1.40828
1.40812
1.39888
1.40317
1.63208
2.19662
5.78519
6.04582
6.13556
6.25587
6.39429
6.39279
6.33964
6.32535
6.4259
6.83315
7.36532
1.40845
1.40845
1.40845
1.40845
1.40845
1.40845
1.40845
1.40846
1.4083
1.40819
1.40032
1.40009
1.59184
2.06587
5.37283
5.86447
5.9808
6.09898
6.27861
6.31258
6.28486
6.2672
6.32254
6.70178
7.21842
1.40845
1.40845
1.40845
1.40845
1.40845
1.40845
1.40845
1.40846
1.40832
1.40829
1.40136
1.39935
1.55634
1.94166
4.90343
5.73964
5.76888
5.86135
6.06268
6.20509
6.1961
6.16343
6.18658
6.41439
6.99984
1.40845
1.40845
1.40845
1.40845
1.40845
1.40845
1.40845
1.40846
1.40835
1.40819
1.40447
1.39408
1.51268
1.80931
4.39716
5.75699
5.64918
5.69089
5.88088
6.05966
6.08327
6.04548
6.00046
6.26733
6.67122
1.40845
1.40845
1.40845
1.40845
1.40845
1.40845
1.40845
1.40845
1.40842
1.40812
1.40615
1.39003
1.47142
1.73305
3.78534
5.85582
5.64737
5.58574
5.6909
5.91907
5.92363
5.89525
5.74835
5.88877
5.33737
1.40845
1.40845
1.40845
1.40845
1.40845
1.40845
1.40845
1.40845
1.40843
1.40816
1.40707
1.39277
1.44119
1.75846
3.10708
6.02327
5.68126
5.58408
5.56977
5.74982
5.79362
5.71469
5.45252
5.27242
4.9694
1.40845
1.40845
1.40845
1.40845
1.40845
1.40845
1.40845
1.40845
1.40843
1.40825
1.40742
1.39466
1.4181
1.72599
2.64592
6.05759
5.66418
5.62201
5.56931
5.61776
5.62877
5.53391
5.27924
5.02642
4.85742
1.40845
1.40845
1.40845
1.40845
1.40845
1.40845
1.40845
1.40845
1.40844
1.40831
1.40784
1.39769
1.40543
1.65536
2.3094
5.71289
5.79624
5.71109
5.6524
5.59896
5.5375
5.39328
5.15015
4.88894
4.6541
1.40845
1.40845
1.40845
1.40845
1.40845
1.40845
1.40845
1.40845
1.40845
1.4083
1.40835
1.39958
1.40125
1.57365
2.02298
5.04821
5.8743
5.74467
5.6946
5.59669
5.48564
5.30664
5.05398
4.80837
4.49547
1.40845
1.40845
1.40845
1.40845
1.40845
1.40845
1.40845
1.40845
1.40845
1.40837
1.40808
1.40476
1.39529
1.49798
1.76138
4.15337
5.9504
5.80278
5.69511
5.56612
5.432
5.25083
4.99979
4.74628
4.42662
1.40845
1.40845
1.40845
1.40845
1.40845
1.40845
1.40845
1.40845
1.40845
1.40843
1.40808
1.40761
1.38947
1.43709
1.61757
3.22563
5.80738
5.76962
5.66457
5.55629
5.38463
5.19911
4.94842
4.69953
4.40477
1.40845
1.40845
1.40845
1.40845
1.40845
1.40845
1.40845
1.40845
1.40845
1.40844
1.40826
1.40787
1.3961
1.42307
1.67616
2.46796
5.41372
5.65215
5.55741
5.47819
5.34646
5.1634
4.91919
4.66865
4.38661
1.40845
1.40845
1.40845
1.40845
1.40845
1.40845
1.40845
1.40845
1.40845
1.40846
1.40829
1.40823
1.40066
1.39975
1.58762
2.05085
4.67389
5.62148
5.56425
5.43256
5.29229
5.11957
4.8899
4.64386
4.37779
1.40845
1.40845
1.40845
1.40845
1.40845
1.40845
1.40845
1.40845
1.40845
1.40845
1.4084
1.40813
1.40583
1.38318
1.48384
1.70135
3.68358
5.5342
5.56728
5.39514
5.22813
5.05944
4.85445
4.62234
4.38456
1.40845
1.40845
1.40845
1.40845
1.40845
1.40845
1.40845
1.40845
1.40845
1.40844
1.40845
1.40816
1.4078
1.39028
1.44937
1.69206
2.62693
5.19931
5.3913
5.30612
5.16607
5.01937
4.84215
4.62736
4.39997
1.40845
1.40845
1.40845
1.40845
1.40845
1.40845
1.40845
1.40845
1.40845
1.40845
1.40845
1.4083
1.40795
1.4018
1.40222
1.62341
2.1079
4.54243
5.30401
5.31778
5.17689
5.02535
4.85154
4.64851
4.42929
1.40845
1.40845
1.40845
1.40845
1.40845
1.40845
1.40845
1.40845
1.40845
1.40845
1.40845
1.40842
1.40784
1.40916
1.36535
1.47056
1.70441
3.59542
5.27037
5.31176
5.19207
5.04788
4.88632
4.69982
4.49093
1.40845
1.40845
1.40845
1.40845
1.40845
1.40845
1.40845
1.40845
1.40845
1.40845
1.40844
1.40845
1.40818
1.40792
1.39234
1.42541
1.6365
2.56197
4.95373
5.14333
5.17158
5.02897
4.87443
4.71188
4.53823
1.40845
1.40845
1.40845
1.40845
1.40845
1.40845
1.40845
1.40845
1.40845
1.40845
1.40845
1.40844
1.40836
1.40788
1.4025
1.39734
1.60151
2.00593
4.17063
5.13945
5.19717
5.06324
4.90666
4.74618
4.57576
1.40845
1.40845
1.40845
1.40845
1.40845
1.40845
1.40845
1.40845
1.40845
1.40845
1.40845
1.40843
1.40849
1.40781
1.4079
1.38443
1.46818
1.59431
3.17923
5.03474
5.13308
5.07656
4.94431
4.79315
4.61959
1.40845
1.40845
1.40845
1.40845
1.40845
1.40845
1.40845
1.40845
1.40845
1.40845
1.40845
1.40845
1.40844
1.40832
1.40774
1.40113
1.4087
1.59462
2.22725
4.45934
5.05241
5.10078
4.96322
4.81347
4.64773
1.40845
1.40845
1.40845
1.40845
1.40845
1.40845
1.40845
1.40845
1.40845
1.40845
1.40845
1.40845
1.40843
1.40852
1.40747
1.40837
1.37625
1.52045
1.74914
3.45786
5.02603
5.09503
4.9961
4.84414
4.68544
1.40845
1.40845
1.40845
1.40845
1.40845
1.40845
1.40845
1.40845
1.40845
1.40845
1.40845
1.40845
1.40845
1.40844
1.40828
1.40766
1.39904
1.41844
1.59718
2.39094
4.54963
4.97346
5.00782
4.87278
4.72323
1.40845
1.40845
1.40845
1.40845
1.40845
1.40845
1.40845
1.40845
1.40845
1.40845
1.40845
1.40845
1.40845
1.40843
1.40863
1.40715
1.40923
1.37028
1.55635
1.83398
3.56001
4.96832
5.02287
4.91773
4.77431
1.40845
1.40845
1.40845
1.40845
1.40845
1.40845
1.40845
1.40845
1.40845
1.40845
1.40845
1.40845
1.40845
1.40845
1.40844
1.40826
1.4077
1.39744
1.42692
1.56758
2.49062
4.51633
4.91231
4.93649
4.81664
1.40845
1.40845
1.40845
1.40845
1.40845
1.40845
1.40845
1.40845
1.40845
1.40845
1.40845
1.40845
1.40845
1.40845
1.40843
1.40878
1.40683
1.40929
1.36933
1.55186
1.84998
3.54593
4.89374
4.95017
4.86885
1.40845
1.40845
1.40845
1.40845
1.40845
1.40845
1.40845
1.40845
1.40845
1.40845
1.40845
1.40845
1.40845
1.40845
1.40845
1.40844
1.40826
1.40781
1.39712
1.42922
1.55445
2.47069
4.39106
4.88642
4.89939
1.40845
1.40845
1.40845
1.40845
1.40845
1.40845
1.40845
1.40845
1.40845
1.40845
1.40845
1.40845
1.40845
1.40845
1.40845
1.40844
1.40872
1.40646
1.40914
1.37087
1.54468
1.80986
3.41614
4.82441
4.88198
1.40845
1.40845
1.40845
1.40845
1.40845
1.40845
1.40845
1.40845
1.40845
1.40845
1.40845
1.40845
1.40845
1.40845
1.40845
1.40845
1.40845
1.40826
1.40789
1.39672
1.42931
1.57881
2.37394
4.23892
4.90792
1.40845
1.40845
1.40845
1.40845
1.40845
1.40845
1.40845
1.40845
1.40845
1.40845
1.40845
1.40845
1.40845
1.40845
1.40845
1.40845
1.40844
1.40863
1.40552
1.40833
1.36987
1.53241
1.75481
3.26919
4.77688
1.40845
1.40845
1.40845
1.40845
1.40845
1.40845
1.40845
1.40845
1.40845
1.40845
1.40845
1.40845
1.40845
1.40845
1.40845
1.40845
1.40845
1.40845
1.40819
1.40792
1.39789
1.42232
1.59789
2.25567
4.07183
1.40845
1.40845
1.40845
1.40845
1.40845
1.40845
1.40845
1.40845
1.40845
1.40845
1.40845
1.40845
1.40845
1.40845
1.40845
1.40845
1.40845
1.40844
1.40854
1.40691
1.41013
1.3727
1.51721
1.69009
3.12374
1.40845
1.40845
1.40845
1.40845
1.40845
1.40845
1.40845
1.40845
1.40845
1.40845
1.40845
1.40845
1.40845
1.40845
1.40845
1.40845
1.40845
1.40845
1.40844
1.40828
1.40803
1.39886
1.41536
1.59026
2.1956
1.40845
1.40845
1.40845
1.40845
1.40845
1.40845
1.40845
1.40845
1.40845
1.40845
1.40845
1.40845
1.40845
1.40845
1.40845
1.40845
1.40845
1.40845
1.40844
1.40868
1.40614
1.40804
1.37347
1.5147
1.6725
1.40845
1.40845
1.40845
1.40845
1.40845
1.40845
1.40845
1.40845
1.40845
1.40845
1.40845
1.40845
1.40845
1.40845
1.40845
1.40845
1.40845
1.40845
1.40845
1.40844
1.40828
1.40785
1.39891
1.41887
1.59512
1.40845
1.40845
1.40845
1.40845
1.40845
1.40845
1.40845
1.40845
1.40845
1.40845
1.40845
1.40845
1.40845
1.40845
1.40845
1.40845
1.40845
1.40845
1.40846
1.40842
1.40856
1.40711
1.40861
1.36786
1.56384
1.40845
1.40845
1.40845
1.40845
1.40845
1.40845
1.40845
1.40845
1.40845
1.40845
1.40845
1.40845
1.40845
1.40845
1.40845
1.40845
1.40845
1.40845
1.40845
1.40844
1.40846
1.40818
1.40759
1.40031
1.42734
1.40845
1.40845
1.40845
1.40845
1.40845
1.40845
1.40845
1.40845
1.40845
1.40845
1.40845
1.40845
1.40845
1.40845
1.40845
1.40845
1.40845
1.40845
1.40845
1.40845
1.40844
1.40846
1.40684
1.41428
1.35121
1.40845
1.40845
1.40845
1.40845
1.40845
1.40845
1.40845
1.40845
1.40845
1.40845
1.40845
1.40845
1.40845
1.40845
1.40845
1.40845
1.40845
1.40845
1.40845
1.40845
1.40843
1.40847
1.40792
1.40821
1.3845
1.40845
1.40845
1.40845
1.40845
1.40845
1.40845
1.40845
1.40845
1.40845
1.40845
1.40845
1.40845
1.40845
1.40845
1.40845
1.40845
1.40845
1.40845
1.40845
1.40845
1.40845
1.40844
1.40832
1.40783
1.39968
1.40845
1.40845
1.40845
1.40845
1.40845
1.40845
1.40845
1.40845
1.40845
1.40845
1.40845
1.40845
1.40845
1.40845
1.40845
1.40845
1.40845
1.40845
1.40845
1.40845
1.40845
1.40843
1.40871
1.4074
1.40734
1.40845
1.40845
1.40845
1.40845
1.40845
1.40845
1.40845
1.40845
1.40845
1.40845
1.40845
1.40845
1.40845
1.40845
1.40845
1.40845
1.40845
1.40845
1.40845
1.40845
1.40845
1.40844
1.40847
1.40801
1.40783
1.40845
1.40845
1.40845
1.40845
1.40845
1.40845
1.40845
1.40845
1.40845
1.40845
1.40845
1.40845
1.40845
1.40845
1.40845
1.40845
1.40845
1.40845
1.40845
1.40845
1.40845
1.40845
1.40845
1.40826
1.4077
1.40845
1.40845
1.40845
1.40845
1.40845
1.40845
1.40845
1.40845
1.40845
1.40845
1.40845
1.40845
1.40845
1.40845
1.40845
1.40845
1.40845
1.40845
1.40845
1.40845
1.40845
1.40845
1.40842
1.40835
1.40738
1.81714
0.828304
0.823178
1.44444
1.38866
1.4103
1.46089
1.50033
1.53256
1.56064
1.59371
1.64786
1.72733
1.81547
1.92309
2.04161
2.16704
2.31591
2.46089
2.60383
2.73491
2.84757
2.94857
3.03777
3.11837
3.19837
3.28109
3.36579
3.45158
3.53797
3.62512
3.71411
3.8035
3.89118
3.97647
4.05881
4.13503
4.20399
4.26744
4.32499
4.37631
4.42157
4.46149
4.49517
4.52323
4.54746
4.56874
4.58676
4.60162
4.61345
4.62235
4.62873
4.63288
4.63514
4.63655
4.63762
4.63821
4.6374
4.63435
4.62734
4.61111
4.57704
4.50358
4.34414
4.00172
3.30699
2.30422
1.67008
1.4588
1.41481
1.40916
1.40853
1.40846
1.40845
1.40845
1.40845
1.40845
1.40845
1.40845
1.40845
1.40845
1.40845
1.40845
1.40845
1.40845
1.40845
1.40845
1.40845
1.40845
1.40845
1.40845
1.40845
1.40845
1.40845
1.40845
1.40845
1.40845
1.40845
1.40845
1.40845
2.53962
1.46294
1.30469
1.49373
1.41541
1.37359
1.392
1.42226
1.45048
1.47949
1.49666
1.52017
1.57295
1.65377
1.73588
1.85071
2.00187
2.16813
2.32321
2.47879
2.6401
2.7791
2.90158
2.99128
3.05413
3.10903
3.16333
3.22194
3.28808
3.36255
3.44517
3.53634
3.63641
3.7444
3.85804
3.97103
4.07354
4.16205
4.23602
4.29767
4.3505
4.39573
4.43372
4.46599
4.49568
4.52329
4.54678
4.56691
4.58428
4.59886
4.61073
4.62011
4.62718
4.63221
4.63555
4.63753
4.6384
4.6378
4.63487
4.62785
4.61125
4.57668
4.50295
4.34367
4.00182
3.30783
2.3052
1.67046
1.4589
1.41482
1.40916
1.40853
1.40846
1.40845
1.40845
1.40845
1.40845
1.40845
1.40845
1.40845
1.40845
1.40845
1.40845
1.40845
1.40845
1.40845
1.40845
1.40845
1.40845
1.40845
1.40845
1.40845
1.40845
1.40845
1.40845
1.40845
1.40845
1.40845
1.40845
1.40845
3.62051
2.35727
1.76172
1.66915
1.59026
1.52281
1.49518
1.49824
1.51312
1.51254
1.52685
1.58679
1.67723
1.80056
1.95503
2.13728
2.34837
2.57326
2.76258
2.93204
3.08607
3.23096
3.36933
3.47892
3.54765
3.60476
3.6607
3.71374
3.76772
3.82571
3.88782
3.95411
4.02498
4.09937
4.17628
4.2523
4.32238
4.38341
4.43284
4.47328
4.50849
4.53715
4.55758
4.57009
4.57565
4.57835
4.58457
4.5921
4.60032
4.60867
4.61553
4.6213
4.62593
4.62987
4.6327
4.635
4.63655
4.637
4.63486
4.62816
4.61122
4.57628
4.50263
4.34366
4.00193
3.30794
2.30534
1.67052
1.45891
1.41482
1.40916
1.40853
1.40846
1.40845
1.40845
1.40845
1.40845
1.40845
1.40845
1.40845
1.40845
1.40845
1.40845
1.40845
1.40845
1.40845
1.40845
1.40845
1.40845
1.40845
1.40845
1.40845
1.40845
1.40845
1.40845
1.40845
1.40845
1.40845
1.40845
1.40845
4.02358
3.05908
2.36433
2.10896
1.98321
1.87677
1.79738
1.75304
1.75446
1.76205
1.79121
1.87796
2.00667
2.1577
2.32462
2.52861
2.7659
2.98707
3.16169
3.30555
3.43226
3.5444
3.64077
3.70934
3.76088
3.81936
3.87456
3.92449
3.97523
4.03008
4.08857
4.14713
4.20638
4.26655
4.32456
4.37662
4.42468
4.46884
4.50981
4.54619
4.57586
4.59676
4.60765
4.60917
4.60289
4.59583
4.59362
4.59669
4.602
4.60894
4.61657
4.62358
4.62919
4.63337
4.63668
4.63884
4.64002
4.63975
4.63679
4.62955
4.61235
4.57703
4.50292
4.34391
4.00295
3.31013
2.30751
1.67136
1.45915
1.41486
1.40917
1.40853
1.40846
1.40845
1.40845
1.40845
1.40845
1.40845
1.40845
1.40845
1.40845
1.40845
1.40845
1.40845
1.40845
1.40845
1.40845
1.40845
1.40845
1.40845
1.40845
1.40845
1.40845
1.40845
1.40845
1.40845
1.40845
1.40845
1.40845
1.40845
4.09519
3.38663
2.74073
2.40527
2.35836
2.31176
2.24971
2.2018
2.18443
2.20034
2.24323
2.31219
2.41566
2.54448
2.69271
2.86082
3.05945
3.23787
3.37405
3.4928
3.59244
3.66564
3.73633
3.77848
3.81762
3.87237
3.92036
3.96645
4.01585
4.06983
4.12749
4.18644
4.24633
4.30561
4.35766
4.40365
4.44864
4.49055
4.52946
4.56486
4.59369
4.61267
4.62128
4.62107
4.61288
4.6007
4.59568
4.59528
4.59924
4.60634
4.614
4.62015
4.62583
4.63077
4.63483
4.63733
4.63896
4.63914
4.63638
4.62907
4.61181
4.57653
4.50252
4.34365
4.00283
3.31016
2.30773
1.67146
1.45916
1.41486
1.40917
1.40853
1.40846
1.40845
1.40845
1.40845
1.40845
1.40845
1.40845
1.40845
1.40845
1.40845
1.40845
1.40845
1.40845
1.40845
1.40845
1.40845
1.40845
1.40845
1.40845
1.40845
1.40845
1.40845
1.40845
1.40845
1.40845
1.40845
1.40845
1.40845
4.00541
3.57133
2.94938
2.62873
2.59582
2.56957
2.55063
2.54376
2.52351
2.51188
2.54657
2.61164
2.68234
2.76454
2.8683
3.00009
3.14509
3.3092
3.4336
3.52892
3.6137
3.68176
3.73125
3.76273
3.80016
3.84802
3.89349
3.93697
3.98487
4.03853
4.0956
4.15632
4.21951
4.27843
4.33611
4.39232
4.43889
4.47943
4.52064
4.56013
4.58754
4.60499
4.61628
4.61768
4.60906
4.59639
4.58934
4.5889
4.59323
4.60103
4.60893
4.61728
4.62499
4.63136
4.63612
4.63945
4.64132
4.64119
4.63816
4.63091
4.61372
4.5779
4.50316
4.34424
4.0046
3.31388
2.31146
1.67292
1.45957
1.41492
1.40917
1.40853
1.40846
1.40845
1.40845
1.40845
1.40845
1.40845
1.40845
1.40845
1.40845
1.40845
1.40845
1.40845
1.40845
1.40845
1.40845
1.40845
1.40845
1.40845
1.40845
1.40845
1.40845
1.40845
1.40845
1.40845
1.40845
1.40845
1.40845
1.40845
3.96857
3.62775
3.08511
2.849
2.7607
2.71107
2.69508
2.67306
2.66898
2.69106
2.72114
2.76558
2.81316
2.86608
2.94245
3.05069
3.17084
3.29906
3.42497
3.51097
3.57729
3.631
3.66744
3.68604
3.71823
3.75807
3.79709
3.83706
3.88491
3.93857
3.99737
4.06063
4.12585
4.1942
4.2677
4.33044
4.38366
4.43559
4.48563
4.5221
4.55378
4.58481
4.60335
4.60452
4.59983
4.59386
4.58698
4.58667
4.59099
4.597
4.60502
4.61365
4.62175
4.62881
4.63436
4.63823
4.6402
4.64025
4.6374
4.63031
4.61329
4.57743
4.50264
4.34385
4.0045
3.31404
2.31186
1.67309
1.45961
1.41492
1.40917
1.40853
1.40846
1.40845
1.40845
1.40845
1.40845
1.40845
1.40845
1.40845
1.40845
1.40845
1.40845
1.40845
1.40845
1.40845
1.40845
1.40845
1.40845
1.40845
1.40845
1.40845
1.40845
1.40845
1.40845
1.40845
1.40845
1.40845
1.40845
1.40845
3.99219
3.64277
3.17648
2.94428
2.82795
2.79937
2.75645
2.74187
2.77067
2.82007
2.8412
2.85708
2.8978
2.95542
3.0094
3.07347
3.15491
3.23941
3.36606
3.45309
3.51594
3.57028
3.60375
3.62742
3.65975
3.68455
3.71458
3.75657
3.8037
3.85306
3.90766
3.96817
4.03444
4.10774
4.18708
4.26249
4.33631
4.40604
4.45209
4.4906
4.53488
4.56763
4.58169
4.59091
4.59763
4.5933
4.5852
4.58299
4.58685
4.5926
4.60085
4.60965
4.61854
4.62665
4.63329
4.63824
4.64121
4.64168
4.63893
4.63214
4.61508
4.57869
4.50347
4.34498
4.00705
3.31905
2.31701
1.67509
1.46017
1.415
1.40918
1.40853
1.40846
1.40845
1.40845
1.40845
1.40845
1.40845
1.40845
1.40845
1.40845
1.40845
1.40845
1.40845
1.40845
1.40845
1.40845
1.40845
1.40845
1.40845
1.40845
1.40845
1.40845
1.40845
1.40845
1.40845
1.40845
1.40845
1.40845
1.40845
4.00261
3.70119
3.26899
3.0083
2.8974
2.83511
2.76832
2.79514
2.83627
2.86754
2.89708
2.90515
2.92627
2.97128
3.01304
3.05626
3.12038
3.19186
3.30777
3.40901
3.48062
3.53698
3.57415
3.60438
3.63456
3.64939
3.67751
3.72206
3.76605
3.81019
3.85986
3.91656
3.9805
4.05298
4.13071
4.21659
4.3083
4.37496
4.42601
4.47976
4.51865
4.54617
4.57037
4.58915
4.59678
4.59415
4.58699
4.58573
4.58681
4.59139
4.59889
4.60757
4.61642
4.62462
4.63138
4.63662
4.64009
4.64082
4.63838
4.63173
4.61462
4.57812
4.50291
4.34463
4.00706
3.31948
2.31777
1.67541
1.46024
1.41501
1.40918
1.40853
1.40846
1.40845
1.40845
1.40845
1.40845
1.40845
1.40845
1.40845
1.40845
1.40845
1.40845
1.40845
1.40845
1.40845
1.40845
1.40845
1.40845
1.40845
1.40845
1.40845
1.40845
1.40845
1.40845
1.40845
1.40845
1.40845
1.40845
1.40845
4.04454
3.75054
3.37628
3.09815
2.95981
2.86663
2.80241
2.83474
2.84251
2.86811
2.92922
2.9368
2.94223
2.982
3.03396
3.06467
3.10629
3.16706
3.2585
3.36569
3.44407
3.50624
3.55292
3.59002
3.61842
3.63378
3.6647
3.70806
3.74651
3.78713
3.834
3.88838
3.95191
4.0221
4.10049
4.19454
4.28628
4.35697
4.42232
4.46876
4.50641
4.54316
4.56984
4.58374
4.59179
4.58924
4.58601
4.58705
4.58676
4.58973
4.59611
4.60464
4.61369
4.62208
4.62931
4.63532
4.63959
4.64129
4.6395
4.63321
4.61613
4.57939
4.50403
4.34614
4.01013
3.3254
2.32392
1.67779
1.46091
1.41511
1.4092
1.40853
1.40846
1.40845
1.40845
1.40845
1.40845
1.40845
1.40845
1.40845
1.40845
1.40845
1.40845
1.40845
1.40845
1.40845
1.40845
1.40845
1.40845
1.40845
1.40845
1.40845
1.40845
1.40845
1.40845
1.40845
1.40845
1.40845
1.40845
1.40845
4.10588
3.82033
3.46876
3.20846
3.04717
2.92484
2.86662
2.83415
2.81957
2.84614
2.90978
2.95452
2.96794
3.00024
3.05194
3.08302
3.11259
3.16215
3.24209
3.33319
3.41093
3.47542
3.52712
3.57066
3.60365
3.62178
3.66038
3.69978
3.7344
3.77451
3.82191
3.87513
3.93534
4.0041
4.08618
4.17693
4.27032
4.35293
4.41273
4.46452
4.51287
4.54179
4.56235
4.58493
4.5933
4.58649
4.5881
4.58883
4.5872
4.59071
4.59729
4.60432
4.61257
4.62101
4.6284
4.63435
4.63852
4.64041
4.63904
4.63298
4.6159
4.57903
4.50361
4.34587
4.01033
3.32626
2.32515
1.6783
1.46104
1.41513
1.4092
1.40853
1.40846
1.40845
1.40845
1.40845
1.40845
1.40845
1.40845
1.40845
1.40845
1.40845
1.40845
1.40845
1.40845
1.40845
1.40845
1.40845
1.40845
1.40845
1.40845
1.40845
1.40845
1.40845
1.40845
1.40845
1.40845
1.40845
1.40845
1.40845
4.16535
3.89234
3.56099
3.29188
3.15019
3.01661
2.93748
2.84306
2.8263
2.85237
2.89228
2.94958
2.98181
3.00663
3.0497
3.09142
3.12435
3.16715
3.22936
3.30725
3.3815
3.44683
3.50406
3.54956
3.58545
3.62235
3.6535
3.68582
3.72531
3.76853
3.81279
3.86213
3.92181
3.99468
4.07857
4.16933
4.27209
4.34977
4.41239
4.4688
4.50416
4.53525
4.5676
4.58553
4.58413
4.58863
4.599
4.59214
4.5828
4.5905
4.59752
4.6034
4.6108
4.61914
4.62679
4.63297
4.63749
4.63996
4.63929
4.63384
4.6171
4.58029
4.50488
4.34761
4.01371
3.33262
2.33172
1.68085
1.46175
1.41523
1.40921
1.40853
1.40846
1.40845
1.40845
1.40845
1.40845
1.40845
1.40845
1.40845
1.40845
1.40845
1.40845
1.40845
1.40845
1.40845
1.40845
1.40845
1.40845
1.40845
1.40845
1.40845
1.40845
1.40845
1.40845
1.40845
1.40845
1.40845
1.40845
1.40845
4.24365
3.9831
3.66259
3.38035
3.26749
3.13957
3.02324
2.89964
2.86184
2.85782
2.86754
2.92285
2.97158
2.99063
3.02183
3.06669
3.12211
3.16435
3.22356
3.30252
3.37369
3.43261
3.48838
3.5378
3.57667
3.61547
3.64259
3.68161
3.72438
3.75968
3.80182
3.85446
3.92008
3.98802
4.0685
4.16865
4.26128
4.3384
4.41321
4.45951
4.49673
4.53768
4.56182
4.57306
4.58687
4.60199
4.5975
4.584
4.5899
4.59677
4.59799
4.60416
4.61091
4.61817
4.62576
4.63217
4.63691
4.63955
4.63902
4.6336
4.61684
4.58001
4.50463
4.34755
4.01416
3.33388
2.33335
1.68151
1.46192
1.41525
1.40921
1.40853
1.40846
1.40845
1.40845
1.40845
1.40845
1.40845
1.40845
1.40845
1.40845
1.40845
1.40845
1.40845
1.40845
1.40845
1.40845
1.40845
1.40845
1.40845
1.40845
1.40845
1.40845
1.40845
1.40845
1.40845
1.40845
1.40845
1.40845
1.40845
4.32248
4.08278
3.7765
3.48595
3.35587
3.22832
3.09325
2.99529
2.92502
2.88068
2.86612
2.90046
2.94035
2.9542
2.98156
3.04735
3.09923
3.1527
3.23136
3.31382
3.3857
3.43989
3.48849
3.53423
3.57426
3.603
3.64412
3.68413
3.71879
3.7521
3.79741
3.85485
3.91136
3.97991
4.06923
4.17169
4.2595
4.34539
4.41365
4.4576
4.50182
4.53444
4.55762
4.58038
4.60028
4.60094
4.58506
4.586
4.6009
4.60001
4.59677
4.60327
4.61068
4.61766
4.62476
4.63117
4.63617
4.6391
4.63897
4.63388
4.61749
4.58106
4.50604
4.34954
4.01761
3.34008
2.33973
1.68397
1.46262
1.41535
1.40922
1.40854
1.40846
1.40845
1.40845
1.40845
1.40845
1.40845
1.40845
1.40845
1.40845
1.40845
1.40845
1.40845
1.40845
1.40845
1.40845
1.40845
1.40845
1.40845
1.40845
1.40845
1.40845
1.40845
1.40845
1.40845
1.40845
1.40845
1.40845
1.40845
4.37099
4.16119
3.8878
3.58947
3.43784
3.32804
3.195
3.07993
2.97288
2.93719
2.91333
2.89354
2.88987
2.91784
2.95774
3.00976
3.06962
3.14048
3.2245
3.30957
3.38798
3.4503
3.49694
3.53857
3.57599
3.60797
3.64204
3.67776
3.71497
3.75661
3.80337
3.85168
3.90892
3.98185
4.06953
4.16126
4.26203
4.35168
4.40851
4.46112
4.50391
4.53517
4.56467
4.58912
4.59993
4.59187
4.58638
4.60126
4.60302
4.59584
4.60139
4.60699
4.61186
4.61875
4.62513
4.63093
4.6356
4.63858
4.63867
4.6337
4.61737
4.58104
4.50611
4.34976
4.01828
3.34154
2.34148
1.68468
1.4628
1.41538
1.40923
1.40854
1.40846
1.40845
1.40845
1.40845
1.40845
1.40845
1.40845
1.40845
1.40845
1.40845
1.40845
1.40845
1.40845
1.40845
1.40845
1.40845
1.40845
1.40845
1.40845
1.40845
1.40845
1.40845
1.40845
1.40845
1.40845
1.40845
1.40845
1.40845
4.41467
4.22526
3.98127
3.68633
3.54334
3.42769
3.29394
3.16276
3.08231
3.03421
2.95083
2.9038
2.91117
2.92233
2.94054
2.96549
3.04604
3.12535
3.19797
3.28577
3.37678
3.45428
3.50443
3.54357
3.57912
3.60993
3.64358
3.67779
3.71675
3.76151
3.80436
3.85057
3.91273
3.98401
4.06689
4.16069
4.27581
4.35442
4.41829
4.47525
4.51114
4.54205
4.56995
4.59231
4.59447
4.59154
4.6034
4.60281
4.59331
4.60118
4.6121
4.61021
4.61166
4.61861
4.62497
4.6306
4.63523
4.63836
4.63872
4.63392
4.61776
4.58189
4.50748
4.35179
4.0215
3.347
2.34699
1.6868
1.46339
1.41546
1.40924
1.40854
1.40846
1.40845
1.40845
1.40845
1.40845
1.40845
1.40845
1.40845
1.40845
1.40845
1.40845
1.40845
1.40845
1.40845
1.40845
1.40845
1.40845
1.40845
1.40845
1.40845
1.40845
1.40845
1.40845
1.40845
1.40845
1.40845
1.40845
1.40845
4.45707
4.28767
4.07087
3.81316
3.65413
3.52642
3.40279
3.28623
3.18983
3.07998
2.95929
2.93809
2.96083
2.93689
2.93949
2.97838
3.03521
3.11516
3.1909
3.27114
3.35558
3.43891
3.5031
3.54702
3.58123
3.61127
3.64593
3.68208
3.72252
3.76274
3.80569
3.85997
3.91568
3.98465
4.06622
4.16652
4.2695
4.35175
4.42725
4.47641
4.51031
4.5441
4.57451
4.58739
4.59199
4.60287
4.60777
4.59651
4.60068
4.6174
4.61548
4.60977
4.61406
4.61957
4.62579
4.63105
4.63534
4.63824
4.63862
4.63386
4.61776
4.58213
4.50792
4.35236
4.0223
3.3483
2.34841
1.68736
1.46353
1.41548
1.40924
1.40854
1.40846
1.40845
1.40845
1.40845
1.40845
1.40845
1.40845
1.40845
1.40845
1.40845
1.40845
1.40845
1.40845
1.40845
1.40845
1.40845
1.40845
1.40845
1.40845
1.40845
1.40845
1.40845
1.40845
1.40845
1.40845
1.40845
1.40845
1.40845
4.50354
4.34451
4.16758
3.94863
3.77537
3.6259
3.52628
3.41449
3.29159
3.13156
3.02503
3.00122
2.99486
2.97035
2.95582
3.0094
3.04747
3.11166
3.18577
3.26921
3.34661
3.41867
3.49037
3.54354
3.58098
3.61372
3.64471
3.68566
3.72219
3.76271
3.80967
3.86537
3.92424
3.99408
4.07868
4.18004
4.2715
4.36082
4.43208
4.47961
4.51836
4.55602
4.58116
4.59221
4.60312
4.60744
4.60207
4.61006
4.61701
4.61394
4.61052
4.61798
4.6197
4.62101
4.6267
4.63225
4.63615
4.63869
4.63904
4.63432
4.61832
4.58309
4.50938
4.35434
4.02502
3.35243
2.35241
1.68887
1.46395
1.41554
1.40924
1.40854
1.40846
1.40845
1.40845
1.40845
1.40845
1.40845
1.40845
1.40845
1.40845
1.40845
1.40845
1.40845
1.40845
1.40845
1.40845
1.40845
1.40845
1.40845
1.40845
1.40845
1.40845
1.40845
1.40845
1.40845
1.40845
1.40845
1.40845
1.40845
4.54434
4.40541
4.26477
4.06837
3.8736
3.75009
3.64483
3.52548
3.37936
3.24683
3.14969
3.08138
3.04525
3.03663
3.01584
3.03925
3.07447
3.12175
3.18411
3.27328
3.34932
3.41077
3.47581
3.53728
3.58192
3.61486
3.64991
3.68762
3.72717
3.77093
3.8156
3.86804
3.93217
4.00229
4.08769
4.18339
4.28229
4.36915
4.43383
4.48171
4.5244
4.55765
4.58188
4.60006
4.60902
4.60716
4.61192
4.61817
4.6115
4.61153
4.62028
4.62422
4.62692
4.62564
4.62896
4.63406
4.63731
4.63938
4.63961
4.63463
4.61859
4.58361
4.51017
4.3552
4.02575
3.35305
2.35288
1.68902
1.46397
1.41554
1.40924
1.40854
1.40846
1.40845
1.40845
1.40845
1.40845
1.40845
1.40845
1.40845
1.40845
1.40845
1.40845
1.40845
1.40845
1.40845
1.40845
1.40845
1.40845
1.40845
1.40845
1.40845
1.40845
1.40845
1.40845
1.40845
1.40845
1.40845
1.40845
1.40845
4.60536
4.46714
4.35283
4.16907
3.9776
3.88361
3.74935
3.61815
3.49129
3.38906
3.27133
3.17907
3.10939
3.10636
3.07989
3.06232
3.10553
3.16213
3.2292
3.30857
3.36803
3.41625
3.47264
3.53398
3.58325
3.61961
3.65407
3.6917
3.73292
3.77459
3.82112
3.87494
3.93949
4.01402
4.09718
4.19368
4.29669
4.38312
4.44327
4.49313
4.53399
4.56607
4.59129
4.60774
4.61361
4.62035
4.62035
4.61466
4.61836
4.62285
4.62334
4.63077
4.63457
4.63041
4.63013
4.63528
4.63909
4.64095
4.64094
4.6356
4.61953
4.58484
4.51178
4.35708
4.02775
3.35532
2.3547
1.68965
1.46413
1.41556
1.40924
1.40854
1.40846
1.40845
1.40845
1.40845
1.40845
1.40845
1.40845
1.40845
1.40845
1.40845
1.40845
1.40845
1.40845
1.40845
1.40845
1.40845
1.40845
1.40845
1.40845
1.40845
1.40845
1.40845
1.40845
1.40845
1.40845
1.40845
1.40845
1.40845
4.6758
4.52499
4.43454
4.2793
4.09671
3.97584
3.84407
3.73755
3.62931
3.50194
3.35569
3.28792
3.20197
3.16694
3.17476
3.14626
3.16179
3.21969
3.28137
3.34675
3.39406
3.43598
3.48319
3.5342
3.5845
3.62672
3.66296
3.70335
3.74183
3.78502
3.83457
3.88622
3.94785
4.02714
4.11104
4.21079
4.31147
4.39336
4.45973
4.5032
4.53875
4.57137
4.59539
4.61318
4.62166
4.62414
4.61946
4.6223
4.63084
4.62705
4.62912
4.6414
4.63767
4.63467
4.63512
4.63758
4.64078
4.64227
4.64192
4.63642
4.62027
4.58571
4.51284
4.35809
4.02815
3.35467
2.3535
1.6891
1.46396
1.41553
1.40924
1.40854
1.40846
1.40845
1.40845
1.40845
1.40845
1.40845
1.40845
1.40845
1.40845
1.40845
1.40845
1.40845
1.40845
1.40845
1.40845
1.40845
1.40845
1.40845
1.40845
1.40845
1.40845
1.40845
1.40845
1.40845
1.40845
1.40845
1.40845
1.40845
4.71642
4.59327
4.5226
4.41907
4.24153
4.06851
3.9531
3.87523
3.76962
3.60716
3.45774
3.39606
3.33675
3.2616
3.23168
3.23198
3.23267
3.27604
3.32688
3.38548
3.43377
3.47116
3.50797
3.5497
3.59207
3.63373
3.67287
3.71238
3.75339
3.79481
3.84157
3.89679
3.95896
4.03484
4.12725
4.22407
4.33436
4.41185
4.47388
4.52125
4.5565
4.58535
4.60981
4.62198
4.63159
4.63124
4.63042
4.63812
4.63758
4.63361
4.64198
4.64551
4.64249
4.64162
4.64108
4.64158
4.64348
4.6447
4.64402
4.6383
4.62205
4.58751
4.51474
4.35985
4.0292
3.35454
2.35253
1.68859
1.46379
1.4155
1.40924
1.40854
1.40846
1.40845
1.40845
1.40845
1.40845
1.40845
1.40845
1.40845
1.40845
1.40845
1.40845
1.40845
1.40845
1.40845
1.40845
1.40845
1.40845
1.40845
1.40845
1.40845
1.40845
1.40845
1.40845
1.40845
1.40845
1.40845
1.40845
1.40845
4.76844
4.65125
4.56455
4.47511
4.33172
4.18308
4.10749
3.99526
3.87391
3.73165
3.61117
3.51038
3.48525
3.43995
3.32791
3.30042
3.31841
3.33278
3.38136
3.44397
3.49603
3.52611
3.55135
3.58211
3.61624
3.64981
3.68838
3.72975
3.7701
3.81224
3.85858
3.91235
3.97841
4.05368
4.14286
4.24283
4.34813
4.43833
4.49068
4.53368
4.57329
4.60103
4.62275
4.63553
4.63953
4.64363
4.64112
4.64242
4.64244
4.64414
4.65046
4.64762
4.64851
4.65168
4.64836
4.64661
4.64756
4.64796
4.64663
4.64021
4.62371
4.58906
4.51619
4.36092
4.02894
3.35196
2.34895
1.68706
1.46333
1.41542
1.40923
1.40854
1.40846
1.40845
1.40845
1.40845
1.40845
1.40845
1.40845
1.40845
1.40845
1.40845
1.40845
1.40845
1.40845
1.40845
1.40845
1.40845
1.40845
1.40845
1.40845
1.40845
1.40845
1.40845
1.40845
1.40845
1.40845
1.40845
1.40845
1.40845
4.85386
4.7361
4.6264
4.52704
4.41426
4.32063
4.23559
4.10761
3.9845
3.85552
3.73631
3.60415
3.56819
3.55554
3.47529
3.40327
3.39838
3.40105
3.44907
3.50474
3.55066
3.58242
3.60182
3.62453
3.65114
3.68006
3.71199
3.752
3.79318
3.83467
3.88013
3.93235
3.99526
4.07358
4.1622
4.26508
4.367
4.45452
4.5182
4.55731
4.58918
4.62036
4.63848
4.65231
4.65532
4.65428
4.65639
4.65198
4.64903
4.66067
4.6589
4.65356
4.65806
4.66267
4.65849
4.65277
4.65208
4.65222
4.65039
4.64348
4.62656
4.59158
4.51839
4.3625
4.02886
3.34899
2.34469
1.68524
1.46279
1.41534
1.40922
1.40853
1.40846
1.40845
1.40845
1.40845
1.40845
1.40845
1.40845
1.40845
1.40845
1.40845
1.40845
1.40845
1.40845
1.40845
1.40845
1.40845
1.40845
1.40845
1.40845
1.40845
1.40845
1.40845
1.40845
1.40845
1.40845
1.40845
1.40845
1.40845
4.92138
4.78688
4.6957
4.60069
4.52033
4.43833
4.31592
4.20969
4.10198
3.98365
3.8422
3.70414
3.67165
3.65701
3.60898
3.49978
3.48217
3.50604
3.53341
3.5767
3.61385
3.64071
3.65925
3.67391
3.69225
3.71514
3.74525
3.78198
3.82244
3.86341
3.90781
3.96079
4.02446
4.1003
4.19068
4.28986
4.39351
4.47298
4.53579
4.57981
4.60952
4.6356
4.65585
4.666
4.6715
4.66841
4.66787
4.66445
4.66547
4.66576
4.66696
4.66721
4.66652
4.6664
4.66781
4.66209
4.65749
4.65647
4.65405
4.64668
4.62948
4.59406
4.52028
4.3634
4.0276
3.34388
2.33812
1.68252
1.462
1.41522
1.4092
1.40853
1.40846
1.40845
1.40845
1.40845
1.40845
1.40845
1.40845
1.40845
1.40845
1.40845
1.40845
1.40845
1.40845
1.40845
1.40845
1.40845
1.40845
1.40845
1.40845
1.40845
1.40845
1.40845
1.40845
1.40845
1.40845
1.40845
1.40845
1.40845
4.90887
4.8733
4.78821
4.70106
4.63305
4.53266
4.40952
4.32813
4.22229
4.0949
3.94639
3.87651
3.79728
3.72721
3.69743
3.62402
3.56932
3.59103
3.62601
3.66827
3.69294
3.70724
3.72022
3.72854
3.74335
3.76324
3.787
3.81858
3.85729
3.8996
3.94577
3.99923
4.06274
4.13741
4.22513
4.32575
4.42106
4.5023
4.55965
4.60203
4.63495
4.65825
4.6762
4.68637
4.68819
4.68683
4.68169
4.67796
4.68081
4.67671
4.67911
4.67968
4.67499
4.67723
4.67816
4.67322
4.66675
4.66189
4.65872
4.65118
4.6338
4.5977
4.52301
4.36471
4.02616
3.33777
2.33028
1.67927
1.46106
1.41508
1.40918
1.40853
1.40846
1.40845
1.40845
1.40845
1.40845
1.40845
1.40845
1.40845
1.40845
1.40845
1.40845
1.40845
1.40845
1.40845
1.40845
1.40845
1.40845
1.40845
1.40845
1.40845
1.40845
1.40845
1.40845
1.40845
1.40845
1.40845
1.40845
1.40845
5.01423
5.01219
4.93002
4.83102
4.73706
4.62819
4.53387
4.43268
4.32279
4.19864
4.0805
4.03593
3.89991
3.76298
3.72426
3.73026
3.68931
3.68921
3.72365
3.76401
3.77746
3.78089
3.78995
3.79876
3.81006
3.82531
3.84538
3.87246
3.90633
3.94567
3.9919
4.04585
4.10857
4.18352
4.27055
4.36753
4.46652
4.53999
4.59596
4.63479
4.66295
4.68589
4.69992
4.70729
4.70826
4.70328
4.69823
4.69537
4.69167
4.69335
4.68986
4.69058
4.69229
4.68953
4.68532
4.68453
4.67813
4.66983
4.66417
4.65617
4.63858
4.60181
4.52595
4.36571
4.02378
3.32975
2.32043
1.67524
1.45992
1.41491
1.40916
1.40853
1.40846
1.40845
1.40845
1.40845
1.40845
1.40845
1.40845
1.40845
1.40845
1.40845
1.40845
1.40845
1.40845
1.40845
1.40845
1.40845
1.40845
1.40845
1.40845
1.40845
1.40845
1.40845
1.40845
1.40845
1.40845
1.40845
1.40845
1.40845
4.82415
5.01535
5.03399
4.93564
4.848
4.73393
4.6332
4.52054
4.41738
4.29787
4.1841
4.10453
4.04049
3.9344
3.82124
3.80393
3.81429
3.80053
3.82012
3.85122
3.87197
3.8698
3.87124
3.87901
3.88751
3.90057
3.91867
3.94339
3.9749
4.01314
4.05985
4.11437
4.17696
4.2496
4.33351
4.42726
4.52102
4.59471
4.64503
4.68012
4.70466
4.72228
4.73389
4.73816
4.73654
4.73056
4.72266
4.71699
4.71414
4.71047
4.70814
4.70636
4.70668
4.70384
4.70181
4.69905
4.69151
4.68192
4.6724
4.66298
4.64463
4.60705
4.52986
4.36725
4.02104
3.32016
2.30924
1.67064
1.45862
1.41471
1.40914
1.40853
1.40846
1.40845
1.40845
1.40845
1.40845
1.40845
1.40845
1.40845
1.40845
1.40845
1.40845
1.40845
1.40845
1.40845
1.40845
1.40845
1.40845
1.40845
1.40845
1.40845
1.40845
1.40845
1.40845
1.40845
1.40845
1.40845
1.40845
1.40845
4.06182
5.11122
5.13268
5.03902
4.92006
4.82084
4.70551
4.59747
4.48783
4.39085
4.33036
4.18163
4.10132
4.05135
3.95252
3.89224
3.89286
3.9181
3.94849
3.97262
3.97239
3.96727
3.97623
3.98696
3.99487
4.00459
4.02101
4.04507
4.07433
4.11054
4.1533
4.20402
4.26426
4.33723
4.42059
4.5137
4.60327
4.66903
4.71543
4.74488
4.76307
4.77525
4.78161
4.78158
4.77586
4.76608
4.75547
4.7467
4.7398
4.73506
4.73112
4.72812
4.72394
4.72231
4.72075
4.71581
4.7074
4.69633
4.68425
4.67208
4.65233
4.61337
4.53441
4.36893
4.01769
3.30885
2.29633
1.66539
1.45715
1.4145
1.40912
1.40852
1.40846
1.40845
1.40845
1.40845
1.40845
1.40845
1.40845
1.40845
1.40845
1.40845
1.40845
1.40845
1.40845
1.40845
1.40845
1.40845
1.40845
1.40845
1.40845
1.40845
1.40845
1.40845
1.40845
1.40845
1.40845
1.40845
1.40845
1.40845
3.11632
4.92321
5.06209
5.09968
4.98888
4.89657
4.77495
4.66962
4.54521
4.50982
4.49349
4.32884
4.16468
4.12693
4.0798
4.01582
4.01235
4.06879
4.08527
4.11218
4.10881
4.12296
4.12407
4.12834
4.13876
4.15288
4.1695
4.18803
4.21405
4.24736
4.28686
4.33479
4.39077
4.45971
4.53859
4.62637
4.71161
4.77381
4.8141
4.83645
4.84635
4.85005
4.84952
4.84335
4.83199
4.81691
4.80123
4.78862
4.77853
4.77015
4.76325
4.7566
4.75053
4.74468
4.73935
4.7347
4.72735
4.71602
4.70155
4.68489
4.66245
4.62139
4.54014
4.37129
4.01405
3.29617
2.2821
1.65963
1.45558
1.41427
1.40909
1.40852
1.40846
1.40845
1.40845
1.40845
1.40845
1.40845
1.40845
1.40845
1.40845
1.40845
1.40845
1.40845
1.40845
1.40845
1.40845
1.40845
1.40845
1.40845
1.40845
1.40845
1.40845
1.40845
1.40845
1.40845
1.40845
1.40845
1.40845
1.40845
2.2191
4.26081
5.08819
5.13222
5.03213
4.95547
4.8499
4.75862
4.66728
4.61183
4.54128
4.40282
4.27458
4.2481
4.24237
4.1968
4.21219
4.25951
4.28182
4.30089
4.31151
4.32022
4.32835
4.33558
4.35237
4.36183
4.37409
4.38919
4.40832
4.43169
4.46059
4.49994
4.55115
4.61462
4.68826
4.76886
4.84927
4.90693
4.94002
4.95213
4.95259
4.94668
4.93684
4.92302
4.90458
4.88262
4.86081
4.84292
4.82736
4.81358
4.80245
4.79209
4.78241
4.77342
4.76535
4.75751
4.74899
4.73708
4.72099
4.70144
4.67531
4.63137
4.5471
4.37418
4.01029
3.2823
2.26662
1.65349
1.45392
1.41403
1.40906
1.40852
1.40846
1.40845
1.40845
1.40845
1.40845
1.40845
1.40845
1.40845
1.40845
1.40845
1.40845
1.40845
1.40845
1.40845
1.40845
1.40845
1.40845
1.40845
1.40845
1.40845
1.40845
1.40845
1.40845
1.40845
1.40845
1.40845
1.40845
1.40845
1.78226
3.34435
5.02136
5.08271
5.08284
5.01686
4.917
4.83019
4.75902
4.67263
4.64131
4.57279
4.44285
4.40638
4.44979
4.47574
4.50492
4.52578
4.57614
4.60053
4.61741
4.61824
4.61769
4.6243
4.63501
4.63367
4.63165
4.635
4.64454
4.65648
4.67537
4.70378
4.74148
4.79672
4.86389
4.94024
5.01233
5.05973
5.0821
5.0858
5.07783
5.06213
5.04128
5.01764
4.99065
4.96136
4.93312
4.90674
4.88518
4.86639
4.84941
4.83427
4.8206
4.80799
4.79647
4.78553
4.7744
4.76076
4.74286
4.72081
4.6912
4.64378
4.55578
4.37795
4.00648
3.26781
2.25044
1.64715
1.45223
1.41379
1.40903
1.40851
1.40846
1.40845
1.40845
1.40845
1.40845
1.40845
1.40845
1.40845
1.40845
1.40845
1.40845
1.40845
1.40845
1.40845
1.40845
1.40845
1.40845
1.40845
1.40845
1.40845
1.40845
1.40845
1.40845
1.40845
1.40845
1.40845
1.40845
1.40845
1.62454
2.34806
4.49271
5.03724
5.10524
5.05496
4.97075
4.89952
4.87245
4.84026
4.79259
4.80993
4.76039
4.68725
4.75384
4.84902
4.92509
4.96949
4.99291
4.99745
4.99847
5.00045
4.99396
4.97274
4.95525
4.94113
4.92307
4.90864
4.89674
4.88928
4.89433
4.91457
4.93863
4.98088
5.0391
5.10886
5.17125
5.20783
5.22317
5.22053
5.20426
5.17895
5.14864
5.1152
5.08016
5.04347
5.00662
4.97553
4.94762
4.92277
4.90063
4.88075
4.86273
4.84623
4.83112
4.81688
4.80272
4.78694
4.76724
4.74248
4.70964
4.65849
4.56616
4.38271
4.00281
3.25305
2.23406
1.64077
1.45054
1.41355
1.40901
1.40851
1.40846
1.40845
1.40845
1.40845
1.40845
1.40845
1.40845
1.40845
1.40845
1.40845
1.40845
1.40845
1.40845
1.40845
1.40845
1.40845
1.40845
1.40845
1.40845
1.40845
1.40845
1.40845
1.40845
1.40845
1.40845
1.40845
1.40845
1.40845
1.50412
1.80808
3.63407
5.14398
5.21313
5.13862
5.09695
5.05949
5.14764
5.12606
5.09912
5.15479
5.24042
5.23349
5.28736
5.41608
5.47166
5.50336
5.50844
5.48172
5.43239
5.38727
5.34878
5.30669
5.24949
5.20326
5.16341
5.12821
5.09479
5.07379
5.06726
5.07633
5.09703
5.13044
5.18023
5.24496
5.29585
5.32908
5.34139
5.33262
5.30988
5.27823
5.24133
5.20057
5.15848
5.11616
5.07658
5.04033
5.00721
4.97758
4.95112
4.92719
4.9054
4.8857
4.86768
4.85027
4.83311
4.81486
4.79344
4.76616
4.73013
4.67523
4.57824
4.38861
3.99967
3.23855
2.21798
1.63458
1.44892
1.41332
1.40898
1.40851
1.40846
1.40845
1.40845
1.40845
1.40845
1.40845
1.40845
1.40845
1.40845
1.40845
1.40845
1.40845
1.40845
1.40845
1.40845
1.40845
1.40845
1.40845
1.40845
1.40845
1.40845
1.40845
1.40845
1.40845
1.40845
1.40845
1.40845
1.40845
1.45699
1.59686
2.7507
4.87424
5.28007
5.32057
5.33645
5.36668
5.67801
5.6758
5.61287
5.66424
5.84229
5.95855
6.00365
6.03923
6.04668
5.99409
5.91051
5.84172
5.76873
5.66581
5.58438
5.51003
5.43611
5.3659
5.30437
5.24882
5.20707
5.17773
5.16358
5.15899
5.18532
5.21922
5.26117
5.31851
5.36919
5.40256
5.4118
5.40019
5.37447
5.3403
5.30022
5.2564
5.21214
5.16885
5.12809
5.08966
5.05456
5.02269
4.99374
4.9675
4.9438
4.92237
4.90238
4.88276
4.86336
4.84308
4.82006
4.79088
4.75178
4.69323
4.59153
4.39538
3.99728
3.22479
2.20281
1.62883
1.44742
1.41311
1.40895
1.4085
1.40846
1.40845
1.40845
1.40845
1.40845
1.40845
1.40845
1.40845
1.40845
1.40845
1.40845
1.40845
1.40845
1.40845
1.40845
1.40845
1.40845
1.40845
1.40845
1.40845
1.40845
1.40845
1.40845
1.40845
1.40845
1.40845
1.40845
1.40845
1.40451
1.61016
2.08801
4.09149
5.47146
5.69049
5.90397
6.22784
6.33247
6.50239
6.40648
6.40461
6.43567
6.4876
6.50945
6.42671
6.33626
6.23436
6.1032
5.9908
5.88831
5.77216
5.67302
5.58108
5.49164
5.4127
5.34313
5.28572
5.2409
5.2091
5.18908
5.18452
5.20935
5.24656
5.29251
5.34396
5.39046
5.42045
5.42935
5.41883
5.39464
5.36179
5.32164
5.2788
5.23644
5.19518
5.15598
5.11871
5.08417
5.05266
5.02395
4.99794
4.97434
4.95262
4.93204
4.91166
4.89112
4.8696
4.84557
4.81505
4.77347
4.71153
4.60531
4.40261
3.99566
3.21248
2.18922
1.62369
1.44609
1.41292
1.40893
1.4085
1.40846
1.40845
1.40845
1.40845
1.40845
1.40845
1.40845
1.40845
1.40845
1.40845
1.40845
1.40845
1.40845
1.40845
1.40845
1.40845
1.40845
1.40845
1.40845
1.40845
1.40845
1.40845
1.40845
1.40845
1.40845
1.40845
1.40845
1.40845
1.38109
1.50712
1.68929
3.3105
5.64061
6.44556
6.87898
7.25965
7.04441
6.98039
6.91449
6.81102
6.70236
6.63516
6.5826
6.47738
6.35217
6.22719
6.10228
5.97872
5.86375
5.75403
5.64849
5.55804
5.47437
5.39365
5.32919
5.27807
5.2384
5.20947
5.19092
5.18877
5.20398
5.23929
5.28743
5.33561
5.37967
5.40619
5.41477
5.4059
5.38301
5.34996
5.3122
5.2742
5.23572
5.19763
5.16119
5.1273
5.09556
5.06624
5.03987
5.01629
4.99489
4.97483
4.95498
4.93468
4.91386
4.89213
4.86789
4.83674
4.79351
4.72881
4.61858
4.40985
3.99473
3.202
2.1778
1.61936
1.44498
1.41277
1.40891
1.4085
1.40846
1.40845
1.40845
1.40845
1.40845
1.40845
1.40845
1.40845
1.40845
1.40845
1.40845
1.40845
1.40845
1.40845
1.40845
1.40845
1.40845
1.40845
1.40845
1.40845
1.40845
1.40845
1.40845
1.40845
1.40845
1.40845
1.40845
1.40845
1.39289
1.44116
1.74164
2.59353
5.48399
8.1711
8.08162
7.73122
7.3939
7.09857
6.84519
6.70916
6.62168
6.56817
6.46443
6.33994
6.20917
6.09024
5.96783
5.86141
5.76913
5.67444
5.58337
5.50622
5.43131
5.36523
5.31127
5.26328
5.22627
5.19736
5.17936
5.17493
5.18551
5.21405
5.26008
5.31543
5.35545
5.37383
5.37897
5.37457
5.35498
5.32145
5.28647
5.2529
5.21849
5.18374
5.15053
5.12064
5.0934
5.06796
5.04509
5.02477
5.00632
4.98869
4.97015
4.95051
4.93023
4.90942
4.8856
4.85435
4.81018
4.74357
4.63013
4.41633
3.99432
3.1936
2.16906
1.616
1.44412
1.41265
1.4089
1.4085
1.40846
1.40845
1.40845
1.40845
1.40845
1.40845
1.40845
1.40845
1.40845
1.40845
1.40845
1.40845
1.40845
1.40845
1.40845
1.40845
1.40845
1.40845
1.40845
1.40845
1.40845
1.40845
1.40845
1.40845
1.40845
1.40845
1.40845
1.40845
1.3978
1.43127
1.84175
2.46144
5.80721
7.74043
7.90024
7.33636
6.84562
6.61255
6.52024
6.50603
6.48241
6.42044
6.31714
6.19599
6.08634
5.98647
5.88122
5.79337
5.72051
5.63992
5.5611
5.49214
5.42482
5.36688
5.31333
5.26883
5.2307
5.20213
5.18159
5.17348
5.1823
5.20538
5.24721
5.30158
5.34059
5.35558
5.35435
5.34517
5.32689
5.29817
5.26605
5.23318
5.20005
5.16707
5.13693
5.11014
5.0862
5.06431
5.04456
5.02704
5.01087
4.99524
4.97866
4.96011
4.94089
4.92088
4.89762
4.86652
4.82193
4.75423
4.63862
4.42119
3.99431
3.18793
2.16309
1.6137
1.44353
1.41257
1.40889
1.4085
1.40846
1.40845
1.40845
1.40845
1.40845
1.40845
1.40845
1.40845
1.40845
1.40845
1.40845
1.40845
1.40845
1.40845
1.40845
1.40845
1.40845
1.40845
1.40845
1.40845
1.40845
1.40845
1.40845
1.40845
1.40845
1.40845
1.40845
1.40845
1.39851
1.44322
1.94117
2.761
6.71166
6.51576
6.34195
6.08697
6.03362
6.17582
6.34014
6.41453
6.4032
6.3606
6.2696
6.1619
6.05764
5.96165
5.86998
5.78412
5.71046
5.63424
5.55862
5.49105
5.42786
5.36809
5.31546
5.27538
5.23954
5.2097
5.18747
5.17743
5.18289
5.20438
5.2406
5.28832
5.32337
5.34195
5.34183
5.32822
5.30748
5.27958
5.24908
5.21791
5.18621
5.15506
5.12672
5.10182
5.07994
5.06026
5.04236
5.02643
5.01169
4.99735
4.982
4.96448
4.94599
4.92641
4.90361
4.87269
4.82796
4.75982
4.64317
4.42389
3.99444
3.18507
2.16006
1.61253
1.44323
1.41252
1.40889
1.4085
1.40846
1.40845
1.40845
1.40845
1.40845
1.40845
1.40845
1.40845
1.40845
1.40845
1.40845
1.40845
1.40845
1.40845
1.40845
1.40845
1.40845
1.40845
1.40845
1.40845
1.40845
1.40845
1.40845
1.40845
1.40845
1.40845
1.40845
1.40845
)
;

boundaryField
{
    inlet
    {
        type            calculated;
        value           uniform 1.40845;
    }
    outlet
    {
        type            calculated;
        value           nonuniform List<scalar> 
40
(
1.40845
1.40845
1.40845
1.40845
1.40845
1.40845
1.40845
1.40845
1.40845
1.40845
1.40845
1.40845
1.40845
1.40845
1.40845
1.40845
1.40845
1.40845
1.40845
1.40845
1.40845
1.40845
1.40845
1.40845
1.40845
1.40845
1.40845
1.40845
1.40845
1.40845
1.40845
1.40845
1.40845
1.40845
1.40845
1.40845
1.40845
1.40845
1.40845
1.40845
)
;
    }
    bottom
    {
        type            symmetryPlane;
    }
    top
    {
        type            symmetryPlane;
    }
    obstacle
    {
        type            calculated;
        value           nonuniform List<scalar> 
110
(
7.60272
7.60434
7.5895
7.56277
7.5201
7.45325
7.36532
7.21842
6.99984
6.67122
1.81714
0.828304
0.823178
1.44444
1.38866
1.4103
1.46089
1.50033
1.53256
1.56064
1.59371
1.64786
1.72733
1.81547
1.92309
2.04161
2.16704
2.31591
2.46089
2.60383
2.73491
2.84757
2.94857
3.03777
3.11837
3.19837
3.28109
3.36579
3.45158
3.53797
3.62512
3.71411
3.8035
3.89118
3.97647
4.05881
4.13503
4.20399
4.26744
4.32499
4.37631
4.42157
4.46149
4.49517
4.52323
4.54746
4.56874
4.58676
4.60162
4.61345
4.62235
4.62873
4.63288
4.63514
4.63655
4.63762
4.63821
4.6374
4.63435
4.62734
4.61111
4.57704
4.50358
4.34414
4.00172
3.30699
2.30422
1.67008
1.4588
1.41481
1.40916
1.40853
1.40846
1.40845
1.40845
1.40845
1.40845
1.40845
1.40845
1.40845
1.40845
1.40845
1.40845
1.40845
1.40845
1.40845
1.40845
1.40845
1.40845
1.40845
1.40845
1.40845
1.40845
1.40845
1.40845
1.40845
1.40845
1.40845
1.40845
1.40845
)
;
    }
    defaultFaces
    {
        type            empty;
    }
}


// ************************************************************************* //
