/*--------------------------------*- C++ -*----------------------------------*\
| =========                 |                                                 |
| \\      /  F ield         | OpenFOAM: The Open Source CFD Toolbox           |
|  \\    /   O peration     | Version:  v2106                                 |
|   \\  /    A nd           | Website:  www.openfoam.com                      |
|    \\/     M anipulation  |                                                 |
\*---------------------------------------------------------------------------*/
FoamFile
{
    version     2.0;
    format      ascii;
    arch        "LSB;label=32;scalar=64";
    class       volScalarField;
    location    "5";
    object      Mo;
}
// * * * * * * * * * * * * * * * * * * * * * * * * * * * * * * * * * * * * * //

dimensions      [0 0 0 0 0 0 0];

internalField   nonuniform List<scalar> 
5250
(
3.01265
3.01265
3.01265
3.01265
3.01265
3.01265
3.01265
3.01264
3.01264
3.01234
3.01094
2.99048
2.88748
2.46944
1.47548
0.418711
0.33821
0.344334
0.307038
0.260577
0.22544
0.179064
0.134278
0.084736
0.0403179
3.01265
3.01265
3.01265
3.01265
3.01265
3.01265
3.01265
3.01264
3.01264
3.01235
3.01098
2.99109
2.89003
2.47809
1.48541
0.430825
0.332458
0.344398
0.307163
0.261931
0.228353
0.183757
0.142563
0.100134
0.0734016
3.01265
3.01265
3.01265
3.01265
3.01265
3.01265
3.01265
3.01264
3.01264
3.01234
3.01117
2.99135
2.8977
2.4994
1.51228
0.469385
0.325799
0.349528
0.311804
0.267536
0.237161
0.197416
0.163304
0.13126
0.116168
3.01265
3.01265
3.01265
3.01265
3.01265
3.01265
3.01265
3.01265
3.01263
3.01242
3.01077
2.99482
2.89662
2.52879
1.54685
0.520324
0.313679
0.358382
0.320855
0.278506
0.252923
0.219548
0.192305
0.169538
0.160252
3.01265
3.01265
3.01265
3.01265
3.01265
3.01265
3.01265
3.01265
3.01263
3.01247
3.01104
2.9986
2.90812
2.5764
1.63155
0.591203
0.297372
0.365505
0.329057
0.292173
0.27174
0.245571
0.226981
0.210575
0.207765
3.01265
3.01265
3.01265
3.01265
3.01265
3.01265
3.01265
3.01265
3.01263
3.0125
3.0113
3.00094
2.9233
2.63386
1.77314
0.698842
0.279689
0.37273
0.332159
0.305429
0.292155
0.274957
0.265373
0.258647
0.258482
3.01265
3.01265
3.01265
3.01265
3.01265
3.01265
3.01265
3.01265
3.01264
3.01254
3.01159
3.00418
2.94081
2.70187
1.96503
0.864351
0.291013
0.395016
0.349747
0.323673
0.315363
0.308519
0.306734
0.308288
0.317151
3.01265
3.01265
3.01265
3.01265
3.01265
3.01265
3.01265
3.01265
3.01264
3.01257
3.01189
3.00643
2.95516
2.75451
2.07861
1.07541
0.339294
0.429497
0.384811
0.347157
0.345728
0.344842
0.353675
0.366518
0.390156
3.01265
3.01265
3.01265
3.01265
3.01265
3.01265
3.01265
3.01265
3.01264
3.0126
3.01209
3.00842
2.96729
2.80179
2.18918
1.25825
0.440473
0.483435
0.440148
0.387162
0.389109
0.388854
0.408898
0.427964
0.485724
3.01265
3.01265
3.01265
3.01265
3.01265
3.01265
3.01265
3.01265
3.01264
3.01262
3.01215
3.00973
2.97678
2.83927
2.29312
1.35672
0.535948
0.542412
0.503968
0.452076
0.440438
0.443365
0.47066
0.515485
0.652159
3.01265
3.01265
3.01265
3.01265
3.01265
3.01265
3.01265
3.01265
3.01264
3.01264
3.01219
3.01088
2.98283
2.88115
2.41589
1.47285
0.629602
0.581636
0.56056
0.529851
0.504196
0.512627
0.545908
0.638154
0.869614
3.01265
3.01265
3.01265
3.01265
3.01265
3.01265
3.01265
3.01265
3.01265
3.01263
3.01242
3.01078
2.99509
2.89937
2.53092
1.60665
0.748904
0.569474
0.604796
0.60381
0.577729
0.591977
0.621812
0.740488
0.913394
3.01265
3.01265
3.01265
3.01265
3.01265
3.01265
3.01265
3.01265
3.01265
3.01262
3.01264
3.01105
3.0064
2.92636
2.66213
1.81191
0.931388
0.539114
0.602306
0.652649
0.65081
0.663762
0.693999
0.794193
0.921969
3.01265
3.01265
3.01265
3.01265
3.01265
3.01265
3.01265
3.01265
3.01265
3.01264
3.01257
3.0119
3.00703
2.95861
2.7688
2.13681
1.22931
0.565843
0.614779
0.658465
0.68269
0.719162
0.754921
0.832521
0.941504
3.01265
3.01265
3.01265
3.01265
3.01265
3.01265
3.01265
3.01265
3.01265
3.01264
3.0126
3.0123
3.00921
2.97564
2.83199
2.30193
1.45062
0.694034
0.661495
0.676557
0.706336
0.749261
0.798041
0.86814
0.961095
3.01265
3.01265
3.01265
3.01265
3.01265
3.01265
3.01265
3.01265
3.01265
3.01264
3.01265
3.01228
3.01093
2.98883
2.88882
2.45755
1.59951
0.86554
0.716209
0.720195
0.739431
0.777349
0.827141
0.894785
0.976007
3.01265
3.01265
3.01265
3.01265
3.01265
3.01265
3.01265
3.01265
3.01265
3.01265
3.01263
3.01249
3.01126
3.0002
2.92295
2.62593
1.77988
1.09927
0.734812
0.760452
0.780181
0.809194
0.851403
0.910133
0.981707
3.01265
3.01265
3.01265
3.01265
3.01265
3.01265
3.01265
3.01265
3.01265
3.01265
3.01264
3.0126
3.01191
3.00808
2.96183
2.78568
2.17964
1.41108
0.782139
0.796806
0.809299
0.833204
0.869427
0.922349
0.987251
3.01265
3.01265
3.01265
3.01265
3.01265
3.01265
3.01265
3.01265
3.01265
3.01265
3.01264
3.01263
3.01219
3.01009
2.98164
2.85783
2.40786
1.63633
0.949785
0.840554
0.845549
0.863261
0.893586
0.938851
0.996382
3.01265
3.01265
3.01265
3.01265
3.01265
3.01265
3.01265
3.01265
3.01265
3.01265
3.01265
3.01263
3.01245
3.01101
2.99834
2.91111
2.60989
1.81767
1.19919
0.877452
0.888283
0.901693
0.9248
0.960391
1.00853
3.01265
3.01265
3.01265
3.01265
3.01265
3.01265
3.01265
3.01265
3.01265
3.01265
3.01265
3.01264
3.01261
3.01182
3.00815
2.95872
2.79119
2.20297
1.51345
0.94025
0.923231
0.93448
0.952361
0.98261
1.02365
3.01265
3.01265
3.01265
3.01265
3.01265
3.01265
3.01265
3.01265
3.01265
3.01265
3.01265
3.01264
3.01261
3.01227
3.00955
2.98643
2.85246
2.49408
1.7735
1.14426
0.965422
0.968869
0.984742
1.00937
1.04357
3.01265
3.01265
3.01265
3.01265
3.01265
3.01265
3.01265
3.01265
3.01265
3.01265
3.01265
3.01265
3.01263
3.01258
3.01119
3.00491
2.924
2.7083
1.96201
1.46464
1.0156
1.0042
1.01706
1.03657
1.06537
3.01265
3.01265
3.01265
3.01265
3.01265
3.01265
3.01265
3.01265
3.01265
3.01265
3.01265
3.01265
3.01264
3.01258
3.01208
3.00826
2.97591
2.818
2.37513
1.74135
1.17245
1.04957
1.04938
1.06535
1.08941
3.01265
3.01265
3.01265
3.01265
3.01265
3.01265
3.01265
3.01265
3.01265
3.01265
3.01265
3.01265
3.01265
3.01261
3.0126
3.01039
3.00356
2.89309
2.67451
1.96148
1.45538
1.11024
1.0857
1.09597
1.11305
3.01265
3.01265
3.01265
3.01265
3.01265
3.01265
3.01265
3.01265
3.01265
3.01265
3.01265
3.01265
3.01265
3.01264
3.01257
3.01194
3.0076
2.96943
2.80403
2.37183
1.76091
1.23522
1.13062
1.12355
1.13785
3.01265
3.01265
3.01265
3.01265
3.01265
3.01265
3.01265
3.01265
3.01265
3.01265
3.01265
3.01265
3.01265
3.01265
3.0126
3.01264
3.00987
3.00257
2.87854
2.6747
1.99643
1.507
1.19436
1.16135
1.16577
3.01265
3.01265
3.01265
3.01265
3.01265
3.01265
3.01265
3.01265
3.01265
3.01265
3.01265
3.01265
3.01265
3.01265
3.01264
3.01256
3.0119
3.00756
2.96751
2.80845
2.40364
1.81273
1.31149
1.20703
1.19287
3.01265
3.01265
3.01265
3.01265
3.01265
3.01265
3.01265
3.01265
3.01265
3.01265
3.01265
3.01265
3.01265
3.01265
3.01264
3.01259
3.01259
3.01012
3.00372
2.88777
2.7083
2.04204
1.59021
1.26614
1.23235
3.01265
3.01265
3.01265
3.01265
3.01265
3.01265
3.01265
3.01265
3.01265
3.01265
3.01265
3.01265
3.01265
3.01265
3.01265
3.01264
3.01256
3.01188
3.00715
2.9671
2.77653
2.42799
1.93814
1.425
1.31317
3.01265
3.01265
3.01265
3.01265
3.01265
3.01265
3.01265
3.01265
3.01265
3.01265
3.01265
3.01265
3.01265
3.01265
3.01265
3.01265
3.01263
3.01248
3.0111
2.99983
2.92609
2.73192
2.14604
1.75293
1.3455
3.01265
3.01265
3.01265
3.01265
3.01265
3.01265
3.01265
3.01265
3.01265
3.01265
3.01265
3.01265
3.01265
3.01265
3.01265
3.01265
3.01263
3.01261
3.01156
3.00533
3.00486
2.80444
2.62454
2.04794
1.54378
3.01265
3.01265
3.01265
3.01265
3.01265
3.01265
3.01265
3.01265
3.01265
3.01265
3.01265
3.01265
3.01265
3.01265
3.01265
3.01265
3.01265
3.01262
3.01255
3.01113
3.00648
2.93719
2.76458
2.24589
1.88938
3.01265
3.01265
3.01265
3.01265
3.01265
3.01265
3.01265
3.01265
3.01265
3.01265
3.01265
3.01265
3.01265
3.01265
3.01265
3.01265
3.01265
3.01265
3.01258
3.01248
3.00972
3.00574
2.8555
2.6634
2.09737
3.01265
3.01265
3.01265
3.01265
3.01265
3.01265
3.01265
3.01265
3.01265
3.01265
3.01265
3.01265
3.01265
3.01265
3.01265
3.01265
3.01265
3.01265
3.01263
3.01252
3.01162
3.00594
2.95521
2.77472
2.3943
3.01265
3.01265
3.01265
3.01265
3.01265
3.01265
3.01265
3.01265
3.01265
3.01265
3.01265
3.01265
3.01265
3.01265
3.01265
3.01265
3.01265
3.01265
3.01265
3.0126
3.01261
3.01092
3.00161
2.92196
2.77781
3.01265
3.01265
3.01265
3.01265
3.01265
3.01265
3.01265
3.01265
3.01265
3.01265
3.01265
3.01265
3.01265
3.01265
3.01265
3.01265
3.01265
3.01265
3.01265
3.01264
3.01258
3.012
3.00689
3.00929
2.83925
3.01265
3.01265
3.01265
3.01265
3.01265
3.01265
3.01265
3.01265
3.01265
3.01265
3.01265
3.01265
3.01265
3.01265
3.01265
3.01265
3.01265
3.01265
3.01265
3.01265
3.01263
3.01255
3.01151
3.00721
2.95269
3.01265
3.01265
3.01265
3.01265
3.01265
3.01265
3.01265
3.01265
3.01265
3.01265
3.01265
3.01265
3.01265
3.01265
3.01265
3.01265
3.01265
3.01265
3.01265
3.01265
3.01265
3.01261
3.01237
3.01128
3.0027
3.01265
3.01265
3.01265
3.01265
3.01265
3.01265
3.01265
3.01265
3.01265
3.01265
3.01265
3.01265
3.01265
3.01265
3.01265
3.01265
3.01265
3.01265
3.01265
3.01265
3.01265
3.01265
3.01249
3.01212
3.00761
3.01265
3.01265
3.01265
3.01265
3.01265
3.01265
3.01265
3.01265
3.01265
3.01265
3.01265
3.01265
3.01265
3.01265
3.01265
3.01265
3.01265
3.01265
3.01265
3.01265
3.01265
3.01265
3.01263
3.01259
3.01171
3.01265
3.01265
3.01265
3.01265
3.01265
3.01265
3.01265
3.01265
3.01265
3.01265
3.01265
3.01265
3.01265
3.01265
3.01265
3.01265
3.01265
3.01265
3.01265
3.01265
3.01265
3.01265
3.01264
3.01261
3.01239
3.01265
3.01265
3.01265
3.01265
3.01265
3.01265
3.01265
3.01265
3.01265
3.01265
3.01265
3.01265
3.01265
3.01265
3.01265
3.01265
3.01265
3.01265
3.01265
3.01265
3.01265
3.01265
3.01265
3.01261
3.01239
3.01265
3.01265
3.01265
3.01265
3.01265
3.01265
3.01265
3.01265
3.01265
3.01265
3.01265
3.01265
3.01265
3.01265
3.01265
3.01265
3.01265
3.01265
3.01265
3.01265
3.01265
3.01265
3.01265
3.01264
3.0126
3.01265
3.01265
3.01265
3.01265
3.01265
3.01265
3.01265
3.01265
3.01265
3.01265
3.01265
3.01265
3.01265
3.01265
3.01265
3.01265
3.01265
3.01265
3.01265
3.01265
3.01265
3.01265
3.01265
3.01264
3.01261
3.01265
3.01265
3.01265
3.01265
3.01265
3.01265
3.01265
3.01265
3.01265
3.01265
3.01265
3.01265
3.01265
3.01265
3.01265
3.01265
3.01265
3.01265
3.01265
3.01265
3.01265
3.01265
3.01265
3.01264
3.01262
3.01265
3.01265
3.01265
3.01265
3.01265
3.01265
3.01265
3.01265
3.01265
3.01265
3.01265
3.01265
3.01265
3.01265
3.01265
3.01265
3.01265
3.01265
3.01265
3.01265
3.01265
3.01265
3.01265
3.01264
3.01262
3.01265
3.01265
3.01265
3.01265
3.01265
3.01265
3.01265
3.01265
3.01265
3.01265
3.01265
3.01265
3.01265
3.01265
3.01265
3.01265
3.01265
3.01265
3.01265
3.01265
3.01265
3.01265
3.01265
3.01264
3.01262
3.01265
3.01265
3.01265
3.01265
3.01265
3.01265
3.01265
3.01265
3.01265
3.01265
3.01265
3.01265
3.01265
3.01265
3.01265
3.01265
3.01265
3.01265
3.01265
3.01265
3.01265
3.01265
3.01265
3.01264
3.01262
3.01265
3.01265
3.01265
3.01265
3.01265
3.01265
3.01265
3.01265
3.01265
3.01265
3.01265
3.01265
3.01265
3.01265
3.01265
3.01265
3.01265
3.01265
3.01265
3.01265
3.01265
3.01265
3.01265
3.01264
3.01262
1.09602
0.419521
0.408626
0.302793
0.326166
0.287428
0.535253
0.662633
0.727224
0.746786
0.746491
0.764809
0.811036
0.863871
0.903144
0.922334
0.928745
0.929866
0.929967
0.935299
0.940367
0.950214
0.957319
0.961204
0.962399
0.961738
0.956401
0.950554
0.932639
0.914124
0.883098
0.847498
0.801752
0.756116
0.711668
0.665115
0.615489
0.565807
0.516938
0.458598
0.400618
0.347475
0.293658
0.241877
0.204262
0.163022
0.110394
0.0612542
0.02126
0.045256
0.0848306
0.127242
0.166425
0.204204
0.240043
0.274186
0.306346
0.336664
0.365563
0.392866
0.4184
0.442671
0.465904
0.488088
0.508744
0.528349
0.54699
0.564707
0.581968
0.598108
0.613882
0.628589
0.642977
0.656211
0.669168
0.680989
0.692555
0.702978
0.71328
0.722321
0.73095
0.73866
0.745529
0.75151
0.757348
0.762045
0.766655
0.770649
0.773662
0.776546
0.778642
0.779903
0.780459
0.780524
0.779916
0.77855
0.776541
0.773782
0.771368
0.764921
1.07432
0.872062
0.589104
0.345931
0.102853
0.203481
0.440352
0.494784
0.538235
0.507538
0.490076
0.499865
0.549911
0.598972
0.628202
0.64007
0.641983
0.640376
0.639317
0.642227
0.644398
0.658143
0.671084
0.679714
0.682018
0.682017
0.674178
0.66616
0.644969
0.623588
0.592646
0.56096
0.51633
0.473436
0.432425
0.384675
0.334369
0.283837
0.24279
0.170765
0.109047
0.0656846
0.0777776
0.132427
0.203644
0.26935
0.327714
0.372113
0.414697
0.448804
0.480385
0.511642
0.540573
0.567489
0.591825
0.615063
0.636662
0.657129
0.677357
0.696671
0.715127
0.732953
0.749924
0.76688
0.783154
0.798877
0.813764
0.827874
0.841884
0.855268
0.868117
0.880621
0.892061
0.903084
0.913512
0.923266
0.932915
0.941979
0.951016
0.959452
0.96747
0.975232
0.981853
0.988386
0.99425
0.99908
1.00396
1.00786
1.01077
1.01376
1.01536
1.01594
1.01592
1.01505
1.01316
1.01033
1.00664
1.00206
0.99726
0.98811
1.04986
1.00445
0.893486
0.720489
0.490382
0.365451
0.39697
0.34825
0.211872
0.0968547
0.0215535
0.100115
0.181119
0.314181
0.366132
0.393051
0.382752
0.373677
0.368886
0.378957
0.3872
0.400593
0.408184
0.412329
0.410232
0.410135
0.404462
0.399745
0.381174
0.363985
0.335409
0.296393
0.243662
0.194029
0.149264
0.0941154
0.0862025
0.158499
0.273346
0.37176
0.444901
0.51054
0.567637
0.604388
0.634339
0.661717
0.683851
0.698679
0.714899
0.731011
0.746379
0.762495
0.778483
0.794944
0.810101
0.825476
0.84073
0.855499
0.870387
0.885441
0.900071
0.913997
0.9275
0.940978
0.954154
0.967396
0.979877
0.992004
1.00402
1.01567
1.02719
1.03813
1.0485
1.05845
1.06741
1.07604
1.08434
1.09226
1.10015
1.10742
1.11457
1.12107
1.12702
1.13294
1.13817
1.14319
1.14804
1.15193
1.1556
1.15841
1.15987
1.16155
1.16205
1.16198
1.16156
1.16032
1.15819
1.15532
1.15202
1.14562
1.03913
1.12395
1.10596
1.02063
0.877851
0.70934
0.635269
0.603614
0.537014
0.449391
0.329999
0.264602
0.241246
0.251842
0.205456
0.130199
0.0858465
0.0244642
0.0100323
0.0525753
0.0740829
0.122255
0.167937
0.197382
0.203853
0.203402
0.194584
0.183483
0.1619
0.135357
0.106323
0.0822616
0.112381
0.182346
0.31662
0.449638
0.551912
0.651083
0.712686
0.764886
0.792282
0.817052
0.838006
0.855742
0.865192
0.880649
0.89351
0.902108
0.910468
0.918011
0.926214
0.936091
0.94637
0.957822
0.968301
0.979095
0.990334
1.00092
1.01146
1.02219
1.0335
1.04472
1.05586
1.06707
1.07762
1.08795
1.09838
1.10901
1.11944
1.1299
1.14017
1.15001
1.15929
1.16804
1.17629
1.18442
1.19211
1.19964
1.20689
1.21348
1.22002
1.22598
1.2318
1.23729
1.2424
1.24747
1.25181
1.2557
1.25951
1.26243
1.26464
1.26695
1.26804
1.26881
1.26963
1.2691
1.26807
1.26633
1.26411
1.2593
1.05603
1.13912
1.20041
1.19238
1.11661
1.04288
0.946811
0.928152
0.861619
0.759879
0.633842
0.546065
0.478915
0.461656
0.438873
0.400933
0.351651
0.282671
0.237834
0.188252
0.174768
0.141943
0.136085
0.0898811
0.0528378
0.0195967
0.019171
0.038383
0.0733594
0.132306
0.242477
0.367658
0.499553
0.626164
0.749432
0.833671
0.892956
0.949838
0.987064
1.01413
1.02703
1.03594
1.04381
1.04912
1.05178
1.05529
1.05749
1.05882
1.05973
1.05982
1.06031
1.06459
1.06993
1.07567
1.08137
1.08725
1.0939
1.10019
1.1075
1.11607
1.12545
1.13437
1.1432
1.15133
1.15962
1.16845
1.1776
1.18695
1.19658
1.20611
1.21526
1.22382
1.23254
1.2409
1.24883
1.25653
1.26366
1.27069
1.27726
1.28358
1.28998
1.29597
1.30182
1.30728
1.31253
1.31732
1.32188
1.32626
1.33009
1.33359
1.33701
1.33934
1.34131
1.34341
1.34381
1.34397
1.34406
1.3438
1.34333
1.34046
1.06331
1.14055
1.20826
1.2626
1.24572
1.21342
1.1919
1.20602
1.16932
1.09448
0.987584
0.887231
0.797734
0.762835
0.719691
0.66532
0.605725
0.536337
0.483699
0.422294
0.387567
0.338232
0.321405
0.288696
0.265504
0.23143
0.222618
0.251057
0.318518
0.425516
0.569193
0.722474
0.855255
0.953375
1.04052
1.09044
1.13572
1.17709
1.20077
1.20959
1.21514
1.21276
1.20889
1.20462
1.19663
1.18717
1.17911
1.17109
1.16219
1.15375
1.14943
1.1452
1.1475
1.14978
1.15221
1.15462
1.1576
1.16218
1.16792
1.174
1.18084
1.18734
1.19447
1.20213
1.21015
1.21827
1.22675
1.23537
1.24377
1.25201
1.26045
1.26887
1.277
1.28516
1.29268
1.29993
1.30678
1.31351
1.3201
1.32663
1.33307
1.33916
1.34505
1.35088
1.35621
1.36134
1.36648
1.37099
1.37537
1.37933
1.38311
1.38565
1.38836
1.39099
1.3922
1.39352
1.39488
1.39522
1.3952
1.39419
1.06737
1.14413
1.20641
1.2699
1.28888
1.30114
1.31287
1.33135
1.3533
1.31853
1.26666
1.20125
1.13687
1.09012
1.04165
0.983941
0.92059
0.848555
0.780985
0.708418
0.660535
0.602429
0.565329
0.511429
0.479527
0.423639
0.42159
0.471953
0.574857
0.7204
0.874886
1.00913
1.11136
1.1975
1.26771
1.30936
1.34469
1.37392
1.38197
1.38215
1.37655
1.36143
1.342
1.32008
1.29519
1.27413
1.26123
1.24555
1.23126
1.21739
1.20512
1.19524
1.19092
1.19355
1.1947
1.19627
1.19858
1.20142
1.20478
1.20858
1.21344
1.21925
1.22577
1.23265
1.23999
1.2476
1.25541
1.26314
1.27124
1.2793
1.2873
1.29526
1.30313
1.31078
1.31819
1.32539
1.33213
1.3387
1.34519
1.35163
1.35807
1.36447
1.37071
1.37664
1.38192
1.38718
1.39231
1.39688
1.40149
1.40605
1.40981
1.41366
1.41761
1.42048
1.42283
1.42534
1.42684
1.42749
1.42815
1.429
1.06469
1.14324
1.20682
1.25754
1.2955
1.33161
1.35697
1.38307
1.41177
1.43586
1.41249
1.38293
1.34868
1.31769
1.30134
1.27655
1.23252
1.17242
1.10321
1.026
0.966973
0.89977
0.850202
0.780896
0.744177
0.667055
0.656902
0.71544
0.832032
0.971773
1.09952
1.21215
1.30362
1.37596
1.42844
1.46675
1.49721
1.51439
1.51858
1.51598
1.50463
1.48511
1.45843
1.4246
1.38342
1.34637
1.30446
1.28898
1.27464
1.25878
1.2462
1.23417
1.22258
1.21986
1.22106
1.22342
1.22593
1.22678
1.22799
1.22982
1.23339
1.23887
1.24504
1.25139
1.25814
1.265
1.27238
1.28039
1.2883
1.2963
1.30355
1.31097
1.31874
1.32664
1.33408
1.34151
1.34789
1.35433
1.36072
1.36723
1.37376
1.38015
1.38643
1.39201
1.39745
1.40292
1.408
1.41332
1.41857
1.42362
1.42857
1.43356
1.43732
1.4406
1.44401
1.44642
1.44769
1.44938
1.45094
1.45226
1.06339
1.13905
1.20527
1.25113
1.28941
1.33022
1.36444
1.40489
1.44132
1.4797
1.49384
1.48642
1.47148
1.46391
1.45956
1.46004
1.4404
1.40668
1.36732
1.31945
1.27167
1.21594
1.16312
1.094
1.02753
0.926713
0.911022
0.951104
1.03457
1.142
1.24008
1.34318
1.42593
1.49193
1.53575
1.57035
1.592
1.60622
1.6079
1.60596
1.59317
1.57857
1.55709
1.52688
1.49135
1.44838
1.394
1.34955
1.30092
1.29172
1.28116
1.26803
1.25666
1.24675
1.2402
1.2419
1.24329
1.24502
1.24715
1.24935
1.25202
1.25597
1.2606
1.26617
1.27265
1.27974
1.28698
1.29422
1.30082
1.3076
1.31471
1.32201
1.32985
1.33788
1.34587
1.35304
1.35917
1.36531
1.37135
1.37745
1.38359
1.38971
1.39589
1.40167
1.40748
1.41324
1.41876
1.42438
1.43005
1.43543
1.4409
1.44536
1.44963
1.45382
1.45801
1.46059
1.46287
1.46552
1.46725
1.46816
1.06646
1.13176
1.19544
1.24506
1.28736
1.32085
1.35431
1.39562
1.4388
1.47972
1.51894
1.52794
1.5313
1.53552
1.54208
1.5474
1.55245
1.54752
1.52676
1.50126
1.47227
1.43823
1.39665
1.34605
1.26602
1.16062
1.08283
1.10635
1.16287
1.23958
1.33244
1.41601
1.49373
1.55787
1.60272
1.63155
1.64644
1.6531
1.65361
1.65369
1.64577
1.64175
1.62919
1.61065
1.58792
1.55346
1.50961
1.45638
1.39171
1.34012
1.286
1.28608
1.28348
1.27846
1.27052
1.26516
1.25907
1.26129
1.26504
1.26865
1.27147
1.27342
1.27633
1.28051
1.2866
1.29323
1.30015
1.306
1.31246
1.31925
1.32627
1.3337
1.34108
1.34844
1.35568
1.36209
1.36814
1.37404
1.37998
1.38586
1.39179
1.39779
1.40391
1.40995
1.4159
1.42153
1.42733
1.43317
1.43888
1.44469
1.45047
1.4555
1.4605
1.46553
1.46908
1.47182
1.47463
1.4771
1.479
1.48079
1.0739
1.1305
1.18783
1.23593
1.28209
1.31469
1.34822
1.38605
1.42846
1.46757
1.50941
1.53589
1.5529
1.56681
1.5793
1.5913
1.60445
1.61284
1.6168
1.61712
1.59893
1.57424
1.54129
1.48647
1.39769
1.26886
1.14967
1.17774
1.22612
1.29394
1.36904
1.44224
1.50312
1.54678
1.57948
1.60698
1.63103
1.65249
1.6683
1.67425
1.67535
1.67875
1.67387
1.66846
1.65672
1.63446
1.60859
1.57026
1.51755
1.44447
1.38358
1.32245
1.29481
1.29812
1.29673
1.29444
1.29062
1.28908
1.28737
1.28768
1.28894
1.29051
1.29306
1.29659
1.30148
1.30728
1.31412
1.3208
1.32738
1.33465
1.34191
1.34852
1.35483
1.36113
1.36727
1.3731
1.37883
1.38444
1.39001
1.39552
1.40108
1.40685
1.41289
1.41914
1.4252
1.43128
1.43734
1.44347
1.4496
1.45573
1.46138
1.46661
1.47161
1.47682
1.48017
1.4835
1.48665
1.48903
1.49113
1.49301
1.08569
1.13501
1.18544
1.23082
1.27514
1.30577
1.33927
1.37579
1.41604
1.45659
1.49209
1.52592
1.55306
1.57218
1.58987
1.60745
1.62482
1.64151
1.65778
1.67557
1.66427
1.64369
1.6077
1.53564
1.41256
1.28753
1.17128
1.20249
1.2467
1.30587
1.36099
1.41522
1.46528
1.51028
1.54395
1.57662
1.60456
1.62851
1.64917
1.66833
1.68855
1.6989
1.69668
1.69697
1.69568
1.68874
1.68042
1.65829
1.62635
1.58281
1.52214
1.43758
1.37308
1.30416
1.30865
1.31383
1.31668
1.3149
1.31037
1.30522
1.30599
1.30798
1.31137
1.31468
1.31813
1.32243
1.328
1.33445
1.34122
1.34787
1.35374
1.35969
1.36603
1.37303
1.37971
1.38644
1.39238
1.39768
1.40259
1.40741
1.41246
1.41788
1.42385
1.42987
1.43612
1.44249
1.44896
1.45524
1.46157
1.46787
1.47351
1.47914
1.48492
1.48909
1.49338
1.49768
1.50019
1.50187
1.50441
1.50699
1.10138
1.14322
1.18711
1.22946
1.27098
1.29873
1.32953
1.36297
1.40041
1.44248
1.47976
1.51195
1.54688
1.56524
1.58579
1.60698
1.62718
1.65028
1.67251
1.69937
1.68828
1.66621
1.61174
1.50891
1.34551
1.17837
1.18163
1.20664
1.24685
1.28957
1.33548
1.38135
1.42841
1.47073
1.507
1.54069
1.56979
1.59613
1.62223
1.64733
1.66907
1.68291
1.69816
1.71212
1.71623
1.71768
1.71991
1.71348
1.70659
1.6842
1.64586
1.59178
1.51423
1.42976
1.34776
1.32259
1.3319
1.33801
1.33666
1.33337
1.32896
1.32943
1.33055
1.33336
1.33666
1.34043
1.34489
1.3501
1.35604
1.36263
1.36917
1.37538
1.38143
1.38727
1.39343
1.39954
1.40534
1.41011
1.41481
1.41966
1.42478
1.43031
1.4364
1.44269
1.44923
1.45594
1.46227
1.46854
1.47483
1.48111
1.48702
1.49291
1.49846
1.50354
1.50867
1.51246
1.51521
1.51781
1.52095
1.52383
1.12065
1.15522
1.19328
1.23088
1.26921
1.29711
1.3254
1.35539
1.38854
1.42612
1.46767
1.50071
1.53529
1.55647
1.57729
1.59925
1.62192
1.64787
1.67055
1.69213
1.67618
1.63649
1.55172
1.39112
1.26962
1.1464
1.16981
1.19948
1.23237
1.26839
1.30673
1.34744
1.38782
1.427
1.46362
1.49845
1.52774
1.55721
1.58514
1.6153
1.6342
1.6568
1.6811
1.70092
1.72402
1.73206
1.73991
1.7462
1.75027
1.74543
1.72969
1.70237
1.65778
1.59402
1.49745
1.424
1.34255
1.34848
1.35779
1.36559
1.36268
1.35809
1.35865
1.36075
1.36429
1.3684
1.37241
1.37626
1.38051
1.38532
1.39054
1.396
1.40132
1.40673
1.41207
1.41729
1.4224
1.42725
1.43208
1.4369
1.44197
1.44743
1.45333
1.45967
1.46632
1.4732
1.47947
1.4858
1.49215
1.49798
1.50386
1.50977
1.51537
1.52094
1.52648
1.53013
1.5339
1.53698
1.54006
1.54243
1.13937
1.1696
1.2037
1.23626
1.26921
1.29884
1.32469
1.35218
1.38292
1.41621
1.45422
1.49028
1.52035
1.55163
1.57272
1.5924
1.61644
1.64136
1.66619
1.66134
1.63438
1.5641
1.42682
1.28543
1.14781
1.15463
1.16696
1.1869
1.21335
1.24419
1.27815
1.31473
1.35157
1.38962
1.42601
1.46066
1.49247
1.52317
1.55483
1.57858
1.60612
1.63171
1.66028
1.6777
1.69918
1.72243
1.74316
1.76402
1.7749
1.77512
1.77478
1.76908
1.75681
1.72447
1.67245
1.59606
1.49542
1.40837
1.3687
1.3793
1.39273
1.39395
1.3934
1.39134
1.39255
1.39581
1.39886
1.40303
1.40702
1.40978
1.41274
1.41654
1.42173
1.42753
1.4335
1.4386
1.44291
1.44712
1.45148
1.45609
1.46107
1.46653
1.47256
1.47913
1.48579
1.49266
1.49915
1.50578
1.51197
1.51816
1.52424
1.52976
1.53566
1.54164
1.54707
1.55233
1.5559
1.55863
1.56151
1.56401
1.1588
1.18415
1.21589
1.24553
1.27426
1.30353
1.32694
1.35253
1.38064
1.41228
1.44548
1.48067
1.51174
1.54298
1.5658
1.58803
1.6145
1.6395
1.63917
1.61826
1.56035
1.4513
1.29564
1.15642
1.14126
1.1489
1.16142
1.17952
1.20187
1.2279
1.257
1.28898
1.32319
1.35892
1.39473
1.42858
1.46176
1.49495
1.52228
1.55174
1.58014
1.61048
1.63227
1.65755
1.68432
1.71255
1.72886
1.74651
1.76707
1.7858
1.79854
1.80655
1.81474
1.80797
1.78533
1.74367
1.68248
1.5817
1.49895
1.40198
1.40755
1.42016
1.43096
1.43133
1.42969
1.42651
1.42792
1.4304
1.43387
1.43706
1.43942
1.44255
1.44662
1.45161
1.45706
1.46248
1.46644
1.4701
1.47395
1.47831
1.48322
1.48872
1.49485
1.50151
1.50834
1.51517
1.52178
1.52833
1.53477
1.54067
1.54662
1.55208
1.55777
1.56413
1.56996
1.57587
1.5791
1.58271
1.58588
1.58855
1.18139
1.20216
1.22895
1.25765
1.28413
1.31125
1.33342
1.35721
1.38298
1.41164
1.4426
1.47508
1.50631
1.53644
1.55916
1.5854
1.60757
1.61663
1.59896
1.54836
1.45133
1.30318
1.1683
1.13244
1.14129
1.15136
1.16359
1.17834
1.19617
1.2179
1.24335
1.27187
1.30277
1.33515
1.36862
1.40246
1.43635
1.46692
1.4985
1.5294
1.56128
1.58548
1.6134
1.64033
1.66963
1.68875
1.71098
1.73511
1.7622
1.78607
1.80617
1.82554
1.84737
1.84733
1.85006
1.83724
1.81407
1.76703
1.69518
1.58783
1.50784
1.42849
1.44572
1.45829
1.46905
1.46586
1.46217
1.46266
1.46466
1.46617
1.46895
1.47263
1.47601
1.47979
1.48339
1.48695
1.49103
1.49524
1.49971
1.50453
1.50977
1.51538
1.52141
1.52773
1.53428
1.54068
1.54708
1.55364
1.56003
1.56615
1.5717
1.57727
1.58298
1.58932
1.59542
1.60083
1.60474
1.60819
1.61217
1.61487
1.20576
1.22382
1.24548
1.27217
1.29728
1.32266
1.34427
1.36633
1.38957
1.41538
1.44327
1.47309
1.5018
1.53018
1.55714
1.58303
1.59157
1.57732
1.53326
1.44433
1.30121
1.16713
1.12713
1.13907
1.14792
1.15712
1.16731
1.17975
1.19552
1.21451
1.23659
1.26135
1.28851
1.31799
1.34972
1.38209
1.41477
1.44761
1.48079
1.51486
1.53992
1.56837
1.59576
1.62356
1.6472
1.67398
1.70202
1.72869
1.75601
1.77944
1.80369
1.82824
1.85158
1.86784
1.88372
1.8881
1.88809
1.88
1.84255
1.7817
1.69256
1.58958
1.48912
1.47397
1.48105
1.49375
1.50442
1.50181
1.49907
1.49707
1.49839
1.50025
1.50535
1.51023
1.51277
1.51535
1.51825
1.52215
1.52702
1.53223
1.53791
1.54381
1.54986
1.55602
1.56191
1.56798
1.57406
1.5805
1.5875
1.59414
1.60015
1.60532
1.61087
1.61671
1.62298
1.62843
1.63356
1.63653
1.63997
1.64227
1.2327
1.2466
1.26519
1.28921
1.3134
1.33759
1.3594
1.37874
1.39918
1.42232
1.44727
1.47449
1.49838
1.52669
1.55038
1.57156
1.55764
1.51751
1.43383
1.29259
1.15644
1.11394
1.13003
1.14181
1.15157
1.16005
1.17006
1.18218
1.19672
1.21372
1.23343
1.25579
1.28094
1.30846
1.33803
1.36906
1.40134
1.43507
1.46885
1.49621
1.52669
1.55611
1.58189
1.60884
1.63762
1.66685
1.69695
1.72241
1.74982
1.7748
1.80093
1.82341
1.84669
1.87257
1.89989
1.91481
1.92795
1.93711
1.92827
1.90364
1.85767
1.78941
1.67941
1.59727
1.50102
1.51078
1.52312
1.5329
1.54293
1.5406
1.53691
1.536
1.53568
1.53793
1.54143
1.54507
1.5485
1.55251
1.55696
1.56198
1.5677
1.57394
1.58012
1.58569
1.59094
1.59644
1.60237
1.60878
1.61619
1.62308
1.62945
1.63498
1.63975
1.64514
1.65125
1.6574
1.66324
1.66643
1.66965
1.6715
1.27893
1.28454
1.29719
1.31388
1.33587
1.3558
1.37798
1.39418
1.41122
1.43088
1.45335
1.4791
1.5027
1.5247
1.54693
1.53727
1.50332
1.42614
1.2868
1.16189
1.09683
1.11694
1.13172
1.14719
1.15552
1.16505
1.17594
1.18824
1.20213
1.21782
1.2359
1.25638
1.27952
1.30519
1.33308
1.36297
1.39516
1.42713
1.45625
1.48773
1.51925
1.54567
1.57346
1.6038
1.63458
1.66256
1.69115
1.71965
1.74621
1.77347
1.79743
1.82241
1.84724
1.87157
1.89696
1.92295
1.94783
1.96768
1.97031
1.97566
1.959
1.92831
1.87789
1.80131
1.6915
1.60558
1.53665
1.54585
1.56244
1.57371
1.57584
1.57245
1.57026
1.56968
1.57194
1.57584
1.58105
1.58627
1.59081
1.59523
1.60031
1.60526
1.6104
1.61569
1.62053
1.62559
1.63124
1.63756
1.64504
1.65213
1.65937
1.6644
1.66901
1.67443
1.68019
1.68736
1.69376
1.69673
1.69973
1.70202
1.32749
1.31184
1.32397
1.33796
1.35606
1.37563
1.39529
1.41044
1.42316
1.43944
1.4592
1.48294
1.50757
1.52855
1.52084
1.48847
1.4164
1.27941
1.16646
1.08
1.10244
1.12033
1.13965
1.14961
1.16039
1.17182
1.184
1.19704
1.21116
1.22677
1.24404
1.26348
1.28505
1.30909
1.33509
1.36352
1.39263
1.42232
1.45401
1.48627
1.5136
1.54213
1.57224
1.60248
1.63243
1.66131
1.68919
1.71681
1.74399
1.77161
1.79539
1.81965
1.84469
1.8697
1.89577
1.92093
1.94911
1.97324
1.99271
2.0116
2.00816
2.00397
1.98967
1.95221
1.89062
1.79328
1.6859
1.57594
1.57425
1.58069
1.5921
1.60672
1.60636
1.60598
1.60567
1.60835
1.61133
1.61539
1.62044
1.62506
1.62865
1.63272
1.63675
1.64162
1.64749
1.6535
1.65996
1.6669
1.67397
1.68125
1.68884
1.69364
1.69829
1.70345
1.70947
1.7166
1.72351
1.72728
1.73108
1.73438
1.37679
1.34408
1.35178
1.36352
1.37822
1.39548
1.41009
1.42721
1.4373
1.45121
1.46959
1.49143
1.51484
1.50971
1.47876
1.40935
1.27586
1.16743
1.06588
1.09022
1.10995
1.13068
1.14214
1.1547
1.16817
1.1823
1.19627
1.21049
1.22532
1.24102
1.25774
1.27593
1.29576
1.31756
1.3414
1.36711
1.39476
1.4246
1.45568
1.48525
1.5161
1.54753
1.57498
1.60309
1.63237
1.66155
1.69036
1.71855
1.74666
1.77305
1.79961
1.82419
1.8495
1.87473
1.9002
1.92512
1.95098
1.976
1.99741
2.01614
2.0311
2.04309
2.0412
2.03855
2.0076
1.95843
1.88797
1.77368
1.6885
1.59218
1.60148
1.61618
1.62841
1.64421
1.645
1.64475
1.64477
1.64476
1.6449
1.64986
1.65415
1.65842
1.66315
1.66848
1.67531
1.68221
1.6885
1.69621
1.70386
1.71035
1.71717
1.7222
1.72712
1.73229
1.73807
1.74399
1.75087
1.75695
1.76255
1.76742
1.43933
1.37989
1.36718
1.37934
1.39373
1.4121
1.42867
1.44589
1.45543
1.46777
1.48498
1.503
1.50003
1.47106
1.40484
1.27725
1.162
1.05758
1.0825
1.10403
1.12619
1.13787
1.1509
1.16545
1.18143
1.19792
1.21392
1.22899
1.24426
1.25989
1.2763
1.29384
1.31292
1.33363
1.35638
1.38082
1.40719
1.43491
1.46365
1.49333
1.52363
1.55239
1.58136
1.6108
1.63997
1.66907
1.69745
1.7251
1.7516
1.77737
1.80297
1.82788
1.85212
1.8763
1.90084
1.92561
1.95078
1.97484
1.99444
2.01432
2.03454
2.0518
2.07187
2.06877
2.07052
2.05358
2.02112
1.9645
1.8835
1.76757
1.66592
1.63037
1.63171
1.64992
1.66081
1.6732
1.67243
1.67147
1.67198
1.67211
1.67671
1.68291
1.68878
1.69495
1.70176
1.70946
1.71586
1.72391
1.73187
1.74008
1.74585
1.75099
1.75652
1.76143
1.76664
1.77224
1.77888
1.78514
1.79173
1.79798
1.66465
1.43005
1.39917
1.39612
1.40828
1.42321
1.44377
1.46433
1.47935
1.49016
1.50062
1.49805
1.46862
1.40246
1.27808
1.15753
1.04867
1.07257
1.09909
1.12509
1.13796
1.15152
1.16615
1.18232
1.20021
1.21788
1.23524
1.25094
1.26664
1.2827
1.29933
1.31683
1.33557
1.35567
1.37726
1.40026
1.42474
1.45041
1.47732
1.50516
1.53335
1.56179
1.59021
1.61834
1.64648
1.67479
1.70264
1.72962
1.75499
1.77993
1.80434
1.82829
1.85217
1.87574
1.89957
1.92376
1.94753
1.97037
1.9931
2.01181
2.0293
2.04705
2.06635
2.08179
2.09905
2.09584
2.08884
2.07077
2.02741
1.9611
1.85082
1.75674
1.6523
1.65886
1.67032
1.68317
1.69939
1.70349
1.70262
1.70255
1.70287
1.70658
1.71348
1.7207
1.72849
1.73496
1.74081
1.74753
1.7562
1.76465
1.77231
1.77684
1.78199
1.78658
1.79087
1.79644
1.80337
1.81146
1.81899
1.82694
2.00871
1.56129
1.45839
1.43024
1.43346
1.44429
1.45926
1.48026
1.49652
1.51442
1.50588
1.47293
1.40543
1.28022
1.15615
1.04279
1.06572
1.09711
1.12509
1.14241
1.15485
1.16851
1.18413
1.2018
1.2203
1.23866
1.25658
1.2735
1.29028
1.30731
1.32472
1.34258
1.36112
1.3805
1.40089
1.42247
1.44519
1.4692
1.49416
1.52002
1.54645
1.57322
1.60001
1.62697
1.65398
1.68107
1.70769
1.7336
1.75865
1.78313
1.80726
1.8311
1.85425
1.87741
1.89985
1.92248
1.94549
1.96862
1.98885
2.0077
2.02754
2.04294
2.05973
2.08215
2.10172
2.11472
2.121
2.12503
2.10777
2.07667
2.02654
1.95442
1.84085
1.75649
1.682
1.69086
1.70746
1.71838
1.73163
1.73152
1.73217
1.7329
1.73775
1.74515
1.75298
1.76116
1.76729
1.77417
1.78165
1.78879
1.79585
1.80215
1.80651
1.81031
1.81492
1.82106
1.82831
1.83778
1.84549
1.85525
2.24247
1.8944
1.49583
1.46353
1.44831
1.46114
1.47534
1.49463
1.50872
1.50322
1.47248
1.40459
1.27934
1.15147
1.03653
1.05981
1.09605
1.1253
1.14829
1.16026
1.17385
1.18934
1.20653
1.22507
1.2437
1.26227
1.28069
1.29869
1.31591
1.33316
1.35057
1.36827
1.38633
1.40488
1.42408
1.44412
1.46516
1.48719
1.51015
1.53394
1.55834
1.58328
1.60864
1.63432
1.66009
1.68578
1.71105
1.73591
1.76031
1.78426
1.80813
1.83167
1.85466
1.87685
1.89848
1.92041
1.94254
1.96378
1.98361
2.00078
2.01808
2.03704
2.05626
2.07535
2.09257
2.11261
2.12841
2.14586
2.14339
2.13919
2.12755
2.08857
2.03244
1.94753
1.83826
1.74314
1.7268
1.72573
1.73989
1.74972
1.76174
1.76282
1.76432
1.76933
1.77592
1.7842
1.79255
1.80078
1.80903
1.81381
1.81907
1.82447
1.82934
1.83412
1.8387
1.84465
1.85219
1.86277
1.87121
1.88147
2.71664
2.17024
1.72407
1.50811
1.47938
1.47412
1.49274
1.50934
1.50529
1.47159
1.39969
1.27012
1.13834
1.02292
1.0484
1.09147
1.12476
1.15223
1.16342
1.17665
1.19191
1.2089
1.22691
1.24529
1.26429
1.28338
1.30246
1.32122
1.33916
1.35667
1.3742
1.39179
1.40951
1.42749
1.44584
1.46476
1.48433
1.50467
1.52579
1.54762
1.57018
1.59331
1.61705
1.64129
1.66568
1.69007
1.71408
1.73784
1.76123
1.78449
1.80798
1.8311
1.85371
1.87562
1.8972
1.91904
1.94042
1.96129
1.9822
1.99944
2.01686
2.03558
2.05424
2.07137
2.08916
2.10815
2.12924
2.14808
2.16149
2.17277
2.17075
2.16142
2.14358
2.10208
2.03863
1.92617
1.84841
1.75302
1.7567
1.7634
1.77654
1.79293
1.79988
1.80238
1.80447
1.81042
1.81797
1.82557
1.83328
1.83988
1.84439
1.84803
1.85212
1.85685
1.86254
1.86902
1.87775
1.88898
1.89824
1.90649
2.78382
2.4074
2.07123
1.63849
1.53258
1.49891
1.5176
1.51513
1.47556
1.39649
1.25827
1.128
1.01018
1.03631
1.0825
1.11878
1.15253
1.16397
1.17735
1.19265
1.20975
1.22778
1.24619
1.26485
1.2839
1.30292
1.32201
1.34117
1.3594
1.37697
1.39431
1.41151
1.42883
1.44631
1.46408
1.48223
1.50081
1.51989
1.5395
1.55972
1.58059
1.60211
1.62428
1.64693
1.66988
1.69297
1.71602
1.73908
1.76203
1.78524
1.80822
1.83104
1.85359
1.87499
1.89607
1.91757
1.9385
1.95894
1.97904
1.99599
2.01301
2.02949
2.04657
2.06599
2.08526
2.10514
2.12216
2.13992
2.15768
2.17555
2.19532
2.19914
2.19798
2.19134
2.17385
2.12293
2.03313
1.92121
1.81974
1.79634
1.79829
1.81065
1.82061
1.83413
1.83672
1.83984
1.84531
1.85121
1.85852
1.86498
1.87117
1.87403
1.8772
1.8804
1.88659
1.89444
1.90571
1.91416
1.92499
1.92185
2.91997
2.80443
2.28852
1.96396
1.57524
1.53679
1.51806
1.47023
1.37848
1.22065
1.09194
1.00116
1.02792
1.07225
1.10989
1.14458
1.15798
1.17199
1.18746
1.20415
1.22159
1.23957
1.25823
1.27732
1.29683
1.31646
1.33587
1.35546
1.37415
1.39196
1.40939
1.42685
1.44433
1.46191
1.47968
1.49763
1.5158
1.53416
1.55284
1.57197
1.59171
1.6121
1.63322
1.6547
1.67648
1.69846
1.72027
1.74231
1.76461
1.78688
1.80954
1.83168
1.85364
1.87459
1.89526
1.9164
1.93693
1.95715
1.97725
1.99454
2.01228
2.03046
2.04936
2.07001
2.09032
2.11084
2.12905
2.14723
2.16502
2.18199
2.19782
2.21245
2.22194
2.23144
2.23247
2.21694
2.17185
2.10971
1.99846
1.91788
1.82184
1.82446
1.82512
1.84308
1.85606
1.87178
1.87597
1.88112
1.88628
1.89317
1.89834
1.90206
1.90518
1.90833
1.91166
1.92179
1.93255
1.94344
1.94062
1.93218
3.01155
2.85359
2.76101
2.24413
1.81558
1.61656
1.49887
1.36328
1.17436
0.997692
0.977277
1.00859
1.0547
1.095
1.12865
1.14375
1.16039
1.17825
1.19626
1.21425
1.23245
1.25117
1.27014
1.28934
1.3087
1.32797
1.34725
1.36645
1.38564
1.40419
1.42208
1.43983
1.45762
1.47538
1.4933
1.51147
1.5296
1.54763
1.56591
1.58459
1.60377
1.62361
1.64388
1.66458
1.68555
1.70653
1.72784
1.7495
1.77138
1.79386
1.81607
1.83865
1.86059
1.88218
1.90318
1.92396
1.94533
1.96639
1.98509
2.00359
2.02171
2.03968
2.05767
2.07496
2.09253
2.10984
2.12474
2.1394
2.15379
2.16736
2.18115
2.19214
2.20725
2.22202
2.2415
2.23964
2.23633
2.20055
2.15168
2.05975
1.96608
1.8703
1.83325
1.84156
1.85365
1.86963
1.88954
1.89614
1.90325
1.91138
1.91829
1.92391
1.9288
1.93374
1.93709
1.94987
1.96006
1.95998
1.94896
1.93
3.00845
2.96296
2.83752
2.57299
2.13429
1.80994
1.44771
1.20197
0.932596
0.949253
0.986938
1.03478
1.07839
1.10316
1.12094
1.13942
1.15869
1.17752
1.19567
1.21378
1.23258
1.25221
1.27256
1.2933
1.31382
1.33442
1.35456
1.37471
1.39469
1.41462
1.4341
1.45321
1.47242
1.49167
1.51121
1.53043
1.54992
1.56899
1.58826
1.60793
1.62807
1.64873
1.66961
1.69054
1.71128
1.73217
1.75325
1.77444
1.79587
1.81718
1.83831
1.85951
1.88012
1.89984
1.91912
1.93849
1.95691
1.9744
1.99094
2.00574
2.02004
2.03371
2.04743
2.06158
2.07505
2.0887
2.10204
2.11379
2.12659
2.1395
2.15365
2.16703
2.18138
2.19775
2.2182
2.23464
2.25442
2.24645
2.2373
2.19364
2.12087
2.00891
1.92787
1.84034
1.84869
1.85428
1.87857
1.89603
1.91583
1.92298
1.93006
1.93716
1.94372
1.9511
1.95827
1.97117
1.97728
1.96473
1.93988
1.89137
3.01149
3.0039
2.9348
2.80035
2.47594
1.93468
1.47333
0.987273
0.998534
1.04779
1.08575
1.11423
1.12775
1.13729
1.14928
1.16404
1.18015
1.19677
1.21382
1.23152
1.25011
1.26967
1.28971
1.31064
1.33234
1.35398
1.37601
1.39849
1.42118
1.44346
1.46546
1.48744
1.50892
1.5303
1.5521
1.57266
1.5931
1.61156
1.62984
1.64812
1.66671
1.68546
1.70446
1.72276
1.74074
1.75855
1.77647
1.79436
1.812
1.82934
1.84634
1.86304
1.87892
1.89454
1.90961
1.92455
1.93927
1.95351
1.96715
1.98044
1.99306
2.00587
2.01884
2.03237
2.04635
2.06087
2.07515
2.08838
2.10216
2.11669
2.13228
2.14752
2.16353
2.18091
2.19905
2.22246
2.24489
2.26338
2.25468
2.24816
2.21011
2.15071
2.04855
1.97275
1.88507
1.86146
1.86512
1.88413
1.90086
1.91525
1.92895
1.94103
1.95367
1.96231
1.97542
1.98849
1.98547
1.95105
1.89903
1.79432
3.01224
3.00553
2.98385
2.78929
2.42586
1.55224
0.954447
0.838418
0.925041
1.02579
1.1097
1.14188
1.15484
1.16965
1.18511
1.20231
1.21975
1.23784
1.25644
1.27532
1.29452
1.31484
1.33547
1.35627
1.3778
1.39939
1.4201
1.44073
1.46128
1.48122
1.50046
1.51881
1.53638
1.55327
1.57023
1.5866
1.60272
1.6173
1.63187
1.64685
1.66241
1.67843
1.6949
1.71073
1.72654
1.74261
1.75882
1.77471
1.79037
1.80595
1.82103
1.83626
1.851
1.86569
1.88054
1.89533
1.90975
1.92396
1.93796
1.95191
1.96605
1.97965
1.99369
2.00831
2.02353
2.03914
2.05512
2.06932
2.08382
2.09877
2.11329
2.12742
2.1422
2.15755
2.17427
2.19083
2.21181
2.22648
2.24318
2.23787
2.22073
2.19455
2.14824
2.0901
1.99656
1.92556
1.85534
1.8638
1.87365
1.89184
1.90856
1.92576
1.93957
1.95387
1.97031
1.96588
1.95447
1.90583
1.78513
1.6292
3.01208
3.0092
2.96803
2.80284
2.23479
1.28239
0.387836
0.531828
0.700608
0.830658
0.917169
0.978414
1.02657
1.06524
1.1017
1.13147
1.15885
1.18453
1.20964
1.23365
1.25616
1.27839
1.30088
1.32281
1.34462
1.36679
1.38857
1.4101
1.43108
1.45152
1.47108
1.48965
1.50748
1.52461
1.54172
1.55845
1.57488
1.58993
1.60472
1.61986
1.63537
1.65094
1.66692
1.68245
1.69826
1.71391
1.72985
1.74514
1.76026
1.77552
1.78996
1.80465
1.81904
1.83318
1.84747
1.86142
1.8754
1.88897
1.90241
1.91588
1.93006
1.94318
1.95589
1.96898
1.98244
1.99623
2.00907
2.02128
2.03397
2.0439
2.05345
2.06366
2.07458
2.08687
2.10088
2.11442
2.12956
2.14215
2.15666
2.16807
2.16517
2.15096
2.13129
2.09546
2.05129
1.95762
1.89459
1.82761
1.83361
1.84808
1.86881
1.89254
1.91322
1.9352
1.93674
1.92481
1.87584
1.78319
1.62836
1.4542
3.01212
3.0092
2.97404
2.82156
2.27046
1.27314
0.276161
0.391564
0.466653
0.540677
0.622655
0.707079
0.787574
0.861746
0.9235
0.974401
1.0199
1.06126
1.09868
1.1317
1.16212
1.1902
1.217
1.24245
1.26684
1.29101
1.31435
1.33663
1.35795
1.37883
1.39891
1.41769
1.43518
1.45132
1.46665
1.48148
1.49565
1.5091
1.52218
1.53561
1.54936
1.56353
1.57803
1.59319
1.60904
1.62545
1.64242
1.65904
1.67581
1.69219
1.70787
1.72305
1.738
1.75204
1.76589
1.77933
1.79264
1.80515
1.8167
1.82817
1.8401
1.85049
1.86088
1.87154
1.88247
1.89353
1.9049
1.91562
1.92666
1.93751
1.94876
1.9606
1.9734
1.98822
2.00365
2.0188
2.03531
2.04784
2.05996
2.07484
2.08817
2.09943
2.09398
2.07536
2.05363
2.00904
1.91977
1.85976
1.7929
1.78561
1.80785
1.83236
1.85691
1.87808
1.8844
1.83809
1.74078
1.57091
1.40059
1.32054
3.0121
3.0091
2.97227
2.8161
2.24859
1.23967
0.255707
0.421546
0.454688
0.48027
0.511771
0.549723
0.591088
0.635222
0.682663
0.732271
0.781996
0.830564
0.876637
0.919057
0.958949
0.994955
1.02831
1.05921
1.08753
1.11438
1.14005
1.16499
1.18936
1.21308
1.23582
1.25717
1.27705
1.29502
1.3118
1.32777
1.34295
1.35759
1.37198
1.38661
1.40136
1.41674
1.43237
1.44839
1.46489
1.48193
1.49942
1.51713
1.5351
1.55261
1.56924
1.58563
1.60167
1.61689
1.63131
1.64573
1.66052
1.67445
1.68815
1.70237
1.71705
1.73166
1.74656
1.76182
1.77745
1.79341
1.80939
1.82515
1.84081
1.85593
1.871
1.88652
1.90292
1.9212
1.93931
1.95746
1.97563
1.99007
2.00517
2.02046
2.03788
2.0554
2.07336
2.07027
2.05609
2.03996
1.98697
1.90699
1.83923
1.7691
1.7507
1.76233
1.77881
1.78487
1.7651
1.67297
1.50139
1.31763
1.23749
1.21344
3.01212
3.00933
2.97423
2.82358
2.27241
1.25878
0.280275
0.43606
0.461277
0.474854
0.497419
0.527578
0.559437
0.590612
0.621422
0.65284
0.685219
0.718476
0.752173
0.785818
0.819029
0.851677
0.883346
0.913752
0.943024
0.970699
0.997203
1.02266
1.04757
1.07197
1.09562
1.11885
1.14123
1.16306
1.18435
1.20503
1.22516
1.2446
1.26336
1.28204
1.30046
1.31876
1.33672
1.35434
1.37154
1.38837
1.40529
1.42221
1.43917
1.45614
1.47306
1.49
1.50715
1.52406
1.54079
1.55755
1.57463
1.59145
1.60825
1.62558
1.64317
1.66104
1.67897
1.6971
1.71541
1.73397
1.75247
1.77081
1.78898
1.80656
1.82394
1.84187
1.86068
1.88107
1.90116
1.92196
1.93887
1.95616
1.97196
1.98838
2.00555
2.02549
2.04385
2.06371
2.0648
2.05478
2.03574
1.98753
1.90996
1.83833
1.76002
1.7451
1.72263
1.68519
1.59931
1.42453
1.25177
1.13843
1.12656
1.10969
3.01211
3.00926
2.97354
2.82074
2.26363
1.24623
0.261399
0.437368
0.462174
0.472373
0.491484
0.517116
0.543457
0.56983
0.597003
0.625339
0.654605
0.684438
0.71454
0.744706
0.774898
0.805139
0.835272
0.864848
0.893749
0.92178
0.948678
0.974528
0.999591
1.02397
1.04811
1.07223
1.09638
1.12044
1.14411
1.1673
1.18958
1.21106
1.23153
1.25159
1.27073
1.2896
1.30791
1.32549
1.3421
1.35765
1.37318
1.38849
1.40369
1.41925
1.43503
1.45109
1.46756
1.48441
1.50157
1.5188
1.53629
1.55404
1.572
1.59044
1.60925
1.62829
1.64751
1.66689
1.68636
1.70606
1.72565
1.74505
1.76456
1.783
1.80157
1.82053
1.84044
1.86193
1.88251
1.90335
1.92153
1.93824
1.9552
1.97266
1.99066
2.00902
2.03052
2.04941
2.06604
2.0737
2.06668
2.04285
2.00717
1.93608
1.8534
1.78114
1.70494
1.5994
1.42737
1.27698
1.11053
1.08979
1.07659
1.06344
3.01212
3.00936
2.97446
2.82427
2.27499
1.25759
0.277919
0.44337
0.469136
0.475585
0.493409
0.519299
0.546319
0.57291
0.599344
0.626108
0.653522
0.681773
0.710828
0.7405
0.770568
0.800782
0.830699
0.860091
0.888746
0.91633
0.942943
0.968523
0.993277
1.01752
1.04161
1.06559
1.08967
1.11386
1.13752
1.16075
1.18285
1.20417
1.22461
1.24448
1.26344
1.28214
1.30044
1.3184
1.33509
1.35072
1.36607
1.38122
1.39623
1.41149
1.42695
1.44268
1.45886
1.47544
1.49235
1.50944
1.52684
1.54455
1.56264
1.58118
1.60018
1.61945
1.63898
1.65866
1.67852
1.69857
1.71858
1.73853
1.75799
1.77723
1.79603
1.81535
1.83569
1.85743
1.87827
1.89924
1.91778
1.93455
1.95173
1.96987
1.98845
2.00734
2.02672
2.04394
2.06474
2.08501
2.08738
2.08177
2.05876
2.02485
1.94579
1.83594
1.70262
1.53828
1.34361
1.15797
1.10307
1.08654
1.07264
1.05347
3.01212
3.00934
2.97426
2.82346
2.27254
1.25405
0.271707
0.443088
0.469732
0.475275
0.492559
0.517803
0.543933
0.569707
0.595614
0.622167
0.649638
0.67807
0.707329
0.737138
0.767326
0.79771
0.827787
0.857358
0.88605
0.913582
0.940004
0.965461
0.990284
1.01473
1.0389
1.06294
1.08704
1.11129
1.13522
1.15886
1.18146
1.20345
1.22451
1.24503
1.26436
1.28328
1.30153
1.31959
1.33649
1.35234
1.36783
1.383
1.39797
1.41315
1.42844
1.44392
1.45984
1.47621
1.49295
1.50991
1.52721
1.54489
1.56296
1.58148
1.60049
1.61982
1.63941
1.65914
1.67904
1.69912
1.71914
1.73909
1.75847
1.77778
1.79662
1.81598
1.83637
1.85824
1.879
1.90039
1.91808
1.93488
1.95216
1.97071
1.98935
2.0085
2.02558
2.04381
2.06455
2.08287
2.107
2.1032
2.0874
2.05069
1.98666
1.85201
1.67029
1.44091
1.25301
1.10689
1.09067
1.07646
1.06088
1.03632
)
;

boundaryField
{
    inlet
    {
        type            calculated;
        value           uniform 3.01265;
    }
    outlet
    {
        type            calculated;
        value           nonuniform List<scalar> 
40
(
0.764921
0.98811
1.14562
1.2593
1.34046
1.39419
1.429
1.45226
1.46816
1.48079
1.49301
1.50699
1.52383
1.54243
1.56401
1.58855
1.61487
1.64227
1.6715
1.70202
1.73438
1.76742
1.79798
1.82694
1.85525
1.88147
1.90649
1.92185
1.93218
1.93
1.89137
1.79432
1.6292
1.4542
1.32054
1.21344
1.10969
1.06344
1.05347
1.03632
)
;
    }
    bottom
    {
        type            symmetryPlane;
    }
    top
    {
        type            symmetryPlane;
    }
    obstacle
    {
        type            calculated;
        value           nonuniform List<scalar> 
110
(
0.026005
0.0681046
0.112939
0.157697
0.205655
0.25666
0.314274
0.387838
0.47704
0.648794
0.810204
0.205087
0.3989
0.265791
0.313688
0.28734
0.523749
0.654114
0.724135
0.745465
0.746351
0.764545
0.811029
0.863816
0.903074
0.922286
0.928705
0.929841
0.929953
0.935288
0.940362
0.950214
0.957311
0.961196
0.962395
0.961736
0.956401
0.950553
0.932639
0.914123
0.883092
0.847492
0.801752
0.756101
0.711565
0.664799
0.614894
0.56489
0.516244
0.457908
0.39997
0.347311
0.293596
0.241875
0.203917
0.163016
0.110036
0.0601279
0.0127987
0.0417743
0.0835331
0.126318
0.165777
0.20365
0.239563
0.273787
0.306023
0.336404
0.365349
0.392694
0.418267
0.442561
0.465814
0.488016
0.508686
0.528301
0.546949
0.564673
0.581941
0.598084
0.613862
0.628572
0.642963
0.6562
0.669159
0.680981
0.69255
0.702974
0.713277
0.722319
0.730949
0.73866
0.745529
0.75151
0.757348
0.762045
0.766655
0.770649
0.773662
0.776545
0.778641
0.779902
0.780458
0.780522
0.779914
0.778547
0.776538
0.773779
0.771365
0.764916
)
;
    }
    defaultFaces
    {
        type            empty;
    }
}


// ************************************************************************* //
