/*--------------------------------*- C++ -*----------------------------------*\
| =========                 |                                                 |
| \\      /  F ield         | OpenFOAM: The Open Source CFD Toolbox           |
|  \\    /   O peration     | Version:  v2106                                 |
|   \\  /    A nd           | Website:  www.openfoam.com                      |
|    \\/     M anipulation  |                                                 |
\*---------------------------------------------------------------------------*/
FoamFile
{
    version     2.0;
    format      ascii;
    arch        "LSB;label=32;scalar=64";
    class       volScalarField;
    location    "5";
    object      psi;
}
// * * * * * * * * * * * * * * * * * * * * * * * * * * * * * * * * * * * * * //

dimensions      [0 -2 2 0 0 0 0];

internalField   nonuniform List<scalar> 
5250
(
1.40845
1.40845
1.40845
1.40845
1.40845
1.40845
1.40845
1.40845
1.40843
1.40821
1.40632
1.38886
1.26794
0.936199
0.506829
0.53008
0.558354
0.559584
0.550263
0.551887
0.551063
0.54944
0.549515
0.550143
0.55147
1.40845
1.40845
1.40845
1.40845
1.40845
1.40845
1.40845
1.40845
1.40843
1.40822
1.40637
1.38938
1.27093
0.941421
0.50943
0.529914
0.559133
0.560934
0.551467
0.553014
0.552123
0.550321
0.550395
0.551011
0.552318
1.40845
1.40845
1.40845
1.40845
1.40845
1.40845
1.40845
1.40845
1.40843
1.40823
1.40646
1.39015
1.2757
0.95391
0.515185
0.52853
0.560401
0.563707
0.553955
0.555348
0.554351
0.552435
0.552527
0.553193
0.554593
1.40845
1.40845
1.40845
1.40845
1.40845
1.40845
1.40845
1.40845
1.40843
1.40823
1.40653
1.39134
1.28752
0.97194
0.522784
0.525119
0.561863
0.567368
0.557062
0.558648
0.557505
0.555238
0.555262
0.55593
0.557313
1.40845
1.40845
1.40845
1.40845
1.40845
1.40845
1.40845
1.40845
1.40843
1.40827
1.40686
1.39451
1.30436
0.998151
0.555607
0.521346
0.571532
0.57547
0.563015
0.563273
0.561606
0.558859
0.558677
0.559291
0.560737
1.40845
1.40845
1.40845
1.40845
1.40845
1.40845
1.40845
1.40845
1.40843
1.4083
1.40711
1.39678
1.31933
1.03433
0.618642
0.516716
0.589718
0.589044
0.573715
0.570566
0.566809
0.562835
0.562755
0.56346
0.565446
1.40845
1.40845
1.40845
1.40845
1.40845
1.40845
1.40845
1.40845
1.40844
1.40834
1.40743
1.39972
1.33873
1.08191
0.70661
0.504814
0.617022
0.615113
0.594415
0.58404
0.574681
0.568575
0.567747
0.569075
0.5713
1.40845
1.40845
1.40845
1.40845
1.40845
1.40845
1.40845
1.40845
1.40844
1.40837
1.40771
1.40211
1.35391
1.12555
0.747684
0.479611
0.611285
0.624464
0.614891
0.602924
0.588106
0.57692
0.574261
0.57506
0.581863
1.40845
1.40845
1.40845
1.40845
1.40845
1.40845
1.40845
1.40845
1.40844
1.4084
1.40794
1.40388
1.36669
1.16926
0.796229
0.455192
0.585884
0.617386
0.613428
0.61354
0.606967
0.590215
0.585566
0.583961
0.59765
1.40845
1.40845
1.40845
1.40845
1.40845
1.40845
1.40845
1.40845
1.40845
1.40841
1.40805
1.40488
1.3764
1.2086
0.846141
0.458438
0.56213
0.599136
0.605669
0.617925
0.615594
0.606619
0.599413
0.596709
0.636775
1.40845
1.40845
1.40845
1.40845
1.40845
1.40845
1.40845
1.40845
1.40845
1.40842
1.40814
1.40575
1.38386
1.24436
0.906648
0.480562
0.561883
0.57714
0.59026
0.609803
0.624599
0.621795
0.621675
0.631819
0.712159
1.40845
1.40845
1.40845
1.40845
1.40845
1.40845
1.40845
1.40845
1.40845
1.40843
1.40823
1.40654
1.39154
1.28954
0.972697
0.514766
0.546518
0.585335
0.593608
0.603924
0.620947
0.638461
0.638968
0.646366
0.760109
1.40845
1.40845
1.40845
1.40845
1.40845
1.40845
1.40845
1.40845
1.40845
1.40844
1.40834
1.40741
1.39914
1.33429
1.04743
0.588596
0.530681
0.597694
0.607136
0.605958
0.613407
0.631841
0.657276
0.663763
0.762247
1.40845
1.40845
1.40845
1.40845
1.40845
1.40845
1.40845
1.40845
1.40845
1.40844
1.40837
1.40771
1.4024
1.35728
1.13569
0.749349
0.49541
0.616566
0.616502
0.61281
0.617069
0.631213
0.65657
0.678061
0.762016
1.40845
1.40845
1.40845
1.40845
1.40845
1.40845
1.40845
1.40845
1.40845
1.40845
1.40841
1.40808
1.40515
1.37501
1.20046
0.837391
0.481393
0.613902
0.625213
0.621879
0.623528
0.634451
0.655602
0.681633
0.751186
1.40845
1.40845
1.40845
1.40845
1.40845
1.40845
1.40845
1.40845
1.40845
1.40845
1.40843
1.40823
1.40619
1.38766
1.26315
0.926381
0.493479
0.595092
0.630011
0.636231
0.635111
0.640546
0.655217
0.67928
0.732428
1.40845
1.40845
1.40845
1.40845
1.40845
1.40845
1.40845
1.40845
1.40845
1.40845
1.40843
1.40829
1.40705
1.39623
1.3168
1.02551
0.535635
0.557968
0.633502
0.656235
0.65223
0.649666
0.657918
0.677117
0.71457
1.40845
1.40845
1.40845
1.40845
1.40845
1.40845
1.40845
1.40845
1.40845
1.40845
1.40844
1.40839
1.40784
1.40303
1.36167
1.14672
0.736646
0.501314
0.627293
0.654876
0.656183
0.658176
0.664974
0.679689
0.707728
1.40845
1.40845
1.40845
1.40845
1.40845
1.40845
1.40845
1.40845
1.40845
1.40845
1.40845
1.40841
1.40808
1.40525
1.38039
1.22707
0.875492
0.503206
0.616374
0.646087
0.665428
0.668275
0.674199
0.685526
0.707936
1.40845
1.40845
1.40845
1.40845
1.40845
1.40845
1.40845
1.40845
1.40845
1.40845
1.40845
1.40843
1.40826
1.40678
1.39425
1.30457
0.997511
0.530491
0.577042
0.652903
0.684104
0.684678
0.686514
0.693279
0.709694
1.40845
1.40845
1.40845
1.40845
1.40845
1.40845
1.40845
1.40845
1.40845
1.40845
1.40845
1.40844
1.40838
1.40779
1.40275
1.35978
1.13884
0.719071
0.518166
0.643322
0.67144
0.687192
0.693568
0.701465
0.71437
1.40845
1.40845
1.40845
1.40845
1.40845
1.40845
1.40845
1.40845
1.40845
1.40845
1.40845
1.40845
1.40841
1.40807
1.40526
1.38227
1.24084
0.889375
0.521683
0.619427
0.661988
0.691085
0.702133
0.710616
0.721496
1.40845
1.40845
1.40845
1.40845
1.40845
1.40845
1.40845
1.40845
1.40845
1.40845
1.40845
1.40845
1.40844
1.40832
1.40729
1.39855
1.32829
1.03661
0.557219
0.574412
0.664117
0.692217
0.706083
0.716534
0.727866
1.40845
1.40845
1.40845
1.40845
1.40845
1.40845
1.40845
1.40845
1.40845
1.40845
1.40845
1.40845
1.40844
1.40838
1.40788
1.40384
1.37181
1.1955
0.784823
0.521782
0.645774
0.678087
0.709966
0.721997
0.734476
1.40845
1.40845
1.40845
1.40845
1.40845
1.40845
1.40845
1.40845
1.40845
1.40845
1.40845
1.40845
1.40845
1.40843
1.40828
1.40687
1.395
1.3052
0.974041
0.549018
0.596165
0.681133
0.707645
0.721651
0.735066
1.40845
1.40845
1.40845
1.40845
1.40845
1.40845
1.40845
1.40845
1.40845
1.40845
1.40845
1.40845
1.40845
1.40844
1.40836
1.40774
1.40299
1.36577
1.16895
0.745105
0.530455
0.660815
0.689717
0.722528
0.734583
1.40845
1.40845
1.40845
1.40845
1.40845
1.40845
1.40845
1.40845
1.40845
1.40845
1.40845
1.40845
1.40845
1.40845
1.40842
1.40825
1.40667
1.39281
1.29216
0.946402
0.55353
0.608075
0.692926
0.720011
0.733925
1.40845
1.40845
1.40845
1.40845
1.40845
1.40845
1.40845
1.40845
1.40845
1.40845
1.40845
1.40845
1.40845
1.40845
1.40844
1.40836
1.4077
1.40282
1.36445
1.16166
0.739297
0.542831
0.668531
0.702951
0.733742
1.40845
1.40845
1.40845
1.40845
1.40845
1.40845
1.40845
1.40845
1.40845
1.40845
1.40845
1.40845
1.40845
1.40845
1.40845
1.40838
1.4084
1.40715
1.39446
1.29946
0.958493
0.556756
0.606532
0.695824
0.725522
1.40845
1.40845
1.40845
1.40845
1.40845
1.40845
1.40845
1.40845
1.40845
1.40845
1.40845
1.40845
1.40845
1.40845
1.40845
1.40844
1.40835
1.40767
1.4025
1.36295
1.14285
0.678669
0.548185
0.663769
0.704988
1.40845
1.40845
1.40845
1.40845
1.40845
1.40845
1.40845
1.40845
1.40845
1.40845
1.40845
1.40845
1.40845
1.40845
1.40845
1.40845
1.40842
1.40827
1.40693
1.39544
1.31366
1.04287
0.591808
0.62413
0.723766
1.40845
1.40845
1.40845
1.40845
1.40845
1.40845
1.40845
1.40845
1.40845
1.40845
1.40845
1.40845
1.40845
1.40845
1.40845
1.40845
1.40844
1.40837
1.40764
1.39905
1.40197
1.30025
0.786575
0.547015
0.659733
1.40845
1.40845
1.40845
1.40845
1.40845
1.40845
1.40845
1.40845
1.40845
1.40845
1.40845
1.40845
1.40845
1.40845
1.40845
1.40845
1.40845
1.40843
1.40829
1.40715
1.39898
1.34003
1.07081
0.594644
0.597421
1.40845
1.40845
1.40845
1.40845
1.40845
1.40845
1.40845
1.40845
1.40845
1.40845
1.40845
1.40845
1.40845
1.40845
1.40845
1.40845
1.40845
1.40844
1.4084
1.40808
1.40587
1.39298
1.29119
0.870061
0.559679
1.40845
1.40845
1.40845
1.40845
1.40845
1.40845
1.40845
1.40845
1.40845
1.40845
1.40845
1.40845
1.40845
1.40845
1.40845
1.40845
1.40845
1.40845
1.40843
1.40831
1.40738
1.40088
1.35226
1.10899
0.639802
1.40845
1.40845
1.40845
1.40845
1.40845
1.40845
1.40845
1.40845
1.40845
1.40845
1.40845
1.40845
1.40845
1.40845
1.40845
1.40845
1.40845
1.40845
1.40845
1.40842
1.40826
1.40714
1.39654
1.31535
1.02895
1.40845
1.40845
1.40845
1.40845
1.40845
1.40845
1.40845
1.40845
1.40845
1.40845
1.40845
1.40845
1.40845
1.40845
1.40845
1.40845
1.40845
1.40845
1.40845
1.40844
1.40836
1.4078
1.40179
1.40541
1.31789
1.40845
1.40845
1.40845
1.40845
1.40845
1.40845
1.40845
1.40845
1.40845
1.40845
1.40845
1.40845
1.40845
1.40845
1.40845
1.40845
1.40845
1.40845
1.40845
1.40845
1.40844
1.40832
1.40737
1.40072
1.35219
1.40845
1.40845
1.40845
1.40845
1.40845
1.40845
1.40845
1.40845
1.40845
1.40845
1.40845
1.40845
1.40845
1.40845
1.40845
1.40845
1.40845
1.40845
1.40845
1.40845
1.40845
1.40842
1.40815
1.40664
1.3978
1.40845
1.40845
1.40845
1.40845
1.40845
1.40845
1.40845
1.40845
1.40845
1.40845
1.40845
1.40845
1.40845
1.40845
1.40845
1.40845
1.40845
1.40845
1.40845
1.40845
1.40845
1.40844
1.40836
1.4077
1.40267
1.40845
1.40845
1.40845
1.40845
1.40845
1.40845
1.40845
1.40845
1.40845
1.40845
1.40845
1.40845
1.40845
1.40845
1.40845
1.40845
1.40845
1.40845
1.40845
1.40845
1.40845
1.40845
1.40844
1.40833
1.40758
1.40845
1.40845
1.40845
1.40845
1.40845
1.40845
1.40845
1.40845
1.40845
1.40845
1.40845
1.40845
1.40845
1.40845
1.40845
1.40845
1.40845
1.40845
1.40845
1.40845
1.40845
1.40845
1.40844
1.40839
1.40814
1.40845
1.40845
1.40845
1.40845
1.40845
1.40845
1.40845
1.40845
1.40845
1.40845
1.40845
1.40845
1.40845
1.40845
1.40845
1.40845
1.40845
1.40845
1.40845
1.40845
1.40845
1.40845
1.40845
1.40841
1.40815
1.40845
1.40845
1.40845
1.40845
1.40845
1.40845
1.40845
1.40845
1.40845
1.40845
1.40845
1.40845
1.40845
1.40845
1.40845
1.40845
1.40845
1.40845
1.40845
1.40845
1.40845
1.40845
1.40845
1.40844
1.40839
1.40845
1.40845
1.40845
1.40845
1.40845
1.40845
1.40845
1.40845
1.40845
1.40845
1.40845
1.40845
1.40845
1.40845
1.40845
1.40845
1.40845
1.40845
1.40845
1.40845
1.40845
1.40845
1.40845
1.40844
1.4084
1.40845
1.40845
1.40845
1.40845
1.40845
1.40845
1.40845
1.40845
1.40845
1.40845
1.40845
1.40845
1.40845
1.40845
1.40845
1.40845
1.40845
1.40845
1.40845
1.40845
1.40845
1.40845
1.40845
1.40845
1.4084
1.40845
1.40845
1.40845
1.40845
1.40845
1.40845
1.40845
1.40845
1.40845
1.40845
1.40845
1.40845
1.40845
1.40845
1.40845
1.40845
1.40845
1.40845
1.40845
1.40845
1.40845
1.40845
1.40845
1.40845
1.40841
1.40845
1.40845
1.40845
1.40845
1.40845
1.40845
1.40845
1.40845
1.40845
1.40845
1.40845
1.40845
1.40845
1.40845
1.40845
1.40845
1.40845
1.40845
1.40845
1.40845
1.40845
1.40845
1.40845
1.40845
1.4084
1.40845
1.40845
1.40845
1.40845
1.40845
1.40845
1.40845
1.40845
1.40845
1.40845
1.40845
1.40845
1.40845
1.40845
1.40845
1.40845
1.40845
1.40845
1.40845
1.40845
1.40845
1.40845
1.40845
1.40845
1.40841
1.40845
1.40845
1.40845
1.40845
1.40845
1.40845
1.40845
1.40845
1.40845
1.40845
1.40845
1.40845
1.40845
1.40845
1.40845
1.40845
1.40845
1.40845
1.40845
1.40845
1.40845
1.40845
1.40845
1.40845
1.40841
0.634976
0.564442
0.556067
0.558876
0.561506
0.54138
0.538577
0.569992
0.58733
0.591269
0.589884
0.584985
0.582867
0.59748
0.610558
0.616633
0.618097
0.617439
0.616882
0.615653
0.615531
0.617131
0.61989
0.62144
0.621651
0.621541
0.621514
0.620773
0.620791
0.617276
0.615145
0.611858
0.60538
0.595328
0.587772
0.581118
0.573203
0.565229
0.558544
0.553672
0.543899
0.538274
0.533743
0.527259
0.524309
0.522471
0.520749
0.519043
0.518007
0.51657
0.518732
0.521261
0.524157
0.526462
0.528929
0.531525
0.534271
0.536989
0.539759
0.542593
0.545266
0.547987
0.55074
0.553353
0.555855
0.558205
0.560555
0.56292
0.565321
0.567568
0.569829
0.572074
0.574239
0.576464
0.57854
0.580665
0.582535
0.584421
0.586185
0.587716
0.589213
0.590608
0.591841
0.593121
0.594326
0.595516
0.596738
0.597833
0.599003
0.600027
0.601057
0.602175
0.603148
0.604052
0.604946
0.605933
0.607021
0.608022
0.609809
0.60959
0.63669
0.571949
0.562939
0.543416
0.550757
0.532897
0.509459
0.542556
0.556942
0.557123
0.546443
0.54157
0.535413
0.547384
0.552936
0.555959
0.554114
0.552639
0.551353
0.550131
0.549837
0.548419
0.551414
0.554088
0.553858
0.553601
0.554068
0.552125
0.551425
0.548925
0.546143
0.543489
0.541309
0.53448
0.529647
0.525884
0.519305
0.513261
0.509383
0.507411
0.505003
0.504664
0.494005
0.496969
0.498307
0.499434
0.500647
0.504464
0.507299
0.511004
0.515265
0.519299
0.523576
0.52783
0.532549
0.537415
0.542349
0.546733
0.551193
0.555968
0.560134
0.563841
0.567643
0.57167
0.575757
0.579235
0.582254
0.585155
0.588106
0.590821
0.593467
0.595908
0.59814
0.600354
0.602519
0.604746
0.606966
0.609259
0.611553
0.613639
0.615854
0.617607
0.619325
0.621019
0.622279
0.623599
0.624767
0.625553
0.626491
0.627148
0.62768
0.628379
0.628593
0.62866
0.628583
0.628586
0.628567
0.62844
0.628644
0.627229
0.717041
0.656427
0.60018
0.55857
0.560164
0.570308
0.549543
0.521729
0.521142
0.521593
0.53129
0.534751
0.521441
0.510511
0.526483
0.532432
0.531182
0.527904
0.525527
0.523568
0.523934
0.524548
0.524655
0.526323
0.525506
0.525039
0.52502
0.523656
0.524314
0.521408
0.5194
0.516953
0.512529
0.509034
0.505667
0.503352
0.497213
0.490711
0.490144
0.487842
0.491359
0.49575
0.501643
0.510514
0.519736
0.527001
0.533206
0.540458
0.548514
0.556482
0.563023
0.569593
0.575255
0.580236
0.585807
0.591043
0.596639
0.601676
0.60645
0.611629
0.616488
0.620327
0.623978
0.627709
0.631683
0.635715
0.639227
0.642608
0.645858
0.648798
0.65151
0.65407
0.656273
0.658262
0.660101
0.661986
0.663808
0.665716
0.667465
0.669193
0.670811
0.672313
0.673891
0.675265
0.676744
0.677941
0.678792
0.679677
0.679929
0.679995
0.680095
0.679831
0.679589
0.679422
0.678951
0.67826
0.677494
0.676656
0.675794
0.672488
0.759206
0.731117
0.681257
0.617146
0.585949
0.592343
0.588543
0.565892
0.545634
0.531468
0.531708
0.536303
0.543189
0.526341
0.52457
0.525287
0.525267
0.524179
0.536121
0.528769
0.524478
0.520655
0.517853
0.523089
0.5234
0.522367
0.523194
0.520529
0.519405
0.518286
0.513844
0.510156
0.496249
0.495837
0.496914
0.497972
0.501542
0.5087
0.52031
0.529876
0.53972
0.549493
0.560937
0.56957
0.580891
0.593057
0.597848
0.602743
0.608061
0.614395
0.62
0.626972
0.630946
0.634674
0.638919
0.642967
0.647016
0.6513
0.654965
0.659115
0.664016
0.668058
0.67112
0.673994
0.677031
0.680392
0.684018
0.687826
0.691186
0.694302
0.696954
0.699256
0.70153
0.703739
0.705719
0.707427
0.709128
0.710693
0.712113
0.713563
0.714896
0.716207
0.717479
0.718769
0.72009
0.721073
0.722175
0.723046
0.723633
0.724249
0.724658
0.724423
0.724359
0.724281
0.723861
0.723232
0.72249
0.721259
0.72033
0.71722
0.781794
0.771008
0.740945
0.694003
0.640023
0.631314
0.644899
0.621629
0.590843
0.56715
0.550431
0.549771
0.556675
0.554171
0.547141
0.537015
0.533334
0.529139
0.530139
0.532938
0.531747
0.528655
0.523563
0.523907
0.524117
0.524836
0.5265
0.52432
0.518658
0.51536
0.511523
0.507239
0.509694
0.515037
0.524588
0.539321
0.553179
0.567644
0.584006
0.592032
0.601717
0.610772
0.621081
0.629383
0.637403
0.646869
0.650789
0.656289
0.659239
0.662946
0.667602
0.672382
0.675314
0.679013
0.681606
0.684461
0.686919
0.690436
0.694404
0.698341
0.702448
0.704853
0.707136
0.709712
0.712789
0.716331
0.719776
0.722886
0.725876
0.728493
0.731019
0.733685
0.736602
0.739069
0.740798
0.742405
0.743886
0.745245
0.746607
0.747976
0.749349
0.750642
0.751836
0.753079
0.754174
0.755255
0.756379
0.757139
0.757935
0.758729
0.758998
0.759407
0.759451
0.759203
0.759031
0.758736
0.758415
0.757984
0.756948
0.753226
0.779535
0.795005
0.785166
0.754786
0.71976
0.686853
0.695158
0.674413
0.643055
0.615625
0.591021
0.581205
0.587152
0.582329
0.573697
0.561645
0.554376
0.548176
0.54208
0.541109
0.540037
0.539613
0.537656
0.532388
0.531187
0.530877
0.528041
0.524566
0.522094
0.522239
0.524434
0.530241
0.538527
0.550243
0.564257
0.584456
0.604331
0.628493
0.644674
0.654157
0.666427
0.674668
0.680806
0.686604
0.689126
0.69222
0.694784
0.696599
0.698998
0.70166
0.704286
0.707929
0.710545
0.713236
0.714639
0.716164
0.718406
0.721603
0.725448
0.727083
0.729081
0.731904
0.7349
0.738051
0.741221
0.743939
0.746445
0.748938
0.751458
0.754157
0.757114
0.759996
0.762324
0.764404
0.766605
0.768545
0.770503
0.772245
0.773766
0.775298
0.776624
0.777927
0.779273
0.780483
0.78168
0.783018
0.783877
0.784887
0.785655
0.786362
0.786696
0.787413
0.788
0.78785
0.788034
0.78803
0.787744
0.787441
0.787034
0.783661
0.766736
0.790768
0.798627
0.788754
0.776045
0.757497
0.75658
0.742638
0.714133
0.683026
0.656653
0.63061
0.627022
0.620238
0.609431
0.598123
0.587637
0.577904
0.568201
0.563972
0.560197
0.55683
0.55359
0.547012
0.543123
0.539963
0.534491
0.535982
0.537114
0.538434
0.54563
0.563437
0.591032
0.619529
0.639866
0.66423
0.682157
0.70248
0.707794
0.713617
0.722063
0.725258
0.725371
0.726306
0.727502
0.730896
0.732639
0.732006
0.729796
0.730026
0.730377
0.73225
0.736184
0.737674
0.738475
0.739481
0.741147
0.742393
0.743913
0.74613
0.748279
0.751279
0.754181
0.756385
0.758688
0.761073
0.763517
0.766273
0.76949
0.77238
0.774632
0.776847
0.779063
0.781377
0.783928
0.78601
0.788137
0.78996
0.791716
0.793574
0.795222
0.796916
0.798351
0.799659
0.801122
0.80235
0.803456
0.80486
0.805928
0.806778
0.807916
0.809019
0.809376
0.809868
0.810284
0.810203
0.80994
0.810022
0.810161
0.807271
0.747448
0.78206
0.795053
0.800054
0.802246
0.797963
0.802738
0.798416
0.779865
0.753362
0.730319
0.706831
0.684737
0.67869
0.667741
0.651197
0.63371
0.620786
0.607971
0.599781
0.593154
0.584168
0.578925
0.570708
0.565979
0.559272
0.541942
0.547143
0.552892
0.565014
0.590434
0.629662
0.668014
0.697637
0.721904
0.741918
0.755881
0.771766
0.773205
0.77708
0.778693
0.774912
0.76636
0.760932
0.753791
0.758382
0.758316
0.755108
0.754832
0.753171
0.747124
0.747876
0.750233
0.752184
0.753009
0.754509
0.754802
0.754922
0.755599
0.757626
0.760295
0.76323
0.765862
0.767496
0.769358
0.771721
0.774514
0.777755
0.779913
0.782073
0.784447
0.787057
0.78999
0.792767
0.794787
0.79651
0.798379
0.800295
0.802296
0.804415
0.806369
0.808366
0.809978
0.811664
0.813501
0.815058
0.816726
0.818686
0.820004
0.82131
0.822806
0.823319
0.823912
0.825082
0.825276
0.825213
0.825651
0.826995
0.826795
0.824243
0.735881
0.768796
0.784431
0.800116
0.805104
0.812148
0.824124
0.837294
0.831724
0.81606
0.796986
0.779695
0.762319
0.751091
0.740465
0.721749
0.700293
0.679194
0.664659
0.650753
0.641563
0.63081
0.618969
0.605693
0.592614
0.572986
0.554614
0.564351
0.579053
0.607229
0.659272
0.712935
0.738567
0.760455
0.783642
0.799637
0.816614
0.827287
0.830898
0.835729
0.835588
0.829096
0.819497
0.809309
0.794349
0.778603
0.76047
0.763958
0.769211
0.765676
0.76478
0.763405
0.758772
0.759561
0.761104
0.761495
0.763023
0.763955
0.76514
0.766076
0.767556
0.76886
0.770922
0.773202
0.775787
0.778531
0.780505
0.782424
0.784731
0.787587
0.790555
0.7932
0.795912
0.79828
0.800094
0.80194
0.803931
0.805966
0.808068
0.810245
0.812391
0.814372
0.816272
0.818325
0.820356
0.822215
0.824303
0.82629
0.827795
0.829802
0.830891
0.832075
0.833521
0.834793
0.835349
0.836591
0.836815
0.837222
0.837991
0.836169
0.731021
0.755514
0.771383
0.792701
0.800636
0.81124
0.826235
0.846155
0.85495
0.849765
0.840048
0.830651
0.819454
0.815323
0.807691
0.796389
0.778892
0.75908
0.737937
0.721719
0.70593
0.691402
0.675429
0.652876
0.627673
0.57529
0.583048
0.601162
0.62859
0.675451
0.73792
0.770583
0.79092
0.811213
0.827223
0.84264
0.859249
0.869759
0.874441
0.879669
0.879599
0.873986
0.867666
0.857389
0.840609
0.824256
0.8035
0.77813
0.758963
0.763274
0.776589
0.775693
0.773136
0.769426
0.764942
0.764906
0.766623
0.768627
0.771571
0.771772
0.771805
0.77232
0.773812
0.77676
0.779903
0.781937
0.783754
0.78618
0.789181
0.792046
0.794331
0.796661
0.799115
0.80157
0.803496
0.805514
0.807623
0.809764
0.811885
0.814059
0.816297
0.818523
0.820739
0.822893
0.824917
0.827032
0.829255
0.831128
0.833184
0.835162
0.836722
0.838313
0.840415
0.841086
0.841808
0.843293
0.843779
0.844567
0.846529
0.844665
0.731571
0.750159
0.76297
0.781818
0.791918
0.805123
0.821544
0.841638
0.858349
0.862088
0.859751
0.856781
0.85598
0.854462
0.851659
0.848434
0.840855
0.830417
0.816054
0.79933
0.782213
0.765468
0.74398
0.713197
0.66426
0.600266
0.623922
0.649162
0.685648
0.741374
0.779199
0.804172
0.82577
0.847368
0.864778
0.880139
0.890359
0.894796
0.899772
0.906067
0.906506
0.904084
0.901005
0.893463
0.883445
0.872135
0.850829
0.827226
0.804521
0.766601
0.761454
0.76844
0.777325
0.778963
0.778334
0.775178
0.77418
0.774182
0.774807
0.775573
0.776344
0.778252
0.779728
0.781566
0.783615
0.786344
0.789632
0.792369
0.79437
0.796165
0.798069
0.800118
0.802272
0.804523
0.806873
0.809217
0.811399
0.813577
0.815739
0.817964
0.820302
0.82274
0.825337
0.82794
0.830156
0.832449
0.83451
0.836479
0.838645
0.840388
0.842107
0.843798
0.845625
0.846605
0.848046
0.84962
0.850569
0.851422
0.852662
0.850888
0.735337
0.750619
0.761518
0.77469
0.783152
0.795748
0.812133
0.831894
0.850188
0.865682
0.867563
0.869301
0.870051
0.87135
0.873333
0.877781
0.876869
0.875399
0.868689
0.855538
0.841372
0.822738
0.796046
0.750736
0.675252
0.643781
0.668606
0.694958
0.731542
0.771388
0.795521
0.819394
0.841177
0.859309
0.876365
0.892412
0.902085
0.911588
0.916376
0.91995
0.91859
0.91844
0.919471
0.917461
0.913494
0.907331
0.894064
0.880576
0.859792
0.829021
0.797794
0.755719
0.762493
0.780043
0.784278
0.786911
0.786441
0.784103
0.78066
0.781502
0.782397
0.784369
0.786746
0.787739
0.789116
0.791147
0.794884
0.797794
0.799067
0.800565
0.802396
0.804608
0.80714
0.810232
0.812127
0.813812
0.815558
0.817372
0.819307
0.821455
0.823819
0.826454
0.829396
0.831785
0.834114
0.836351
0.838539
0.840819
0.843146
0.845041
0.847054
0.849336
0.850452
0.852087
0.85419
0.854571
0.855037
0.856156
0.858432
0.856133
0.740644
0.752573
0.762862
0.771932
0.77893
0.789332
0.802678
0.819853
0.838795
0.85559
0.870882
0.872088
0.872991
0.877844
0.884551
0.891984
0.895677
0.902096
0.898132
0.887477
0.876624
0.854576
0.812829
0.745692
0.65069
0.687213
0.703575
0.729242
0.761792
0.779876
0.799301
0.820115
0.84213
0.857736
0.873908
0.886766
0.897789
0.909285
0.919847
0.926146
0.926319
0.926176
0.927162
0.926803
0.927283
0.927639
0.924953
0.919593
0.904792
0.884939
0.86003
0.826693
0.786033
0.76431
0.777763
0.785976
0.796497
0.795304
0.793689
0.790165
0.7915
0.792252
0.794014
0.79678
0.798401
0.799688
0.801199
0.803148
0.805348
0.807859
0.809959
0.81156
0.813195
0.81506
0.81729
0.818883
0.820515
0.82228
0.824172
0.826227
0.828506
0.830985
0.83371
0.836009
0.838242
0.840407
0.842701
0.845178
0.847608
0.849683
0.852225
0.85399
0.85565
0.858013
0.858825
0.85965
0.860519
0.861816
0.863793
0.861447
0.747518
0.756289
0.765769
0.7724
0.778711
0.786788
0.797265
0.810881
0.82703
0.842944
0.861899
0.870096
0.872758
0.877965
0.884552
0.892286
0.900842
0.916202
0.909268
0.899025
0.88212
0.847186
0.78674
0.68571
0.686828
0.708552
0.733091
0.752706
0.766735
0.782065
0.798904
0.816822
0.832697
0.847224
0.85986
0.870223
0.881304
0.893675
0.900551
0.907164
0.916429
0.926952
0.93336
0.933007
0.933394
0.938106
0.940614
0.939137
0.934351
0.925778
0.913251
0.89215
0.862718
0.825164
0.769957
0.776126
0.797427
0.801155
0.807335
0.805838
0.803749
0.80174
0.802323
0.804052
0.806085
0.806746
0.807885
0.809476
0.811298
0.813102
0.814767
0.816434
0.818243
0.820168
0.822186
0.824227
0.826233
0.828391
0.830473
0.832321
0.834214
0.836205
0.838343
0.840634
0.842874
0.845087
0.847468
0.849969
0.852223
0.854788
0.857224
0.859115
0.861615
0.863249
0.864258
0.865742
0.866857
0.867964
0.869098
0.866989
0.750526
0.760287
0.769743
0.774949
0.780439
0.786932
0.795837
0.807398
0.820497
0.834839
0.848064
0.862982
0.870013
0.875089
0.882067
0.890901
0.903895
0.909903
0.903485
0.894245
0.866944
0.812145
0.724413
0.694
0.724219
0.729646
0.740253
0.752404
0.764974
0.778514
0.792223
0.80717
0.820318
0.834166
0.845056
0.855907
0.868065
0.876697
0.885752
0.896844
0.910493
0.91612
0.921988
0.931367
0.941994
0.948175
0.947659
0.947796
0.948989
0.951495
0.950152
0.942472
0.924294
0.896387
0.856877
0.815508
0.772711
0.784954
0.797403
0.816074
0.812556
0.81131
0.807442
0.807787
0.808344
0.809108
0.811108
0.814311
0.814567
0.815294
0.816697
0.819052
0.822597
0.825402
0.826584
0.827959
0.829561
0.831378
0.833362
0.835422
0.83765
0.840146
0.842836
0.845637
0.84793
0.850248
0.852675
0.855079
0.857651
0.860352
0.862482
0.864906
0.867681
0.869207
0.871585
0.872294
0.873218
0.874389
0.875437
0.873184
0.750107
0.761237
0.772947
0.778784
0.783785
0.788911
0.796656
0.806906
0.818748
0.832988
0.843722
0.853613
0.86368
0.869356
0.877027
0.887469
0.898635
0.894477
0.889722
0.87378
0.828307
0.758296
0.694741
0.723364
0.729447
0.736201
0.74435
0.752912
0.762086
0.771957
0.783375
0.795794
0.807966
0.82018
0.831077
0.843144
0.853434
0.863309
0.874794
0.887963
0.895814
0.903934
0.914792
0.927273
0.936536
0.941133
0.949192
0.956442
0.964433
0.965673
0.967958
0.967328
0.960842
0.947416
0.924098
0.892043
0.849904
0.789544
0.782765
0.801409
0.807059
0.820705
0.818952
0.817298
0.812943
0.813951
0.815233
0.817383
0.819609
0.820426
0.821877
0.823898
0.826478
0.829275
0.831313
0.832334
0.833555
0.835002
0.836767
0.838764
0.841111
0.843741
0.846462
0.849264
0.851737
0.854286
0.856912
0.859472
0.86174
0.864153
0.866359
0.86882
0.871495
0.874224
0.876164
0.877075
0.87856
0.88043
0.881034
0.878726
0.749347
0.762268
0.773232
0.782276
0.787778
0.792813
0.799486
0.808038
0.818511
0.83096
0.842818
0.85161
0.861169
0.866645
0.874111
0.882563
0.881976
0.87802
0.865616
0.828863
0.767004
0.695628
0.71664
0.728352
0.737789
0.742496
0.745541
0.749689
0.756039
0.764507
0.774431
0.785185
0.796633
0.808061
0.820007
0.831747
0.842229
0.853683
0.866429
0.875771
0.884671
0.895728
0.909308
0.917095
0.925431
0.935992
0.948155
0.959164
0.969287
0.971871
0.974727
0.977004
0.973832
0.973833
0.967408
0.95453
0.925571
0.88535
0.837614
0.773917
0.786611
0.803727
0.823201
0.826617
0.824029
0.822
0.82157
0.821113
0.821717
0.823487
0.82524
0.827933
0.829523
0.830872
0.832452
0.834455
0.836904
0.838893
0.840827
0.842775
0.844832
0.847088
0.849427
0.851924
0.854477
0.857189
0.85997
0.862857
0.865278
0.86766
0.870157
0.872742
0.875371
0.87866
0.880466
0.881836
0.883312
0.885035
0.886683
0.884252
0.74818
0.763902
0.774117
0.784315
0.790433
0.796029
0.802703
0.810333
0.819534
0.83034
0.840588
0.850039
0.859501
0.868778
0.872026
0.870075
0.865829
0.856076
0.823888
0.765877
0.689887
0.709803
0.721652
0.736149
0.736863
0.738464
0.741102
0.74562
0.752186
0.760133
0.768508
0.777591
0.787978
0.799398
0.8116
0.822869
0.834489
0.84753
0.858187
0.866462
0.877423
0.890168
0.899824
0.909009
0.920249
0.933304
0.944097
0.95095
0.957192
0.965557
0.971762
0.979445
0.981886
0.987223
0.988364
0.987686
0.976426
0.952294
0.915338
0.870809
0.821386
0.791209
0.805883
0.815051
0.835659
0.833852
0.830809
0.826683
0.826695
0.826866
0.827692
0.830561
0.835152
0.835302
0.836041
0.837311
0.83942
0.841961
0.84484
0.846998
0.848997
0.851109
0.853273
0.855516
0.857927
0.860537
0.863414
0.866479
0.869833
0.871558
0.873784
0.876503
0.879327
0.882342
0.885456
0.887139
0.888649
0.890288
0.891915
0.889544
0.74628
0.759969
0.774821
0.786766
0.794078
0.799368
0.805214
0.812151
0.820491
0.830842
0.839844
0.847781
0.857499
0.870003
0.866557
0.859148
0.848706
0.819472
0.765205
0.682565
0.701965
0.715878
0.734845
0.734673
0.735721
0.737855
0.741413
0.746236
0.751776
0.758051
0.765306
0.773912
0.783512
0.794067
0.805461
0.816822
0.828836
0.840873
0.849913
0.861369
0.873548
0.882437
0.892378
0.903375
0.915681
0.925796
0.932348
0.940939
0.949707
0.959352
0.967267
0.977062
0.985618
0.996393
0.995261
1.00058
0.997108
0.989904
0.975032
0.947695
0.910194
0.866204
0.799921
0.801379
0.820843
0.825237
0.840738
0.839399
0.837088
0.832868
0.833557
0.83413
0.836197
0.840386
0.841568
0.842947
0.84452
0.846285
0.848508
0.850999
0.853463
0.856232
0.85818
0.860304
0.862645
0.865269
0.868243
0.871735
0.875299
0.876883
0.878673
0.880913
0.88372
0.886721
0.890694
0.893129
0.894436
0.895853
0.897107
0.894779
0.744901
0.761247
0.775851
0.788359
0.799727
0.804122
0.808182
0.814093
0.821653
0.831059
0.840133
0.846747
0.857978
0.862395
0.856544
0.847635
0.819213
0.767318
0.683568
0.69445
0.710485
0.734701
0.734247
0.73479
0.736767
0.739892
0.743767
0.748019
0.752711
0.758357
0.765131
0.773363
0.782448
0.792486
0.803341
0.814648
0.826654
0.8357
0.846256
0.858678
0.865903
0.875367
0.88642
0.898494
0.906404
0.915752
0.925874
0.934937
0.944959
0.953061
0.96304
0.972395
0.981482
0.990824
0.999006
1.00659
1.00749
1.00777
1.00617
0.994816
0.976644
0.944282
0.899807
0.854024
0.787991
0.800503
0.817014
0.832851
0.843685
0.841707
0.839653
0.837128
0.837876
0.839463
0.842193
0.845236
0.848314
0.849828
0.851702
0.853879
0.856244
0.859177
0.861824
0.863949
0.866401
0.869228
0.872333
0.875997
0.880131
0.881986
0.883727
0.886057
0.888918
0.891831
0.895481
0.8999
0.90029
0.901511
0.903412
0.900593
0.737561
0.760524
0.774289
0.787474
0.79895
0.808983
0.811404
0.815088
0.821529
0.830103
0.838902
0.848787
0.853539
0.8505
0.843507
0.81997
0.771371
0.687647
0.691554
0.707181
0.73398
0.733964
0.734566
0.736846
0.740068
0.743846
0.747725
0.751886
0.756622
0.761969
0.768096
0.775045
0.783273
0.792387
0.802554
0.813392
0.823245
0.833529
0.845382
0.852448
0.861462
0.871633
0.881619
0.890583
0.900148
0.910196
0.920864
0.930568
0.940521
0.949196
0.958717
0.968786
0.979712
0.988865
0.998885
1.00745
1.01686
1.01666
1.01502
1.01195
1.00944
0.99565
0.971914
0.933713
0.884421
0.829815
0.798347
0.818979
0.827072
0.845209
0.845302
0.841824
0.841233
0.841527
0.843479
0.845796
0.848722
0.851968
0.854947
0.856687
0.858634
0.860846
0.863694
0.866425
0.869209
0.872637
0.876291
0.879948
0.883274
0.886008
0.887935
0.890534
0.893696
0.896646
0.899995
0.905907
0.9067
0.908251
0.910312
0.906844
0.725248
0.756169
0.767804
0.77961
0.791649
0.805597
0.809022
0.812097
0.818976
0.827372
0.838556
0.845858
0.842838
0.835718
0.815412
0.771032
0.691674
0.688133
0.704069
0.732972
0.732957
0.733804
0.736293
0.739734
0.743792
0.747402
0.751469
0.756157
0.76125
0.766541
0.77227
0.778439
0.785361
0.792952
0.801266
0.810202
0.819548
0.830343
0.838997
0.848574
0.858556
0.866601
0.875981
0.886214
0.896633
0.906535
0.91564
0.925196
0.933845
0.943121
0.951371
0.960412
0.970238
0.97885
0.987925
0.996186
1.00497
1.00925
1.01583
1.01757
1.0201
1.01711
1.01103
0.989727
0.960642
0.92167
0.87447
0.806201
0.808865
0.828848
0.836189
0.853284
0.85209
0.848098
0.847844
0.848245
0.849118
0.851817
0.855911
0.860615
0.862292
0.864344
0.86672
0.869475
0.871989
0.875039
0.879289
0.883965
0.886495
0.889414
0.891809
0.894612
0.898058
0.901727
0.904948
0.909265
0.91368
0.915452
0.916868
0.913185
0.699059
0.730864
0.765999
0.77659
0.786739
0.797756
0.809534
0.812253
0.817595
0.828323
0.838629
0.836019
0.829384
0.811421
0.768484
0.695292
0.682668
0.698781
0.726595
0.728442
0.729864
0.732899
0.736866
0.741398
0.746345
0.750458
0.754936
0.759926
0.764917
0.76979
0.774865
0.780203
0.785928
0.792341
0.799356
0.80729
0.815655
0.824635
0.833792
0.84332
0.852174
0.861505
0.871141
0.881025
0.890543
0.900002
0.909263
0.918372
0.927543
0.937053
0.946219
0.954728
0.963359
0.972181
0.981191
0.990003
0.997559
1.00278
1.00897
1.01491
1.02423
1.0226
1.01999
1.01989
1.00942
0.989542
0.955286
0.91091
0.859845
0.802547
0.816791
0.831594
0.847935
0.860078
0.859259
0.855018
0.854905
0.855875
0.857571
0.861773
0.865668
0.869578
0.87205
0.874077
0.876278
0.878964
0.882751
0.887307
0.890042
0.89275
0.895641
0.898725
0.90208
0.905931
0.909234
0.91315
0.918975
0.921508
0.922442
0.918822
0.627697
0.717582
0.751327
0.772786
0.784883
0.796853
0.810973
0.813758
0.818249
0.828065
0.828236
0.822469
0.805611
0.764914
0.69646
0.678725
0.695368
0.720725
0.728256
0.728954
0.731509
0.734994
0.739331
0.744478
0.750371
0.754124
0.758001
0.762202
0.766743
0.771347
0.776079
0.781037
0.78628
0.792023
0.798269
0.805248
0.812769
0.820999
0.829629
0.838497
0.84759
0.856839
0.86612
0.875669
0.885236
0.894721
0.903566
0.912382
0.92142
0.930309
0.939251
0.948138
0.957186
0.966192
0.975576
0.984717
0.992398
0.999317
1.00552
1.01194
1.01893
1.02484
1.03083
1.03217
1.02803
1.02267
1.00685
0.98055
0.940908
0.893646
0.828859
0.818544
0.839417
0.847572
0.868258
0.868775
0.86484
0.862667
0.862804
0.863484
0.866423
0.870481
0.876399
0.879747
0.8812
0.883511
0.886809
0.890975
0.89529
0.897298
0.899559
0.902349
0.905454
0.909107
0.913699
0.918076
0.923024
0.927449
0.928497
0.92463
0.575627
0.673494
0.720337
0.760242
0.782683
0.796457
0.809363
0.823289
0.82299
0.821021
0.815076
0.799314
0.758597
0.691232
0.671206
0.688994
0.713116
0.72681
0.7268
0.728207
0.731126
0.73538
0.74026
0.746681
0.751745
0.755537
0.759354
0.763348
0.767598
0.772028
0.776525
0.781209
0.786116
0.791419
0.797234
0.80363
0.810729
0.818272
0.826342
0.834596
0.843047
0.851657
0.860559
0.869586
0.878682
0.887906
0.896607
0.905379
0.914208
0.923174
0.932111
0.940545
0.949212
0.957602
0.966834
0.974919
0.984076
0.990165
0.997179
1.00284
1.00828
1.01567
1.0243
1.03349
1.03062
1.03177
1.02841
1.01753
1.00012
0.970819
0.929824
0.880391
0.814226
0.826776
0.847826
0.859048
0.873301
0.871124
0.86576
0.865945
0.867454
0.871418
0.876631
0.882062
0.885379
0.888113
0.891514
0.895639
0.898488
0.901559
0.904913
0.906891
0.909643
0.913262
0.918105
0.922761
0.926976
0.933204
0.934065
0.929421
0.62151
0.646827
0.732047
0.751451
0.777816
0.792725
0.805029
0.819363
0.816633
0.808909
0.790364
0.75101
0.684913
0.659772
0.679024
0.702941
0.722235
0.722267
0.722921
0.725592
0.729899
0.734975
0.74047
0.746321
0.751519
0.755936
0.759902
0.763952
0.768203
0.772633
0.777233
0.781975
0.78693
0.792196
0.797868
0.804015
0.81061
0.817574
0.824792
0.832204
0.839918
0.847914
0.856188
0.864658
0.873208
0.881817
0.89046
0.899178
0.90811
0.917133
0.925935
0.934313
0.942566
0.950988
0.959463
0.968431
0.976548
0.982646
0.989049
0.995992
1.00328
1.01182
1.01861
1.02365
1.02984
1.03697
1.03603
1.03183
1.02717
1.01407
0.991361
0.956633
0.909359
0.863471
0.827364
0.84347
0.854276
0.86477
0.877631
0.876146
0.873316
0.874755
0.878641
0.883241
0.887937
0.89289
0.897043
0.900887
0.902862
0.90556
0.908991
0.912016
0.914731
0.917791
0.921771
0.927061
0.932448
0.939382
0.939058
0.934292
0.837892
0.570711
0.650967
0.739375
0.759649
0.779729
0.798603
0.801789
0.797327
0.779623
0.7389
0.674672
0.649578
0.669058
0.693062
0.717796
0.717613
0.717545
0.719956
0.724055
0.72906
0.73404
0.739077
0.744605
0.750582
0.755743
0.760196
0.764576
0.769038
0.77361
0.77828
0.783053
0.787922
0.792974
0.798366
0.804106
0.810235
0.816604
0.823193
0.830026
0.837095
0.844626
0.852496
0.860497
0.86856
0.876653
0.884844
0.893133
0.901634
0.910085
0.918672
0.926668
0.934777
0.942717
0.950605
0.95872
0.965643
0.971884
0.977485
0.983718
0.990606
0.998701
1.00423
1.01075
1.01787
1.02431
1.03067
1.03136
1.03021
1.02675
1.01977
1.00664
0.981087
0.943749
0.89843
0.823183
0.823543
0.844853
0.854596
0.877749
0.878632
0.876958
0.877846
0.880538
0.885698
0.891284
0.897059
0.90057
0.904891
0.907766
0.910407
0.913226
0.916423
0.920282
0.924942
0.930955
0.938698
0.945398
0.943514
0.938947
1.10259
0.624833
0.594288
0.683999
0.731376
0.769976
0.78771
0.782971
0.764853
0.722151
0.656589
0.640583
0.659283
0.683395
0.710108
0.711679
0.710899
0.713269
0.717366
0.722485
0.72746
0.732345
0.737463
0.742853
0.748728
0.754094
0.758754
0.763429
0.768238
0.773033
0.777845
0.782752
0.787783
0.793029
0.798532
0.804332
0.810405
0.816683
0.823129
0.829749
0.836617
0.843835
0.851387
0.858853
0.866361
0.874008
0.881806
0.889721
0.897685
0.905818
0.91355
0.921197
0.928424
0.936067
0.943111
0.950543
0.956709
0.962963
0.968114
0.97375
0.979741
0.986317
0.993624
1.00192
1.00729
1.01186
1.01672
1.02243
1.02685
1.02884
1.02448
1.02477
1.01891
0.996302
0.958798
0.908236
0.855445
0.815115
0.834855
0.850791
0.862692
0.878049
0.87865
0.879132
0.881981
0.886563
0.89149
0.897029
0.90259
0.905909
0.908409
0.911507
0.915358
0.92064
0.926936
0.933367
0.94296
0.944044
0.941388
0.939651
1.31829
1.02246
0.640318
0.661637
0.748257
0.774353
0.776353
0.757223
0.704127
0.625668
0.631065
0.649719
0.675454
0.699046
0.702745
0.702034
0.704449
0.708817
0.714025
0.71923
0.724108
0.729419
0.735123
0.740488
0.745905
0.751633
0.75668
0.761463
0.766368
0.771454
0.776763
0.782217
0.787644
0.793024
0.798467
0.804091
0.809914
0.815901
0.821983
0.828232
0.834727
0.841512
0.848544
0.855288
0.862161
0.869184
0.87644
0.883826
0.891442
0.898878
0.906469
0.913289
0.920013
0.926484
0.93302
0.939668
0.945083
0.950571
0.955226
0.960443
0.965819
0.971428
0.977322
0.983626
0.988235
0.991444
0.995504
0.998268
1.00304
1.00448
1.00655
1.00535
1.00646
0.999092
0.984137
0.95563
0.917428
0.8681
0.799586
0.804347
0.826883
0.838035
0.855811
0.869963
0.872976
0.875533
0.879694
0.884954
0.892929
0.897683
0.901901
0.906503
0.911636
0.917734
0.925658
0.935135
0.939877
0.938168
0.937126
0.935504
1.40698
1.32537
0.861907
0.595084
0.683562
0.745656
0.736972
0.68642
0.60347
0.626684
0.642187
0.670887
0.690048
0.694063
0.694617
0.697305
0.701547
0.706769
0.711349
0.71605
0.720973
0.726072
0.731546
0.737308
0.742816
0.748501
0.754449
0.760015
0.765347
0.77068
0.776123
0.78174
0.787481
0.793009
0.798348
0.803635
0.809045
0.814632
0.820337
0.826192
0.832298
0.838731
0.84491
0.851052
0.857373
0.863982
0.870783
0.877812
0.884817
0.892073
0.898459
0.904883
0.910434
0.915704
0.921473
0.926228
0.931143
0.934778
0.938684
0.942607
0.946836
0.950481
0.954582
0.957607
0.960609
0.96257
0.964865
0.966755
0.969474
0.969875
0.971436
0.974555
0.979688
0.979554
0.976389
0.968373
0.946718
0.917354
0.871147
0.801221
0.778511
0.79653
0.815741
0.83213
0.854171
0.85961
0.862701
0.868208
0.87511
0.882701
0.888227
0.894169
0.900607
0.908073
0.918793
0.930234
0.930133
0.928711
0.919855
0.920762
1.40244
1.36301
1.14666
0.734462
0.599508
0.645173
0.636855
0.589258
0.632329
0.639499
0.667688
0.680451
0.682159
0.685242
0.68977
0.69512
0.700877
0.705575
0.710412
0.71559
0.721143
0.727147
0.73295
0.739055
0.744763
0.7502
0.75583
0.761689
0.767147
0.772284
0.777431
0.78272
0.788179
0.793498
0.798534
0.802624
0.806595
0.810797
0.815276
0.820054
0.825266
0.830598
0.835615
0.840805
0.846212
0.851791
0.857498
0.863167
0.868982
0.874506
0.879727
0.885012
0.889648
0.89447
0.898818
0.903541
0.906633
0.909801
0.911917
0.914161
0.915949
0.917676
0.919415
0.921221
0.921735
0.922422
0.923507
0.925378
0.927681
0.930678
0.933793
0.937635
0.942317
0.948556
0.957606
0.956669
0.951998
0.942344
0.913303
0.869989
0.820735
0.760944
0.772115
0.797955
0.809902
0.828388
0.845574
0.84763
0.850867
0.856414
0.863321
0.871466
0.880607
0.890111
0.90432
0.913051
0.912606
0.909065
0.879817
0.888284
1.40686
1.39934
1.33223
1.05568
0.705286
0.522112
0.465981
0.543652
0.579195
0.626294
0.638028
0.647292
0.654383
0.662522
0.671144
0.679383
0.686143
0.692232
0.698489
0.704824
0.711221
0.717987
0.724274
0.73043
0.736876
0.742365
0.747322
0.75243
0.757805
0.762575
0.766744
0.770799
0.774942
0.779198
0.783809
0.786721
0.78906
0.791646
0.794451
0.797531
0.800983
0.804207
0.807548
0.81114
0.815011
0.819126
0.82333
0.827557
0.831834
0.835979
0.839965
0.843824
0.847732
0.851332
0.855154
0.85872
0.861857
0.864477
0.866902
0.869324
0.871912
0.874653
0.877671
0.880881
0.883977
0.886962
0.890421
0.894511
0.899256
0.904452
0.909824
0.915795
0.922416
0.929989
0.93987
0.950451
0.94618
0.943546
0.938473
0.918204
0.886918
0.838116
0.765171
0.769551
0.787756
0.801046
0.815329
0.83045
0.83616
0.840484
0.844357
0.848977
0.855078
0.863811
0.87417
0.882117
0.883487
0.872132
0.801992
0.829333
1.40756
1.4043
1.37251
1.19618
0.801012
0.425456
0.429378
0.464664
0.523457
0.556297
0.566574
0.578535
0.592158
0.60741
0.620238
0.631923
0.64192
0.651121
0.659641
0.66762
0.675029
0.682679
0.689835
0.696077
0.70235
0.708529
0.713333
0.717499
0.721733
0.725863
0.729411
0.732489
0.735328
0.738026
0.740828
0.743115
0.745193
0.747483
0.750034
0.752823
0.755696
0.758539
0.761599
0.765091
0.768966
0.773097
0.777413
0.781887
0.786433
0.791028
0.795711
0.800425
0.805276
0.810273
0.81534
0.820334
0.824731
0.82914
0.833557
0.837722
0.841988
0.846561
0.851478
0.856742
0.861994
0.867085
0.872539
0.878508
0.884764
0.891296
0.898266
0.905779
0.913808
0.922496
0.932099
0.940668
0.950028
0.950057
0.948484
0.945892
0.936118
0.912169
0.870253
0.810772
0.775204
0.785281
0.806632
0.812785
0.821727
0.832613
0.837486
0.841058
0.845287
0.85347
0.851906
0.851374
0.839158
0.803309
0.709498
0.747784
1.40791
1.40424
1.36996
1.17202
0.802758
0.441064
0.511432
0.543899
0.539623
0.535417
0.537732
0.543555
0.552444
0.564014
0.571905
0.58027
0.589123
0.597892
0.605973
0.613463
0.620597
0.627422
0.634446
0.640709
0.646318
0.651997
0.657721
0.663164
0.668497
0.673792
0.678951
0.683858
0.688796
0.693552
0.698304
0.702691
0.706789
0.710985
0.715286
0.719743
0.724072
0.727977
0.731936
0.736082
0.740369
0.744796
0.749371
0.754181
0.75918
0.764353
0.769763
0.775326
0.781078
0.787104
0.7932
0.798936
0.804666
0.810469
0.81666
0.822285
0.827859
0.833843
0.840255
0.846984
0.853808
0.860465
0.867473
0.873992
0.88061
0.887776
0.895505
0.903699
0.912387
0.921604
0.931358
0.938801
0.946283
0.953416
0.962285
0.959817
0.959128
0.956349
0.938022
0.899115
0.842643
0.791367
0.797181
0.812153
0.820529
0.829992
0.840174
0.846642
0.846391
0.844209
0.840749
0.824781
0.785961
0.721137
0.654602
0.690578
1.40799
1.40448
1.37312
1.19386
0.830303
0.461305
0.53126
0.565132
0.562343
0.556746
0.558053
0.560686
0.562052
0.564667
0.568797
0.574285
0.580815
0.587793
0.59377
0.599829
0.606054
0.612184
0.618162
0.624305
0.630253
0.636
0.641659
0.647097
0.652477
0.657632
0.662658
0.667681
0.672794
0.678011
0.683317
0.688543
0.693899
0.699043
0.704064
0.709197
0.71406
0.718669
0.722915
0.727119
0.731393
0.735774
0.740331
0.745126
0.750121
0.755337
0.760778
0.766476
0.772434
0.778719
0.785233
0.79126
0.797449
0.803925
0.811068
0.817557
0.824046
0.830892
0.838057
0.845501
0.853132
0.860955
0.868901
0.877086
0.885453
0.894142
0.903118
0.912468
0.922217
0.932869
0.942106
0.949595
0.957131
0.965461
0.974294
0.984917
0.988989
0.987831
0.987001
0.975385
0.935804
0.880974
0.822969
0.814207
0.824683
0.83514
0.845696
0.849836
0.851005
0.845119
0.82584
0.784767
0.71917
0.63084
0.659798
0.674615
1.40799
1.40433
1.37164
1.18758
0.822691
0.458484
0.531419
0.572521
0.573004
0.574466
0.576993
0.580769
0.582237
0.583767
0.585946
0.588825
0.592252
0.596023
0.600197
0.604765
0.609748
0.61506
0.620577
0.626336
0.63233
0.638058
0.643539
0.648333
0.652873
0.657412
0.662056
0.666844
0.671831
0.677073
0.682527
0.688142
0.693966
0.699596
0.70507
0.710634
0.715914
0.721276
0.726353
0.731224
0.736203
0.741233
0.746366
0.751644
0.757038
0.762638
0.768496
0.77452
0.780785
0.787338
0.794354
0.801133
0.808136
0.81559
0.823672
0.831771
0.840025
0.848582
0.857436
0.86655
0.875849
0.885258
0.894462
0.903321
0.912016
0.920901
0.93006
0.939566
0.94945
0.959974
0.96847
0.9758
0.983373
0.991791
1.00062
1.01009
1.01976
1.0261
1.02395
1.02208
1.01054
0.969401
0.918529
0.855641
0.833003
0.845655
0.861884
0.862307
0.858063
0.843459
0.802544
0.729917
0.633927
0.658181
0.681714
0.682716
1.40802
1.40456
1.37357
1.19546
0.832774
0.461237
0.530794
0.567518
0.565914
0.567412
0.572523
0.57975
0.584047
0.58763
0.591396
0.595334
0.599594
0.604211
0.609048
0.613928
0.61882
0.623802
0.628896
0.634083
0.639109
0.643932
0.64842
0.65282
0.657264
0.661824
0.666611
0.671695
0.677128
0.682922
0.689002
0.695263
0.701668
0.708223
0.714929
0.721777
0.728858
0.736256
0.743247
0.750251
0.756945
0.763382
0.769833
0.776217
0.782357
0.788619
0.795022
0.801418
0.807938
0.814649
0.821725
0.828537
0.835512
0.842793
0.850554
0.858556
0.866462
0.874476
0.882678
0.891061
0.899537
0.908071
0.91635
0.924338
0.932447
0.940813
0.949577
0.958704
0.968318
0.978224
0.986329
0.993033
1.00049
1.00826
1.01665
1.02545
1.03458
1.04403
1.04885
1.04675
1.04252
1.02904
0.992218
0.945436
0.875325
0.852935
0.872191
0.870772
0.861022
0.829286
0.762947
0.652729
0.668278
0.696843
0.697837
0.697167
1.40801
1.40448
1.37291
1.19262
0.829349
0.461454
0.532106
0.572972
0.569558
0.57035
0.575039
0.581296
0.584644
0.588271
0.592335
0.5969
0.601739
0.606694
0.611785
0.616911
0.622164
0.627596
0.633086
0.638267
0.643124
0.647746
0.652266
0.65676
0.661317
0.666037
0.670988
0.676136
0.681486
0.687077
0.692874
0.698883
0.705165
0.711802
0.718844
0.726317
0.734349
0.742865
0.751604
0.760207
0.768141
0.775778
0.783468
0.790696
0.797447
0.804264
0.810867
0.817254
0.82366
0.830219
0.837071
0.843718
0.850417
0.857354
0.864694
0.872372
0.880001
0.887673
0.895417
0.903279
0.911215
0.919276
0.92711
0.934733
0.942443
0.950482
0.958868
0.967724
0.977003
0.986646
0.993571
1.00028
1.00739
1.01494
1.02288
1.03094
1.03921
1.04746
1.05767
1.06001
1.05929
1.05423
1.0407
1.00898
0.958849
0.895302
0.856898
0.846702
0.830893
0.791984
0.69452
0.676286
0.704405
0.704469
0.706824
0.70703
1.40802
1.40459
1.3738
1.19632
0.83401
0.46229
0.530702
0.570806
0.566597
0.567157
0.571702
0.578591
0.582037
0.585725
0.589618
0.593957
0.598743
0.603912
0.609446
0.615129
0.620916
0.626732
0.632224
0.637374
0.642336
0.647166
0.651874
0.656579
0.661355
0.666262
0.671316
0.676314
0.6813
0.686389
0.691608
0.69699
0.702646
0.708676
0.715146
0.722137
0.729801
0.738127
0.746948
0.756032
0.764598
0.772999
0.781078
0.788703
0.79587
0.803052
0.809945
0.816607
0.823334
0.830272
0.837296
0.844179
0.851057
0.858149
0.865521
0.873212
0.880912
0.888561
0.896311
0.904125
0.912061
0.920064
0.927936
0.935537
0.943286
0.951268
0.959676
0.968504
0.977784
0.9872
0.99408
1.00069
1.00771
1.01527
1.02323
1.03148
1.03915
1.04678
1.0529
1.06016
1.06825
1.06468
1.06073
1.04797
1.01899
0.96335
0.892717
0.819872
0.767425
0.716359
0.664088
0.685864
0.697885
0.696672
0.69527
0.693064
1.40802
1.40457
1.37361
1.19552
0.833041
0.462442
0.530824
0.57273
0.568191
0.568626
0.572974
0.579527
0.582632
0.586002
0.589751
0.594086
0.598924
0.604175
0.609771
0.615386
0.621104
0.626897
0.632286
0.637317
0.642182
0.646891
0.651529
0.656204
0.660961
0.665843
0.670655
0.675295
0.679909
0.684581
0.689348
0.694269
0.699435
0.704934
0.710841
0.717239
0.724291
0.73199
0.74025
0.748966
0.757742
0.766424
0.774732
0.782524
0.789924
0.797362
0.804474
0.811297
0.818202
0.825308
0.83246
0.839407
0.846363
0.853463
0.860809
0.86852
0.87621
0.883846
0.891547
0.899314
0.907215
0.9152
0.923061
0.930653
0.938388
0.94634
0.954715
0.96351
0.972697
0.982125
0.988759
0.995127
1.00209
1.00958
1.01748
1.02597
1.03316
1.03929
1.04593
1.05326
1.06546
1.06749
1.06169
1.05655
1.04144
0.999193
0.916958
0.819029
0.728987
0.6365
0.651322
0.678909
0.678539
0.67698
0.674299
0.671041
)
;

boundaryField
{
    inlet
    {
        type            calculated;
        value           uniform 1.40845;
    }
    outlet
    {
        type            calculated;
        value           nonuniform List<scalar> 
40
(
0.60959
0.627229
0.672488
0.71722
0.753226
0.783661
0.807271
0.824243
0.836169
0.844665
0.850888
0.856133
0.861447
0.866989
0.873184
0.878726
0.884252
0.889544
0.894779
0.900593
0.906844
0.913185
0.918822
0.92463
0.929421
0.934292
0.938947
0.939651
0.935504
0.920762
0.888284
0.829333
0.747784
0.690578
0.674615
0.682716
0.697167
0.70703
0.693064
0.671041
)
;
    }
    bottom
    {
        type            symmetryPlane;
    }
    top
    {
        type            symmetryPlane;
    }
    obstacle
    {
        type            calculated;
        value           nonuniform List<scalar> 
110
(
0.55147
0.552318
0.554593
0.557313
0.560737
0.565446
0.5713
0.581863
0.59765
0.636775
0.634976
0.564442
0.556067
0.558876
0.561506
0.54138
0.538577
0.569992
0.58733
0.591269
0.589884
0.584985
0.582867
0.59748
0.610558
0.616633
0.618097
0.617439
0.616882
0.615653
0.615531
0.617131
0.61989
0.62144
0.621651
0.621541
0.621514
0.620773
0.620791
0.617276
0.615145
0.611858
0.60538
0.595328
0.587772
0.581118
0.573203
0.565229
0.558544
0.553672
0.543899
0.538274
0.533743
0.527259
0.524309
0.522471
0.520749
0.519043
0.518007
0.51657
0.518732
0.521261
0.524157
0.526462
0.528929
0.531525
0.534271
0.536989
0.539759
0.542593
0.545266
0.547987
0.55074
0.553353
0.555855
0.558205
0.560555
0.56292
0.565321
0.567568
0.569829
0.572074
0.574239
0.576464
0.57854
0.580665
0.582535
0.584421
0.586185
0.587716
0.589213
0.590608
0.591841
0.593121
0.594326
0.595516
0.596738
0.597833
0.599003
0.600027
0.601057
0.602175
0.603148
0.604052
0.604946
0.605933
0.607021
0.608022
0.609809
0.60959
)
;
    }
    defaultFaces
    {
        type            empty;
    }
}


// ************************************************************************* //
