/*--------------------------------*- C++ -*----------------------------------*\
| =========                 |                                                 |
| \\      /  F ield         | OpenFOAM: The Open Source CFD Toolbox           |
|  \\    /   O peration     | Version:  v2106                                 |
|   \\  /    A nd           | Website:  www.openfoam.com                      |
|    \\/     M anipulation  |                                                 |
\*---------------------------------------------------------------------------*/
FoamFile
{
    version     2.0;
    format      ascii;
    arch        "LSB;label=32;scalar=64";
    class       volScalarField;
    location    "5";
    object      rho;
}
// * * * * * * * * * * * * * * * * * * * * * * * * * * * * * * * * * * * * * //

dimensions      [1 -3 0 0 0 0 0];

internalField   nonuniform List<scalar> 
5250
(
1.40845
1.40845
1.40845
1.40845
1.40845
1.40845
1.40845
1.40845
1.40845
1.40835
1.40821
1.4023
1.40017
1.59094
2.10535
5.65674
6.37759
6.1882
6.25057
6.41108
6.46193
6.53494
6.6001
6.65779
6.70142
1.40845
1.40845
1.40845
1.40845
1.40845
1.40845
1.40845
1.40845
1.40845
1.40835
1.40822
1.40248
1.39986
1.58528
2.08718
5.60514
6.40923
6.19207
6.2579
6.41607
6.46443
6.53642
6.60223
6.65949
6.70268
1.40845
1.40845
1.40845
1.40845
1.40845
1.40845
1.40845
1.40845
1.40845
1.40834
1.4083
1.40233
1.40166
1.57433
2.04269
5.45758
6.46508
6.18469
6.26056
6.41579
6.46127
6.5295
6.59308
6.64783
6.68914
1.40845
1.40845
1.40845
1.40845
1.40845
1.40845
1.40845
1.40845
1.40845
1.4084
1.40809
1.40423
1.39943
1.55379
1.97621
5.23313
6.55283
6.17222
6.25328
6.41378
6.44925
6.51197
6.57028
6.62468
6.66282
1.40845
1.40845
1.40845
1.40845
1.40845
1.40845
1.40845
1.40845
1.40845
1.40841
1.40809
1.4055
1.39435
1.52589
1.95651
4.92865
6.7404
6.1844
6.26571
6.39876
6.43065
6.4826
6.5393
6.58472
6.62645
1.40845
1.40845
1.40845
1.40845
1.40845
1.40845
1.40845
1.40845
1.40845
1.40842
1.40815
1.40602
1.3952
1.4993
1.9781
4.55771
7.08008
6.24941
6.33967
6.41948
6.41552
6.44662
6.48737
6.54103
6.56588
1.40845
1.40845
1.40845
1.40845
1.40845
1.40845
1.40845
1.40845
1.40845
1.40843
1.40819
1.40694
1.39482
1.46788
1.99024
4.02205
7.53747
6.46552
6.50234
6.49474
6.42275
6.40763
6.42699
6.44762
6.49835
1.40845
1.40845
1.40845
1.40845
1.40845
1.40845
1.40845
1.40845
1.40845
1.40843
1.40827
1.40727
1.39545
1.44399
1.8783
3.38157
7.51145
6.48359
6.64671
6.61005
6.47376
6.37473
6.35955
6.36877
6.37857
1.40845
1.40845
1.40845
1.40845
1.40845
1.40845
1.40845
1.40845
1.40845
1.40844
1.4083
1.4076
1.3968
1.42653
1.77915
2.80672
6.97841
6.45117
6.55478
6.66773
6.52982
6.3825
6.26684
6.20667
6.21476
1.40845
1.40845
1.40845
1.40845
1.40845
1.40845
1.40845
1.40845
1.40845
1.40845
1.40829
1.40802
1.39886
1.41456
1.69791
2.46314
6.27849
6.22837
6.37903
6.59788
6.4551
6.37383
6.15702
6.13856
5.96152
1.40845
1.40845
1.40845
1.40845
1.40845
1.40845
1.40845
1.40845
1.40845
1.40846
1.40828
1.4084
1.39955
1.41317
1.6204
2.17971
5.72082
6.00749
6.11125
6.33948
6.40729
6.29572
6.01427
5.90545
4.90934
1.40845
1.40845
1.40845
1.40845
1.40845
1.40845
1.40845
1.40845
1.40845
1.40845
1.4084
1.4081
1.40436
1.39996
1.54351
1.93657
4.93446
6.15941
6.03363
6.04568
6.15072
6.19529
5.82088
5.5496
5.0652
1.40845
1.40845
1.40845
1.40845
1.40845
1.40845
1.40845
1.40845
1.40845
1.40844
1.40849
1.40785
1.4082
1.38707
1.47418
1.80532
4.10805
6.32345
5.99139
5.87605
5.8692
5.8973
5.75544
5.3807
5.13288
1.40845
1.40845
1.40845
1.40845
1.40845
1.40845
1.40845
1.40845
1.40845
1.40845
1.40843
1.40828
1.40753
1.39614
1.43701
1.82387
3.19356
6.51542
5.91208
5.83426
5.77205
5.71042
5.57606
5.32577
5.12554
1.40845
1.40845
1.40845
1.40845
1.40845
1.40845
1.40845
1.40845
1.40845
1.40845
1.40844
1.40839
1.40761
1.39804
1.41428
1.71797
2.55689
6.08312
5.94988
5.79061
5.69257
5.57466
5.4281
5.20884
5.03499
1.40845
1.40845
1.40845
1.40845
1.40845
1.40845
1.40845
1.40845
1.40845
1.40845
1.40846
1.40831
1.40822
1.40173
1.40387
1.58349
2.08846
5.17026
5.97502
5.81525
5.63339
5.4554
5.28281
5.08495
4.89692
1.40845
1.40845
1.40845
1.40845
1.40845
1.40845
1.40845
1.40845
1.40845
1.40845
1.40845
1.40841
1.40817
1.40573
1.39697
1.49132
1.73549
4.02215
5.95164
5.86025
5.62128
5.39614
5.20166
5.00764
4.77356
1.40845
1.40845
1.40845
1.40845
1.40845
1.40845
1.40845
1.40845
1.40845
1.40845
1.40845
1.40845
1.40823
1.40773
1.39583
1.42883
1.72943
2.89893
5.74718
5.73391
5.56308
5.38848
5.18643
4.97809
4.72704
1.40845
1.40845
1.40845
1.40845
1.40845
1.40845
1.40845
1.40845
1.40845
1.40845
1.40845
1.40845
1.40831
1.40812
1.40036
1.40836
1.66155
2.27994
5.10883
5.65902
5.61149
5.40434
5.18271
4.95651
4.71005
1.40845
1.40845
1.40845
1.40845
1.40845
1.40845
1.40845
1.40845
1.40845
1.40845
1.40845
1.40845
1.40841
1.40814
1.4055
1.39611
1.51232
1.79693
3.98016
5.64218
5.67243
5.4341
5.19358
4.95429
4.70578
1.40845
1.40845
1.40845
1.40845
1.40845
1.40845
1.40845
1.40845
1.40845
1.40845
1.40845
1.40845
1.40845
1.40819
1.40791
1.39465
1.4329
1.6955
2.81919
5.32905
5.47352
5.39538
5.1995
4.97542
4.7298
1.40845
1.40845
1.40845
1.40845
1.40845
1.40845
1.40845
1.40845
1.40845
1.40845
1.40845
1.40845
1.40844
1.40837
1.40789
1.40341
1.40097
1.63482
2.13788
4.54193
5.39854
5.42498
5.24414
5.0206
4.77612
1.40845
1.40845
1.40845
1.40845
1.40845
1.40845
1.40845
1.40845
1.40845
1.40845
1.40845
1.40845
1.40844
1.40846
1.40799
1.40758
1.38727
1.48154
1.64594
3.4111
5.28022
5.34141
5.22334
5.03024
4.80849
1.40845
1.40845
1.40845
1.40845
1.40845
1.40845
1.40845
1.40845
1.40845
1.40845
1.40845
1.40845
1.40845
1.40844
1.40834
1.40777
1.40162
1.41193
1.61291
2.32858
4.6645
5.19063
5.2246
5.06
4.85798
1.40845
1.40845
1.40845
1.40845
1.40845
1.40845
1.40845
1.40845
1.40845
1.40845
1.40845
1.40845
1.40845
1.40843
1.40849
1.40766
1.40817
1.37973
1.52872
1.78006
3.56759
5.13195
5.16749
5.05022
4.88151
1.40845
1.40845
1.40845
1.40845
1.40845
1.40845
1.40845
1.40845
1.40845
1.40845
1.40845
1.40845
1.40845
1.40845
1.40844
1.40831
1.40782
1.40017
1.41719
1.61365
2.42174
4.60728
5.03378
5.05713
4.90214
1.40845
1.40845
1.40845
1.40845
1.40845
1.40845
1.40845
1.40845
1.40845
1.40845
1.40845
1.40845
1.40845
1.40846
1.40843
1.40853
1.40742
1.40833
1.37684
1.55413
1.83372
3.55508
4.99826
5.04013
4.92682
1.40845
1.40845
1.40845
1.40845
1.40845
1.40845
1.40845
1.40845
1.40845
1.40845
1.40845
1.40845
1.40845
1.40845
1.40845
1.40844
1.40831
1.40796
1.39921
1.41815
1.6023
2.41825
4.45178
4.92622
4.94236
1.40845
1.40845
1.40845
1.40845
1.40845
1.40845
1.40845
1.40845
1.40845
1.40845
1.40845
1.40845
1.40845
1.40845
1.40845
1.40843
1.40869
1.4072
1.40781
1.3765
1.53254
1.76563
3.39472
4.8342
4.9042
1.40845
1.40845
1.40845
1.40845
1.40845
1.40845
1.40845
1.40845
1.40845
1.40845
1.40845
1.40845
1.40845
1.40845
1.40845
1.40845
1.40844
1.40831
1.40778
1.40027
1.39913
1.57845
2.37164
4.19598
4.79805
1.40845
1.40845
1.40845
1.40845
1.40845
1.40845
1.40845
1.40845
1.40845
1.40845
1.40845
1.40845
1.40845
1.40845
1.40845
1.40845
1.40845
1.40843
1.40812
1.40596
1.3968
1.50745
1.68062
3.07627
4.60909
1.40845
1.40845
1.40845
1.40845
1.40845
1.40845
1.40845
1.40845
1.40845
1.40845
1.40845
1.40845
1.40845
1.40845
1.40845
1.40845
1.40845
1.40846
1.40808
1.40562
1.44021
1.30176
1.42211
2.01997
3.74236
1.40845
1.40845
1.40845
1.40845
1.40845
1.40845
1.40845
1.40845
1.40845
1.40845
1.40845
1.40845
1.40845
1.40845
1.40845
1.40845
1.40845
1.40844
1.40846
1.40804
1.40867
1.39249
1.45385
1.51421
2.71
1.40845
1.40845
1.40845
1.40845
1.40845
1.40845
1.40845
1.40845
1.40845
1.40845
1.40845
1.40845
1.40845
1.40845
1.40845
1.40845
1.40845
1.40845
1.40843
1.40851
1.40777
1.41162
1.36238
1.47741
1.80895
1.40845
1.40845
1.40845
1.40845
1.40845
1.40845
1.40845
1.40845
1.40845
1.40845
1.40845
1.40845
1.40845
1.40845
1.40845
1.40845
1.40845
1.40845
1.40845
1.40843
1.40829
1.40799
1.3978
1.42063
1.53495
1.40845
1.40845
1.40845
1.40845
1.40845
1.40845
1.40845
1.40845
1.40845
1.40845
1.40845
1.40845
1.40845
1.40845
1.40845
1.40845
1.40845
1.40845
1.40845
1.40843
1.40851
1.40796
1.40681
1.38819
1.49976
1.40845
1.40845
1.40845
1.40845
1.40845
1.40845
1.40845
1.40845
1.40845
1.40845
1.40845
1.40845
1.40845
1.40845
1.40845
1.40845
1.40845
1.40845
1.40845
1.40845
1.40845
1.40833
1.40625
1.43423
1.30622
1.40845
1.40845
1.40845
1.40845
1.40845
1.40845
1.40845
1.40845
1.40845
1.40845
1.40845
1.40845
1.40845
1.40845
1.40845
1.40845
1.40845
1.40845
1.40845
1.40845
1.40844
1.40844
1.40816
1.40842
1.39657
1.40845
1.40845
1.40845
1.40845
1.40845
1.40845
1.40845
1.40845
1.40845
1.40845
1.40845
1.40845
1.40845
1.40845
1.40845
1.40845
1.40845
1.40845
1.40845
1.40845
1.40845
1.40843
1.4084
1.40861
1.40759
1.40845
1.40845
1.40845
1.40845
1.40845
1.40845
1.40845
1.40845
1.40845
1.40845
1.40845
1.40845
1.40845
1.40845
1.40845
1.40845
1.40845
1.40845
1.40845
1.40845
1.40845
1.40846
1.4084
1.40845
1.40652
1.40845
1.40845
1.40845
1.40845
1.40845
1.40845
1.40845
1.40845
1.40845
1.40845
1.40845
1.40845
1.40845
1.40845
1.40845
1.40845
1.40845
1.40845
1.40845
1.40845
1.40845
1.40845
1.40844
1.40845
1.40829
1.40845
1.40845
1.40845
1.40845
1.40845
1.40845
1.40845
1.40845
1.40845
1.40845
1.40845
1.40845
1.40845
1.40845
1.40845
1.40845
1.40845
1.40845
1.40845
1.40845
1.40845
1.40845
1.40845
1.40845
1.40846
1.40845
1.40845
1.40845
1.40845
1.40845
1.40845
1.40845
1.40845
1.40845
1.40845
1.40845
1.40845
1.40845
1.40845
1.40845
1.40845
1.40845
1.40845
1.40845
1.40845
1.40845
1.40845
1.40845
1.40844
1.40835
1.40845
1.40845
1.40845
1.40845
1.40845
1.40845
1.40845
1.40845
1.40845
1.40845
1.40845
1.40845
1.40845
1.40845
1.40845
1.40845
1.40845
1.40845
1.40845
1.40845
1.40845
1.40845
1.40845
1.40845
1.40845
1.40845
1.40845
1.40845
1.40845
1.40845
1.40845
1.40845
1.40845
1.40845
1.40845
1.40845
1.40845
1.40845
1.40845
1.40845
1.40845
1.40845
1.40845
1.40845
1.40845
1.40845
1.40845
1.40845
1.40845
1.40845
1.40845
1.40845
1.40845
1.40845
1.40845
1.40845
1.40845
1.40845
1.40845
1.40845
1.40845
1.40845
1.40845
1.40845
1.40845
1.40845
1.40845
1.40845
1.40845
1.40845
1.40845
1.40845
1.40845
1.40845
1.40845
1.40845
1.40845
1.40845
1.40845
1.40845
1.40845
1.40845
1.40845
1.40845
1.40845
1.40845
1.40845
1.40845
1.40845
1.40845
1.40845
1.40845
1.40845
1.40845
1.40845
1.40845
1.40845
1.40845
1.40845
1.40845
1.40845
1.40845
1.40845
1.40845
1.40845
1.40845
1.40845
1.40845
1.40845
1.40845
1.40845
1.40845
1.40845
1.40845
1.40845
1.40845
1.40845
1.40845
1.40845
1.40845
1.40845
1.40845
1.40845
1.40845
1.40845
1.40845
1.40845
1.40845
1.40845
1.40845
1.40845
1.40845
1.40845
1.40845
1.40845
1.40845
1.40845
1.40845
1.40845
1.40845
1.40845
1.40845
1.40845
1.40845
1.40845
1.40845
1.40845
1.40845
1.40845
1.40845
1.40845
1.40845
1.40845
1.40845
1.40845
1.40845
1.40845
1.40845
1.40845
1.40845
1.40845
1.40845
1.40845
1.40845
1.40845
1.40845
1.40845
1.40845
1.40845
1.40845
1.40845
1.40845
1.40845
1.40845
1.40845
1.83569
1.99946
2.26896
2.00211
2.18917
2.00194
1.78495
1.69222
1.65474
1.65465
1.66157
1.62246
1.55289
1.48623
1.45366
1.44307
1.4407
1.43924
1.43788
1.42904
1.41845
1.40365
1.39441
1.38887
1.3863
1.38456
1.3886
1.39598
1.41857
1.44008
1.47741
1.52865
1.58761
1.63903
1.691
1.75003
1.81188
1.87255
1.93034
2.02004
2.08714
2.15159
2.23054
2.2994
2.34453
2.38439
2.43441
2.47537
2.50378
2.53252
2.56406
2.58492
2.60333
2.61321
2.61918
2.62222
2.62114
2.61677
2.61021
2.60083
2.58808
2.57412
2.55923
2.54337
2.52613
2.50817
2.49017
2.47201
2.454
2.43497
2.41601
2.39721
2.37837
2.36023
2.34188
2.32431
2.30609
2.28871
2.27171
2.25456
2.23849
2.22321
2.20821
2.19446
2.1812
2.16867
2.15715
2.1457
2.13541
2.12545
2.11609
2.10771
2.09929
2.09132
2.08386
2.07738
2.07139
2.06545
2.06298
2.04962
2.77448
2.42187
2.075
2.02634
2.29669
2.08583
1.72969
1.52914
1.49406
1.51767
1.50516
1.47547
1.39043
1.35128
1.32021
1.3042
1.29675
1.29161
1.28881
1.28084
1.27534
1.25762
1.24306
1.23545
1.2337
1.23119
1.23933
1.24464
1.26275
1.28646
1.31616
1.35343
1.40792
1.45299
1.50164
1.56461
1.62698
1.7033
1.76989
1.85419
1.94632
2.02065
2.05895
2.15259
2.21525
2.26998
2.32889
2.39807
2.44551
2.49883
2.54144
2.5708
2.59602
2.61665
2.63356
2.6478
2.65738
2.66028
2.66178
2.66197
2.65599
2.64611
2.63543
2.62519
2.61436
2.60061
2.58474
2.56805
2.55124
2.53309
2.51452
2.49524
2.47554
2.45639
2.43751
2.41947
2.40176
2.38502
2.36909
2.35314
2.33889
2.32389
2.31007
2.29723
2.28335
2.27069
2.25821
2.24481
2.23317
2.22125
2.20965
2.19938
2.18717
2.17578
2.16481
2.1549
2.14482
2.13454
2.1262
2.10801
3.72678
3.02967
2.49781
2.20977
2.22095
2.05022
1.6682
1.43653
1.44464
1.46537
1.5047
1.49809
1.42634
1.29563
1.23857
1.2252
1.22564
1.22585
1.2228
1.20875
1.20008
1.18774
1.17959
1.17533
1.17467
1.17143
1.17801
1.17997
1.19818
1.21232
1.23806
1.2783
1.33137
1.3944
1.45142
1.50957
1.56059
1.61113
1.67372
1.75977
1.87131
1.96566
2.07305
2.20323
2.30376
2.38612
2.46303
2.55054
2.62621
2.70007
2.75698
2.80171
2.83448
2.85897
2.87976
2.89653
2.91076
2.91734
2.91996
2.92031
2.91515
2.90329
2.88959
2.87603
2.86293
2.84954
2.83371
2.81656
2.79818
2.77782
2.7565
2.7349
2.71237
2.68967
2.66698
2.64527
2.62378
2.60344
2.58322
2.56396
2.54553
2.52801
2.512
2.4961
2.48177
2.46696
2.45141
2.43722
2.42148
2.40593
2.39213
2.37662
2.36267
2.34953
2.33472
2.32111
2.30844
2.2948
2.28175
2.25797
4.14168
3.43422
2.89141
2.46022
2.29786
2.18053
1.90699
1.66199
1.52787
1.46595
1.46853
1.46262
1.39547
1.25754
1.23086
1.22421
1.22835
1.22784
1.25754
1.2345
1.22042
1.20171
1.17444
1.15745
1.16231
1.15587
1.16542
1.16937
1.18415
1.20969
1.23286
1.25477
1.27474
1.32781
1.38429
1.46147
1.54352
1.65659
1.77121
1.88836
2.02827
2.14706
2.27687
2.40237
2.54083
2.65632
2.71983
2.80492
2.87721
2.95393
3.0094
3.06465
3.09012
3.10706
3.12305
3.13437
3.14201
3.14206
3.1369
3.13258
3.12846
3.11725
3.09918
3.07973
3.06089
3.04304
3.02617
3.00934
2.9893
2.9674
2.94309
2.91779
2.8935
2.86994
2.84656
2.82279
2.79969
2.77657
2.75366
2.73196
2.71086
2.69112
2.67266
2.65536
2.63908
2.62211
2.60658
2.59076
2.57464
2.55983
2.54566
2.52916
2.51562
2.50182
2.48626
2.47153
2.45766
2.44067
2.42682
2.40477
4.40106
3.77249
3.22472
2.82157
2.53707
2.37776
2.14466
1.79797
1.62377
1.56461
1.53313
1.51186
1.47635
1.38716
1.31267
1.25161
1.23708
1.22927
1.23549
1.23166
1.21818
1.19337
1.16924
1.16472
1.17394
1.16659
1.1802
1.17737
1.17944
1.18596
1.2047
1.23706
1.29627
1.37297
1.4659
1.57808
1.68696
1.80561
1.9297
2.04721
2.19309
2.32595
2.46147
2.58395
2.71903
2.84329
2.92349
3.01301
3.07762
3.1416
3.19965
3.24532
3.26662
3.28883
3.30231
3.30499
3.30707
3.30848
3.30622
3.30135
3.29147
3.27026
3.2493
3.22959
3.21115
3.19393
3.17563
3.15423
3.13046
3.10423
3.07797
3.05323
3.03024
3.00657
2.98115
2.95645
2.93194
2.90742
2.88366
2.86072
2.8387
2.81777
2.79789
2.77938
2.76102
2.7433
2.72657
2.70896
2.69259
2.67731
2.66084
2.64595
2.63058
2.61497
2.6014
2.58677
2.57371
2.55881
2.54008
2.51603
4.51448
4.03957
3.58052
3.16697
2.90478
2.62652
2.40783
2.0585
1.83364
1.72144
1.65008
1.59962
1.53701
1.42788
1.35948
1.31165
1.29665
1.28262
1.26994
1.25879
1.2526
1.23515
1.21824
1.18244
1.18188
1.17105
1.17572
1.17859
1.18723
1.20763
1.23864
1.27918
1.33661
1.40971
1.50564
1.62602
1.75994
1.91226
2.05455
2.19413
2.3509
2.4902
2.61076
2.73045
2.83209
2.94089
3.03515
3.11794
3.202
3.26986
3.32478
3.37162
3.39036
3.414
3.41939
3.42453
3.42804
3.43323
3.42761
3.41039
3.39571
3.37946
3.36186
3.34461
3.32697
3.30593
3.28201
3.25624
3.22985
3.20425
3.1796
3.15508
3.12894
3.10303
3.07931
3.05572
3.0332
3.01006
2.98638
2.96339
2.94037
2.9185
2.89805
2.87812
2.85906
2.84145
2.82223
2.80471
2.7869
2.76974
2.75173
2.73757
2.72265
2.70546
2.69272
2.67845
2.66346
2.65011
2.63316
2.60969
4.52395
4.12002
3.76209
3.44165
3.2191
2.9455
2.69802
2.38908
2.12616
1.96197
1.85692
1.75168
1.67862
1.56896
1.48008
1.41778
1.37547
1.34517
1.3238
1.30537
1.28586
1.26323
1.24435
1.2194
1.22133
1.20525
1.21647
1.23074
1.23711
1.25116
1.28424
1.34171
1.42052
1.51578
1.6194
1.74303
1.86859
1.99183
2.09888
2.229
2.37006
2.49702
2.62367
2.76342
2.89212
3.01494
3.10119
3.17351
3.24421
3.32151
3.38442
3.43975
3.48073
3.48015
3.48252
3.49228
3.49444
3.49001
3.48384
3.47217
3.46121
3.44923
3.43253
3.41161
3.38923
3.36481
3.3397
3.31554
3.29335
3.26904
3.24174
3.21484
3.18858
3.16392
3.14186
3.11899
3.09755
3.07491
3.05236
3.0307
3.00828
2.98702
2.96593
2.94539
2.92665
2.90734
2.88802
2.87099
2.85267
2.83438
2.81885
2.80412
2.7864
2.77118
2.75806
2.74224
2.72696
2.7139
2.70113
2.6775
4.46522
4.17589
3.8464
3.60234
3.4034
3.19912
2.97775
2.71518
2.43692
2.23237
2.1093
1.9931
1.87915
1.77727
1.65588
1.54798
1.48182
1.44915
1.42327
1.39639
1.37028
1.33234
1.31684
1.28193
1.29125
1.25264
1.27672
1.32672
1.34347
1.37869
1.43084
1.50279
1.58861
1.66711
1.74919
1.83547
1.92256
2.0137
2.09834
2.20073
2.29893
2.39395
2.51179
2.65785
2.80255
2.99268
3.11474
3.18286
3.25559
3.30831
3.35519
3.43529
3.4906
3.51025
3.51236
3.51677
3.51114
3.50864
3.50753
3.50349
3.49354
3.48251
3.46403
3.44154
3.41977
3.39797
3.3758
3.35294
3.32479
3.29819
3.27373
3.2503
3.22769
3.20466
3.17996
3.15587
3.13431
3.11263
3.09157
3.07094
3.04952
3.02889
3.00747
2.98763
2.96913
2.94982
2.93197
2.91598
2.89672
2.87882
2.86322
2.8439
2.82655
2.81329
2.79609
2.77991
2.76965
2.75932
2.74047
2.71912
4.42885
4.1761
3.88815
3.69933
3.49171
3.3429
3.17053
2.97955
2.7321
2.51147
2.35675
2.2483
2.12841
2.01839
1.88851
1.76154
1.66643
1.59964
1.56172
1.52264
1.48898
1.45
1.40963
1.38665
1.37682
1.38543
1.41307
1.50542
1.55241
1.6159
1.70397
1.77341
1.78717
1.82364
1.87958
1.93345
1.99508
2.05372
2.1087
2.17551
2.22822
2.29643
2.38989
2.48639
2.60202
2.74686
2.88818
3.10417
3.25766
3.29498
3.34019
3.3845
3.41996
3.48589
3.5164
3.51863
3.51333
3.50972
3.50182
3.49852
3.4894
3.47754
3.46231
3.44491
3.42722
3.40687
3.38024
3.35362
3.32948
3.30876
3.2887
3.26657
3.24377
3.21945
3.19419
3.17141
3.15079
3.13038
3.11061
3.09072
3.07019
3.04913
3.02832
3.00937
2.99079
2.97177
2.95489
2.93704
2.91702
2.90108
2.88122
2.86396
2.84838
2.83354
2.81625
2.8048
2.78998
2.77812
2.76328
2.74542
4.42307
4.16671
3.90694
3.74661
3.54919
3.42276
3.27903
3.12717
2.92781
2.71581
2.5605
2.45199
2.34895
2.25521
2.13075
2.01912
1.90068
1.81173
1.73895
1.69487
1.6421
1.60759
1.55756
1.5406
1.52714
1.57952
1.74393
1.85791
1.93786
2.02187
2.07365
2.03837
2.00055
1.99695
2.00681
2.03498
2.07403
2.10588
2.13531
2.17247
2.19782
2.24078
2.28719
2.33415
2.41476
2.51107
2.62317
2.77651
2.96991
3.20514
3.38343
3.38246
3.3904
3.40902
3.43734
3.4706
3.49739
3.49956
3.49914
3.48137
3.47066
3.46232
3.4574
3.44681
3.42971
3.40216
3.37599
3.35507
3.3364
3.31637
3.29343
3.27107
3.24918
3.22646
3.20232
3.18093
3.16149
3.14264
3.12369
3.1044
3.08462
3.0643
3.04404
3.02431
3.00476
2.98636
2.96868
2.94867
2.93069
2.9122
2.89267
2.87475
2.86025
2.84101
2.82461
2.81414
2.79769
2.78767
2.77766
2.75693
4.4542
4.19439
3.93805
3.76875
3.58412
3.47069
3.34663
3.21161
3.05284
2.86708
2.70694
2.59279
2.50936
2.41807
2.32475
2.22661
2.12305
2.03369
1.94872
1.87874
1.82961
1.79154
1.76033
1.74717
1.79723
1.92377
2.25722
2.36797
2.44478
2.47785
2.41028
2.33015
2.27875
2.25584
2.23555
2.2216
2.20304
2.18295
2.18435
2.19633
2.20374
2.21532
2.2265
2.25015
2.29103
2.32468
2.39268
2.51235
2.65354
2.78916
3.08679
3.32173
3.43352
3.41532
3.40777
3.41737
3.44541
3.45313
3.46197
3.46002
3.45937
3.45736
3.45136
3.43915
3.42133
3.40142
3.38233
3.36363
3.34301
3.32127
3.29886
3.27588
3.25279
3.23024
3.20932
3.19011
3.17149
3.15339
3.13514
3.11668
3.09772
3.07865
3.05952
3.04054
3.02062
3.00196
2.98206
2.96176
2.94261
2.92137
2.90113
2.88198
2.86505
2.84472
2.83046
2.81932
2.80427
2.7908
2.77839
2.75897
4.50502
4.24754
3.99375
3.79682
3.61648
3.50229
3.38951
3.26901
3.1288
2.98992
2.83062
2.70324
2.60405
2.52516
2.45084
2.37033
2.27628
2.1927
2.10367
2.02841
1.98522
1.96001
1.95349
1.98381
2.11282
2.465
2.83818
2.90251
2.90792
2.84701
2.74523
2.66173
2.58486
2.51661
2.4632
2.4182
2.36717
2.32826
2.28546
2.25451
2.22376
2.21355
2.21716
2.21953
2.22619
2.2345
2.27328
2.32252
2.38702
2.51236
2.68326
2.84882
3.20404
3.43625
3.44336
3.41921
3.40572
3.41266
3.42811
3.45408
3.46348
3.45902
3.4459
3.42915
3.41525
3.40454
3.39278
3.37215
3.34624
3.32426
3.30497
3.2861
3.26736
3.24929
3.22624
3.20479
3.18526
3.16622
3.1474
3.12866
3.11011
3.09174
3.07357
3.05277
3.03229
3.01167
2.99085
2.97051
2.95025
2.92816
2.90765
2.88962
2.86677
2.84928
2.83575
2.81643
2.80015
2.78919
2.77895
2.75504
4.55631
4.301
4.05899
3.84351
3.66747
3.54487
3.42781
3.31166
3.18885
3.05093
2.93878
2.7884
2.67399
2.60393
2.54116
2.47078
2.38709
2.31298
2.20726
2.13522
2.11013
2.10188
2.13254
2.2703
2.49103
3.1661
3.27788
3.28985
3.24104
3.12106
3.016
2.9187
2.82691
2.73022
2.65652
2.58677
2.52539
2.47395
2.42674
2.3729
2.31191
2.26775
2.23931
2.21678
2.21346
2.21562
2.22158
2.2274
2.25546
2.31051
2.3926
2.53334
2.71431
3.01773
3.335
3.44124
3.43738
3.40844
3.41087
3.42039
3.44474
3.44656
3.44372
3.43643
3.42441
3.41192
3.39783
3.38072
3.36188
3.34309
3.32333
3.30281
3.28309
3.26313
3.24245
3.21959
3.19875
3.17955
3.16079
3.14241
3.12401
3.10503
3.0853
3.06289
3.0407
3.01854
2.99753
2.97707
2.95561
2.93282
2.91397
2.8913
2.86991
2.85412
2.83215
2.81383
2.79825
2.78689
2.77189
2.74655
4.62693
4.36801
4.13241
3.91046
3.73301
3.59575
3.4752
3.35094
3.23454
3.10163
2.98913
2.86343
2.74292
2.65797
2.58819
2.52725
2.46271
2.40041
2.27776
2.21999
2.20743
2.22951
2.35153
2.54585
3.17861
3.60438
3.60995
3.54289
3.43724
3.34124
3.24065
3.13968
3.03198
2.93158
2.83561
2.74576
2.67072
2.60599
2.52533
2.45827
2.4135
2.37394
2.32622
2.27031
2.2345
2.22636
2.21286
2.20386
2.19793
2.21095
2.24727
2.31633
2.42563
2.59538
2.77322
3.19556
3.47974
3.48437
3.44609
3.41246
3.40609
3.43023
3.43721
3.43497
3.42551
3.41063
3.39919
3.38884
3.37555
3.35738
3.33614
3.31541
3.29624
3.27808
3.25942
3.23971
3.22008
3.20162
3.18288
3.16315
3.14273
3.12131
3.09883
3.07567
3.05173
3.02803
3.00577
2.98366
2.96028
2.93973
2.91814
2.8946
2.87579
2.85358
2.83053
2.81416
2.79734
2.78022
2.76356
2.74053
4.68735
4.44696
4.21593
3.99072
3.80779
3.65722
3.53496
3.40913
3.28216
3.15735
3.02135
2.91472
2.80378
2.70585
2.63559
2.57464
2.52175
2.42537
2.34891
2.31561
2.32369
2.42089
2.64237
3.20293
3.73947
3.75266
3.73108
3.67662
3.60108
3.50979
3.4102
3.30719
3.19408
3.08774
2.97871
2.88288
2.80361
2.71498
2.64014
2.58428
2.53731
2.46476
2.4069
2.37064
2.33369
2.2899
2.23709
2.20145
2.18368
2.19689
2.2068
2.21807
2.2552
2.32116
2.45708
2.65814
2.92097
3.30597
3.47586
3.48633
3.39903
3.38514
3.38186
3.40529
3.40191
3.39607
3.39044
3.38124
3.35854
3.34216
3.32885
3.31711
3.3054
3.28778
3.26431
3.24396
3.22502
3.20645
3.18748
3.16802
3.14813
3.12767
3.10645
3.08437
3.05961
3.03555
3.01207
2.98821
2.96571
2.94395
2.92015
2.8993
2.87889
2.85332
2.83494
2.81183
2.79315
2.77572
2.75809
2.73331
4.72731
4.51139
4.29892
4.07685
3.88719
3.72542
3.59776
3.47458
3.34815
3.22743
3.08779
2.95407
2.84858
2.74868
2.6737
2.61018
2.5391
2.45828
2.4354
2.43177
2.49744
2.73706
3.15882
3.76195
3.84376
3.84781
3.82073
3.77096
3.70413
3.62575
3.53582
3.43487
3.3297
3.22277
3.11495
3.02195
2.92504
2.83802
2.76904
2.70763
2.62907
2.56245
2.51758
2.4735
2.41427
2.35368
2.31646
2.27844
2.25078
2.21844
2.20118
2.18802
2.18534
2.19845
2.25107
2.34207
2.50639
2.68172
3.09773
3.41935
3.46754
3.43665
3.37927
3.36264
3.36024
3.38277
3.38396
3.37861
3.36171
3.34423
3.33429
3.32532
3.31474
3.29937
3.27734
3.25309
3.23256
3.21382
3.1948
3.17542
3.15526
3.13374
3.11093
3.08729
3.06233
3.03835
3.01482
2.99045
2.96556
2.94198
2.91763
2.89604
2.8738
2.85063
2.82767
2.80293
2.78487
2.76906
2.74663
2.72168
4.77139
4.57774
4.36507
4.16
3.9661
3.80001
3.66175
3.53163
3.40745
3.28683
3.15696
3.01801
2.90566
2.80191
2.71704
2.63536
2.55727
2.52203
2.52399
2.58573
2.80099
3.13942
3.75603
3.93646
3.9407
3.90788
3.86533
3.82216
3.77115
3.70663
3.62726
3.53671
3.44115
3.34009
3.24205
3.14465
3.04809
2.9656
2.89203
2.80765
2.73218
2.67778
2.62761
2.5522
2.49365
2.45246
2.41952
2.37438
2.33141
2.27749
2.23621
2.20102
2.16257
2.16568
2.17863
2.19726
2.25503
2.36354
2.5423
2.75042
3.21208
3.4526
3.48096
3.38
3.33512
3.33296
3.35912
3.3574
3.35396
3.34182
3.32942
3.32037
3.30619
3.29151
3.27614
3.25982
3.24265
3.22357
3.20345
3.1821
3.15949
3.13523
3.11012
3.08474
3.05941
3.03544
3.01116
2.98699
2.96114
2.93655
2.91338
2.89019
2.86689
2.84535
2.81879
2.79426
2.77397
2.75569
2.73603
2.71107
4.81069
4.64415
4.43471
4.23143
4.03254
3.86316
3.72
3.58623
3.46163
3.33972
3.21187
3.08244
2.96941
2.87199
2.7563
2.66145
2.61933
2.61499
2.66254
2.86064
3.15717
3.80211
3.99558
4.01305
3.95538
3.92247
3.89808
3.86957
3.82832
3.77045
3.70101
3.62501
3.54242
3.45368
3.36219
3.2644
3.17299
3.09136
2.99977
2.90944
2.85072
2.78791
2.7182
2.65344
2.60996
2.56287
2.50731
2.43986
2.38065
2.33455
2.28376
2.24399
2.19954
2.17913
2.15697
2.15323
2.1516
2.17595
2.25315
2.40273
2.61807
2.96993
3.33825
3.45421
3.45797
3.35163
3.30877
3.30602
3.33177
3.33531
3.3351
3.32882
3.31823
3.29022
3.27339
3.25979
3.24534
3.22862
3.20896
3.18493
3.15998
3.1346
3.10884
3.0832
3.05743
3.03275
3.0078
2.98315
2.95929
2.92992
2.9071
2.88404
2.85939
2.83642
2.81092
2.78405
2.76198
2.74244
2.72218
2.69695
4.81674
4.67004
4.50322
4.30893
4.10719
3.92443
3.77014
3.63531
3.51139
3.39727
3.26859
3.14094
3.03373
2.94029
2.80718
2.73327
2.71872
2.75529
2.92668
3.18811
3.87593
4.10413
4.11826
4.03527
3.9986
3.97689
3.95316
3.92153
3.88088
3.83194
3.77566
3.71002
3.63639
3.55601
3.47125
3.38258
3.2947
3.20445
3.10624
3.03818
2.96345
2.88466
2.8202
2.76529
2.70602
2.63746
2.56321
2.50872
2.45173
2.40394
2.3516
2.31297
2.26938
2.23674
2.17685
2.16002
2.11878
2.11972
2.13613
2.19456
2.30782
2.4842
2.66633
3.12934
3.42683
3.44041
3.40341
3.33289
3.30027
3.30423
3.31973
3.32276
3.32079
3.30743
3.28263
3.2633
3.2465
3.22943
3.20999
3.18704
3.16278
3.13777
3.11017
3.08484
3.05981
3.03489
3.01031
2.98456
2.95856
2.927
2.89994
2.87672
2.85196
2.82894
2.80504
2.77681
2.7514
2.73017
2.70745
2.68165
4.85627
4.71302
4.55106
4.36793
4.18569
3.99239
3.82164
3.68692
3.56699
3.4543
3.33614
3.20236
3.09842
2.98255
2.88947
2.85266
2.87278
3.02168
3.25302
3.94013
4.25174
4.27462
4.15325
4.09538
4.06824
4.04151
4.01123
3.9772
3.94021
3.8975
3.84767
3.78834
3.72181
3.64917
3.57
3.48619
3.39976
3.30285
3.22632
3.15132
3.05473
2.98892
2.92049
2.84966
2.76834
2.70135
2.63853
2.57737
2.52396
2.46732
2.42217
2.37132
2.32576
2.28357
2.23681
2.19622
2.14719
2.11956
2.10653
2.11769
2.14153
2.20327
2.33841
2.52176
2.73362
3.18862
3.41411
3.42794
3.35471
3.2957
3.27486
3.28082
3.28931
3.28891
3.27903
3.26236
3.24203
3.21697
3.19666
3.1761
3.15501
3.13269
3.10537
3.07769
3.0529
3.02835
3.00413
2.97943
2.95417
2.92086
2.89115
2.86833
2.84367
2.81938
2.79644
2.77101
2.73838
2.71725
2.69641
2.66652
4.68559
4.65598
4.53551
4.38723
4.22043
4.06766
3.8842
3.73413
3.62201
3.51196
3.3998
3.28555
3.13922
3.04443
3
3.01196
3.14531
3.35277
4.05264
4.4323
4.45331
4.30446
4.22784
4.19065
4.15585
4.1194
4.08311
4.04835
4.01194
3.97128
3.92422
3.87105
3.80966
3.74149
3.6652
3.58621
3.49514
3.41093
3.32938
3.22724
3.15072
3.07445
2.99338
2.91313
2.84271
2.77833
2.71726
2.65452
2.5985
2.5416
2.49419
2.44669
2.40233
2.35246
2.30658
2.25847
2.21282
2.15366
2.11106
2.08574
2.08461
2.09873
2.13037
2.20433
2.36681
2.57216
2.93537
3.31574
3.39257
3.39015
3.29977
3.24502
3.23943
3.25097
3.24753
3.23845
3.22302
3.2038
3.18119
3.15712
3.13605
3.11602
3.09392
3.069
3.04477
3.0203
2.9939
2.96764
2.93976
2.90884
2.87835
2.85545
2.83287
2.80747
2.7865
2.7658
2.72989
2.70577
2.6839
2.64953
4.6388
4.66831
4.54231
4.40688
4.25432
4.13112
3.96423
3.80266
3.68801
3.57953
3.4696
3.33204
3.21077
3.14426
3.15226
3.27817
3.48183
4.1808
4.61532
4.63544
4.46447
4.3787
4.33428
4.29102
4.24488
4.19582
4.15434
4.11879
4.08256
4.04352
3.99849
3.94687
3.88736
3.82099
3.74823
3.66917
3.58615
3.50196
3.40362
3.31781
3.23312
3.14562
3.07342
3.0037
2.93263
2.86317
2.79511
2.73353
2.67166
2.61599
2.55905
2.51003
2.45884
2.40428
2.35321
2.30185
2.25465
2.20042
2.16332
2.12567
2.09943
2.0713
2.05775
2.07958
2.1429
2.25331
2.43235
2.62058
3.08326
3.37377
3.38536
3.35458
3.26741
3.21219
3.20773
3.20274
3.19932
3.19324
3.17831
3.15752
3.12722
3.10297
3.08131
3.05606
3.02962
3.00458
2.97892
2.95195
2.91856
2.89061
2.86201
2.83847
2.81932
2.79487
2.77166
2.74997
2.72361
2.69198
2.66391
2.62824
4.28343
4.58771
4.61822
4.48637
4.32628
4.17262
4.05233
3.88096
3.74618
3.65464
3.52708
3.39133
3.32024
3.30779
3.41908
3.63896
4.31707
4.78556
4.80141
4.62493
4.52822
4.48122
4.43453
4.38539
4.33241
4.27673
4.2305
4.19091
4.15117
4.10843
4.06128
4.00842
3.94997
3.8849
3.81482
3.73832
3.65817
3.57306
3.4877
3.40253
3.31584
3.2365
3.15898
3.08266
3.00702
2.93421
2.86512
2.79957
2.73735
2.67824
2.61945
2.56149
2.50594
2.45197
2.39934
2.34716
2.29332
2.24253
2.20341
2.16403
2.13754
2.08902
2.06282
2.06237
2.07056
2.09583
2.16667
2.29287
2.49028
2.754
3.17169
3.3391
3.3369
3.28144
3.2114
3.16348
3.16467
3.16207
3.16054
3.14857
3.1275
3.10233
3.07366
3.0439
3.01555
2.98987
2.96256
2.93453
2.89894
2.8697
2.84478
2.82186
2.80075
2.77819
2.75258
2.73169
2.71088
2.67619
2.64156
2.60517
3.29404
4.45342
4.57254
4.52032
4.40523
4.26559
4.13518
3.95191
3.7954
3.69338
3.56138
3.48564
3.47667
3.58457
3.81945
4.50607
5.0104
5.00775
4.84112
4.71042
4.64719
4.59282
4.53893
4.48494
4.42739
4.36039
4.30321
4.25334
4.2067
4.15954
4.11024
4.05715
3.99975
3.93716
3.87
3.79775
3.72181
3.64195
3.55998
3.47462
3.39126
3.30906
3.22902
3.15208
3.07651
3.0023
2.93026
2.86333
2.80111
2.74102
2.68308
2.62646
2.57142
2.5176
2.46512
2.41276
2.35847
2.30922
2.2626
2.22251
2.18837
2.14979
2.11716
2.08305
2.04809
2.04315
2.05374
2.09103
2.18091
2.34513
2.53042
2.95339
3.27308
3.32061
3.3183
3.22519
3.15257
3.12776
3.12159
3.11605
3.10284
3.0824
3.06038
3.0278
2.992
2.96622
2.9415
2.9135
2.88483
2.84998
2.82194
2.79955
2.77695
2.75775
2.73705
2.71436
2.69039
2.65786
2.6198
2.58155
2.37087
3.83318
4.40336
4.51425
4.43196
4.31707
4.18799
4.06543
3.85719
3.72325
3.66125
3.64057
3.74424
3.99047
4.70429
5.25603
5.23041
5.07147
4.89468
4.80885
4.75547
4.69998
4.64263
4.58427
4.51353
4.44105
4.37639
4.31844
4.26431
4.21127
4.15804
4.10286
4.04508
3.98403
3.91927
3.85106
3.77857
3.7028
3.62359
3.54229
3.46019
3.37819
3.29829
3.21903
3.14143
3.0664
2.99292
2.9242
2.859
2.79624
2.73552
2.67539
2.61878
2.56284
2.5115
2.45608
2.40707
2.35027
2.30434
2.25945
2.21837
2.18721
2.15365
2.11705
2.06454
2.0449
2.01936
2.0284
2.05465
2.11393
2.22096
2.40416
2.60847
3.04117
3.26489
3.26828
3.22237
3.13999
3.0809
3.07313
3.06673
3.05502
3.03332
3.00651
2.97198
2.94059
2.91757
2.89274
2.86157
2.8336
2.80637
2.77784
2.75841
2.73984
2.71785
2.69108
2.6634
2.63754
2.59533
2.55218
1.66165
2.86771
4.14248
4.37504
4.38389
4.29171
4.18221
4.05799
3.90144
3.80883
3.81334
3.93261
4.19047
4.91546
5.52603
5.48503
5.32352
5.09461
4.97838
4.92178
4.86379
4.79875
4.73119
4.6614
4.59023
4.51548
4.44211
4.3757
4.31501
4.25694
4.20001
4.14259
4.08413
4.02408
3.96186
3.8967
3.82818
3.75597
3.68021
3.60201
3.52198
3.44129
3.36034
3.27997
3.20118
3.125
3.05178
2.98142
2.91406
2.84908
2.7852
2.72304
2.66371
2.60796
2.55429
2.50335
2.45096
2.39813
2.35416
2.31577
2.2782
2.24456
2.20238
2.16144
2.12587
2.09189
2.04806
2.0163
2.00873
2.01179
2.03941
2.102
2.24668
2.4521
2.76148
3.07816
3.17508
3.17203
3.1388
3.06247
3.01391
3.00532
2.99133
2.97051
2.9454
2.91879
2.89152
2.86501
2.8324
2.8074
2.78574
2.75978
2.73685
2.7167
2.6958
2.67203
2.64457
2.61744
2.56894
2.52611
1.40493
1.83774
3.24521
4.28673
4.34353
4.30274
4.22527
4.06267
3.97297
3.9718
4.11749
4.41488
5.18396
5.83446
5.77751
5.61241
5.32284
5.17253
5.10686
5.04231
4.96893
4.89219
4.81412
4.7423
4.67292
4.59652
4.51778
4.44472
4.37746
4.31394
4.25216
4.1909
4.12893
4.06644
4.00305
3.93857
3.87179
3.80223
3.72971
3.65423
3.57709
3.49857
3.41911
3.33874
3.25938
3.18209
3.1077
3.03624
2.96786
2.90108
2.83665
2.77331
2.71388
2.65704
2.60239
2.55011
2.49613
2.44462
2.39703
2.35486
2.31499
2.27373
2.2293
2.19206
2.15195
2.11079
2.07062
2.02539
1.9925
1.9685
1.96896
1.98249
2.02487
2.12026
2.27385
2.40937
2.80591
3.07045
3.10344
3.10653
3.00864
2.94829
2.92538
2.91632
2.9027
2.88155
2.85583
2.82256
2.79814
2.77299
2.74842
2.72585
2.70433
2.68351
2.66537
2.64627
2.62253
2.58959
2.53749
2.50363
1.41959
1.50134
2.38351
3.69245
4.25891
4.34275
4.23834
4.1326
4.1326
4.30832
4.62106
5.49171
6.14407
6.06658
5.8847
5.56324
5.37427
5.29767
5.22428
5.14308
5.05841
4.97346
4.89226
4.81238
4.73623
4.65697
4.57403
4.49541
4.42235
4.35282
4.28578
4.22051
4.15603
4.09225
4.02861
3.96482
3.90026
3.83423
3.76608
3.6955
3.62258
3.54735
3.47
3.39074
3.31161
3.23403
3.15852
3.08507
3.0136
2.94436
2.87615
2.81122
2.74898
2.69173
2.63431
2.5805
2.52549
2.47473
2.42566
2.38314
2.34294
2.30474
2.26633
2.22697
2.182
2.14025
2.10247
2.06756
2.0285
1.9898
1.94919
1.94552
1.92761
1.92615
1.96149
2.08249
2.25123
2.52888
2.86393
2.98056
2.9873
2.95744
2.89062
2.84785
2.83061
2.8132
2.79513
2.77309
2.75176
2.72567
2.70029
2.68198
2.66669
2.65051
2.63037
2.60833
2.58772
2.54072
2.50164
2.49168
1.38274
1.4937
1.66392
2.77411
4.03345
4.23726
4.22892
4.22466
4.46275
4.79328
5.85018
6.44514
6.35211
6.13001
5.80501
5.59857
5.5088
5.42508
5.33367
5.24449
5.15262
5.06672
4.98354
4.89535
4.80859
4.72706
4.64195
4.55701
4.47687
4.40135
4.32992
4.26107
4.19329
4.12568
4.05852
3.99263
3.92757
3.86288
3.79705
3.72945
3.65961
3.58711
3.51228
3.43484
3.35787
3.28191
3.20766
3.13414
3.06278
2.99221
2.92416
2.85691
2.79388
2.7338
2.67681
2.62186
2.5662
2.5147
2.46493
2.42123
2.37786
2.33561
2.29181
2.24872
2.20227
2.15469
2.11324
2.06566
2.02827
1.9784
1.93924
1.89684
1.86822
1.82218
1.81309
1.83652
1.90206
2.0441
2.19198
2.53436
2.78365
2.82952
2.83695
2.80494
2.75221
2.71802
2.70329
2.69365
2.68247
2.65693
2.63726
2.62172
2.60831
2.59758
2.58173
2.5609
2.5255
2.48723
2.47904
2.48924
1.43211
1.30802
1.40125
1.80252
3.1493
3.95017
4.20838
4.58089
5.17653
6.42
6.78237
6.67605
6.38009
6.05143
5.84967
5.7441
5.6468
5.53718
5.42976
5.32958
5.234
5.13745
5.04428
4.95423
4.86243
4.77414
4.69002
4.60455
4.5198
4.43842
4.3608
4.28702
4.21625
4.14579
4.07559
4.00694
3.94068
3.87614
3.8114
3.74544
3.67751
3.60733
3.53378
3.45933
3.38532
3.31232
3.23912
3.16678
3.09456
3.02423
2.95264
2.88471
2.81815
2.75487
2.69669
2.63651
2.58019
2.52413
2.47381
2.42514
2.37875
2.33077
2.28483
2.23548
2.18667
2.13673
2.09037
2.04299
1.99907
1.94795
1.90811
1.86677
1.83041
1.78022
1.73899
1.70807
1.72222
1.757
1.84135
1.96019
2.24559
2.53843
2.66602
2.6908
2.69067
2.63657
2.59617
2.58371
2.57784
2.56551
2.55109
2.54057
2.53189
2.52571
2.51815
2.499
2.45907
2.44043
2.44313
2.50763
1.40857
1.39699
1.41602
1.54933
2.14717
3.35005
4.29375
5.42667
7.09176
7.1573
6.98667
6.60731
6.26063
6.10165
5.99495
5.89266
5.7827
5.67014
5.56549
5.46572
5.36745
5.26772
5.16378
5.06551
4.96741
4.8692
4.77536
4.68554
4.59491
4.50465
4.41788
4.33532
4.25648
4.17919
4.10209
4.02298
3.94779
3.87703
3.80793
3.73892
3.66927
3.59794
3.52474
3.45258
3.38083
3.30867
3.23628
3.16358
3.09208
3.02082
2.95068
2.88374
2.81836
2.75711
2.69623
2.63921
2.57903
2.52321
2.46746
2.4149
2.3617
2.30925
2.25639
2.20357
2.148
2.09555
2.04595
2.00025
1.95467
1.91212
1.86857
1.82951
1.79132
1.75542
1.71637
1.66881
1.63556
1.61275
1.62289
1.69335
1.82646
1.98123
2.28794
2.50296
2.53767
2.54104
2.52167
2.46567
2.43959
2.43398
2.4331
2.43325
2.42874
2.42623
2.42845
2.4099
2.38732
2.39049
2.4081
2.59075
1.40873
1.40785
1.38997
1.46419
1.68497
2.42987
4.21417
6.88172
7.06786
6.97574
6.50523
6.25549
6.12838
6.05484
5.97618
5.8831
5.77913
5.67484
5.57581
5.47644
5.37614
5.27942
5.1785
5.0768
4.98137
4.88121
4.77869
4.68043
4.58716
4.49222
4.39595
4.30259
4.21343
4.12785
4.04662
3.96007
3.8777
3.80204
3.72785
3.65388
3.57985
3.50416
3.43057
3.35908
3.28856
3.218
3.14701
3.07639
3.00687
2.93823
2.87124
2.80638
2.74454
2.68399
2.62657
2.56928
2.51204
2.45539
2.40075
2.34784
2.29667
2.2461
2.19652
2.14704
2.09753
2.04937
2.00515
1.96293
1.92221
1.88149
1.84129
1.80333
1.76621
1.73003
1.69374
1.65317
1.59081
1.56953
1.557
1.57202
1.61293
1.70959
1.82345
2.10082
2.3268
2.40585
2.41488
2.40528
2.37059
2.34759
2.32984
2.31765
2.3097
2.30234
2.29576
2.29675
2.31119
2.31379
2.372
2.78852
1.40932
1.4076
1.40698
1.39061
1.73531
2.1343
5.02482
6.35734
6.39277
6.00179
5.66723
5.61986
5.65929
5.67594
5.65305
5.61361
5.55369
5.483
5.40202
5.31605
5.22469
5.1342
5.04078
4.93872
4.83753
4.73977
4.63475
4.5282
4.42606
4.32724
4.22844
4.13085
4.03549
3.94249
3.85296
3.76523
3.68312
3.60708
3.53369
3.46132
3.38902
3.3176
3.24957
3.1849
3.12157
3.05888
2.99725
2.93691
2.87751
2.81947
2.76285
2.70736
2.65382
2.60184
2.55065
2.50024
2.4489
2.39931
2.35118
2.30285
2.2558
2.21023
2.16503
2.11982
2.07416
2.029
1.987
1.94734
1.90834
1.87043
1.83407
1.79876
1.76367
1.7288
1.69413
1.65655
1.61932
1.57453
1.54522
1.53375
1.538
1.5624
1.62773
1.75076
1.90991
2.15339
2.31224
2.32363
2.31615
2.30858
2.28323
2.26089
2.24666
2.23599
2.20112
2.20836
2.23934
2.30742
2.43036
3.04901
1.40831
1.40809
1.39447
1.41886
1.78852
2.56592
6.46628
6.28771
5.76779
5.54726
5.5314
5.51586
5.49738
5.45233
5.36123
5.28235
5.20838
5.13194
5.04862
4.96396
4.87951
4.7923
4.70593
4.61372
4.51537
4.41871
4.32593
4.23366
4.14283
4.05441
3.96836
3.88458
3.8045
3.72598
3.6497
3.57466
3.5034
3.43739
3.37412
3.31238
3.2505
3.18802
3.12797
3.0704
3.01372
2.95813
2.90389
2.85147
2.80016
2.75019
2.70182
2.65427
2.60797
2.56294
2.51787
2.4718
2.42643
2.38133
2.33747
2.2909
2.24523
2.20198
2.15942
2.11651
2.0735
2.03087
1.99043
1.95038
1.91305
1.87895
1.846
1.81298
1.7791
1.74502
1.70993
1.67034
1.63293
1.59641
1.56664
1.52752
1.51816
1.51503
1.52665
1.58093
1.69747
1.8105
2.045
2.20453
2.25456
2.25913
2.25048
2.22786
2.19137
2.16371
2.16018
2.17694
2.24118
2.44876
2.76604
3.38734
1.40832
1.40791
1.39858
1.41618
1.74543
2.54866
6.74668
6.37652
6.17159
6.01372
5.89286
5.74854
5.60068
5.48833
5.40854
5.33268
5.25035
5.16081
5.06144
4.96372
4.86635
4.76685
4.66556
4.56622
4.46651
4.36624
4.26891
4.17431
4.08261
3.99242
3.90508
3.82174
3.74249
3.66668
3.59372
3.52329
3.45684
3.39281
3.33098
3.27134
3.21168
3.15276
3.09416
3.03767
2.98331
2.93102
2.88097
2.83307
2.78666
2.74187
2.69864
2.65679
2.61568
2.57524
2.53429
2.49086
2.44818
2.40623
2.36386
2.3183
2.2738
2.23127
2.18898
2.14678
2.10462
2.06325
2.02298
1.98456
1.94748
1.91214
1.87744
1.84316
1.80845
1.77406
1.73632
1.69716
1.66222
1.63199
1.60313
1.57778
1.54575
1.52499
1.52531
1.52464
1.57568
1.68005
1.76364
1.95961
2.13335
2.21396
2.22346
2.19772
2.18128
2.13248
2.1413
2.20187
2.38377
2.66235
3.39591
3.60813
1.40828
1.40785
1.39804
1.41834
1.75795
2.60414
6.91793
6.26553
6.13285
6.07776
6.01218
5.9358
5.83046
5.71845
5.60352
5.48829
5.37445
5.26176
5.15237
5.04509
4.93983
4.83547
4.7318
4.63057
4.53062
4.42898
4.32625
4.22085
4.11821
4.02051
3.92822
3.84121
3.75942
3.68246
3.60898
3.5388
3.47249
3.40794
3.34531
3.28529
3.22598
3.16916
3.11369
3.05996
3.00974
2.96174
2.91572
2.8717
2.82903
2.78806
2.74815
2.70813
2.66862
2.6294
2.58969
2.54729
2.50572
2.46511
2.42305
2.38034
2.33776
2.29633
2.25543
2.2148
2.17429
2.134
2.09369
2.05355
2.01459
1.97738
1.94132
1.90567
1.86956
1.83338
1.79331
1.7539
1.71906
1.68868
1.65827
1.62893
1.5977
1.56733
1.53845
1.53665
1.52775
1.57789
1.66397
1.73925
1.90557
2.10922
2.21675
2.20522
2.18198
2.17179
2.19661
2.35118
2.62229
3.34989
3.67269
3.63283
1.40829
1.4079
1.39849
1.416
1.74199
2.54238
6.82597
6.17917
6.05494
6.05532
6.02312
5.96052
5.86076
5.76353
5.67428
5.58234
5.48473
5.38109
5.2727
5.16142
5.04879
4.93585
4.82363
4.71256
4.60107
4.48925
4.37695
4.26766
4.16289
4.06354
3.97029
3.88291
3.80134
3.72499
3.65268
3.58368
3.51809
3.45577
3.39637
3.33979
3.28684
3.2375
3.18872
3.14297
3.09899
3.05631
3.01534
2.97566
2.93576
2.89691
2.85839
2.81917
2.77961
2.73985
2.69916
2.65608
2.61296
2.56968
2.5257
2.48051
2.43433
2.38813
2.34247
2.29713
2.25189
2.20674
2.16156
2.11693
2.07427
2.0335
1.99403
1.95458
1.91524
1.87513
1.83263
1.79109
1.75593
1.7227
1.69199
1.66119
1.63012
1.59751
1.56409
1.53254
1.51808
1.51494
1.56142
1.63019
1.70242
1.87972
2.10278
2.16872
2.20073
2.24084
2.36683
2.57531
3.31398
3.71095
3.70527
3.68908
1.40828
1.40788
1.39831
1.41666
1.74841
2.57069
6.92127
6.17507
6.02598
6.03256
5.99998
5.94125
5.85274
5.7728
5.69069
5.60188
5.50566
5.40455
5.30073
5.19478
5.08787
4.98041
4.87171
4.76043
4.64745
4.53398
4.42153
4.3114
4.20528
4.1051
4.0111
3.9222
3.83816
3.75876
3.683
3.61094
3.54288
3.47891
3.41905
3.36361
3.31366
3.26805
3.22563
3.18585
3.14671
3.10933
3.07398
3.03801
3.00095
2.96455
2.927
2.88774
2.84747
2.80635
2.76388
2.71915
2.67346
2.62727
2.58034
2.53243
2.48342
2.43419
2.38508
2.33632
2.28796
2.24009
2.1924
2.14552
2.10061
2.05805
2.0165
1.97572
1.93462
1.89367
1.84894
1.80853
1.77296
1.73987
1.70777
1.6756
1.64362
1.61127
1.58121
1.54122
1.51328
1.49176
1.4958
1.53062
1.59162
1.67748
1.8252
2.01619
2.19021
2.35212
2.54174
3.14466
3.68268
3.71324
3.74368
3.74179
1.40829
1.40791
1.39852
1.41561
1.74064
2.53893
6.84651
6.15268
5.98761
6.0159
5.98807
5.9326
5.839
5.75449
5.67028
5.58346
5.49267
5.39844
5.3007
5.19911
5.09482
4.98858
4.87835
4.76528
4.65166
4.53854
4.4266
4.31781
4.21326
4.11413
4.0203
3.93005
3.84313
3.75996
3.68055
3.60491
3.53346
3.46621
3.40339
3.34579
3.29441
3.24828
3.20656
3.16952
3.13438
3.10153
3.06899
3.03571
3.00145
2.96765
2.93204
2.89453
2.85605
2.81642
2.77493
2.73116
2.68623
2.64048
2.59392
2.5462
2.49742
2.44778
2.3982
2.34875
2.2997
2.25096
2.20267
2.15508
2.1096
2.06603
2.02408
1.98244
1.9407
1.89872
1.85354
1.81259
1.77671
1.74356
1.71099
1.67818
1.6444
1.61187
1.57753
1.54782
1.51614
1.47766
1.46273
1.4719
1.49795
1.55496
1.65341
1.81992
2.09354
2.46322
2.89934
3.50387
3.68028
3.67631
3.67043
3.65238
1.40829
1.4079
1.39847
1.41578
1.74245
2.54723
6.87023
6.15761
5.98276
6.01546
5.987
5.93091
5.83928
5.75715
5.67433
5.58768
5.4967
5.40215
5.30482
5.20375
5.09998
4.99445
4.88393
4.77015
4.65605
4.54231
4.43023
4.32127
4.21651
4.11693
4.02138
3.92869
3.83954
3.75382
3.67178
3.59363
3.51952
3.44951
3.38398
3.32366
3.2696
3.22082
3.17729
3.13942
3.10618
3.07542
3.04476
3.01316
2.98093
2.94914
2.91526
2.87925
2.8421
2.80357
2.76299
2.71982
2.6752
2.62962
2.58317
2.53566
2.48676
2.43694
2.38708
2.33742
2.28825
2.23951
2.19133
2.14391
2.09854
2.05501
2.01315
1.97164
1.92992
1.88826
1.84291
1.80226
1.76729
1.7344
1.70202
1.66961
1.63534
1.60144
1.57081
1.54132
1.51615
1.47157
1.43544
1.43569
1.44738
1.475
1.56256
1.74962
2.0791
2.4527
3.15771
3.58331
3.58867
3.57212
3.55934
3.53187
)
;

boundaryField
{
    inlet
    {
        type            calculated;
        value           uniform 1.40845;
    }
    outlet
    {
        type            calculated;
        value           nonuniform List<scalar> 
40
(
2.04962
2.10801
2.25797
2.40477
2.51603
2.60969
2.6775
2.71912
2.74542
2.75693
2.75897
2.75504
2.74655
2.74053
2.73331
2.72168
2.71107
2.69695
2.68165
2.66652
2.64953
2.62824
2.60517
2.58155
2.55218
2.52611
2.50363
2.49168
2.48924
2.50763
2.59075
2.78852
3.04901
3.38734
3.60813
3.63283
3.68908
3.74179
3.65238
3.53187
)
;
    }
    bottom
    {
        type            symmetryPlane;
    }
    top
    {
        type            symmetryPlane;
    }
    obstacle
    {
        type            calculated;
        value           nonuniform List<scalar> 
110
(
6.70142
6.70268
6.68914
6.66282
6.62645
6.56588
6.49835
6.37857
6.21476
5.96152
1.83569
1.99946
2.26896
2.00211
2.18917
2.00194
1.78495
1.69222
1.65474
1.65465
1.66157
1.62246
1.55289
1.48623
1.45366
1.44307
1.4407
1.43924
1.43788
1.42904
1.41845
1.40365
1.39441
1.38887
1.3863
1.38456
1.3886
1.39598
1.41857
1.44008
1.47741
1.52865
1.58761
1.63903
1.691
1.75003
1.81188
1.87255
1.93034
2.02004
2.08714
2.15159
2.23054
2.2994
2.34453
2.38439
2.43441
2.47537
2.50378
2.53252
2.56406
2.58492
2.60333
2.61321
2.61918
2.62222
2.62114
2.61677
2.61021
2.60083
2.58808
2.57412
2.55923
2.54337
2.52613
2.50817
2.49017
2.47201
2.454
2.43497
2.41601
2.39721
2.37837
2.36023
2.34188
2.32431
2.30609
2.28871
2.27171
2.25456
2.23849
2.22321
2.20821
2.19446
2.1812
2.16867
2.15715
2.1457
2.13541
2.12545
2.11609
2.10771
2.09929
2.09132
2.08386
2.07738
2.07139
2.06545
2.06298
2.04962
)
;
    }
    defaultFaces
    {
        type            empty;
    }
}


// ************************************************************************* //
