/*--------------------------------*- C++ -*----------------------------------*\
| =========                 |                                                 |
| \\      /  F ield         | OpenFOAM: The Open Source CFD Toolbox           |
|  \\    /   O peration     | Version:  v2106                                 |
|   \\  /    A nd           | Website:  www.openfoam.com                      |
|    \\/     M anipulation  |                                                 |
\*---------------------------------------------------------------------------*/
FoamFile
{
    version     2.0;
    format      ascii;
    arch        "LSB;label=32;scalar=64";
    class       volScalarField;
    location    "17";
    object      psi;
}
// * * * * * * * * * * * * * * * * * * * * * * * * * * * * * * * * * * * * * //

dimensions      [0 -2 2 0 0 0 0];

internalField   nonuniform List<scalar> 
5250
(
1.40845
1.40845
1.40845
1.40845
1.40845
1.40845
1.40845
1.40845
1.40844
1.40832
1.40732
1.39854
1.32986
1.05991
0.69163
0.469716
0.584776
0.608165
0.596266
0.597613
0.596758
0.59549
0.596631
0.59764
0.58591
1.40845
1.40845
1.40845
1.40845
1.40845
1.40845
1.40845
1.40845
1.40844
1.40833
1.40735
1.39884
1.33186
1.06478
0.696103
0.46731
0.586295
0.609757
0.597529
0.59867
0.597731
0.596381
0.597513
0.598417
0.586241
1.40845
1.40845
1.40845
1.40845
1.40845
1.40845
1.40845
1.40845
1.40844
1.40833
1.40742
1.39948
1.33626
1.07582
0.706232
0.458979
0.58685
0.611103
0.598759
0.600341
0.599541
0.598193
0.599426
0.60044
0.58806
1.40845
1.40845
1.40845
1.40845
1.40845
1.40845
1.40845
1.40845
1.40844
1.40834
1.40749
1.40029
1.34251
1.09256
0.720808
0.457562
0.582093
0.60929
0.598022
0.600543
0.600296
0.599751
0.601463
0.602865
0.590451
1.40845
1.40845
1.40845
1.40845
1.40845
1.40845
1.40845
1.40845
1.40844
1.40836
1.40761
1.40134
1.35017
1.11454
0.74074
0.45714
0.575471
0.605223
0.595702
0.599734
0.600583
0.601536
0.604036
0.605918
0.593823
1.40845
1.40845
1.40845
1.40845
1.40845
1.40845
1.40845
1.40845
1.40844
1.40838
1.40782
1.40291
1.35883
1.14122
0.765987
0.453471
0.564388
0.597922
0.591238
0.597026
0.599721
0.601948
0.606294
0.609979
0.598619
1.40845
1.40845
1.40845
1.40845
1.40845
1.40845
1.40845
1.40845
1.40844
1.4084
1.40796
1.40403
1.36711
1.17021
0.798153
0.449009
0.549286
0.586277
0.584063
0.592299
0.598098
0.603257
0.610549
0.614559
0.605291
1.40845
1.40845
1.40845
1.40845
1.40845
1.40845
1.40845
1.40845
1.40845
1.40841
1.40802
1.4046
1.37386
1.19701
0.833069
0.45658
0.545609
0.576702
0.576543
0.585847
0.594825
0.603358
0.612635
0.621888
0.616117
1.40845
1.40845
1.40845
1.40845
1.40845
1.40845
1.40845
1.40845
1.40845
1.40841
1.40811
1.4054
1.38075
1.22735
0.873262
0.473346
0.551228
0.567181
0.568461
0.575723
0.588022
0.602493
0.619388
0.629538
0.634331
1.40845
1.40845
1.40845
1.40845
1.40845
1.40845
1.40845
1.40845
1.40845
1.40842
1.40818
1.40603
1.38615
1.25398
0.918813
0.497475
0.566635
0.567749
0.569605
0.574589
0.584349
0.598924
0.621825
0.639115
0.678228
1.40845
1.40845
1.40845
1.40845
1.40845
1.40845
1.40845
1.40845
1.40845
1.40842
1.40822
1.40634
1.39052
1.28863
0.972807
0.525167
0.557867
0.581687
0.580119
0.577847
0.584746
0.600616
0.629646
0.672964
0.779665
1.40845
1.40845
1.40845
1.40845
1.40845
1.40845
1.40845
1.40845
1.40845
1.40843
1.40831
1.40717
1.3978
1.3241
1.03326
0.571289
0.544412
0.59911
0.597035
0.587752
0.588673
0.600294
0.627496
0.666945
0.812717
1.40845
1.40845
1.40845
1.40845
1.40845
1.40845
1.40845
1.40845
1.40845
1.40844
1.40838
1.40781
1.4025
1.35101
1.11514
0.728645
0.518931
0.627637
0.620144
0.603835
0.597985
0.603781
0.62773
0.659912
0.794883
1.40845
1.40845
1.40845
1.40845
1.40845
1.40845
1.40845
1.40845
1.40845
1.40844
1.4084
1.40796
1.40408
1.36977
1.18024
0.810009
0.487683
0.622256
0.631849
0.622208
0.611027
0.613653
0.631403
0.660882
0.763738
1.40845
1.40845
1.40845
1.40845
1.40845
1.40845
1.40845
1.40845
1.40845
1.40845
1.40842
1.40813
1.40562
1.38281
1.23853
0.893193
0.488364
0.611806
0.629406
0.636378
0.628728
0.627426
0.637877
0.661327
0.725901
1.40845
1.40845
1.40845
1.40845
1.40845
1.40845
1.40845
1.40845
1.40845
1.40845
1.40843
1.40824
1.40664
1.39253
1.29607
0.983216
0.514588
0.570934
0.637819
0.66046
0.65516
0.645624
0.649241
0.6656
0.706671
1.40845
1.40845
1.40845
1.40845
1.40845
1.40845
1.40845
1.40845
1.40845
1.40845
1.40844
1.40837
1.40766
1.40143
1.34883
1.09179
0.624592
0.528208
0.628004
0.658092
0.658785
0.657449
0.661679
0.673984
0.703164
1.40845
1.40845
1.40845
1.40845
1.40845
1.40845
1.40845
1.40845
1.40845
1.40845
1.40844
1.4084
1.40796
1.40419
1.37156
1.18797
0.818982
0.498732
0.624389
0.641603
0.664148
0.667166
0.673363
0.684738
0.706621
1.40845
1.40845
1.40845
1.40845
1.40845
1.40845
1.40845
1.40845
1.40845
1.40845
1.40845
1.40842
1.40817
1.40607
1.38803
1.2709
0.936566
0.508916
0.595512
0.64312
0.673683
0.680807
0.687968
0.698443
0.715341
1.40845
1.40845
1.40845
1.40845
1.40845
1.40845
1.40845
1.40845
1.40845
1.40845
1.40845
1.40844
1.40834
1.40742
1.39951
1.33435
1.05021
0.564733
0.55535
0.64168
0.681736
0.685159
0.691318
0.702353
0.719567
1.40845
1.40845
1.40845
1.40845
1.40845
1.40845
1.40845
1.40845
1.40845
1.40845
1.40845
1.40844
1.40839
1.4079
1.40388
1.37171
1.19914
0.798223
0.509472
0.632861
0.661135
0.69014
0.697712
0.707494
0.722861
1.40845
1.40845
1.40845
1.40845
1.40845
1.40845
1.40845
1.40845
1.40845
1.40845
1.40845
1.40844
1.4084
1.40833
1.40673
1.39432
1.29912
0.938498
0.532988
0.590106
0.662825
0.696672
0.705794
0.715692
0.728652
1.40845
1.40845
1.40845
1.40845
1.40845
1.40845
1.40845
1.40845
1.40845
1.40845
1.40845
1.40845
1.40844
1.40834
1.40758
1.4014
1.35456
1.13753
0.672318
0.535601
0.657657
0.677831
0.702711
0.716941
0.732339
1.40845
1.40845
1.40845
1.40845
1.40845
1.40845
1.40845
1.40845
1.40845
1.40845
1.40845
1.40845
1.40844
1.40835
1.40832
1.40625
1.39098
1.27878
0.86958
0.532301
0.622878
0.676961
0.706465
0.71895
0.733428
1.40845
1.40845
1.40845
1.40845
1.40845
1.40845
1.40845
1.40845
1.40845
1.40845
1.40845
1.40845
1.40845
1.40843
1.4083
1.40728
1.39921
1.33948
1.08593
0.574831
0.572373
0.673581
0.698458
0.718709
0.734469
1.40845
1.40845
1.40845
1.40845
1.40845
1.40845
1.40845
1.40845
1.40845
1.40845
1.40845
1.40845
1.40845
1.40844
1.40836
1.40827
1.406
1.38894
1.26554
0.806157
0.525041
0.635743
0.68834
0.720582
0.735075
1.40845
1.40845
1.40845
1.40845
1.40845
1.40845
1.40845
1.40845
1.40845
1.40845
1.40845
1.40845
1.40845
1.40845
1.40843
1.40828
1.40711
1.39824
1.33324
1.06588
0.568082
0.581344
0.681975
0.710536
0.731588
1.40845
1.40845
1.40845
1.40845
1.40845
1.40845
1.40845
1.40845
1.40845
1.40845
1.40845
1.40845
1.40845
1.40845
1.40844
1.40831
1.40831
1.40601
1.38854
1.267
0.80304
0.528975
0.638525
0.694557
0.730262
1.40845
1.40845
1.40845
1.40845
1.40845
1.40845
1.40845
1.40845
1.40845
1.40845
1.40845
1.40845
1.40845
1.40845
1.40845
1.40843
1.40828
1.40714
1.39876
1.33629
1.06739
0.575851
0.5847
0.687958
0.71138
1.40845
1.40845
1.40845
1.40845
1.40845
1.40845
1.40845
1.40845
1.40845
1.40845
1.40845
1.40845
1.40845
1.40845
1.40845
1.40844
1.40838
1.40853
1.4065
1.38883
1.27123
0.8343
0.543797
0.638737
0.705387
1.40845
1.40845
1.40845
1.40845
1.40845
1.40845
1.40845
1.40845
1.40845
1.40845
1.40845
1.40845
1.40845
1.40845
1.40845
1.40845
1.40844
1.40832
1.40739
1.40016
1.34455
1.09202
0.621725
0.582105
0.687243
1.40845
1.40845
1.40845
1.40845
1.40845
1.40845
1.40845
1.40845
1.40845
1.40845
1.40845
1.40845
1.40845
1.40845
1.40845
1.40845
1.40845
1.40847
1.40887
1.40735
1.39322
1.29177
0.897788
0.565027
0.624971
1.40845
1.40845
1.40845
1.40845
1.40845
1.40845
1.40845
1.40845
1.40845
1.40845
1.40845
1.40845
1.40845
1.40845
1.40845
1.40845
1.40845
1.40844
1.40834
1.40756
1.40166
1.35705
1.12669
0.672906
0.573121
1.40845
1.40845
1.40845
1.40845
1.40845
1.40845
1.40845
1.40845
1.40845
1.40845
1.40845
1.40845
1.40845
1.40845
1.40845
1.40845
1.40845
1.40845
1.40842
1.40834
1.40733
1.39677
1.31807
1.03506
0.614253
1.40845
1.40845
1.40845
1.40845
1.40845
1.40845
1.40845
1.40845
1.40845
1.40845
1.40845
1.40845
1.40845
1.40845
1.40845
1.40845
1.40845
1.40845
1.40844
1.40837
1.40774
1.40048
1.40112
1.3132
0.837375
1.40845
1.40845
1.40845
1.40845
1.40845
1.40845
1.40845
1.40845
1.40845
1.40845
1.40845
1.40845
1.40845
1.40845
1.40845
1.40845
1.40845
1.40845
1.40845
1.40843
1.40832
1.40738
1.4006
1.35106
1.09934
1.40845
1.40845
1.40845
1.40845
1.40845
1.40845
1.40845
1.40845
1.40845
1.40845
1.40845
1.40845
1.40845
1.40845
1.40845
1.40845
1.40845
1.40845
1.40845
1.40844
1.4084
1.4081
1.40645
1.39706
1.31446
1.40845
1.40845
1.40845
1.40845
1.40845
1.40845
1.40845
1.40845
1.40845
1.40845
1.40845
1.40845
1.40845
1.40845
1.40845
1.40845
1.40845
1.40845
1.40845
1.40845
1.40844
1.40836
1.40778
1.4023
1.40558
1.40845
1.40845
1.40845
1.40845
1.40845
1.40845
1.40845
1.40845
1.40845
1.40845
1.40845
1.40845
1.40845
1.40845
1.40845
1.40845
1.40845
1.40845
1.40845
1.40845
1.40845
1.40843
1.40829
1.40743
1.40172
1.40845
1.40845
1.40845
1.40845
1.40845
1.40845
1.40845
1.40845
1.40845
1.40845
1.40845
1.40845
1.40845
1.40845
1.40845
1.40845
1.40845
1.40845
1.40845
1.40845
1.40845
1.40845
1.40842
1.40815
1.40674
1.40845
1.40845
1.40845
1.40845
1.40845
1.40845
1.40845
1.40845
1.40845
1.40845
1.40845
1.40845
1.40845
1.40845
1.40845
1.40845
1.40845
1.40845
1.40845
1.40845
1.40845
1.40845
1.40842
1.40811
1.40814
1.40845
1.40845
1.40845
1.40845
1.40845
1.40845
1.40845
1.40845
1.40845
1.40845
1.40845
1.40845
1.40845
1.40845
1.40845
1.40845
1.40845
1.40845
1.40845
1.40845
1.40845
1.40845
1.40845
1.40843
1.40832
1.40845
1.40845
1.40845
1.40845
1.40845
1.40845
1.40845
1.40845
1.40845
1.40845
1.40845
1.40845
1.40845
1.40845
1.40845
1.40845
1.40845
1.40845
1.40845
1.40845
1.40845
1.40845
1.40845
1.40844
1.40841
1.40845
1.40845
1.40845
1.40845
1.40845
1.40845
1.40845
1.40845
1.40845
1.40845
1.40845
1.40845
1.40845
1.40845
1.40845
1.40845
1.40845
1.40845
1.40845
1.40845
1.40845
1.40845
1.40845
1.40845
1.40845
1.40845
1.40845
1.40845
1.40845
1.40845
1.40845
1.40845
1.40845
1.40845
1.40845
1.40845
1.40845
1.40845
1.40845
1.40845
1.40845
1.40845
1.40845
1.40845
1.40845
1.40845
1.40845
1.40845
1.40845
1.40845
1.40845
1.40845
1.40845
1.40845
1.40845
1.40845
1.40845
1.40845
1.40845
1.40845
1.40845
1.40845
1.40845
1.40845
1.40845
1.40845
1.40845
1.40845
1.40845
1.40845
1.40845
1.40845
1.40845
1.40845
1.40845
1.40845
1.40845
1.40845
1.40845
1.40845
1.40845
1.40845
1.40845
1.40845
1.40845
1.40845
1.40845
1.40845
1.40845
1.40845
1.40845
1.40845
1.40845
1.40845
1.40845
1.40845
1.40845
1.40845
1.40845
1.40845
1.40845
1.40845
1.40845
1.40845
1.40845
1.40845
1.40845
1.40845
1.40845
1.40845
1.40845
1.40845
1.40845
1.40845
1.40845
1.40845
1.40845
1.40845
1.40845
1.40845
1.40845
1.40845
1.40845
1.40845
1.40845
1.40845
1.40845
1.40845
1.40845
1.40845
1.40845
1.40845
1.40845
1.40845
1.40845
1.40845
1.40845
1.40845
1.40845
1.40845
1.40845
1.40845
1.40845
1.40845
1.40845
1.40845
1.40845
1.40845
1.40845
1.40845
1.40845
1.40845
1.40845
1.40845
1.40845
1.40845
1.40845
1.40845
1.40845
1.40845
1.40845
1.40845
1.40845
1.40845
1.40845
1.40845
1.40845
1.40845
1.40845
1.40845
1.40845
1.40845
1.40845
1.40845
1.40845
0.7014
0.618835
0.501196
0.508477
0.512438
0.503478
0.495734
0.498707
0.53514
0.549841
0.551874
0.551157
0.550732
0.546964
0.543562
0.559806
0.573273
0.579449
0.580616
0.579588
0.578207
0.577589
0.577298
0.577518
0.577366
0.579413
0.581426
0.582578
0.583564
0.584247
0.58453
0.585943
0.584921
0.584562
0.583065
0.572247
0.563569
0.555709
0.547607
0.536578
0.529602
0.523932
0.517458
0.511036
0.504547
0.49985
0.498272
0.497239
0.495303
0.49494
0.491598
0.493525
0.495459
0.497577
0.500097
0.502248
0.504752
0.507344
0.510011
0.512814
0.515467
0.517977
0.520485
0.523122
0.525694
0.528322
0.530794
0.533207
0.535607
0.537984
0.540347
0.542655
0.544989
0.547213
0.549449
0.551612
0.5538
0.555926
0.558073
0.560135
0.562223
0.564224
0.566266
0.568223
0.570218
0.572098
0.573999
0.575745
0.577504
0.579088
0.580707
0.582223
0.583822
0.58542
0.58707
0.58881
0.590591
0.593432
0.59373
0.592398
0.682394
0.629899
0.57887
0.528911
0.513005
0.494206
0.473567
0.451538
0.484333
0.495658
0.497267
0.48771
0.486441
0.482122
0.481258
0.494612
0.501174
0.504571
0.504292
0.503606
0.502869
0.502229
0.502034
0.502205
0.501817
0.502548
0.504086
0.505289
0.506544
0.50704
0.507256
0.508213
0.507142
0.505948
0.506588
0.499631
0.494478
0.490736
0.486803
0.482282
0.479694
0.479453
0.480721
0.477168
0.474519
0.478101
0.480899
0.483148
0.487943
0.492598
0.498798
0.505622
0.512507
0.518366
0.523852
0.529385
0.535648
0.541523
0.546062
0.550485
0.555337
0.559926
0.563776
0.567707
0.571309
0.574871
0.578271
0.581503
0.584794
0.588021
0.591294
0.594366
0.597435
0.600337
0.603275
0.605976
0.608666
0.611136
0.613608
0.615925
0.618258
0.620476
0.622716
0.624921
0.627162
0.629376
0.631639
0.633776
0.635924
0.637789
0.639602
0.641175
0.642786
0.644382
0.646028
0.647779
0.649711
0.652623
0.653605
0.652128
0.751625
0.694785
0.64394
0.578387
0.548585
0.528546
0.515412
0.48697
0.466732
0.465839
0.463201
0.46616
0.472843
0.465413
0.457719
0.450163
0.466261
0.472385
0.472944
0.473479
0.470699
0.469385
0.468759
0.469211
0.469305
0.470387
0.472225
0.472327
0.472349
0.472488
0.472039
0.473599
0.472673
0.471984
0.472891
0.468305
0.464231
0.46384
0.451457
0.454148
0.458898
0.463789
0.469794
0.478316
0.490873
0.506802
0.519797
0.530968
0.542295
0.552017
0.561707
0.570028
0.579188
0.585825
0.59107
0.596503
0.602307
0.607645
0.612325
0.616493
0.621051
0.625998
0.630254
0.634311
0.638058
0.641567
0.644573
0.64746
0.650415
0.653486
0.656661
0.659879
0.663084
0.665987
0.668697
0.671226
0.673686
0.676092
0.678519
0.680898
0.683315
0.685565
0.687803
0.689906
0.692011
0.694074
0.696152
0.698218
0.700304
0.702414
0.704635
0.706783
0.708885
0.710765
0.71247
0.714148
0.71593
0.718723
0.719068
0.716791
0.808355
0.778753
0.740178
0.678163
0.618908
0.57753
0.57024
0.551999
0.523582
0.496323
0.484329
0.47531
0.475671
0.478813
0.478349
0.465416
0.460294
0.460097
0.458922
0.46
0.461386
0.468208
0.471944
0.470842
0.470559
0.470612
0.470403
0.471168
0.472776
0.473479
0.47256
0.47341
0.468776
0.465286
0.45699
0.450569
0.452062
0.454669
0.463377
0.48075
0.506024
0.526996
0.541158
0.555306
0.569537
0.580856
0.593399
0.606349
0.611945
0.621221
0.626344
0.631645
0.637564
0.641866
0.646697
0.651636
0.656822
0.660236
0.663685
0.666544
0.669811
0.673832
0.678245
0.682112
0.685966
0.689213
0.692043
0.694646
0.697214
0.699828
0.702565
0.705461
0.70849
0.71157
0.714721
0.717572
0.720139
0.72247
0.724647
0.726728
0.728805
0.73092
0.733119
0.735387
0.73766
0.739788
0.741853
0.743805
0.745678
0.747553
0.749484
0.751521
0.753693
0.756014
0.758353
0.760454
0.762619
0.765795
0.766587
0.763827
0.799957
0.807172
0.789546
0.752155
0.70984
0.662302
0.638273
0.642221
0.611888
0.575199
0.541657
0.519691
0.504527
0.50208
0.502223
0.499138
0.491424
0.482716
0.476391
0.470381
0.467516
0.468285
0.470075
0.471022
0.472169
0.472839
0.471673
0.471826
0.472428
0.473151
0.474218
0.47182
0.468726
0.464691
0.465262
0.472083
0.487222
0.512269
0.537146
0.560087
0.587044
0.59819
0.614001
0.625882
0.640401
0.647985
0.658762
0.664848
0.666772
0.67323
0.674814
0.677354
0.681317
0.684237
0.688032
0.691785
0.694405
0.696251
0.69854
0.701622
0.705125
0.708863
0.712534
0.715539
0.718329
0.721264
0.724226
0.726915
0.729455
0.73205
0.73473
0.737488
0.740357
0.743238
0.745932
0.748586
0.75122
0.753826
0.756472
0.759035
0.761341
0.763429
0.765494
0.76752
0.769537
0.771543
0.773546
0.775529
0.777514
0.779474
0.781452
0.783477
0.78555
0.7877
0.789928
0.792215
0.794651
0.797952
0.79982
0.797015
0.771531
0.813553
0.812206
0.79605
0.770676
0.741519
0.717807
0.717991
0.689581
0.651398
0.617836
0.592186
0.568021
0.555294
0.551196
0.54384
0.533258
0.52128
0.511876
0.502552
0.493868
0.488612
0.484794
0.482479
0.480552
0.479896
0.47873
0.478348
0.477386
0.47588
0.475627
0.474378
0.477045
0.484171
0.497164
0.520494
0.552364
0.591788
0.620641
0.642858
0.66155
0.670755
0.682173
0.689432
0.698951
0.700671
0.703795
0.704829
0.711389
0.712738
0.70819
0.708915
0.713056
0.716205
0.718206
0.719946
0.720816
0.722199
0.724263
0.727221
0.730785
0.733127
0.735299
0.738072
0.741252
0.744699
0.747401
0.749751
0.751908
0.754146
0.756561
0.759131
0.761744
0.764343
0.767086
0.770008
0.773113
0.776283
0.779054
0.781398
0.783523
0.785589
0.787626
0.78965
0.791678
0.793728
0.795812
0.797942
0.799929
0.801869
0.803815
0.805798
0.807824
0.80993
0.812125
0.814438
0.816987
0.820292
0.822962
0.820113
0.743616
0.795241
0.811582
0.8156
0.802118
0.788115
0.7844
0.790423
0.783674
0.758117
0.721936
0.694306
0.667104
0.645077
0.626022
0.61538
0.600385
0.584565
0.568792
0.556413
0.542876
0.532879
0.523186
0.515864
0.5084
0.50396
0.497991
0.495342
0.491699
0.486711
0.487175
0.490201
0.497864
0.515873
0.550265
0.603499
0.648132
0.688118
0.712665
0.739074
0.745107
0.748337
0.748132
0.743738
0.73797
0.726537
0.720953
0.730097
0.740734
0.739818
0.739092
0.737712
0.735675
0.736061
0.736637
0.738421
0.740181
0.742169
0.743655
0.74444
0.745697
0.74867
0.751413
0.754072
0.756934
0.759491
0.761724
0.763691
0.765751
0.767962
0.770363
0.772924
0.7757
0.778684
0.781669
0.784348
0.786877
0.789359
0.791858
0.794312
0.796666
0.799013
0.801359
0.803712
0.806045
0.808219
0.810324
0.812362
0.814298
0.816251
0.818239
0.820284
0.822391
0.824578
0.826849
0.829217
0.831788
0.834902
0.837915
0.835029
0.735205
0.770348
0.800023
0.813495
0.807265
0.808653
0.810809
0.824389
0.835328
0.827174
0.802271
0.773717
0.749908
0.727635
0.706263
0.704556
0.695641
0.677904
0.655918
0.637676
0.615304
0.601675
0.586669
0.575064
0.562036
0.551995
0.539891
0.531117
0.51955
0.514334
0.508118
0.519731
0.54224
0.581804
0.643825
0.700477
0.738846
0.767648
0.789447
0.810524
0.818844
0.820025
0.81935
0.814256
0.806582
0.790694
0.769939
0.747293
0.737637
0.746435
0.758458
0.761148
0.759687
0.754574
0.748372
0.7493
0.7516
0.754101
0.755131
0.755642
0.756481
0.75852
0.761948
0.764015
0.766136
0.767641
0.769226
0.771052
0.773345
0.776083
0.779381
0.78225
0.784611
0.786986
0.789397
0.791856
0.794391
0.797004
0.799565
0.802036
0.804414
0.806771
0.809121
0.811491
0.813844
0.816115
0.818297
0.820426
0.822488
0.824567
0.826669
0.8288
0.830964
0.833171
0.835431
0.837762
0.840281
0.84333
0.846538
0.843669
0.737544
0.758731
0.785566
0.799009
0.809493
0.811134
0.817777
0.834135
0.852304
0.866514
0.860036
0.843525
0.822756
0.806583
0.793436
0.783908
0.779672
0.768553
0.750937
0.730925
0.712478
0.692487
0.675216
0.6587
0.642369
0.626714
0.609613
0.594022
0.567799
0.548587
0.550313
0.573027
0.609351
0.668604
0.738974
0.776643
0.803176
0.820644
0.839295
0.857889
0.867499
0.873277
0.875878
0.87449
0.86949
0.853655
0.83442
0.81244
0.782091
0.740135
0.748212
0.76825
0.768191
0.768029
0.765984
0.76134
0.758908
0.7606
0.761553
0.763557
0.764191
0.765352
0.767888
0.770431
0.771339
0.772743
0.77464
0.776812
0.779291
0.782066
0.785147
0.787825
0.78971
0.791778
0.794038
0.796472
0.799026
0.801626
0.804118
0.806548
0.808964
0.811374
0.813778
0.816214
0.818556
0.820762
0.822867
0.824957
0.827024
0.829113
0.831238
0.833418
0.835646
0.837908
0.840193
0.842526
0.84503
0.848062
0.851301
0.848386
0.743276
0.757853
0.779946
0.786672
0.80537
0.808589
0.816626
0.831989
0.850054
0.870565
0.881341
0.875325
0.865872
0.858024
0.849466
0.839186
0.843501
0.841912
0.83289
0.817633
0.800246
0.784112
0.768092
0.752334
0.737334
0.721796
0.701469
0.679035
0.635813
0.586558
0.60879
0.638676
0.681661
0.750409
0.792496
0.816027
0.840153
0.860116
0.877001
0.889805
0.89568
0.903791
0.911226
0.912091
0.910128
0.901602
0.892145
0.874062
0.845484
0.813354
0.777429
0.742207
0.755952
0.771254
0.776808
0.774912
0.77173
0.766307
0.76663
0.768467
0.771699
0.771795
0.772483
0.774647
0.775741
0.776882
0.778736
0.781461
0.7846
0.787222
0.789647
0.79201
0.794179
0.796384
0.79867
0.801108
0.803588
0.805997
0.808406
0.810855
0.813292
0.815675
0.817944
0.820074
0.822106
0.824138
0.82619
0.828292
0.830449
0.832683
0.834992
0.837338
0.839599
0.841874
0.844181
0.846547
0.8491
0.852201
0.855572
0.852624
0.745123
0.75961
0.775186
0.784921
0.800587
0.804072
0.812542
0.826883
0.845834
0.865502
0.884505
0.890365
0.887371
0.879856
0.876507
0.875405
0.877937
0.881023
0.880153
0.874073
0.863015
0.848875
0.836588
0.823585
0.809521
0.793059
0.769672
0.731621
0.659928
0.627785
0.656783
0.687633
0.732632
0.785415
0.811959
0.837818
0.863289
0.880874
0.896974
0.908922
0.916384
0.924417
0.925886
0.928305
0.931122
0.930969
0.928542
0.918215
0.902824
0.881266
0.849004
0.809297
0.753753
0.754039
0.770008
0.773985
0.779591
0.779108
0.777679
0.776147
0.776391
0.776918
0.778055
0.78109
0.782848
0.783416
0.784412
0.786481
0.789823
0.792767
0.794984
0.797137
0.799343
0.801685
0.804211
0.806649
0.808812
0.810946
0.813102
0.815357
0.81778
0.820176
0.822212
0.824165
0.826124
0.828111
0.83014
0.832244
0.834429
0.836698
0.839034
0.841405
0.843761
0.846131
0.848527
0.850978
0.853624
0.856831
0.86033
0.857245
0.747297
0.763022
0.77708
0.786408
0.798531
0.801259
0.808897
0.821605
0.839152
0.857271
0.87779
0.891488
0.896551
0.894874
0.893091
0.893254
0.895006
0.900759
0.909568
0.907855
0.903576
0.895108
0.885409
0.875511
0.862847
0.843238
0.809629
0.746569
0.645591
0.67227
0.69746
0.728869
0.772045
0.793912
0.816006
0.839482
0.858403
0.878524
0.894346
0.907588
0.921809
0.932524
0.941254
0.93949
0.939987
0.942767
0.942899
0.942737
0.938965
0.930053
0.910722
0.88355
0.845501
0.800655
0.743268
0.75601
0.772559
0.790628
0.790214
0.788653
0.784628
0.786042
0.786308
0.78722
0.789108
0.790985
0.792449
0.79392
0.796208
0.799491
0.802365
0.804811
0.807015
0.809207
0.811467
0.813448
0.815471
0.817614
0.81989
0.822328
0.825027
0.827054
0.828554
0.830131
0.831829
0.833658
0.835603
0.837666
0.839827
0.842075
0.844378
0.846716
0.849084
0.851486
0.853913
0.856401
0.859084
0.862332
0.865914
0.862699
0.75055
0.765074
0.77921
0.788471
0.798632
0.80228
0.80915
0.818254
0.830996
0.848234
0.869061
0.883877
0.894026
0.901271
0.900469
0.899596
0.902972
0.910636
0.916474
0.922086
0.926461
0.922847
0.915672
0.90844
0.892983
0.863726
0.807041
0.722311
0.669734
0.704231
0.725519
0.750958
0.776747
0.796113
0.816755
0.83313
0.851023
0.866576
0.879502
0.893069
0.90702
0.915195
0.923788
0.933949
0.946961
0.953749
0.951931
0.951869
0.953288
0.953487
0.947718
0.937231
0.914413
0.880454
0.837788
0.783217
0.760431
0.778714
0.786013
0.799804
0.796727
0.796325
0.793157
0.794697
0.796575
0.797706
0.799502
0.801931
0.803509
0.805509
0.808159
0.811189
0.814442
0.81659
0.818617
0.820499
0.822315
0.824173
0.826157
0.828323
0.830429
0.83231
0.834213
0.836171
0.838173
0.840215
0.842284
0.844394
0.846539
0.848715
0.850919
0.853148
0.855413
0.857721
0.860072
0.862503
0.865159
0.868423
0.872131
0.868735
0.750635
0.766806
0.780229
0.791888
0.800742
0.805433
0.810534
0.817708
0.827737
0.841769
0.85732
0.8761
0.886696
0.897769
0.904581
0.904175
0.906614
0.910083
0.916051
0.924877
0.934321
0.931344
0.924681
0.916608
0.894592
0.845692
0.766536
0.671086
0.705198
0.720891
0.737608
0.756444
0.773295
0.789797
0.805023
0.821068
0.836709
0.85028
0.864543
0.878213
0.889516
0.900902
0.913292
0.927642
0.937145
0.941348
0.950072
0.960619
0.963061
0.961315
0.962698
0.965226
0.95868
0.94435
0.915815
0.877571
0.829346
0.760506
0.768303
0.790588
0.798279
0.808107
0.80555
0.805309
0.803888
0.803944
0.804508
0.807749
0.809968
0.811474
0.813242
0.815444
0.818143
0.821264
0.823088
0.824735
0.826394
0.828115
0.829983
0.832133
0.834751
0.83751
0.839741
0.842059
0.844332
0.846587
0.848812
0.851021
0.853252
0.855537
0.857872
0.860275
0.862745
0.865291
0.867783
0.870268
0.872892
0.876059
0.879616
0.875879
0.751515
0.767718
0.78108
0.791289
0.802408
0.808721
0.81322
0.819807
0.828447
0.839853
0.852344
0.868744
0.87955
0.888104
0.901395
0.904613
0.904437
0.908213
0.914562
0.922497
0.933049
0.932276
0.925112
0.908897
0.871374
0.798726
0.680943
0.697704
0.727451
0.736467
0.746892
0.758307
0.77087
0.784687
0.799566
0.813983
0.827382
0.840251
0.853237
0.865057
0.876478
0.888864
0.903462
0.912307
0.919696
0.930279
0.943528
0.950187
0.958747
0.967966
0.976672
0.97869
0.975951
0.976083
0.965063
0.943911
0.909239
0.862701
0.814086
0.763331
0.777612
0.792778
0.817864
0.813506
0.811281
0.807177
0.807705
0.809083
0.811854
0.814922
0.817866
0.819824
0.821776
0.823769
0.825998
0.827962
0.829504
0.831175
0.832958
0.834883
0.837047
0.839551
0.842419
0.844769
0.847052
0.849289
0.851556
0.853879
0.856291
0.858799
0.861356
0.863859
0.866395
0.868976
0.871607
0.874309
0.877207
0.880718
0.884887
0.88123
0.751309
0.767656
0.781833
0.790632
0.801274
0.809401
0.814673
0.820908
0.82884
0.839169
0.85178
0.863854
0.878059
0.88504
0.895912
0.904553
0.903599
0.905778
0.911149
0.921043
0.92648
0.92263
0.915747
0.885641
0.821242
0.704247
0.705361
0.734213
0.738199
0.744097
0.751243
0.759561
0.769449
0.780574
0.792965
0.806008
0.818117
0.83024
0.842377
0.853984
0.866194
0.879806
0.89018
0.898393
0.909596
0.922422
0.930356
0.940281
0.951636
0.963355
0.974259
0.984898
0.98378
0.986183
0.982174
0.976407
0.964581
0.938361
0.900904
0.851183
0.779318
0.780319
0.805065
0.807634
0.822695
0.820557
0.817674
0.813481
0.814381
0.816116
0.81823
0.821104
0.824615
0.82581
0.827173
0.828985
0.831088
0.832571
0.834194
0.835969
0.838065
0.840489
0.843286
0.846424
0.848974
0.851295
0.853694
0.85621
0.858701
0.861064
0.863448
0.865841
0.86831
0.870927
0.8737
0.876591
0.879683
0.883409
0.8881
0.884501
0.750044
0.767355
0.783093
0.791258
0.800036
0.810322
0.815789
0.82149
0.828885
0.837985
0.849823
0.861623
0.874853
0.884573
0.893468
0.904071
0.904555
0.906061
0.913394
0.915901
0.914146
0.909438
0.887135
0.835491
0.74473
0.708454
0.734234
0.743081
0.747464
0.751174
0.755373
0.761007
0.768405
0.777612
0.787805
0.798863
0.810594
0.82212
0.833765
0.845314
0.858736
0.870111
0.878061
0.889507
0.902707
0.910986
0.92138
0.932379
0.945034
0.95598
0.962364
0.970359
0.98056
0.990898
0.99176
0.989112
0.989144
0.981564
0.964637
0.932188
0.892252
0.844609
0.776826
0.785873
0.803611
0.817441
0.828051
0.824398
0.823855
0.82268
0.82292
0.824193
0.827571
0.831859
0.832469
0.833203
0.834509
0.836195
0.837935
0.839826
0.84204
0.844504
0.847128
0.849586
0.852041
0.854326
0.856685
0.859136
0.86145
0.863734
0.866057
0.868467
0.871007
0.873689
0.876509
0.879444
0.882596
0.886442
0.891426
0.887599
0.74654
0.764502
0.781738
0.792419
0.799072
0.809891
0.816553
0.821347
0.828336
0.836906
0.847694
0.858325
0.869771
0.882123
0.893294
0.902611
0.905319
0.911919
0.911425
0.908739
0.903904
0.886436
0.84049
0.769217
0.704207
0.731558
0.741337
0.750368
0.752437
0.754554
0.757165
0.761189
0.76709
0.774912
0.784016
0.79386
0.80452
0.815614
0.826691
0.838462
0.850813
0.859321
0.870861
0.884961
0.892083
0.902618
0.915348
0.924799
0.934842
0.943717
0.953652
0.962789
0.972609
0.980033
0.98936
0.996438
0.997617
0.994465
0.994326
0.983267
0.964611
0.931065
0.880838
0.828594
0.784305
0.801078
0.811796
0.835171
0.833424
0.830157
0.82705
0.827423
0.828507
0.831759
0.836054
0.838004
0.838675
0.839734
0.841027
0.842603
0.844985
0.848061
0.851823
0.854621
0.856708
0.858801
0.860902
0.862993
0.865106
0.867243
0.86948
0.87189
0.874546
0.87745
0.880576
0.883692
0.886812
0.890549
0.895343
0.891175
0.740866
0.759869
0.78043
0.794826
0.79959
0.808254
0.817601
0.820615
0.826726
0.835133
0.845735
0.854708
0.86457
0.876691
0.89129
0.900002
0.910832
0.909986
0.904907
0.900288
0.887455
0.847419
0.777056
0.697763
0.725171
0.737936
0.753749
0.754263
0.75521
0.757129
0.759826
0.763449
0.768325
0.774414
0.782218
0.791078
0.800981
0.811595
0.822661
0.834866
0.843235
0.853681
0.866923
0.87463
0.884853
0.896364
0.906421
0.915511
0.925169
0.935579
0.94754
0.956668
0.96415
0.974081
0.981397
0.989376
0.999423
1.00275
1.00591
1.00254
1.00032
0.990418
0.963874
0.918816
0.868278
0.790867
0.793412
0.814342
0.823689
0.840195
0.838899
0.834923
0.83375
0.834207
0.836724
0.839145
0.841716
0.842824
0.844073
0.84578
0.848018
0.851125
0.854469
0.858268
0.860542
0.862365
0.86421
0.866072
0.868026
0.870094
0.872456
0.875095
0.877972
0.881004
0.88416
0.887435
0.890713
0.894631
0.899703
0.895372
0.736309
0.753853
0.773862
0.791796
0.800531
0.807327
0.819164
0.82075
0.825239
0.833026
0.843359
0.851964
0.859059
0.870102
0.885028
0.899481
0.91386
0.906494
0.897577
0.886333
0.853001
0.788475
0.691969
0.714914
0.731897
0.752203
0.754358
0.755624
0.75791
0.760691
0.763655
0.766906
0.770675
0.775485
0.781575
0.789427
0.798456
0.808676
0.819035
0.829311
0.83981
0.851858
0.859756
0.869607
0.881941
0.889047
0.89845
0.909301
0.919134
0.930137
0.939906
0.950457
0.959773
0.970157
0.977793
0.985895
0.995565
1.00237
1.00897
1.01012
1.01645
1.01565
1.01164
0.989565
0.951599
0.897279
0.844365
0.787143
0.802816
0.818657
0.836927
0.847771
0.845189
0.841791
0.841176
0.841991
0.843817
0.846243
0.848738
0.850291
0.852124
0.854489
0.857542
0.861247
0.864309
0.865889
0.867558
0.869429
0.871466
0.873584
0.875946
0.878578
0.881547
0.88488
0.8881
0.891139
0.894379
0.898449
0.904162
0.899815
0.714163
0.747622
0.764051
0.783709
0.798054
0.805082
0.818417
0.823582
0.824548
0.829895
0.839305
0.851024
0.857265
0.865235
0.877818
0.898886
0.903249
0.896875
0.887062
0.856791
0.797802
0.698286
0.7069
0.725883
0.748416
0.752587
0.754169
0.756899
0.760174
0.763417
0.766772
0.770049
0.773654
0.777926
0.78313
0.789573
0.797161
0.805743
0.815147
0.825049
0.836222
0.845325
0.855279
0.866636
0.874827
0.88354
0.893357
0.903223
0.913584
0.923594
0.933184
0.943119
0.953605
0.960055
0.968059
0.975249
0.982954
0.991503
1.00048
1.01097
1.02259
1.02741
1.02813
1.02045
1.00249
0.975573
0.938549
0.885337
0.815499
0.802195
0.823088
0.828123
0.850296
0.849995
0.847994
0.846961
0.847232
0.847778
0.849033
0.85206
0.855104
0.858208
0.861729
0.864646
0.866514
0.868297
0.87021
0.872291
0.874538
0.87698
0.879677
0.882616
0.885622
0.888611
0.891866
0.895191
0.898548
0.90258
0.908478
0.904134
0.712175
0.735725
0.757469
0.773126
0.792281
0.801284
0.814331
0.827128
0.825626
0.828817
0.835941
0.846584
0.857176
0.863332
0.873643
0.891533
0.889478
0.881728
0.857944
0.803685
0.704841
0.702891
0.722095
0.744431
0.750704
0.752751
0.755978
0.759709
0.763729
0.767477
0.770786
0.774123
0.777453
0.781086
0.785278
0.790312
0.79652
0.80389
0.812355
0.821358
0.831256
0.840663
0.850678
0.860057
0.869539
0.879232
0.88824
0.897748
0.907403
0.916885
0.926827
0.935965
0.945159
0.953031
0.960383
0.968045
0.975121
0.983318
0.992783
1.00379
1.01435
1.02871
1.03148
1.03118
1.02723
1.02
1.00472
0.968192
0.92368
0.872598
0.800911
0.811608
0.831893
0.843494
0.860808
0.860036
0.85602
0.854854
0.854426
0.855086
0.857799
0.861587
0.867071
0.868818
0.869993
0.871588
0.87347
0.875752
0.87826
0.880816
0.883457
0.886271
0.889507
0.892801
0.89611
0.899535
0.903063
0.907245
0.913093
0.908636
0.676853
0.718914
0.756088
0.773928
0.790137
0.799307
0.808412
0.82519
0.828946
0.829567
0.834979
0.845149
0.858186
0.863707
0.870771
0.875807
0.871943
0.85508
0.80556
0.717887
0.693448
0.715029
0.733895
0.74374
0.746942
0.751006
0.755584
0.760293
0.764736
0.769239
0.773039
0.776644
0.780226
0.783865
0.787853
0.792376
0.797696
0.8039
0.81111
0.81909
0.827764
0.836928
0.846476
0.855726
0.865096
0.874411
0.883621
0.892714
0.901996
0.911424
0.920896
0.929853
0.938239
0.946871
0.953805
0.961324
0.969075
0.977179
0.985957
0.995572
1.00652
1.01907
1.03361
1.03613
1.03231
1.03283
1.03255
1.02147
0.997203
0.958106
0.908465
0.858296
0.813779
0.829756
0.840752
0.857262
0.865647
0.863782
0.85992
0.859961
0.861046
0.864128
0.868374
0.873877
0.875621
0.876324
0.877529
0.879232
0.881654
0.884402
0.887358
0.890815
0.894239
0.897672
0.901156
0.904715
0.908475
0.912782
0.918414
0.913778
0.638658
0.73112
0.747838
0.772541
0.786978
0.796811
0.806649
0.821584
0.828324
0.829059
0.834132
0.8433
0.859441
0.862108
0.861199
0.8579
0.845584
0.804341
0.732788
0.687229
0.711732
0.722936
0.736266
0.740592
0.74543
0.750448
0.75569
0.760793
0.765666
0.770528
0.775534
0.779657
0.783206
0.786883
0.790662
0.794721
0.799323
0.804558
0.810669
0.817649
0.825391
0.833694
0.842319
0.851275
0.859952
0.86882
0.877702
0.886804
0.896136
0.905752
0.915194
0.92426
0.93296
0.94035
0.948227
0.955326
0.963213
0.971738
0.980364
0.989814
1.00082
1.01538
1.02491
1.02765
1.0343
1.04016
1.0435
1.03788
1.03109
1.01542
0.989152
0.948678
0.899366
0.826908
0.831168
0.851429
0.856817
0.870394
0.873845
0.871859
0.869571
0.869909
0.87144
0.873956
0.877446
0.880709
0.881848
0.883769
0.886187
0.889025
0.892033
0.895688
0.899765
0.903616
0.906946
0.910449
0.914184
0.918437
0.92431
0.919484
0.564947
0.650613
0.737307
0.760774
0.779783
0.791655
0.803344
0.817144
0.825007
0.827508
0.831285
0.840379
0.85673
0.854563
0.846655
0.831807
0.79367
0.734406
0.684021
0.710253
0.719536
0.733483
0.736821
0.74115
0.745924
0.750979
0.756429
0.761651
0.766502
0.771318
0.776241
0.780852
0.784667
0.788468
0.792403
0.796555
0.801073
0.806043
0.811576
0.817694
0.824474
0.831701
0.839402
0.847353
0.855639
0.864104
0.872722
0.881713
0.891029
0.900638
0.910051
0.919707
0.927471
0.935218
0.942576
0.950081
0.958008
0.966265
0.975077
0.984421
0.994751
1.00657
1.01232
1.01888
1.02532
1.03225
1.04009
1.04424
1.04209
1.04103
1.03254
1.01459
0.980235
0.934408
0.887984
0.825021
0.837511
0.855688
0.867506
0.884229
0.882308
0.878032
0.877396
0.87813
0.880779
0.885255
0.890125
0.891814
0.89387
0.896231
0.898941
0.902271
0.906772
0.910388
0.913951
0.917684
0.92157
0.925776
0.931239
0.926162
0.619341
0.587139
0.684636
0.732096
0.771246
0.793501
0.806024
0.818231
0.831834
0.832539
0.833772
0.838864
0.845018
0.840309
0.825375
0.784043
0.723258
0.672639
0.702336
0.712381
0.729514
0.731858
0.734724
0.738833
0.743665
0.748941
0.754718
0.759775
0.764892
0.77013
0.775477
0.780909
0.786017
0.790327
0.7945
0.798751
0.803164
0.807803
0.812756
0.818146
0.823969
0.83034
0.837184
0.844538
0.852221
0.86037
0.868754
0.877645
0.886984
0.896683
0.906571
0.915839
0.923626
0.931121
0.938639
0.946373
0.95465
0.963076
0.972051
0.981627
0.992189
1.00094
1.00708
1.01434
1.02048
1.02683
1.03433
1.04353
1.04829
1.04704
1.04614
1.0439
1.02999
1.01006
0.973676
0.92172
0.848609
0.843972
0.864567
0.869389
0.880077
0.886061
0.887297
0.887201
0.88744
0.889004
0.893332
0.898865
0.90119
0.903946
0.906353
0.909407
0.913134
0.917617
0.921016
0.924632
0.92887
0.933577
0.938704
0.933598
1.01111
0.631831
0.660104
0.746467
0.765924
0.792199
0.80531
0.815981
0.827566
0.837044
0.838591
0.834803
0.829679
0.816657
0.778647
0.716973
0.660968
0.691237
0.701272
0.719353
0.72548
0.728262
0.732203
0.736799
0.741869
0.747301
0.752894
0.758539
0.764088
0.769711
0.775397
0.781152
0.786908
0.791802
0.796155
0.800516
0.804969
0.809697
0.814736
0.820025
0.825652
0.831581
0.837879
0.844553
0.851685
0.859344
0.867482
0.876122
0.885276
0.895017
0.905195
0.913603
0.921491
0.928721
0.936243
0.944101
0.952232
0.960785
0.96978
0.979313
0.989289
0.999077
1.00676
1.01262
1.01805
1.02371
1.03
1.03628
1.04315
1.05101
1.055
1.05434
1.05266
1.04842
1.03023
0.994266
0.952114
0.90199
0.839211
0.848609
0.866174
0.871314
0.887449
0.896956
0.89363
0.894405
0.896434
0.899892
0.904852
0.909762
0.913063
0.915492
0.918593
0.922334
0.926268
0.929985
0.934379
0.939806
0.946286
0.940949
1.32047
0.847717
0.586761
0.66663
0.755649
0.774341
0.798314
0.806396
0.81644
0.832594
0.831854
0.823536
0.807221
0.76823
0.708241
0.65122
0.682249
0.691936
0.709989
0.717178
0.720496
0.725065
0.73014
0.735612
0.740856
0.746307
0.752218
0.758404
0.764352
0.77015
0.776042
0.781968
0.787973
0.793805
0.799027
0.804016
0.809042
0.814111
0.819301
0.82454
0.829921
0.835464
0.841165
0.847141
0.853519
0.860372
0.867718
0.875572
0.884107
0.893432
0.902689
0.910843
0.918478
0.925855
0.933216
0.940811
0.948629
0.95693
0.96536
0.974172
0.982721
0.990634
0.999051
1.00387
1.00922
1.01548
1.02016
1.02595
1.0329
1.04073
1.04583
1.0537
1.05122
1.05341
1.04943
1.03751
1.0177
0.984207
0.933576
0.869876
0.833029
0.852591
0.865759
0.881687
0.902136
0.901265
0.899388
0.901261
0.905006
0.909464
0.913084
0.917016
0.921091
0.925656
0.928979
0.93296
0.93796
0.944403
0.952794
0.947068
1.35765
1.12923
0.694896
0.602482
0.69642
0.748145
0.785275
0.805008
0.824784
0.828343
0.820981
0.80521
0.762335
0.698667
0.639907
0.671701
0.682935
0.703441
0.709928
0.712226
0.716667
0.722254
0.72878
0.734363
0.739957
0.745903
0.752241
0.758995
0.765533
0.771745
0.777882
0.784089
0.790282
0.796506
0.802376
0.80786
0.813345
0.818922
0.824447
0.829954
0.835078
0.840288
0.845685
0.851282
0.857178
0.863395
0.870016
0.877196
0.885101
0.893776
0.902636
0.910654
0.918048
0.925362
0.932412
0.939529
0.947018
0.954655
0.962881
0.970336
0.977949
0.984095
0.990124
0.995846
1.00162
1.00737
1.01392
1.01815
1.02346
1.02798
1.03319
1.03886
1.04521
1.05287
1.05485
1.0482
1.04511
1.03619
1.004
0.952435
0.893563
0.830199
0.841775
0.86411
0.876116
0.893254
0.904367
0.904347
0.902746
0.904956
0.909597
0.914232
0.919107
0.924807
0.929077
0.933078
0.937972
0.944831
0.954895
0.94944
1.39859
1.32463
1.01673
0.626147
0.646727
0.736438
0.773109
0.803205
0.821219
0.817508
0.803477
0.760651
0.693722
0.63194
0.662605
0.676976
0.701984
0.706468
0.70741
0.710969
0.716476
0.723386
0.731213
0.737106
0.742983
0.749056
0.755354
0.761942
0.768508
0.774784
0.780994
0.787289
0.793658
0.79999
0.806402
0.812274
0.818047
0.823897
0.829767
0.835406
0.839921
0.844455
0.849237
0.85419
0.859291
0.864598
0.870301
0.876617
0.883608
0.891297
0.898719
0.905261
0.911812
0.918385
0.925003
0.931838
0.938852
0.946169
0.953228
0.96072
0.967094
0.972427
0.977759
0.982889
0.988003
0.993577
0.998614
1.00262
1.00707
1.0109
1.01516
1.01986
1.02496
1.02713
1.03039
1.03472
1.03294
1.03405
1.02421
0.994815
0.955803
0.910638
0.83377
0.818901
0.835103
0.852869
0.869753
0.892591
0.896819
0.898959
0.902048
0.906369
0.91094
0.916203
0.923001
0.928274
0.934041
0.942033
0.954246
0.948945
1.40602
1.39251
1.31081
0.927143
0.63538
0.687162
0.773836
0.793199
0.806744
0.79486
0.751878
0.685891
0.627362
0.655845
0.673576
0.699521
0.703501
0.704456
0.707493
0.711837
0.717969
0.725176
0.731466
0.737722
0.743795
0.74995
0.756242
0.762753
0.769478
0.776069
0.78253
0.788983
0.79546
0.801928
0.808503
0.814602
0.820401
0.826233
0.831963
0.837914
0.842482
0.846251
0.850308
0.854706
0.859283
0.864019
0.869111
0.874837
0.881168
0.887996
0.893762
0.899454
0.905352
0.911408
0.917627
0.924038
0.930509
0.937245
0.943313
0.949558
0.954194
0.9583
0.961849
0.965616
0.969323
0.973445
0.976733
0.98032
0.982377
0.985025
0.98806
0.990888
0.993964
0.99581
0.997734
0.999704
1.00349
1.003
0.999679
0.992242
0.978493
0.959339
0.907714
0.851406
0.791371
0.802856
0.82962
0.845627
0.868293
0.881717
0.885068
0.888335
0.893459
0.899716
0.906749
0.914235
0.922023
0.932637
0.94843
0.944072
1.40778
1.40364
1.38414
1.26461
0.832331
0.607815
0.6962
0.777769
0.773139
0.730679
0.655758
0.613055
0.640527
0.669143
0.696878
0.697151
0.697659
0.700469
0.705026
0.711325
0.718726
0.725202
0.731946
0.738888
0.745238
0.751474
0.757842
0.764387
0.771097
0.777672
0.784001
0.790286
0.796553
0.802795
0.809081
0.815085
0.820716
0.826378
0.832088
0.838045
0.843133
0.845919
0.848744
0.851924
0.855315
0.858907
0.862916
0.867515
0.872881
0.877
0.880748
0.884732
0.888903
0.893344
0.897991
0.902835
0.907843
0.912868
0.917947
0.921821
0.925832
0.928672
0.930736
0.932789
0.934525
0.936315
0.938415
0.939912
0.941381
0.942354
0.943579
0.945103
0.94676
0.948887
0.951457
0.954142
0.957194
0.960943
0.968436
0.968583
0.962328
0.955593
0.93768
0.90344
0.852475
0.77685
0.779182
0.799801
0.817914
0.834419
0.856143
0.863361
0.867455
0.873104
0.881168
0.89094
0.902434
0.915599
0.933091
0.930918
1.40828
1.40726
1.40183
1.35654
1.1224
0.691105
0.627035
0.70247
0.692633
0.621079
0.614403
0.639366
0.675396
0.694828
0.694671
0.694863
0.69724
0.701055
0.705825
0.711771
0.717546
0.723565
0.730165
0.737287
0.743641
0.749681
0.755754
0.761969
0.76835
0.774504
0.780528
0.786158
0.79182
0.797101
0.802289
0.806806
0.811093
0.815415
0.819818
0.82414
0.828787
0.829965
0.830614
0.83175
0.83317
0.834746
0.83673
0.839492
0.842016
0.843255
0.844838
0.846756
0.849082
0.851805
0.8549
0.858276
0.86205
0.865561
0.868865
0.871702
0.874348
0.877151
0.87947
0.881422
0.883634
0.886249
0.889221
0.892532
0.8959
0.899341
0.902823
0.906307
0.910303
0.914716
0.919262
0.923868
0.928769
0.934238
0.940785
0.952779
0.95385
0.950248
0.945029
0.935029
0.908112
0.867221
0.808035
0.773868
0.783559
0.804157
0.815262
0.830242
0.844634
0.853142
0.859138
0.866197
0.875104
0.886256
0.900949
0.904388
1.40842
1.4082
1.40671
1.39735
1.32318
1.03154
0.69611
0.585895
0.499713
0.532488
0.571132
0.627826
0.650209
0.654382
0.658442
0.664483
0.672047
0.680016
0.687965
0.69542
0.701244
0.707321
0.713804
0.720667
0.727153
0.732983
0.738125
0.743077
0.747656
0.752184
0.756198
0.760188
0.763747
0.767036
0.769834
0.771797
0.773632
0.775641
0.777845
0.780275
0.783021
0.782942
0.782549
0.782964
0.783926
0.785336
0.787319
0.79004
0.791767
0.793312
0.795215
0.797595
0.800366
0.803553
0.807168
0.81122
0.81571
0.81986
0.824018
0.827934
0.831733
0.835783
0.840213
0.843918
0.847705
0.85199
0.856845
0.86243
0.867843
0.873513
0.878647
0.883777
0.889177
0.894794
0.900546
0.906604
0.912788
0.919615
0.927409
0.93693
0.944815
0.952331
0.950022
0.948906
0.944527
0.926243
0.890367
0.832745
0.773028
0.781592
0.79742
0.805998
0.818134
0.834093
0.845075
0.850681
0.85754
0.865317
0.867277
0.873287
1.40844
1.40833
1.40849
1.40593
1.38324
1.2532
0.842634
0.540877
0.406883
0.460013
0.531763
0.558074
0.566955
0.579268
0.588851
0.599164
0.608625
0.617582
0.626965
0.636708
0.644384
0.651525
0.659066
0.665061
0.671074
0.676652
0.68162
0.6859
0.689863
0.69373
0.697393
0.70109
0.704727
0.708366
0.711775
0.714926
0.718193
0.721712
0.725541
0.72962
0.734217
0.736914
0.738938
0.741483
0.744642
0.748187
0.75207
0.756531
0.759621
0.762266
0.765345
0.768834
0.772617
0.776735
0.781112
0.785804
0.79064
0.795107
0.799697
0.8043
0.808877
0.8139
0.819877
0.82492
0.829653
0.835142
0.841575
0.848369
0.854946
0.861954
0.868454
0.874662
0.880074
0.88598
0.892486
0.899381
0.906593
0.914155
0.922409
0.932024
0.940541
0.949146
0.95425
0.956199
0.954023
0.952538
0.943259
0.909274
0.852509
0.790828
0.791487
0.800459
0.813922
0.824102
0.836181
0.844733
0.849162
0.848142
0.846277
0.847937
1.40845
1.40841
1.40799
1.40449
1.37377
1.19779
0.833618
0.456759
0.526137
0.543371
0.545514
0.540511
0.542116
0.547044
0.555379
0.565603
0.571064
0.577127
0.583778
0.590926
0.597317
0.604058
0.610511
0.61689
0.62318
0.629095
0.634699
0.640354
0.646037
0.651726
0.657447
0.663154
0.668942
0.67462
0.680159
0.685492
0.690784
0.696231
0.701834
0.707523
0.713492
0.718099
0.721861
0.725907
0.730353
0.735066
0.739981
0.745376
0.749013
0.752199
0.755766
0.759695
0.763856
0.768211
0.772745
0.777204
0.781513
0.785989
0.790712
0.795247
0.800018
0.805346
0.81192
0.817492
0.82335
0.829619
0.836267
0.8431
0.850279
0.858186
0.86588
0.872314
0.878515
0.885022
0.89184
0.899058
0.906561
0.914529
0.923232
0.933184
0.94042
0.947276
0.954588
0.962613
0.968475
0.968843
0.965328
0.954732
0.932037
0.890968
0.815914
0.79219
0.804581
0.82313
0.827274
0.837451
0.837058
0.835337
0.818296
0.821366
1.40845
1.40841
1.40809
1.40529
1.37964
1.22207
0.866406
0.476896
0.541317
0.562481
0.562216
0.560329
0.563137
0.566388
0.568006
0.570181
0.573187
0.577088
0.58199
0.587518
0.592945
0.599061
0.605851
0.6118
0.617846
0.623974
0.630141
0.636059
0.642016
0.648065
0.654212
0.660396
0.666635
0.672606
0.678521
0.684207
0.689864
0.695602
0.701449
0.707317
0.713242
0.718243
0.722854
0.727636
0.732676
0.737963
0.743456
0.749279
0.753192
0.756705
0.760492
0.764464
0.768522
0.772449
0.776474
0.78046
0.78456
0.788869
0.793556
0.79829
0.803338
0.809238
0.815744
0.821996
0.828518
0.835346
0.842193
0.849348
0.857107
0.865348
0.87313
0.880261
0.88707
0.893939
0.901248
0.908881
0.916911
0.925345
0.934342
0.944173
0.951644
0.958079
0.965485
0.973197
0.9821
0.988779
0.986496
0.984013
0.977273
0.96654
0.920611
0.8304
0.803287
0.813848
0.835914
0.835706
0.828872
0.818228
0.770474
0.787798
1.40845
1.40841
1.40807
1.405
1.37733
1.21146
0.8527
0.469733
0.534837
0.568979
0.567254
0.568293
0.571214
0.574244
0.577389
0.580913
0.58465
0.588602
0.593117
0.598004
0.603237
0.608943
0.614859
0.620741
0.626763
0.632928
0.639239
0.645727
0.652242
0.658756
0.66524
0.671619
0.678004
0.684313
0.690457
0.696532
0.702527
0.708565
0.714656
0.720841
0.726901
0.732483
0.737754
0.743062
0.748506
0.754066
0.759763
0.765189
0.76867
0.772031
0.775628
0.779406
0.783198
0.787002
0.790831
0.794765
0.798856
0.803196
0.807828
0.812557
0.817525
0.823063
0.829067
0.835293
0.841754
0.848295
0.854991
0.861928
0.869308
0.877143
0.885296
0.892298
0.898842
0.905649
0.912725
0.920163
0.927939
0.936074
0.944652
0.953674
0.960531
0.966502
0.973159
0.9803
0.988253
0.996241
1.00622
1.00522
1.00105
0.995072
0.983747
0.93215
0.851228
0.818987
0.828509
0.82422
0.812519
0.781343
0.719075
0.754716
1.40845
1.40841
1.40808
1.40514
1.37852
1.21675
0.860066
0.472956
0.539939
0.564908
0.564111
0.565317
0.57038
0.577297
0.581554
0.585629
0.589988
0.594612
0.599627
0.604866
0.610514
0.616782
0.623246
0.629569
0.636092
0.642762
0.649408
0.656076
0.662838
0.669461
0.67606
0.68246
0.688846
0.695083
0.701273
0.707312
0.713367
0.71942
0.725508
0.731643
0.737558
0.743169
0.748449
0.753701
0.759052
0.764394
0.769896
0.774756
0.777991
0.781236
0.784718
0.788319
0.791918
0.795469
0.799073
0.802819
0.80671
0.810871
0.815332
0.819952
0.824797
0.830149
0.83595
0.841997
0.848216
0.85466
0.861237
0.868021
0.875195
0.882936
0.891157
0.897957
0.904284
0.910857
0.917735
0.924939
0.932554
0.9405
0.948826
0.957404
0.963776
0.969875
0.976047
0.983048
0.990566
0.998403
1.00663
1.01794
1.01623
1.01237
1.00844
0.997268
0.939277
0.866286
0.814121
0.777676
0.753228
0.701457
0.701725
0.722316
1.40845
1.40841
1.40808
1.40507
1.37796
1.21417
0.856617
0.471622
0.537839
0.567599
0.564858
0.565651
0.570399
0.57639
0.580326
0.584466
0.589087
0.594178
0.59953
0.605076
0.611043
0.617457
0.624036
0.630591
0.63728
0.644018
0.650758
0.657578
0.66443
0.671094
0.677639
0.684118
0.690491
0.696847
0.702966
0.709052
0.715101
0.721164
0.72728
0.73345
0.739364
0.74501
0.750319
0.755599
0.760974
0.766306
0.771817
0.776557
0.779796
0.783093
0.786601
0.790213
0.793825
0.797299
0.800798
0.804451
0.808275
0.812381
0.816754
0.821301
0.826111
0.831372
0.837056
0.843075
0.849297
0.855729
0.862316
0.86913
0.87631
0.884075
0.892228
0.899022
0.905317
0.911858
0.918776
0.925973
0.933582
0.941561
0.949988
0.958261
0.964647
0.970801
0.977203
0.984009
0.991439
0.998545
1.00632
1.01574
1.02626
1.0203
1.01741
1.00794
0.984176
0.913217
0.833062
0.757906
0.673725
0.677508
0.702731
0.703832
)
;

boundaryField
{
    inlet
    {
        type            calculated;
        value           uniform 1.40845;
    }
    outlet
    {
        type            calculated;
        value           nonuniform List<scalar> 
40
(
0.592398
0.652128
0.716791
0.763827
0.797015
0.820113
0.835029
0.843669
0.848386
0.852624
0.857245
0.862699
0.868735
0.875879
0.88123
0.884501
0.887599
0.891175
0.895372
0.899815
0.904134
0.908636
0.913778
0.919484
0.926162
0.933598
0.940949
0.947068
0.94944
0.948945
0.944072
0.930918
0.904388
0.873287
0.847937
0.821366
0.787798
0.754716
0.722316
0.703832
)
;
    }
    bottom
    {
        type            symmetryPlane;
    }
    top
    {
        type            symmetryPlane;
    }
    obstacle
    {
        type            calculated;
        value           nonuniform List<scalar> 
110
(
0.58591
0.586241
0.58806
0.590451
0.593823
0.598619
0.605291
0.616117
0.634331
0.678228
0.7014
0.618835
0.501196
0.508477
0.512438
0.503478
0.495734
0.498707
0.53514
0.549841
0.551874
0.551157
0.550732
0.546964
0.543562
0.559806
0.573273
0.579449
0.580616
0.579588
0.578207
0.577589
0.577298
0.577518
0.577366
0.579413
0.581426
0.582578
0.583564
0.584247
0.58453
0.585943
0.584921
0.584562
0.583065
0.572247
0.563569
0.555709
0.547607
0.536578
0.529602
0.523932
0.517458
0.511036
0.504547
0.49985
0.498272
0.497239
0.495303
0.49494
0.491598
0.493525
0.495459
0.497577
0.500097
0.502248
0.504752
0.507344
0.510011
0.512814
0.515467
0.517977
0.520485
0.523122
0.525694
0.528322
0.530794
0.533207
0.535607
0.537984
0.540347
0.542655
0.544989
0.547213
0.549449
0.551612
0.5538
0.555926
0.558073
0.560135
0.562223
0.564224
0.566266
0.568223
0.570218
0.572098
0.573999
0.575745
0.577504
0.579088
0.580707
0.582223
0.583822
0.58542
0.58707
0.58881
0.590591
0.593432
0.59373
0.592398
)
;
    }
    defaultFaces
    {
        type            empty;
    }
}


// ************************************************************************* //
