/*--------------------------------*- C++ -*----------------------------------*\
| =========                 |                                                 |
| \\      /  F ield         | OpenFOAM: The Open Source CFD Toolbox           |
|  \\    /   O peration     | Version:  v2106                                 |
|   \\  /    A nd           | Website:  www.openfoam.com                      |
|    \\/     M anipulation  |                                                 |
\*---------------------------------------------------------------------------*/
FoamFile
{
    version     2.0;
    format      ascii;
    arch        "LSB;label=32;scalar=64";
    class       volScalarField;
    location    "17";
    object      rho;
}
// * * * * * * * * * * * * * * * * * * * * * * * * * * * * * * * * * * * * * //

dimensions      [1 -3 0 0 0 0 0];

internalField   nonuniform List<scalar> 
5250
(
1.40845
1.40845
1.40845
1.40845
1.40845
1.40845
1.40845
1.40845
1.40845
1.40842
1.4082
1.40639
1.3949
1.48336
2.07236
4.03261
7.83587
6.58427
6.85844
7.00081
7.04472
7.1232
7.19782
7.2583
7.14195
1.40845
1.40845
1.40845
1.40845
1.40845
1.40845
1.40845
1.40845
1.40845
1.40842
1.4082
1.40648
1.39487
1.47998
2.05956
3.95722
7.87341
6.58785
6.86636
7.00569
7.04943
7.12723
7.20153
7.25958
7.13827
1.40845
1.40845
1.40845
1.40845
1.40845
1.40845
1.40845
1.40845
1.40845
1.40843
1.40821
1.40669
1.39489
1.47257
2.02993
3.75603
7.90565
6.57342
6.85604
7.00281
7.04229
7.117
7.191
7.24867
7.1217
1.40845
1.40845
1.40845
1.40845
1.40845
1.40845
1.40845
1.40845
1.40845
1.40843
1.40821
1.40705
1.39512
1.4625
1.98236
3.57373
7.84486
6.5251
6.80775
6.96754
7.01067
7.09183
7.16916
7.2227
7.09724
1.40845
1.40845
1.40845
1.40845
1.40845
1.40845
1.40845
1.40845
1.40845
1.40843
1.40822
1.40737
1.39551
1.45043
1.92204
3.35026
7.72069
6.4536
6.72623
6.90909
6.95577
7.04656
7.12444
7.18838
7.06362
1.40845
1.40845
1.40845
1.40845
1.40845
1.40845
1.40845
1.40845
1.40845
1.40844
1.4083
1.40734
1.39574
1.43748
1.85036
3.07228
7.50762
6.36382
6.61714
6.81618
6.8833
6.97638
7.07887
7.12451
7.01119
1.40845
1.40845
1.40845
1.40845
1.40845
1.40845
1.40845
1.40845
1.40845
1.40844
1.40832
1.40754
1.39677
1.42581
1.78319
2.76263
7.10969
6.24956
6.45036
6.68535
6.778
6.88031
6.98541
7.05377
6.94278
1.40845
1.40845
1.40845
1.40845
1.40845
1.40845
1.40845
1.40845
1.40845
1.40845
1.40828
1.40793
1.39838
1.41669
1.73166
2.5349
6.72021
6.13882
6.27187
6.49339
6.62969
6.76745
6.87113
6.95073
6.83332
1.40845
1.40845
1.40845
1.40845
1.40845
1.40845
1.40845
1.40845
1.40845
1.40845
1.40831
1.40809
1.40003
1.40846
1.66787
2.3367
6.34243
6.02386
6.09109
6.26049
6.44133
6.5476
6.70963
6.75006
6.67254
1.40845
1.40845
1.40845
1.40845
1.40845
1.40845
1.40845
1.40845
1.40845
1.40846
1.40832
1.40832
1.40065
1.40696
1.61142
2.16808
5.97881
6.03284
6.01239
6.05662
6.22003
6.34779
6.4419
6.63411
6.42004
1.40845
1.40845
1.40845
1.40845
1.40845
1.40845
1.40845
1.40845
1.40845
1.40844
1.40841
1.40794
1.40538
1.40069
1.54986
1.97675
5.26721
6.20857
6.0105
5.93278
6.00501
6.12555
6.11518
6.28155
5.36586
1.40845
1.40845
1.40845
1.40845
1.40845
1.40845
1.40845
1.40845
1.40845
1.40845
1.40842
1.40812
1.40688
1.39081
1.49103
1.82729
4.49809
6.44157
5.9709
5.8615
5.81702
5.86943
5.71427
5.63576
5.28839
1.40845
1.40845
1.40845
1.40845
1.40845
1.40845
1.40845
1.40845
1.40845
1.40845
1.40841
1.40841
1.40636
1.39421
1.44725
1.87149
3.60809
6.76277
6.0207
5.8665
5.73728
5.67052
5.51161
5.2717
5.28877
1.40845
1.40845
1.40845
1.40845
1.40845
1.40845
1.40845
1.40845
1.40845
1.40845
1.40845
1.40828
1.40785
1.39768
1.42107
1.75703
2.79796
6.47407
6.07654
5.90729
5.71253
5.57565
5.38322
5.16072
5.08941
1.40845
1.40845
1.40845
1.40845
1.40845
1.40845
1.40845
1.40845
1.40845
1.40845
1.40846
1.40829
1.40831
1.39975
1.4116
1.63073
2.2765
5.71115
6.06372
5.96638
5.7225
5.50825
5.26711
5.03969
4.84541
1.40845
1.40845
1.40845
1.40845
1.40845
1.40845
1.40845
1.40845
1.40845
1.40845
1.40845
1.4084
1.40812
1.40472
1.40017
1.52621
1.87848
4.54891
6.08588
6.03231
5.78058
5.48749
5.23985
4.96837
4.70122
1.40845
1.40845
1.40845
1.40845
1.40845
1.40845
1.40845
1.40845
1.40845
1.40845
1.40844
1.40846
1.40807
1.40797
1.39049
1.44681
1.69884
3.44474
5.91259
5.85377
5.67858
5.47519
5.23885
4.96125
4.66176
1.40845
1.40845
1.40845
1.40845
1.40845
1.40845
1.40845
1.40845
1.40845
1.40845
1.40845
1.40845
1.40825
1.40808
1.39775
1.42086
1.71887
2.55477
5.53281
5.69959
5.68552
5.48931
5.26151
4.98948
4.68393
1.40845
1.40845
1.40845
1.40845
1.40845
1.40845
1.40845
1.40845
1.40845
1.40845
1.40845
1.40845
1.40839
1.40803
1.40391
1.40121
1.57374
2.01853
4.6018
5.70652
5.70987
5.49218
5.26896
5.01921
4.7271
1.40845
1.40845
1.40845
1.40845
1.40845
1.40845
1.40845
1.40845
1.40845
1.40845
1.40845
1.40844
1.40848
1.40791
1.40823
1.38515
1.48273
1.63813
3.47532
5.5452
5.61956
5.40741
5.20585
4.99405
4.74566
1.40845
1.40845
1.40845
1.40845
1.40845
1.40845
1.40845
1.40845
1.40845
1.40845
1.40845
1.40845
1.40844
1.40834
1.40764
1.40193
1.41596
1.64903
2.41485
5.01675
5.39533
5.41635
5.21777
5.00259
4.76641
1.40845
1.40845
1.40845
1.40845
1.40845
1.40845
1.40845
1.40845
1.40845
1.40845
1.40845
1.40845
1.40844
1.40866
1.40717
1.4111
1.36356
1.56373
1.88966
3.9653
5.3806
5.42868
5.24828
5.04387
4.80957
1.40845
1.40845
1.40845
1.40845
1.40845
1.40845
1.40845
1.40845
1.40845
1.40845
1.40845
1.40845
1.40845
1.40844
1.40828
1.40735
1.40002
1.43857
1.6283
2.80215
5.06702
5.19638
5.19141
5.03558
4.83477
1.40845
1.40845
1.40845
1.40845
1.40845
1.40845
1.40845
1.40845
1.40845
1.40845
1.40845
1.40845
1.40845
1.40844
1.40881
1.40675
1.41293
1.35154
1.57706
2.05573
4.18509
5.21773
5.2267
5.06559
4.87003
1.40845
1.40845
1.40845
1.40845
1.40845
1.40845
1.40845
1.40845
1.40845
1.40845
1.40845
1.40845
1.40845
1.40845
1.40844
1.40822
1.40726
1.39731
1.45924
1.55304
3.06964
5.01497
5.10472
5.04304
4.88269
1.40845
1.40845
1.40845
1.40845
1.40845
1.40845
1.40845
1.40845
1.40845
1.40845
1.40845
1.40845
1.40845
1.40845
1.40845
1.4088
1.40663
1.41284
1.34893
1.52472
2.08824
4.16656
5.04476
5.06682
4.91319
1.40845
1.40845
1.40845
1.40845
1.40845
1.40845
1.40845
1.40845
1.40845
1.40845
1.40845
1.40845
1.40845
1.40845
1.40844
1.40843
1.40819
1.40738
1.39586
1.46809
1.56708
3.0401
4.82458
4.92722
4.87691
1.40845
1.40845
1.40845
1.40845
1.40845
1.40845
1.40845
1.40845
1.40845
1.40845
1.40845
1.40845
1.40845
1.40845
1.40844
1.40841
1.40888
1.40641
1.41312
1.35077
1.50658
2.05414
3.99728
4.85288
4.88585
1.40845
1.40845
1.40845
1.40845
1.40845
1.40845
1.40845
1.40845
1.40845
1.40845
1.40845
1.40845
1.40845
1.40845
1.40845
1.40845
1.40844
1.40819
1.40774
1.39458
1.45888
1.53092
2.88939
4.60316
4.72885
1.40845
1.40845
1.40845
1.40845
1.40845
1.40845
1.40845
1.40845
1.40845
1.40845
1.40845
1.40845
1.40845
1.40845
1.40845
1.40845
1.40843
1.40881
1.40568
1.41019
1.36336
1.50499
1.95076
3.67899
4.67252
1.40845
1.40845
1.40845
1.40845
1.40845
1.40845
1.40845
1.40845
1.40845
1.40845
1.40845
1.40845
1.40845
1.40845
1.40845
1.40845
1.40844
1.40845
1.40816
1.40783
1.39453
1.44908
1.52745
2.62112
4.27054
1.40845
1.40845
1.40845
1.40845
1.40845
1.40845
1.40845
1.40845
1.40845
1.40845
1.40845
1.40845
1.40845
1.40845
1.40845
1.40845
1.40845
1.40846
1.4087
1.40512
1.40846
1.36577
1.50312
1.79438
3.28974
1.40845
1.40845
1.40845
1.40845
1.40845
1.40845
1.40845
1.40845
1.40845
1.40845
1.40845
1.40845
1.40845
1.40845
1.40845
1.40845
1.40845
1.40845
1.40844
1.40825
1.40793
1.39849
1.41671
1.56064
2.34312
1.40845
1.40845
1.40845
1.40845
1.40845
1.40845
1.40845
1.40845
1.40845
1.40845
1.40845
1.40845
1.40845
1.40845
1.40845
1.40845
1.40845
1.40845
1.40845
1.40848
1.40781
1.40648
1.39101
1.49253
1.63781
1.40845
1.40845
1.40845
1.40845
1.40845
1.40845
1.40845
1.40845
1.40845
1.40845
1.40845
1.40845
1.40845
1.40845
1.40845
1.40845
1.40845
1.40845
1.40844
1.40845
1.40821
1.40587
1.43449
1.32501
1.42467
1.40845
1.40845
1.40845
1.40845
1.40845
1.40845
1.40845
1.40845
1.40845
1.40845
1.40845
1.40845
1.40845
1.40845
1.40845
1.40845
1.40845
1.40845
1.40845
1.40845
1.40845
1.40817
1.40824
1.39696
1.42027
1.40845
1.40845
1.40845
1.40845
1.40845
1.40845
1.40845
1.40845
1.40845
1.40845
1.40845
1.40845
1.40845
1.40845
1.40845
1.40845
1.40845
1.40845
1.40845
1.40845
1.40845
1.40843
1.40864
1.408
1.38102
1.40845
1.40845
1.40845
1.40845
1.40845
1.40845
1.40845
1.40845
1.40845
1.40845
1.40845
1.40845
1.40845
1.40845
1.40845
1.40845
1.40845
1.40845
1.40845
1.40845
1.40845
1.40844
1.40847
1.40621
1.43272
1.40845
1.40845
1.40845
1.40845
1.40845
1.40845
1.40845
1.40845
1.40845
1.40845
1.40845
1.40845
1.40845
1.40845
1.40845
1.40845
1.40845
1.40845
1.40845
1.40845
1.40845
1.40844
1.40845
1.40835
1.40846
1.40845
1.40845
1.40845
1.40845
1.40845
1.40845
1.40845
1.40845
1.40845
1.40845
1.40845
1.40845
1.40845
1.40845
1.40845
1.40845
1.40845
1.40845
1.40845
1.40845
1.40845
1.40845
1.40842
1.40841
1.40865
1.40845
1.40845
1.40845
1.40845
1.40845
1.40845
1.40845
1.40845
1.40845
1.40845
1.40845
1.40845
1.40845
1.40845
1.40845
1.40845
1.40845
1.40845
1.40845
1.40845
1.40845
1.40845
1.40844
1.40836
1.40964
1.40845
1.40845
1.40845
1.40845
1.40845
1.40845
1.40845
1.40845
1.40845
1.40845
1.40845
1.40845
1.40845
1.40845
1.40845
1.40845
1.40845
1.40845
1.40845
1.40845
1.40845
1.40845
1.40845
1.40845
1.40847
1.40845
1.40845
1.40845
1.40845
1.40845
1.40845
1.40845
1.40845
1.40845
1.40845
1.40845
1.40845
1.40845
1.40845
1.40845
1.40845
1.40845
1.40845
1.40845
1.40845
1.40845
1.40845
1.40845
1.40845
1.40847
1.40845
1.40845
1.40845
1.40845
1.40845
1.40845
1.40845
1.40845
1.40845
1.40845
1.40845
1.40845
1.40845
1.40845
1.40845
1.40845
1.40845
1.40845
1.40845
1.40845
1.40845
1.40845
1.40845
1.40845
1.40845
1.40845
1.40845
1.40845
1.40845
1.40845
1.40845
1.40845
1.40845
1.40845
1.40845
1.40845
1.40845
1.40845
1.40845
1.40845
1.40845
1.40845
1.40845
1.40845
1.40845
1.40845
1.40845
1.40845
1.40845
1.40845
1.40845
1.40845
1.40845
1.40845
1.40845
1.40845
1.40845
1.40845
1.40845
1.40845
1.40845
1.40845
1.40845
1.40845
1.40845
1.40845
1.40845
1.40845
1.40845
1.40845
1.40845
1.40845
1.40845
1.40845
1.40845
1.40845
1.40845
1.40845
1.40845
1.40845
1.40845
1.40845
1.40845
1.40845
1.40845
1.40845
1.40845
1.40845
1.40845
1.40845
1.40845
1.40845
1.40845
1.40845
1.40845
1.40845
1.40845
1.40845
1.40845
1.40845
1.40845
1.40845
1.40845
1.40845
1.40845
1.40845
1.40845
1.40845
1.40845
1.40845
1.40845
1.40845
1.40845
1.40845
1.40845
1.40845
1.40845
1.40845
1.40845
1.40845
1.40845
1.40845
1.40845
1.40845
1.40845
1.40845
1.40845
1.40845
1.40845
1.40845
1.40845
1.40845
1.40845
1.40845
1.40845
1.40845
1.40845
1.40845
1.40845
1.40845
1.40845
1.40845
1.40845
1.40845
1.40845
1.40845
1.40845
1.40845
1.40845
1.40845
1.40845
1.40845
1.40845
1.40845
1.40845
1.40845
1.40845
1.40845
1.40845
1.40845
1.40845
1.40845
1.40845
1.40845
1.40845
1.40845
1.40845
1.40845
1.40845
1.40845
1.40845
1.40845
1.40845
1.40845
1.40845
1.90372
1.898
1.91728
1.66565
1.79827
1.76685
1.63628
1.42416
1.37001
1.35431
1.3603
1.36657
1.36634
1.34169
1.27435
1.22677
1.20241
1.19847
1.20488
1.20771
1.20978
1.20999
1.20693
1.20392
1.19599
1.19153
1.1874
1.18621
1.1859
1.19018
1.19583
1.21511
1.23597
1.27472
1.33944
1.39391
1.45539
1.52558
1.61769
1.68464
1.74999
1.82593
1.90752
1.98693
2.07248
2.13665
2.18866
2.24867
2.29542
2.33047
2.35525
2.38962
2.41119
2.42954
2.44373
2.45401
2.45998
2.46086
2.45871
2.45513
2.44833
2.4382
2.42618
2.41313
2.39888
2.38392
2.36759
2.35075
2.33376
2.31656
2.29923
2.2816
2.26403
2.24603
2.22814
2.21003
2.1922
2.17429
2.15667
2.13902
2.12185
2.10477
2.08835
2.07198
2.05619
2.04025
2.02478
2.00918
1.9942
1.97929
1.96533
1.95155
1.93873
1.92574
1.91314
1.90024
1.88737
1.87631
1.85714
1.84131
2.80053
2.49692
2.0446
1.73378
1.86903
1.80039
1.65645
1.30836
1.18768
1.16365
1.19187
1.20269
1.19923
1.15883
1.10138
1.07685
1.05651
1.0479
1.04955
1.05199
1.05368
1.05456
1.05197
1.05069
1.04438
1.03892
1.03242
1.02876
1.02705
1.0314
1.0381
1.05615
1.07655
1.10213
1.15614
1.2014
1.25293
1.32392
1.42126
1.51378
1.59952
1.68179
1.77984
1.85548
1.94133
2.02931
2.09308
2.17061
2.25177
2.31163
2.38239
2.44224
2.48938
2.52658
2.5554
2.58249
2.6069
2.62275
2.62769
2.63083
2.63359
2.63178
2.6243
2.61544
2.60399
2.59123
2.57689
2.56139
2.54595
2.53013
2.51423
2.49729
2.48025
2.46254
2.44496
2.42651
2.40811
2.3889
2.36996
2.35074
2.33205
2.31345
2.29551
2.27784
2.26071
2.24376
2.22736
2.21095
2.19521
2.17925
2.16404
2.14873
2.13418
2.11952
2.10505
2.09054
2.07604
2.06297
2.04261
2.02438
3.72541
2.99753
2.523
2.06702
1.96518
1.85846
1.6307
1.27362
1.13493
1.12858
1.14364
1.16448
1.17782
1.14779
1.10035
1.01055
0.972727
0.964595
0.965093
0.981564
0.982911
0.983949
0.97868
0.976027
0.9688
0.965122
0.961232
0.963214
0.9592
0.963236
0.963566
0.978177
0.994296
1.01941
1.07716
1.13598
1.19687
1.25128
1.30971
1.40373
1.49021
1.5926
1.71023
1.83817
1.99577
2.14733
2.25921
2.36811
2.48304
2.57131
2.65999
2.73134
2.79487
2.83662
2.86297
2.89067
2.91376
2.92885
2.93479
2.93637
2.93674
2.93475
2.92639
2.91491
2.90087
2.88479
2.86588
2.84646
2.82722
2.80819
2.78923
2.77004
2.75047
2.7294
2.70753
2.68509
2.6626
2.64009
2.61798
2.59617
2.57499
2.55384
2.53335
2.51283
2.49279
2.47294
2.45354
2.43458
2.4164
2.3992
2.38335
2.36799
2.35308
2.33748
2.32112
2.30432
2.28702
2.27093
2.24482
2.22146
4.35165
3.49447
2.96408
2.47468
2.19695
2.0221
1.844
1.56459
1.34599
1.21222
1.17594
1.1741
1.1744
1.15031
1.08221
0.984831
0.953501
0.950198
0.952811
0.964959
0.967486
0.985439
0.989785
0.986589
0.9797
0.978307
0.96327
0.960436
0.953611
0.959661
0.961426
0.977906
0.990709
0.998536
1.02496
1.06501
1.1196
1.20025
1.31429
1.47207
1.63468
1.79264
1.94415
2.09418
2.25231
2.39299
2.53183
2.66265
2.75483
2.86475
2.92629
2.99272
3.05035
3.08434
3.11196
3.13783
3.15662
3.1633
3.1632
3.15772
3.15199
3.14566
3.13691
3.12303
3.10728
3.08819
3.06736
3.04554
3.0234
3.00116
2.97891
2.95659
2.93409
2.9115
2.88935
2.86618
2.84195
2.81693
2.7917
2.76674
2.74255
2.71932
2.69716
2.67574
2.65478
2.63365
2.61273
2.59193
2.57161
2.55227
2.53413
2.51709
2.50094
2.48551
2.4699
2.4531
2.43543
2.41852
2.39067
2.36327
4.43832
3.83463
3.26437
2.8478
2.58147
2.3323
2.10429
1.85483
1.54519
1.39138
1.31977
1.29045
1.24538
1.21296
1.17397
1.10801
1.04616
1.00094
0.979755
0.976998
0.976362
0.982006
0.981426
0.979745
0.973309
0.969217
0.955895
0.960792
0.957903
0.963425
0.965281
0.967636
0.974933
0.992018
1.03486
1.10655
1.20195
1.32689
1.46647
1.64257
1.80795
1.96441
2.14571
2.30135
2.4688
2.59856
2.74232
2.84169
2.93393
3.04628
3.10157
3.16499
3.21756
3.23976
3.26995
3.29248
3.29936
3.30337
3.30676
3.30602
3.30114
3.29288
3.27948
3.25957
3.23817
3.21766
3.19779
3.17669
3.1547
3.13214
3.10878
3.08481
3.06063
3.03603
3.01051
2.98494
2.95954
2.93438
2.9098
2.88552
2.86103
2.83659
2.81287
2.78953
2.76663
2.74414
2.72212
2.70062
2.67994
2.66011
2.64122
2.62313
2.60549
2.58828
2.57107
2.55369
2.53581
2.51801
2.49151
2.46196
4.38845
4.02849
3.54281
3.15103
2.87995
2.6879
2.44314
2.1818
1.86614
1.64717
1.53884
1.47986
1.40918
1.34076
1.27056
1.18299
1.11843
1.07768
1.05947
1.05131
1.03574
1.02764
1.01581
1.00922
0.997779
0.994343
0.979728
0.97708
0.964688
0.966714
0.969941
0.979269
0.999811
1.03004
1.0875
1.17136
1.2805
1.42204
1.56458
1.71268
1.87124
2.04336
2.22523
2.39552
2.57426
2.71803
2.85035
2.94091
3.04786
3.10535
3.16302
3.24448
3.32091
3.35265
3.36809
3.37582
3.38003
3.39148
3.39945
3.40273
3.3967
3.37858
3.36056
3.34251
3.32422
3.30632
3.28539
3.26369
3.24101
3.2177
3.19319
3.16728
3.14024
3.11329
3.08755
3.0629
3.03915
3.01586
2.99132
2.96566
2.94003
2.91506
2.8906
2.86658
2.84307
2.82022
2.79809
2.77677
2.75574
2.7354
2.71574
2.69666
2.67791
2.65954
2.6413
2.62317
2.6049
2.58626
2.56077
2.52956
4.30599
4.04197
3.67332
3.36879
3.08393
2.94264
2.7717
2.55708
2.302
2.01197
1.81086
1.72247
1.64417
1.56657
1.48027
1.39475
1.29697
1.22629
1.17813
1.15476
1.13109
1.11539
1.0916
1.07336
1.05066
1.03836
1.01513
1.01496
1.00078
1.0031
1.01403
1.03298
1.05856
1.11572
1.19777
1.32283
1.44465
1.5651
1.67026
1.78564
1.88641
2.00233
2.11785
2.25131
2.39479
2.5428
2.73941
2.97791
3.12809
3.16159
3.21139
3.26127
3.32114
3.37484
3.40908
3.43425
3.43877
3.44499
3.44501
3.43934
3.43652
3.42769
3.41205
3.39438
3.37583
3.35662
3.33521
3.31215
3.28843
3.26413
3.23916
3.21396
3.18883
3.16402
3.1393
3.11355
3.08742
3.06143
3.03586
3.01065
2.9857
2.9614
2.93759
2.91427
2.89145
2.86875
2.84657
2.82484
2.8034
2.78272
2.76262
2.743
2.72372
2.70481
2.68609
2.66743
2.6486
2.62871
2.60333
2.57102
4.32428
4.02148
3.74238
3.47503
3.22145
3.09097
2.96245
2.79683
2.59957
2.3514
2.10938
1.96002
1.87434
1.80139
1.71575
1.63646
1.53066
1.4274
1.35361
1.31595
1.28187
1.26654
1.23383
1.20395
1.1663
1.14227
1.11136
1.09865
1.08343
1.08982
1.11688
1.17639
1.23518
1.32902
1.4507
1.55221
1.6228
1.69322
1.76422
1.83982
1.90429
1.97166
2.0456
2.13924
2.23604
2.34715
2.49988
2.67183
2.9069
3.16253
3.29973
3.30621
3.31357
3.33961
3.3769
3.42911
3.46283
3.46083
3.45792
3.44911
3.44813
3.44624
3.43616
3.41639
3.39642
3.37352
3.3519
3.33056
3.30883
3.28641
3.26374
3.23826
3.21125
3.18502
3.15927
3.13383
3.10886
3.08438
3.05994
3.03531
3.01055
2.98613
2.96215
2.93881
2.91612
2.89389
2.87213
2.85084
2.82982
2.80935
2.7892
2.76933
2.74966
2.73021
2.71089
2.69157
2.67212
2.65166
2.62629
2.59343
4.38794
4.04807
3.79013
3.52099
3.35656
3.18584
3.08323
2.94893
2.79708
2.61654
2.40034
2.21737
2.09767
2.02761
1.95725
1.87291
1.78457
1.67681
1.58188
1.51645
1.47847
1.44337
1.41598
1.38028
1.34443
1.30475
1.27552
1.24666
1.24136
1.24728
1.36267
1.46967
1.57061
1.68925
1.78534
1.8076
1.81917
1.82844
1.86312
1.90715
1.94698
1.98567
2.03021
2.07726
2.11592
2.1805
2.28042
2.39652
2.55252
2.73095
3.08792
3.34723
3.35416
3.34755
3.35673
3.37123
3.41756
3.44888
3.45556
3.45275
3.44197
3.44024
3.43615
3.42134
3.39886
3.37685
3.35473
3.3338
3.31445
3.29469
3.27329
3.24761
3.21902
3.19289
3.16792
3.14352
3.11951
3.09577
3.0717
3.04743
3.02314
2.99895
2.97511
2.95202
2.92944
2.90725
2.88541
2.86403
2.84286
2.82207
2.80159
2.78151
2.76169
2.74204
2.72238
2.70261
2.68268
2.66175
2.636
2.6025
4.46792
4.11265
3.85836
3.57562
3.45004
3.25676
3.15658
3.03758
2.9077
2.75937
2.58589
2.39508
2.26878
2.18929
2.12041
2.05344
1.99009
1.90144
1.80367
1.71991
1.66492
1.63303
1.60772
1.57619
1.55034
1.51022
1.48938
1.46324
1.49687
1.55611
1.82551
1.94292
2.04954
2.12858
2.10403
2.04689
2.02431
2.01516
2.01473
2.01546
2.0145
2.03116
2.05052
2.06248
2.07591
2.10902
2.1458
2.19257
2.28508
2.43246
2.61426
2.87148
3.23059
3.40225
3.39363
3.36565
3.36992
3.3876
3.41796
3.44281
3.44015
3.42562
3.42007
3.41055
3.3936
3.37597
3.35821
3.33865
3.3188
3.29657
3.27345
3.2492
3.22372
3.19887
3.17469
3.15153
3.12846
3.10497
3.08142
3.0577
3.03352
3.00938
2.9855
2.96191
2.93878
2.91637
2.89456
2.87327
2.85232
2.83182
2.81167
2.7917
2.77147
2.75135
2.73129
2.71118
2.69096
2.66983
2.64405
2.61008
4.51792
4.19825
3.91626
3.667
3.5041
3.3129
3.21167
3.11134
2.99541
2.86051
2.71918
2.55134
2.40296
2.29386
2.23236
2.18058
2.12181
2.05841
1.97977
1.89737
1.8265
1.77698
1.75214
1.7277
1.70606
1.68524
1.67853
1.68889
1.77767
2.0403
2.36281
2.45905
2.51609
2.50563
2.41596
2.35428
2.30902
2.26049
2.22315
2.18291
2.1417
2.11564
2.08328
2.07737
2.08239
2.0887
2.09056
2.10709
2.14617
2.20164
2.29621
2.46872
2.63921
3.05205
3.35601
3.41323
3.39252
3.37232
3.37601
3.40518
3.41038
3.40969
3.40951
3.40709
3.38933
3.37078
3.3561
3.34189
3.32426
3.30223
3.2782
3.25448
3.23096
3.20746
3.1846
3.16174
3.13812
3.11468
3.09108
3.06727
3.04332
3.01933
2.99492
2.97145
2.94884
2.92676
2.90505
2.88375
2.86275
2.84207
2.82162
2.8013
2.78102
2.76082
2.74062
2.72037
2.7
2.67865
2.65244
2.61741
4.56638
4.28298
4.00865
3.7533
3.56217
3.37402
3.26733
3.16954
3.05576
2.93614
2.80891
2.65892
2.51454
2.39989
2.32125
2.26242
2.21284
2.16507
2.10657
2.02625
1.95682
1.89745
1.86318
1.84553
1.83116
1.82952
1.84855
1.94724
2.1063
2.67819
2.86253
2.90662
2.88932
2.77984
2.69493
2.62312
2.54222
2.47622
2.4105
2.35399
2.31189
2.26631
2.22101
2.15739
2.1211
2.10422
2.09156
2.0941
2.09768
2.10491
2.14381
2.21389
2.33509
2.52444
2.73661
3.18811
3.43175
3.45899
3.39182
3.3607
3.37332
3.39887
3.4001
3.39953
3.39222
3.38201
3.36436
3.34957
3.33477
3.31734
3.29464
3.27102
3.24753
3.22459
3.20116
3.17645
3.15261
3.12984
3.10766
3.08566
3.06396
3.03897
3.01268
2.98827
2.96518
2.94282
2.92084
2.89925
2.8779
2.85684
2.8359
2.81508
2.7944
2.77381
2.75312
2.73228
2.71121
2.68914
2.66216
2.62594
4.60884
4.34307
4.08666
3.8334
3.62922
3.44866
3.32678
3.21251
3.1032
2.99546
2.88293
2.74318
2.59875
2.49364
2.39743
2.32305
2.28105
2.23321
2.17604
2.12013
2.05986
1.99137
1.94796
1.93147
1.92733
1.94308
2.0143
2.23031
2.65432
3.21945
3.2468
3.2126
3.13689
3.03426
2.93734
2.83186
2.74868
2.66463
2.58337
2.51618
2.45322
2.37884
2.31921
2.27519
2.24658
2.20081
2.14572
2.11169
2.09667
2.09059
2.0952
2.10576
2.14757
2.23528
2.39315
2.5984
2.98543
3.36243
3.45521
3.42685
3.36514
3.35957
3.36525
3.39192
3.38875
3.37783
3.36844
3.35735
3.34193
3.32509
3.30622
3.28515
3.26316
3.23809
3.21502
3.19201
3.16877
3.14543
3.12192
3.09857
3.07474
3.05059
3.02744
3.00518
2.98331
2.96162
2.93993
2.91835
2.89673
2.87509
2.85336
2.83164
2.81
2.78843
2.76682
2.74516
2.72335
2.70057
2.67272
2.63488
4.65142
4.41051
4.15967
3.92143
3.71194
3.53151
3.38758
3.2687
3.16249
3.04589
2.92704
2.82225
2.67577
2.56199
2.47626
2.38752
2.32917
2.27482
2.23428
2.18397
2.13258
2.05749
2.01103
2.0001
2.00488
2.05885
2.2619
2.5804
3.25524
3.44008
3.44961
3.40496
3.32279
3.22708
3.12018
3.02287
2.92636
2.82829
2.74459
2.66473
2.58451
2.51684
2.46035
2.41508
2.35163
2.28493
2.24721
2.20782
2.15662
2.10844
2.08971
2.09029
2.09814
2.11537
2.17811
2.28571
2.46655
2.66406
3.15051
3.4606
3.46063
3.41318
3.35939
3.35995
3.36059
3.36415
3.36838
3.36115
3.33968
3.31956
3.3021
3.28429
3.26394
3.24203
3.21569
3.1916
3.16913
3.14729
3.12581
3.10496
3.08463
3.06371
3.04177
3.02137
3.00078
2.97974
2.95821
2.93646
2.91462
2.89293
2.87122
2.8497
2.82826
2.80676
2.78472
2.76217
2.73909
2.71486
2.68513
2.6451
4.68111
4.45635
4.21812
3.9758
3.78048
3.60592
3.45818
3.34013
3.22928
3.11374
2.9912
2.8814
2.75307
2.6217
2.54324
2.45157
2.36637
2.31905
2.27643
2.23104
2.18374
2.12017
2.06694
2.07117
2.10908
2.26331
2.48822
3.16585
3.57029
3.57998
3.55815
3.5121
3.44765
3.36806
3.27974
3.17994
3.07801
2.98093
2.88902
2.79953
2.71849
2.6479
2.58893
2.51139
2.43934
2.39525
2.35222
2.29122
2.24575
2.20532
2.17084
2.12962
2.09769
2.09343
2.09674
2.11971
2.18317
2.32666
2.54645
2.83151
3.26657
3.46366
3.47166
3.34846
3.31833
3.31457
3.34095
3.33938
3.33109
3.31704
3.30015
3.27929
3.25887
3.23809
3.21593
3.19158
3.16797
3.14718
3.12721
3.10737
3.08747
3.06748
3.04753
3.0258
3.00455
2.98319
2.96158
2.94003
2.91868
2.8977
2.87662
2.85516
2.83344
2.81139
2.78897
2.7662
2.74303
2.71881
2.68947
2.64839
4.72257
4.50756
4.28145
4.03351
3.83442
3.66799
3.5194
3.39704
3.28995
3.18386
3.07251
2.94377
2.83671
2.70455
2.60486
2.52145
2.42387
2.35962
2.31477
2.27745
2.22102
2.17056
2.15298
2.16676
2.28505
2.46953
3.12519
3.61136
3.64343
3.64678
3.63202
3.60031
3.55065
3.48527
3.40421
3.31377
3.21523
3.1166
3.02122
2.93003
2.84659
2.77466
2.69275
2.61149
2.55891
2.50249
2.43687
2.38829
2.34883
2.30765
2.26241
2.21737
2.15349
2.11692
2.07172
2.07607
2.08924
2.13949
2.22726
2.39313
2.57378
3.06392
3.41993
3.42704
3.4017
3.3152
3.27745
3.2831
3.30316
3.29644
3.28325
3.26756
3.25177
3.22604
3.2033
3.18269
3.16232
3.14035
3.12115
3.10237
3.08366
3.06523
3.04672
3.02771
3.00572
2.98334
2.96186
2.94108
2.92001
2.89838
2.87638
2.85407
2.83165
2.80908
2.78621
2.76292
2.73926
2.71477
2.68589
2.64374
4.73729
4.55317
4.34938
4.1048
3.88999
3.73309
3.57895
3.44838
3.34236
3.2399
3.1362
3.0195
2.91006
2.79495
2.67959
2.59046
2.49077
2.4154
2.3669
2.29389
2.25373
2.23588
2.25162
2.33578
2.55035
3.07693
3.60097
3.70336
3.70849
3.69988
3.68299
3.6565
3.618
3.56342
3.49516
3.41558
3.32812
3.23612
3.14338
3.05216
2.97349
2.88421
2.7902
2.73206
2.66629
2.59269
2.54068
2.49383
2.44204
2.38291
2.31831
2.26784
2.2241
2.17952
2.12428
2.08323
2.07894
2.07999
2.09255
2.16148
2.28187
2.46814
2.67451
3.14436
3.41414
3.41941
3.3302
3.26954
3.26666
3.27023
3.26678
3.26267
3.25085
3.23209
3.20024
3.17702
3.16204
3.14656
3.12975
3.11174
3.09267
3.07332
3.0533
3.03186
3.00951
2.98636
2.96413
2.9428
2.92104
2.89928
2.87722
2.85474
2.83171
2.8082
2.78428
2.7601
2.73587
2.71097
2.68169
2.63751
4.75094
4.58607
4.40202
4.17983
3.94331
3.78681
3.63636
3.49624
3.3922
3.29549
3.19128
3.08086
2.97382
2.87674
2.77009
2.66637
2.56483
2.49244
2.39586
2.33886
2.30983
2.31604
2.39068
2.63231
3.0474
3.63017
3.75272
3.7698
3.74906
3.7332
3.71736
3.69682
3.66693
3.62389
3.56667
3.49898
3.42233
3.34081
3.25302
3.16908
3.08012
2.9797
2.9131
2.84396
2.75375
2.70012
2.64291
2.5756
2.5129
2.4472
2.39282
2.33988
2.29175
2.23913
2.19939
2.15314
2.10664
2.06877
2.07118
2.08467
2.11264
2.17608
2.32246
2.52897
2.86613
3.26972
3.40163
3.40315
3.27949
3.23115
3.22592
3.23617
3.23602
3.22547
3.20737
3.18034
3.15673
3.14229
3.12735
3.11279
3.09764
3.08074
3.06315
3.0403
3.01568
2.99227
2.96955
2.94698
2.92412
2.90117
2.87824
2.85537
2.83236
2.80899
2.78515
2.76019
2.73464
2.70806
2.67666
2.63038
4.72956
4.61554
4.46797
4.27155
4.02128
3.83813
3.70071
3.5433
3.43557
3.34662
3.24943
3.13562
3.02845
2.93753
2.85164
2.74335
2.64896
2.51987
2.43298
2.40637
2.40159
2.45054
2.6657
3.01842
3.67882
3.85095
3.87213
3.81358
3.7831
3.7696
3.75595
3.73747
3.71017
3.67409
3.62668
3.56894
3.50193
3.42727
3.34667
3.26477
3.16555
3.09267
3.0199
2.92371
2.85949
2.79317
2.71548
2.64457
2.58327
2.52605
2.47254
2.4083
2.34736
2.30202
2.24778
2.20378
2.16816
2.12127
2.09025
2.0523
2.06223
2.07295
2.10379
2.20539
2.37165
2.54166
3.04429
3.35754
3.36545
3.31508
3.2349
3.18745
3.19061
3.19584
3.18722
3.17027
3.15304
3.13109
3.11541
3.10521
3.09569
3.08239
3.06453
3.04448
3.01842
2.99331
2.96994
2.94692
2.92363
2.90048
2.8772
2.8536
2.82952
2.80522
2.78092
2.75573
2.72984
2.70287
2.6712
2.62364
4.7029
4.599
4.4705
4.32552
4.11271
3.8985
3.77243
3.60584
3.48749
3.39654
3.30675
3.19637
3.07662
2.9873
2.91286
2.82759
2.72715
2.57339
2.50752
2.4947
2.52992
2.7066
2.98396
3.71816
3.979
4.00222
3.91842
3.86507
3.83904
3.81925
3.79909
3.77622
3.74929
3.71613
3.67643
3.62763
3.57015
3.50299
3.43008
3.34606
3.26775
3.18979
3.09121
3.01656
2.94492
2.85491
2.78838
2.72546
2.6579
2.59989
2.53533
2.47727
2.41748
2.36975
2.31662
2.27288
2.2362
2.18455
2.13931
2.09257
2.07713
2.04807
2.03873
2.04348
2.08048
2.20536
2.42632
2.69689
3.15465
3.34922
3.34604
3.27611
3.19019
3.15429
3.16164
3.1596
3.15309
3.14186
3.12565
3.10923
3.09639
3.08338
3.0675
3.04904
3.02505
2.99647
2.97055
2.94678
2.92288
2.89908
2.87519
2.8512
2.82694
2.80206
2.77581
2.74861
2.72204
2.69542
2.6645
2.61568
4.57597
4.5939
4.47472
4.34755
4.18704
3.96709
3.83822
3.6879
3.52894
3.43259
3.35631
3.26759
3.1432
3.03335
2.95457
2.89732
2.7534
2.66013
2.61568
2.63114
2.77061
3.00233
3.74348
4.11241
4.14225
4.04834
3.97449
3.92913
3.89224
3.86219
3.83754
3.8122
3.78511
3.75418
3.71827
3.67581
3.6261
3.56846
3.5027
3.43032
3.35389
3.26128
3.18134
3.10287
3.01158
2.93461
2.87043
2.80476
2.74271
2.68026
2.61703
2.55676
2.50047
2.43399
2.38275
2.32895
2.28264
2.24022
2.19627
2.15988
2.12025
2.06998
2.02727
1.97468
1.98671
2.03558
2.11314
2.27398
2.47312
2.9225
3.26904
3.30011
3.28764
3.18523
3.13379
3.12421
3.12341
3.12333
3.12319
3.11516
3.1013
3.08458
3.06709
3.04538
3.01864
2.99236
2.96736
2.94316
2.91935
2.89577
2.87201
2.84715
2.82078
2.79414
2.76762
2.73994
2.7122
2.68486
2.65443
2.60517
4.50494
4.55748
4.49684
4.37283
4.24409
4.04001
3.88928
3.77976
3.59396
3.48155
3.39861
3.31784
3.21695
3.08547
2.99429
2.92171
2.80732
2.73933
2.74082
2.85646
3.05489
3.79702
4.26017
4.29201
4.20379
4.12254
4.0674
4.0151
3.96756
3.92614
3.89066
3.85884
3.82617
3.79183
3.75487
3.71433
3.66872
3.6176
3.5585
3.49326
3.42063
3.34387
3.26427
3.18119
3.10093
3.02363
2.94794
2.87883
2.811
2.74402
2.6803
2.6151
2.55201
2.48854
2.43152
2.3796
2.33073
2.28929
2.25246
2.21135
2.16694
2.12591
2.06158
2.01369
1.98248
1.98545
1.99048
2.05003
2.16661
2.34812
2.56118
3.03238
3.28687
3.2893
3.24237
3.16066
3.10821
3.10348
3.10533
3.10911
3.10457
3.09139
3.07317
3.04017
3.00977
2.98521
2.96206
2.93863
2.91416
2.88887
2.86308
2.83767
2.81191
2.78519
2.75804
2.73024
2.70237
2.6746
2.6437
2.59411
3.89799
4.49436
4.54712
4.43303
4.29585
4.10788
3.92791
3.84079
3.68349
3.53414
3.44576
3.3725
3.28601
3.1471
3.0385
2.947
2.89396
2.87977
2.96403
3.16987
3.82505
4.37136
4.40124
4.33928
4.26041
4.20245
4.14539
4.0868
4.02961
3.9794
3.93431
3.89554
3.85903
3.82255
3.78491
3.74534
3.70234
3.65525
3.6028
3.54418
3.47923
3.40838
3.33252
3.25365
3.17411
3.09502
3.01791
2.94426
2.87385
2.80548
2.73942
2.67395
2.60913
2.55062
2.49099
2.44052
2.39159
2.3465
2.30559
2.26472
2.22187
2.17492
2.13156
2.06303
2.00472
1.98632
1.98233
1.98367
2.00379
2.07254
2.21965
2.44691
2.77593
3.14974
3.26201
3.25629
3.18894
3.11428
3.0729
3.07647
3.08342
3.0804
3.06616
3.04754
3.01427
2.98183
2.95544
2.93057
2.90532
2.87942
2.85418
2.82797
2.8014
2.77395
2.74714
2.72027
2.69291
2.66482
2.63241
2.58249
2.88164
4.26732
4.43649
4.42465
4.31631
4.17374
4.00002
3.87603
3.73437
3.57671
3.48746
3.41168
3.33983
3.18704
3.07132
3.0165
3.01657
3.10726
3.34944
3.91709
4.52916
4.53309
4.49689
4.41648
4.35506
4.29411
4.23236
4.16858
4.10555
4.04734
3.99576
3.94636
3.90071
3.8592
3.81745
3.77538
3.73189
3.68613
3.63662
3.58275
3.52338
3.4584
3.3887
3.31568
3.23922
3.16285
3.0872
3.01369
2.94204
2.87207
2.80276
2.73389
2.66863
2.6039
2.54759
2.4926
2.44531
2.40075
2.35471
2.31193
2.2688
2.22873
2.17276
2.11024
2.07557
2.03718
2.00688
1.96447
1.96327
1.98608
2.03689
2.13666
2.30222
2.48228
2.95011
3.21761
3.22591
3.19782
3.13647
3.0777
3.05215
3.04862
3.04084
3.02739
3.0078
2.9786
2.94492
2.91886
2.89452
2.86836
2.84374
2.81923
2.79285
2.76565
2.73682
2.7097
2.68227
2.65473
2.62314
2.57236
1.85254
3.31661
4.38796
4.42175
4.35476
4.23444
4.10423
3.95407
3.79643
3.63864
3.51337
3.44233
3.37513
3.23747
3.13656
3.12987
3.22144
3.50708
4.07227
4.73777
4.73338
4.6869
4.57918
4.50748
4.44184
4.37835
4.31354
4.24438
4.17383
4.1065
4.04446
3.98705
3.9324
3.88419
3.8393
3.7958
3.75209
3.70721
3.66004
3.60974
3.55502
3.49578
3.4316
3.36363
3.29274
3.22037
3.14693
3.07487
3.00342
2.93269
2.86244
2.7947
2.72501
2.66222
2.60336
2.55
2.50162
2.45514
2.41049
2.36586
2.32211
2.27657
2.21845
2.17151
2.12741
2.09023
2.05528
2.01509
1.98209
1.97706
1.98246
1.99673
2.05051
2.17775
2.37049
2.59547
3.00458
3.20129
3.20056
3.16543
3.07724
3.02767
3.01995
3.01375
3.00259
2.98071
2.95413
2.91819
2.8883
2.86032
2.83375
2.81065
2.786
2.75704
2.72892
2.70177
2.67395
2.6455
2.61351
2.56246
1.50701
2.40007
3.78975
4.32907
4.41812
4.30793
4.17648
4.03208
3.90545
3.72911
3.56844
3.45656
3.37968
3.31146
3.28102
3.35057
3.62649
4.21511
4.95053
4.95059
4.91156
4.76163
4.66535
4.59616
4.52857
4.46082
4.39078
4.31537
4.24173
4.17091
4.1034
4.03994
3.98021
3.92298
3.87108
3.82257
3.7756
3.72832
3.68014
3.62982
3.57703
3.52116
3.46232
3.40034
3.3361
3.26926
3.2015
3.13296
3.06381
2.99424
2.92415
2.85343
2.78229
2.71726
2.65782
2.60358
2.55351
2.50338
2.45596
2.40728
2.35799
2.30586
2.25195
2.20827
2.16446
2.12698
2.09535
2.06274
2.0245
1.98653
1.96857
1.9584
1.97892
2.0164
2.08428
2.22368
2.40123
2.81803
3.11745
3.14547
3.12791
3.08089
3.03941
3.00704
2.98187
2.96885
2.94854
2.92064
2.8829
2.85136
2.82156
2.79809
2.77614
2.75072
2.72235
2.69511
2.66679
2.63596
2.60098
2.54996
1.50004
1.68223
2.84327
4.07483
4.29588
4.28916
4.17606
4.04658
3.92223
3.81099
3.65172
3.50204
3.43078
3.42507
3.5075
3.79537
4.37861
5.17856
5.17892
5.12972
4.97122
4.84767
4.76429
4.68559
4.60797
4.53112
4.45496
4.37959
4.30368
4.22925
4.15718
4.08804
4.02272
3.95832
3.89802
3.84323
3.7917
3.74279
3.69367
3.64401
3.59298
3.5404
3.48606
3.42976
3.3716
3.31136
3.24931
3.18545
3.12004
3.05239
2.98342
2.90943
2.83883
2.77184
2.71215
2.65693
2.60466
2.55471
2.50596
2.45747
2.40852
2.35952
2.30689
2.25615
2.21296
2.17489
2.14258
2.10795
2.07743
2.04701
2.01218
1.98128
1.96408
1.95701
1.95482
2.00557
2.10757
2.29558
2.49286
2.87568
3.07705
3.08972
3.0805
3.02934
2.95406
2.9263
2.90515
2.88429
2.86261
2.83425
2.80453
2.77507
2.75253
2.72985
2.70508
2.67971
2.65334
2.62469
2.59084
2.53746
1.3093
1.40498
1.83073
3.17163
4.18877
4.25018
4.20415
4.08315
3.9532
3.86001
3.69763
3.57984
3.55764
3.64683
3.96237
4.56979
5.44484
5.44424
5.37679
5.19735
5.05791
4.9698
4.88569
4.79823
4.70896
4.62333
4.54331
4.4645
4.38434
4.30443
4.22732
4.15277
4.08092
4.01174
3.94512
3.88361
3.827
3.7733
3.72161
3.66999
3.61887
3.56715
3.51483
3.46174
3.4075
3.35159
3.29357
3.23364
3.17125
3.10651
3.03803
2.96609
2.89612
2.8302
2.76928
2.71295
2.6591
2.60787
2.55554
2.50427
2.45236
2.39756
2.34632
2.29163
2.24715
2.20906
2.16935
2.13877
2.10652
2.07472
2.0348
2.00602
1.9606
1.94444
1.91464
1.91806
1.94533
2.00633
2.13879
2.29806
2.59646
2.91385
3.00699
3.01284
2.99031
2.90236
2.85018
2.83405
2.81772
2.79739
2.77487
2.75088
2.72821
2.70381
2.67583
2.65236
2.63011
2.60673
2.57657
2.51963
1.39667
1.42335
1.52862
2.26685
3.59391
4.19948
4.27568
4.18879
4.10281
3.9175
3.77545
3.73204
3.80043
4.1207
4.76442
5.70192
5.70947
5.64235
5.42541
5.25894
5.16433
5.0739
4.98351
4.88283
4.78849
4.70087
4.61664
4.53537
4.45361
4.37121
4.29032
4.21198
4.13553
4.06134
3.98951
3.92171
3.85953
3.80132
3.7451
3.69061
3.63652
3.58473
3.53428
3.48372
3.43244
3.37987
3.32547
3.26902
3.20982
3.14755
3.08161
3.01197
2.94199
2.87559
2.8124
2.75309
2.69754
2.6424
2.58939
2.53357
2.4795
2.42486
2.37414
2.32672
2.28405
2.24425
2.20839
2.16815
2.13511
2.09945
2.0682
2.03643
2.0039
1.97322
1.93464
1.88726
1.88888
1.8834
1.89037
1.959
2.11095
2.34535
2.68201
2.88574
2.91055
2.89997
2.85648
2.79295
2.74498
2.73286
2.71744
2.70047
2.68287
2.66373
2.63732
2.61255
2.59335
2.5733
2.54678
2.4888
1.40788
1.3842
1.4608
1.58693
2.65372
3.82634
4.16353
4.18114
4.09209
3.96651
3.93247
4.00893
4.34475
5.0318
6.02536
6.0299
5.95953
5.69394
5.50666
5.41278
5.3238
5.23117
5.13197
5.02098
4.91654
4.81838
4.72418
4.63402
4.5461
4.45821
4.37198
4.28826
4.20674
4.12712
4.05062
3.97619
3.9072
3.84249
3.78007
3.71889
3.6574
3.60199
3.55093
3.50043
3.44938
3.39764
3.34516
3.29102
3.23402
3.17407
3.10982
3.04223
2.97644
2.9129
2.85175
2.79325
2.73598
2.68013
2.62329
2.56852
2.51193
2.45712
2.40732
2.36066
2.31671
2.276
2.23454
2.1932
2.15574
2.117
2.08115
2.0439
2.00581
1.96312
1.92635
1.88952
1.84705
1.82502
1.77844
1.78312
1.83742
1.93701
2.06556
2.37006
2.64031
2.75312
2.78022
2.77406
2.71005
2.66189
2.63529
2.62019
2.60636
2.59736
2.58419
2.56214
2.54497
2.52814
2.5046
2.44516
1.40662
1.41674
1.36923
1.46389
1.74225
2.89917
3.93798
4.1112
4.07323
4.05818
4.18286
4.58544
5.37879
6.40663
6.39025
6.26696
5.9604
5.75837
5.65127
5.55295
5.45097
5.34523
5.23267
5.12404
5.0153
4.90973
4.80816
4.71112
4.61799
4.5264
4.43595
4.34769
4.2616
4.17749
4.09583
4.01586
3.93989
3.86844
3.79934
3.73285
3.66428
3.60084
3.5465
3.4962
3.44601
3.3956
3.34475
3.29207
3.23672
3.17872
3.11548
3.05238
2.99105
2.93055
2.87092
2.81221
2.75345
2.69539
2.63578
2.57819
2.51919
2.46377
2.41241
2.36574
2.32044
2.27766
2.23332
2.19142
2.14675
2.10682
2.06627
2.02558
1.98542
1.94278
1.90166
1.86031
1.82257
1.7723
1.72799
1.69225
1.69578
1.6886
1.75317
1.89441
2.04885
2.35415
2.57069
2.61432
2.62593
2.58872
2.54237
2.51477
2.50704
2.50105
2.49519
2.48528
2.47471
2.46224
2.44506
2.38629
1.40851
1.40725
1.41846
1.37508
1.4449
1.90811
3.1576
4.03512
4.0799
4.26833
4.68646
5.7135
6.77466
6.75544
6.55913
6.18189
5.9872
5.8966
5.80977
5.71423
5.60574
5.48382
5.36618
5.24961
5.12879
5.01154
4.90081
4.79594
4.69559
4.59756
4.5005
4.40613
4.31433
4.22479
4.13755
4.05276
3.97098
3.89379
3.81921
3.74655
3.67232
3.59687
3.53407
3.47984
3.42723
3.37522
3.32267
3.26817
3.21199
3.14945
3.08661
3.02649
2.96732
2.90932
2.85108
2.79309
2.735
2.67632
2.61862
2.55902
2.50305
2.44729
2.39362
2.34346
2.29456
2.24732
2.2018
2.15419
2.10729
2.06043
2.01598
1.97246
1.92938
1.88874
1.84928
1.80925
1.77091
1.73343
1.69935
1.64713
1.60569
1.59368
1.5936
1.62195
1.71624
1.8201
2.10019
2.34293
2.43203
2.45683
2.46095
2.41828
2.38316
2.36825
2.36591
2.36873
2.36928
2.3639
2.35488
2.30848
1.4084
1.40867
1.40918
1.39644
1.41707
1.50877
2.2457
3.43968
4.06568
4.75246
6.27333
7.30274
7.2552
6.86858
6.46996
6.25573
6.1374
6.027
5.92131
5.80988
5.69326
5.57792
5.46063
5.33995
5.21289
5.0876
4.96863
4.85601
4.74806
4.6418
4.53759
4.43401
4.33353
4.23378
4.13681
4.04077
3.94956
3.86319
3.77959
3.69636
3.61593
3.52692
3.45095
3.38934
3.33119
3.27347
3.21538
3.15634
3.09423
3.02846
2.96801
2.91014
2.85456
2.79957
2.74465
2.68975
2.6349
2.57858
2.52296
2.46763
2.41359
2.36251
2.31195
2.26223
2.21599
2.17218
2.12917
2.08653
2.04313
2.00068
1.95923
1.91904
1.88182
1.84448
1.80702
1.76956
1.73318
1.6979
1.66322
1.63245
1.57768
1.53537
1.516
1.50988
1.53563
1.60318
1.72727
1.90609
2.14772
2.30674
2.32895
2.32931
2.31374
2.28699
2.26037
2.24493
2.23815
2.23395
2.22951
2.21278
1.40844
1.4084
1.40841
1.40813
1.38655
1.47026
1.64964
2.43918
3.75738
6.06238
7.149
7.22404
6.76331
6.35503
6.19542
6.15648
6.10474
6.02695
5.93358
5.82344
5.69558
5.57038
5.44349
5.31382
5.18363
5.05276
4.92228
4.79678
4.67498
4.55834
4.44344
4.33257
4.22226
4.11347
4.00562
3.89875
3.7978
3.70293
3.6111
3.52116
3.43361
3.33964
3.25934
3.19463
3.13498
3.07708
3.0198
2.96366
2.90345
2.8467
2.79607
2.74897
2.70292
2.6575
2.61237
2.56695
2.52116
2.47352
2.42679
2.38032
2.33488
2.29188
2.25062
2.20682
2.16504
2.12627
2.08851
2.05001
2.0101
1.97089
1.93058
1.89209
1.85591
1.82012
1.78458
1.75013
1.71569
1.6835
1.65133
1.61999
1.58302
1.54622
1.5021
1.48667
1.47371
1.48326
1.52471
1.61904
1.73996
1.99671
2.16932
2.21553
2.22146
2.21611
2.19583
2.16885
2.15692
2.14037
2.12361
2.13626
1.40845
1.40842
1.40902
1.40531
1.41006
1.3686
1.57774
2.23023
4.13149
6.50049
6.68406
6.14937
5.7617
5.68985
5.63497
5.62265
5.59712
5.55781
5.50511
5.43638
5.33918
5.23306
5.12329
5.00047
4.87935
4.75785
4.63456
4.50956
4.38647
4.26689
4.15081
4.03987
3.93298
3.82985
3.72956
3.63299
3.54279
3.45823
3.37739
3.29869
3.22315
3.14332
3.07242
3.01549
2.96525
2.91625
2.86774
2.82042
2.76869
2.72112
2.6812
2.64413
2.60758
2.57086
2.53393
2.49617
2.4576
2.41759
2.37848
2.33937
2.30033
2.26374
2.22809
2.18685
2.14685
2.11167
2.07641
2.0391
2.00105
1.9637
1.92439
1.88556
1.84741
1.81412
1.78319
1.75232
1.72124
1.69011
1.65888
1.62782
1.59238
1.55677
1.51541
1.48212
1.45849
1.45499
1.44986
1.47136
1.54523
1.65593
1.86977
2.03876
2.13022
2.13841
2.13556
2.11495
2.0917
2.06769
2.07363
2.10985
1.40845
1.40844
1.40831
1.40783
1.39942
1.41374
1.73538
2.43095
6.39483
6.29218
5.88745
5.64906
5.64111
5.64132
5.60772
5.54611
5.43648
5.34852
5.25855
5.15984
5.05151
4.94162
4.82559
4.7095
4.59328
4.47566
4.36024
4.25025
4.14387
4.04085
3.94188
3.84693
3.75593
3.66802
3.58299
3.50123
3.42385
3.35102
3.28082
3.21197
3.14523
3.07583
3.01132
2.95737
2.90933
2.86286
2.81701
2.77266
2.72369
2.68037
2.64507
2.61273
2.5805
2.54785
2.51483
2.48122
2.4468
2.41323
2.3793
2.34353
2.30898
2.27626
2.24216
2.20353
2.16698
2.13124
2.09413
2.05744
2.02108
1.98388
1.94515
1.9039
1.86481
1.82926
1.79563
1.76325
1.7309
1.69914
1.66735
1.63569
1.59859
1.56356
1.53164
1.50236
1.47268
1.44598
1.42862
1.43105
1.46532
1.51217
1.57747
1.74334
1.95027
2.0669
2.07406
2.07778
2.05546
2.05494
2.06342
2.16876
1.40845
1.40845
1.40832
1.408
1.39992
1.40821
1.683
2.38221
6.43003
6.3888
6.24487
6.11916
5.99167
5.84257
5.68505
5.55616
5.45444
5.36569
5.27557
5.17571
5.07248
4.96797
4.85788
4.73862
4.62153
4.50617
4.39183
4.27818
4.16927
4.06476
3.96455
3.86851
3.7764
3.68644
3.60003
3.5165
3.43742
3.36248
3.29073
3.22097
3.15346
3.08542
3.02208
2.96644
2.91608
2.86854
2.82268
2.7787
2.73118
2.68999
2.656
2.62425
2.59282
2.56075
2.52925
2.49745
2.4658
2.43445
2.40238
2.36874
2.33696
2.30495
2.27054
2.23493
2.19927
2.16232
2.1251
2.08853
2.0513
2.01258
1.97227
1.93106
1.89117
1.85422
1.82064
1.7881
1.75642
1.72496
1.69338
1.66131
1.62485
1.58907
1.5586
1.52786
1.49962
1.46843
1.43395
1.42398
1.43441
1.44531
1.46761
1.52353
1.68291
1.89951
2.05407
2.04623
2.06086
2.07123
2.10884
2.37256
1.40845
1.40845
1.4083
1.408
1.39926
1.41124
1.7058
2.44763
6.62377
6.26625
6.09645
6.05085
5.99186
5.92084
5.84047
5.74649
5.64222
5.5351
5.42506
5.31175
5.19572
5.0765
4.95428
4.83148
4.7103
4.59089
4.47393
4.36042
4.25016
4.14396
4.04178
3.94325
3.84893
3.75822
3.67074
3.58741
3.50787
3.43229
3.35972
3.28957
3.22131
3.15466
3.09201
3.03499
2.98255
2.93266
2.88428
2.83663
2.78655
2.7441
2.70823
2.67488
2.64206
2.6101
2.57904
2.5486
2.5184
2.48812
2.45682
2.42471
2.3925
2.3596
2.32515
2.28925
2.25176
2.21314
2.17376
2.13426
2.09428
2.05397
2.01282
1.96922
1.92697
1.88835
1.85204
1.81741
1.7833
1.74938
1.71522
1.68056
1.64226
1.60563
1.5742
1.5444
1.51659
1.48658
1.46057
1.42429
1.40174
1.40631
1.40424
1.43215
1.51331
1.67893
1.89274
1.9979
2.06453
2.15827
2.27656
2.69564
1.40845
1.40845
1.4083
1.40803
1.39952
1.4099
1.69454
2.41139
6.60042
6.16597
6.09049
6.08394
6.04252
5.97195
5.86803
5.76691
5.67226
5.57724
5.47711
5.37248
5.26606
5.15576
5.03939
4.91962
4.80078
4.68305
4.56616
4.45121
4.33928
4.23012
4.1249
4.02263
3.92455
3.8298
3.73913
3.65213
3.56976
3.49102
3.41552
3.3429
3.27204
3.20383
3.13919
3.07934
3.02349
2.97008
2.91867
2.86748
2.81614
2.77299
2.73614
2.70153
2.66815
2.63625
2.60578
2.5763
2.54692
2.51727
2.48649
2.4545
2.4219
2.38825
2.35288
2.31576
2.27729
2.23757
2.19698
2.15615
2.1151
2.07355
2.03131
1.98597
1.94232
1.90242
1.86509
1.82929
1.79449
1.75963
1.72465
1.68938
1.65072
1.61477
1.58225
1.55406
1.52552
1.49718
1.46852
1.44353
1.40161
1.38076
1.38172
1.37177
1.41105
1.50174
1.65989
1.87998
2.09353
2.28386
2.66215
2.9439
1.40845
1.40845
1.4083
1.40801
1.39939
1.4105
1.70052
2.42978
6.64637
6.16438
6.04407
6.04758
6.01239
5.95086
5.86527
5.77864
5.68932
5.59496
5.4945
5.39031
5.28313
5.17103
5.05377
4.9346
4.8155
4.69749
4.58045
4.46554
4.35366
4.24388
4.13753
4.03513
3.93647
3.84195
3.7505
3.66361
3.5809
3.50194
3.42633
3.35368
3.28269
3.21457
3.14969
3.08928
3.03262
2.97825
2.92609
2.87396
2.82251
2.77947
2.7424
2.7077
2.67442
2.64263
2.61235
2.58333
2.55437
2.52495
2.49436
2.46263
2.4301
2.39647
2.36134
2.3244
2.28588
2.24593
2.20502
2.16363
2.12201
2.07998
2.03718
1.99145
1.94718
1.90681
1.86924
1.83281
1.79749
1.76223
1.7267
1.69057
1.6521
1.61645
1.58454
1.55513
1.52735
1.49773
1.47074
1.44191
1.41139
1.36762
1.35967
1.36478
1.37025
1.44183
1.59005
1.83436
2.08371
2.57886
2.94042
2.93001
)
;

boundaryField
{
    inlet
    {
        type            calculated;
        value           uniform 1.40845;
    }
    outlet
    {
        type            calculated;
        value           nonuniform List<scalar> 
40
(
1.84131
2.02438
2.22146
2.36327
2.46196
2.52956
2.57102
2.59343
2.6025
2.61008
2.61741
2.62594
2.63488
2.6451
2.64839
2.64374
2.63751
2.63038
2.62364
2.61568
2.60517
2.59411
2.58249
2.57236
2.56246
2.54996
2.53746
2.51963
2.4888
2.44516
2.38629
2.30848
2.21278
2.13626
2.10985
2.16876
2.37256
2.69564
2.9439
2.93001
)
;
    }
    bottom
    {
        type            symmetryPlane;
    }
    top
    {
        type            symmetryPlane;
    }
    obstacle
    {
        type            calculated;
        value           nonuniform List<scalar> 
110
(
7.14195
7.13827
7.1217
7.09724
7.06362
7.01119
6.94278
6.83332
6.67254
6.42004
1.90372
1.898
1.91728
1.66565
1.79827
1.76685
1.63628
1.42416
1.37001
1.35431
1.3603
1.36657
1.36634
1.34169
1.27435
1.22677
1.20241
1.19847
1.20488
1.20771
1.20978
1.20999
1.20693
1.20392
1.19599
1.19153
1.1874
1.18621
1.1859
1.19018
1.19583
1.21511
1.23597
1.27472
1.33944
1.39391
1.45539
1.52558
1.61769
1.68464
1.74999
1.82593
1.90752
1.98693
2.07248
2.13665
2.18866
2.24867
2.29542
2.33047
2.35525
2.38962
2.41119
2.42954
2.44373
2.45401
2.45998
2.46086
2.45871
2.45513
2.44833
2.4382
2.42618
2.41313
2.39888
2.38392
2.36759
2.35075
2.33376
2.31656
2.29923
2.2816
2.26403
2.24603
2.22814
2.21003
2.1922
2.17429
2.15667
2.13902
2.12185
2.10477
2.08835
2.07198
2.05619
2.04025
2.02478
2.00918
1.9942
1.97929
1.96533
1.95155
1.93873
1.92574
1.91314
1.90024
1.88737
1.87631
1.85714
1.84131
)
;
    }
    defaultFaces
    {
        type            empty;
    }
}


// ************************************************************************* //
