/*--------------------------------*- C++ -*----------------------------------*\
| =========                 |                                                 |
| \\      /  F ield         | OpenFOAM: The Open Source CFD Toolbox           |
|  \\    /   O peration     | Version:  v2106                                 |
|   \\  /    A nd           | Website:  www.openfoam.com                      |
|    \\/     M anipulation  |                                                 |
\*---------------------------------------------------------------------------*/
FoamFile
{
    version     2.0;
    format      ascii;
    arch        "LSB;label=32;scalar=64";
    class       volScalarField;
    location    "16";
    object      Mo;
}
// * * * * * * * * * * * * * * * * * * * * * * * * * * * * * * * * * * * * * //

dimensions      [0 0 0 0 0 0 0];

internalField   nonuniform List<scalar> 
5250
(
3.01265
3.01265
3.01265
3.01265
3.01265
3.01265
3.01265
3.01265
3.01263
3.01248
3.01117
2.99931
2.91617
2.60844
1.72845
0.592729
0.239656
0.343207
0.290893
0.248138
0.21563
0.172059
0.129604
0.0818747
0.0389856
3.01265
3.01265
3.01265
3.01265
3.01265
3.01265
3.01265
3.01265
3.01263
3.01249
3.01123
2.99995
2.91915
2.61973
1.75512
0.607513
0.229874
0.342304
0.288462
0.245192
0.215595
0.175896
0.13755
0.0971859
0.071558
3.01265
3.01265
3.01265
3.01265
3.01265
3.01265
3.01265
3.01265
3.01263
3.0125
3.01135
3.00129
2.92564
2.64523
1.82471
0.657844
0.21993
0.346171
0.28968
0.249212
0.221387
0.184882
0.155442
0.126018
0.112978
3.01265
3.01265
3.01265
3.01265
3.01265
3.01265
3.01265
3.01265
3.01263
3.01252
3.01152
3.00302
2.93463
2.67893
1.91213
0.753497
0.221379
0.359283
0.29884
0.258426
0.233557
0.202426
0.181496
0.16142
0.155159
3.01265
3.01265
3.01265
3.01265
3.01265
3.01265
3.01265
3.01265
3.01264
3.01255
3.01166
3.00466
2.94399
2.71318
1.98417
0.877821
0.234001
0.382009
0.321171
0.275044
0.252986
0.224903
0.212554
0.200439
0.200311
3.01265
3.01265
3.01265
3.01265
3.01265
3.01265
3.01265
3.01265
3.01264
3.01257
3.01187
3.00625
2.95391
2.75008
2.06253
1.02224
0.270903
0.406605
0.349562
0.299654
0.27837
0.255717
0.24864
0.245769
0.248141
3.01265
3.01265
3.01265
3.01265
3.01265
3.01265
3.01265
3.01265
3.01264
3.0126
3.01203
3.00798
2.96388
2.7887
2.14913
1.18579
0.338594
0.444623
0.395989
0.339275
0.310825
0.295846
0.29016
0.292383
0.304124
3.01265
3.01265
3.01265
3.01265
3.01265
3.01265
3.01265
3.01265
3.01264
3.01262
3.01207
3.00906
2.97122
2.81677
2.23385
1.26751
0.417969
0.486828
0.449662
0.39274
0.356687
0.341886
0.342013
0.350608
0.375571
3.01265
3.01265
3.01265
3.01265
3.01265
3.01265
3.01265
3.01265
3.01264
3.01263
3.01218
3.01
2.9795
2.84819
2.32922
1.35551
0.48827
0.519363
0.498581
0.456847
0.417858
0.396888
0.405379
0.413676
0.47096
3.01265
3.01265
3.01265
3.01265
3.01265
3.01265
3.01265
3.01265
3.01264
3.01264
3.01222
3.01086
2.98396
2.88171
2.4287
1.46815
0.562438
0.538735
0.534466
0.516407
0.488066
0.465227
0.477684
0.507353
0.641782
3.01265
3.01265
3.01265
3.01265
3.01265
3.01265
3.01265
3.01265
3.01265
3.01263
3.01241
3.01081
2.99471
2.89736
2.52593
1.58771
0.666172
0.525553
0.564503
0.568893
0.556722
0.542217
0.567063
0.644235
0.867067
3.01265
3.01265
3.01265
3.01265
3.01265
3.01265
3.01265
3.01265
3.01265
3.01263
3.01258
3.01119
3.00435
2.9216
2.63633
1.74295
0.826442
0.496148
0.562501
0.604343
0.618773
0.623529
0.650821
0.755761
0.924468
3.01265
3.01265
3.01265
3.01265
3.01265
3.01265
3.01265
3.01265
3.01265
3.01264
3.01256
3.0118
3.00592
2.95194
2.74586
2.07164
1.08957
0.513042
0.574641
0.611943
0.643142
0.690442
0.725382
0.81908
0.947679
3.01265
3.01265
3.01265
3.01265
3.01265
3.01265
3.01265
3.01265
3.01265
3.01264
3.01261
3.01213
3.0088
2.97044
2.81267
2.24766
1.36581
0.604114
0.616004
0.630294
0.661255
0.714471
0.772478
0.858599
0.969586
3.01265
3.01265
3.01265
3.01265
3.01265
3.01265
3.01265
3.01265
3.01265
3.01264
3.01264
3.01219
3.01064
2.98226
2.87325
2.3996
1.53785
0.765362
0.670694
0.670876
0.691375
0.739102
0.80154
0.88969
0.984852
3.01265
3.01265
3.01265
3.01265
3.01265
3.01265
3.01265
3.01265
3.01265
3.01265
3.01263
3.01243
3.01087
2.9962
2.90529
2.5516
1.68982
0.963551
0.708788
0.723569
0.738449
0.770109
0.822165
0.897014
0.985978
3.01265
3.01265
3.01265
3.01265
3.01265
3.01265
3.01265
3.01265
3.01265
3.01265
3.01263
3.01262
3.01152
3.00749
2.94367
2.72379
1.96928
1.24407
0.729429
0.757547
0.774832
0.800398
0.842472
0.905881
0.984936
3.01265
3.01265
3.01265
3.01265
3.01265
3.01265
3.01265
3.01265
3.01265
3.01265
3.01264
3.01262
3.01201
3.00934
2.97112
2.82904
2.31509
1.52805
0.847984
0.79661
0.808085
0.829061
0.865689
0.919622
0.989412
3.01265
3.01265
3.01265
3.01265
3.01265
3.01265
3.01265
3.01265
3.01265
3.01265
3.01265
3.01262
3.01236
3.01031
2.99153
2.88073
2.50498
1.71039
1.05165
0.846798
0.852811
0.869513
0.898566
0.94166
0.998816
3.01265
3.01265
3.01265
3.01265
3.01265
3.01265
3.01265
3.01265
3.01265
3.01265
3.01265
3.01262
3.01263
3.01106
3.00653
2.92083
2.71516
1.92964
1.36071
0.882796
0.896972
0.909783
0.931869
0.96539
1.01209
3.01265
3.01265
3.01265
3.01265
3.01265
3.01265
3.01265
3.01265
3.01265
3.01265
3.01265
3.01264
3.01259
3.0121
3.00816
2.9763
2.81734
2.33347
1.63805
1.01917
0.936683
0.942649
0.960229
0.989574
1.02875
3.01265
3.01265
3.01265
3.01265
3.01265
3.01265
3.01265
3.01265
3.01265
3.01265
3.01265
3.01264
3.01258
3.01254
3.00927
3.01054
2.8541
2.63515
1.87812
1.26961
0.993307
0.984906
0.997372
1.01917
1.05054
3.01265
3.01265
3.01265
3.01265
3.01265
3.01265
3.01265
3.01265
3.01265
3.01265
3.01265
3.01265
3.01264
3.01255
3.01176
3.00588
2.95823
2.76171
2.15922
1.57898
1.05587
1.02428
1.02717
1.04566
1.07308
3.01265
3.01265
3.01265
3.01265
3.01265
3.01265
3.01265
3.01265
3.01265
3.01265
3.01265
3.01265
3.01264
3.01257
3.0125
3.00862
3.00795
2.82586
2.5863
1.89553
1.29101
1.07877
1.06493
1.07772
1.09831
3.01265
3.01265
3.01265
3.01265
3.01265
3.01265
3.01265
3.01265
3.01265
3.01265
3.01265
3.01265
3.01265
3.01263
3.01252
3.01147
3.00387
2.94295
2.72429
2.05748
1.63786
1.12988
1.10311
1.10738
1.12441
3.01265
3.01265
3.01265
3.01265
3.01265
3.01265
3.01265
3.01265
3.01265
3.01265
3.01265
3.01265
3.01265
3.01264
3.01257
3.01247
3.00786
3.00724
2.80774
2.52977
1.90515
1.33766
1.15673
1.14182
1.15476
3.01265
3.01265
3.01265
3.01265
3.01265
3.01265
3.01265
3.01265
3.01265
3.01265
3.01265
3.01265
3.01265
3.01265
3.01263
3.01249
3.01129
3.00298
2.93659
2.71947
2.07494
1.67842
1.20284
1.17877
1.18175
3.01265
3.01265
3.01265
3.01265
3.01265
3.01265
3.01265
3.01265
3.01265
3.01265
3.01265
3.01265
3.01265
3.01265
3.01263
3.01255
3.01255
3.00769
3.01125
2.80774
2.55069
1.94575
1.40726
1.22963
1.21229
3.01265
3.01265
3.01265
3.01265
3.01265
3.01265
3.01265
3.01265
3.01265
3.01265
3.01265
3.01265
3.01265
3.01265
3.01265
3.01263
3.0125
3.01129
3.00381
2.93691
2.73458
2.13865
1.75476
1.28461
1.25268
3.01265
3.01265
3.01265
3.01265
3.01265
3.01265
3.01265
3.01265
3.01265
3.01265
3.01265
3.01265
3.01265
3.01265
3.01265
3.01264
3.0126
3.01283
3.00885
3.00786
2.83013
2.5822
2.00386
1.50526
1.30965
3.01265
3.01265
3.01265
3.01265
3.01265
3.01265
3.01265
3.01265
3.01265
3.01265
3.01265
3.01265
3.01265
3.01265
3.01265
3.01265
3.01263
3.01255
3.01147
3.00575
2.94649
2.76652
2.23612
1.84289
1.38192
3.01265
3.01265
3.01265
3.01265
3.01265
3.01265
3.01265
3.01265
3.01265
3.01265
3.01265
3.01265
3.01265
3.01265
3.01265
3.01265
3.01265
3.01265
3.01297
3.01014
3.00474
2.86425
2.65956
2.07282
1.62586
3.01265
3.01265
3.01265
3.01265
3.01265
3.01265
3.01265
3.01265
3.01265
3.01265
3.01265
3.01265
3.01265
3.01265
3.01265
3.01265
3.01265
3.01263
3.01254
3.01167
3.00582
2.95639
2.77046
2.37962
1.97742
3.01265
3.01265
3.01265
3.01265
3.01265
3.01265
3.01265
3.01265
3.01265
3.01265
3.01265
3.01265
3.01265
3.01265
3.01265
3.01265
3.01265
3.01265
3.01264
3.0125
3.01106
3.00185
2.91948
2.7851
2.2101
3.01265
3.01265
3.01265
3.01265
3.01265
3.01265
3.01265
3.01265
3.01265
3.01265
3.01265
3.01265
3.01265
3.01265
3.01265
3.01265
3.01265
3.01265
3.01265
3.01256
3.01209
3.00668
3.00807
2.82776
2.68967
3.01265
3.01265
3.01265
3.01265
3.01265
3.01265
3.01265
3.01265
3.01265
3.01265
3.01265
3.01265
3.01265
3.01265
3.01265
3.01265
3.01265
3.01265
3.01265
3.01262
3.01261
3.01128
3.00745
2.94814
2.78932
3.01265
3.01265
3.01265
3.01265
3.01265
3.01265
3.01265
3.01265
3.01265
3.01265
3.01265
3.01265
3.01265
3.01265
3.01265
3.01265
3.01265
3.01265
3.01265
3.01264
3.01261
3.01246
3.01088
3.00616
2.8919
3.01265
3.01265
3.01265
3.01265
3.01265
3.01265
3.01265
3.01265
3.01265
3.01265
3.01265
3.01265
3.01265
3.01265
3.01265
3.01265
3.01265
3.01265
3.01265
3.01265
3.01265
3.01257
3.01229
3.00864
2.99605
3.01265
3.01265
3.01265
3.01265
3.01265
3.01265
3.01265
3.01265
3.01265
3.01265
3.01265
3.01265
3.01265
3.01265
3.01265
3.01265
3.01265
3.01265
3.01265
3.01265
3.01264
3.01264
3.01246
3.01243
3.00487
3.01265
3.01265
3.01265
3.01265
3.01265
3.01265
3.01265
3.01265
3.01265
3.01265
3.01265
3.01265
3.01265
3.01265
3.01265
3.01265
3.01265
3.01265
3.01265
3.01265
3.01265
3.01264
3.01261
3.01237
3.01086
3.01265
3.01265
3.01265
3.01265
3.01265
3.01265
3.01265
3.01265
3.01265
3.01265
3.01265
3.01265
3.01265
3.01265
3.01265
3.01265
3.01265
3.01265
3.01265
3.01265
3.01265
3.01265
3.01265
3.01255
3.01224
3.01265
3.01265
3.01265
3.01265
3.01265
3.01265
3.01265
3.01265
3.01265
3.01265
3.01265
3.01265
3.01265
3.01265
3.01265
3.01265
3.01265
3.01265
3.01265
3.01265
3.01265
3.01265
3.01265
3.01263
3.01261
3.01265
3.01265
3.01265
3.01265
3.01265
3.01265
3.01265
3.01265
3.01265
3.01265
3.01265
3.01265
3.01265
3.01265
3.01265
3.01265
3.01265
3.01265
3.01265
3.01265
3.01265
3.01265
3.01265
3.01264
3.01262
3.01265
3.01265
3.01265
3.01265
3.01265
3.01265
3.01265
3.01265
3.01265
3.01265
3.01265
3.01265
3.01265
3.01265
3.01265
3.01265
3.01265
3.01265
3.01265
3.01265
3.01265
3.01265
3.01265
3.01265
3.01265
3.01265
3.01265
3.01265
3.01265
3.01265
3.01265
3.01265
3.01265
3.01265
3.01265
3.01265
3.01265
3.01265
3.01265
3.01265
3.01265
3.01265
3.01265
3.01265
3.01265
3.01265
3.01265
3.01265
3.01265
3.01265
3.01265
3.01265
3.01265
3.01265
3.01265
3.01265
3.01265
3.01265
3.01265
3.01265
3.01265
3.01265
3.01265
3.01265
3.01265
3.01265
3.01265
3.01265
3.01265
3.01265
3.01265
3.01265
3.01265
3.01265
3.01265
3.01265
3.01265
3.01265
3.01265
3.01265
3.01265
3.01265
3.01265
3.01265
3.01265
3.01265
3.01265
3.01265
3.01265
3.01265
3.01265
3.01265
3.01265
3.01265
3.01265
3.01265
3.01265
3.01265
3.01265
3.01265
3.01265
3.01265
3.01265
3.01265
3.01265
3.01265
3.01265
3.01265
3.01265
3.01265
3.01265
3.01265
3.01265
3.01265
3.01265
3.01265
3.01265
3.01265
3.01265
3.01265
3.01265
3.01265
3.01265
3.01265
3.01265
3.01265
3.01265
3.01265
3.01265
3.01265
3.01265
3.01265
3.01265
3.01265
3.01265
3.01265
3.01265
3.01265
3.01265
3.01265
3.01265
3.01265
3.01265
3.01265
3.01265
3.01265
3.01265
3.01265
3.01265
3.01265
3.01265
3.01265
3.01265
3.01265
3.01265
3.01265
3.01265
3.01265
3.01265
3.01265
3.01265
3.01265
3.01265
3.01265
3.01265
3.01265
3.01265
3.01265
3.01265
3.01265
3.01265
3.01265
3.01265
3.01265
3.01265
1.13033
0.572487
0.350698
0.277979
0.375161
0.28293
0.406649
0.596419
0.731106
0.789641
0.80217
0.795593
0.79284
0.804837
0.853648
0.907116
0.945545
0.963356
0.966865
0.962914
0.960324
0.958972
0.961497
0.964009
0.970166
0.976144
0.980759
0.983797
0.984946
0.984335
0.978285
0.962615
0.94598
0.907624
0.859335
0.804544
0.751252
0.69605
0.629509
0.569057
0.512323
0.450791
0.387469
0.326408
0.265764
0.21536
0.176961
0.119674
0.0674066
0.0256505
0.0440375
0.0846535
0.129203
0.170929
0.210496
0.247369
0.28253
0.316228
0.347782
0.377281
0.405165
0.431675
0.457006
0.48101
0.504018
0.525896
0.547148
0.567294
0.586783
0.605307
0.623331
0.640827
0.65783
0.674505
0.690643
0.706477
0.72158
0.736352
0.750459
0.76436
0.77774
0.790908
0.80352
0.815936
0.82776
0.839427
0.85051
0.861451
0.871753
0.881906
0.891286
0.900545
0.909153
0.917726
0.92628
0.934876
0.943769
0.953467
0.961927
0.97018
1.10606
0.945945
0.613156
0.450036
0.144969
0.116029
0.24097
0.44408
0.526519
0.56168
0.525052
0.501356
0.495262
0.528042
0.577156
0.628032
0.65909
0.669949
0.668344
0.663308
0.660493
0.659114
0.661301
0.662942
0.669779
0.675997
0.684092
0.689172
0.692003
0.689513
0.682344
0.662266
0.641556
0.609923
0.55977
0.506983
0.45567
0.400843
0.328381
0.273105
0.220957
0.147589
0.0912164
0.072623
0.124934
0.188456
0.26594
0.331578
0.377412
0.422379
0.459913
0.493265
0.52732
0.557206
0.584492
0.607984
0.6311
0.653703
0.675273
0.695376
0.714912
0.733796
0.752497
0.770401
0.787644
0.804013
0.820207
0.835859
0.851314
0.865881
0.88009
0.893843
0.907418
0.920786
0.934021
0.946986
0.959407
0.971502
0.983138
0.994568
1.00571
1.01666
1.02733
1.03781
1.04798
1.05795
1.06758
1.07699
1.08594
1.09468
1.10275
1.11069
1.118
1.12526
1.13247
1.13976
1.14732
1.15577
1.1635
1.17104
1.06527
1.08358
0.974721
0.831412
0.601809
0.426377
0.343854
0.393419
0.346068
0.251046
0.142146
0.0371008
0.0361207
0.110771
0.173162
0.310974
0.364296
0.394455
0.390458
0.377252
0.368485
0.364523
0.369918
0.374329
0.384423
0.391332
0.398161
0.397529
0.398312
0.395893
0.393964
0.377462
0.360891
0.324801
0.268875
0.210547
0.153896
0.108194
0.122951
0.184755
0.31476
0.413026
0.493797
0.562495
0.604886
0.634714
0.667417
0.693927
0.712058
0.730553
0.7465
0.762628
0.781027
0.799011
0.816765
0.832803
0.847863
0.863333
0.878795
0.893736
0.908711
0.923338
0.937889
0.9524
0.966674
0.980351
0.99372
1.00637
1.01872
1.03068
1.04261
1.05447
1.06631
1.07797
1.08943
1.10052
1.11125
1.12173
1.13192
1.14195
1.15174
1.16139
1.17088
1.18024
1.18939
1.1983
1.20691
1.2153
1.22335
1.23119
1.23856
1.2457
1.25241
1.25892
1.2655
1.2722
1.27921
1.28732
1.29482
1.30258
1.0669
1.15285
1.18754
1.1332
0.998437
0.835476
0.660269
0.635155
0.620026
0.57294
0.49307
0.387343
0.287431
0.259618
0.24946
0.268785
0.234943
0.181119
0.133368
0.074172
0.035653
0.00557461
0.0344845
0.0540388
0.0870192
0.101163
0.145013
0.150414
0.169001
0.169946
0.160312
0.138997
0.113733
0.0912149
0.106248
0.182061
0.336175
0.487377
0.613632
0.684282
0.75242
0.796271
0.831675
0.855928
0.87369
0.885211
0.900349
0.914095
0.924734
0.932127
0.940497
0.948906
0.958264
0.968813
0.980395
0.991397
1.00212
1.01318
1.02428
1.03482
1.04563
1.05642
1.06768
1.07926
1.09087
1.10203
1.11269
1.12309
1.13351
1.1439
1.15426
1.16451
1.17453
1.18438
1.19429
1.20428
1.21413
1.22367
1.23302
1.24217
1.25125
1.26015
1.26894
1.27745
1.28584
1.29403
1.30221
1.31007
1.31782
1.32513
1.33224
1.33872
1.34509
1.35115
1.3573
1.36362
1.37029
1.37797
1.38581
1.39394
1.08747
1.16766
1.23087
1.27757
1.22518
1.14034
1.04709
0.967557
0.958271
0.902185
0.809333
0.70432
0.598831
0.535469
0.487527
0.478919
0.470259
0.448887
0.410536
0.357806
0.294269
0.25205
0.205818
0.184079
0.15239
0.141094
0.121316
0.10393
0.0798209
0.0524385
0.0785207
0.116978
0.203144
0.330081
0.478171
0.636845
0.768875
0.883454
0.948098
1.00347
1.03607
1.05609
1.06793
1.07751
1.08186
1.08516
1.0862
1.08807
1.08844
1.08533
1.08596
1.08582
1.08509
1.09024
1.09503
1.10026
1.10592
1.11264
1.11919
1.12611
1.13348
1.14143
1.14993
1.15872
1.16781
1.17684
1.18588
1.19491
1.20394
1.2129
1.22176
1.23073
1.23996
1.24921
1.2585
1.26784
1.27698
1.28594
1.29478
1.30344
1.31201
1.32035
1.32859
1.33664
1.34471
1.35263
1.36057
1.36821
1.37568
1.38279
1.38969
1.39607
1.40239
1.40844
1.41454
1.42076
1.42732
1.43471
1.44297
1.45164
1.09368
1.17763
1.24319
1.30153
1.32618
1.30275
1.26515
1.24637
1.25728
1.24245
1.17412
1.08385
0.978392
0.889882
0.820663
0.791721
0.764136
0.726032
0.675898
0.619762
0.557447
0.508776
0.453932
0.418193
0.371772
0.34705
0.308578
0.29721
0.265416
0.259532
0.283809
0.355443
0.47618
0.649051
0.825904
0.969442
1.07096
1.15869
1.21453
1.25964
1.28064
1.28357
1.27918
1.26977
1.25521
1.23723
1.2174
1.20995
1.19972
1.18781
1.18123
1.17297
1.16174
1.16214
1.16372
1.16593
1.16826
1.17087
1.17399
1.17736
1.18192
1.18783
1.19502
1.20238
1.20999
1.2178
1.22576
1.23362
1.24147
1.24971
1.25842
1.26715
1.27593
1.2849
1.29353
1.30213
1.31081
1.31951
1.32806
1.33658
1.34494
1.35311
1.36128
1.36935
1.37727
1.38491
1.39243
1.39967
1.40683
1.41391
1.42078
1.42732
1.43375
1.43992
1.44614
1.4525
1.45921
1.46669
1.47537
1.4846
1.07943
1.17201
1.245
1.29721
1.34941
1.35598
1.36055
1.36684
1.38164
1.40412
1.41651
1.37176
1.31313
1.24709
1.18228
1.12409
1.0998
1.0624
1.00998
0.948482
0.878986
0.81686
0.749826
0.701799
0.645711
0.609349
0.558086
0.529829
0.479509
0.463409
0.500457
0.605892
0.764108
0.941552
1.08939
1.20694
1.30537
1.37246
1.42358
1.4609
1.47784
1.47603
1.46634
1.44527
1.4136
1.37173
1.32884
1.2885
1.24608
1.24464
1.2392
1.22885
1.21765
1.20715
1.2028
1.19914
1.20178
1.20426
1.2059
1.20696
1.20942
1.21402
1.22065
1.22706
1.23382
1.24037
1.24697
1.2541
1.26188
1.27004
1.27819
1.28661
1.29514
1.30369
1.31232
1.32106
1.32979
1.33839
1.3468
1.35507
1.36322
1.37127
1.37908
1.38651
1.39379
1.40107
1.40844
1.4157
1.42282
1.42986
1.43682
1.44351
1.45006
1.45647
1.46295
1.46956
1.4765
1.48408
1.49306
1.50254
1.0684
1.15557
1.23509
1.29107
1.34246
1.36802
1.39628
1.41325
1.43858
1.46829
1.49674
1.51633
1.4868
1.4545
1.41788
1.38671
1.37858
1.36786
1.33588
1.28761
1.22519
1.16011
1.08823
1.02931
0.965164
0.914614
0.85118
0.80822
0.744395
0.71015
0.75435
0.860775
1.00451
1.15484
1.27351
1.37903
1.45783
1.51344
1.55931
1.58771
1.60184
1.60236
1.59717
1.58058
1.55465
1.51857
1.46962
1.4026
1.34632
1.28861
1.25592
1.25601
1.25123
1.2444
1.23432
1.22522
1.22152
1.22313
1.22545
1.22749
1.23024
1.23383
1.23812
1.24312
1.24832
1.25398
1.26018
1.26715
1.27483
1.28299
1.2914
1.2999
1.30835
1.31667
1.32501
1.33338
1.34194
1.35044
1.35888
1.3671
1.37503
1.38255
1.38974
1.39685
1.40406
1.41129
1.41843
1.4256
1.4327
1.4396
1.44641
1.45313
1.45978
1.46641
1.47308
1.47984
1.48689
1.49455
1.50366
1.5133
1.06729
1.14139
1.21943
1.28379
1.3263
1.3612
1.39937
1.42301
1.45607
1.49513
1.53384
1.57483
1.58109
1.5688
1.55548
1.54288
1.53924
1.54174
1.54676
1.52327
1.48814
1.44617
1.39954
1.35277
1.3024
1.25138
1.1922
1.1262
1.04941
0.969421
0.991312
1.06454
1.17527
1.27728
1.38409
1.47278
1.54169
1.59418
1.63773
1.65798
1.67003
1.67562
1.67608
1.66708
1.65304
1.62881
1.59211
1.54619
1.48439
1.40055
1.33503
1.26424
1.26654
1.26547
1.26233
1.25661
1.2495
1.24297
1.24278
1.24479
1.24726
1.24967
1.25293
1.25707
1.26197
1.26751
1.27364
1.28045
1.28766
1.29527
1.30316
1.31088
1.31855
1.32639
1.33454
1.34298
1.35136
1.35983
1.36802
1.37582
1.38357
1.39132
1.3989
1.40627
1.41356
1.42062
1.4275
1.43421
1.44064
1.447
1.45344
1.45999
1.46666
1.47338
1.48015
1.48709
1.49433
1.50219
1.51151
1.52139
1.07062
1.13473
1.20303
1.26916
1.31346
1.35089
1.38652
1.41531
1.44934
1.49268
1.53433
1.57568
1.61442
1.61779
1.6194
1.61947
1.62165
1.62691
1.63578
1.64427
1.63342
1.61139
1.58552
1.55695
1.52578
1.48836
1.44783
1.37594
1.30062
1.20758
1.13699
1.18972
1.26323
1.35579
1.44047
1.51933
1.58199
1.62912
1.6602
1.6871
1.70449
1.71215
1.71159
1.71195
1.70913
1.6964
1.68073
1.65575
1.61265
1.55484
1.47477
1.38715
1.30438
1.2649
1.27318
1.27682
1.27523
1.27004
1.26333
1.2636
1.26639
1.26884
1.2717
1.2737
1.27643
1.28091
1.28684
1.294
1.30144
1.30919
1.31598
1.32298
1.3305
1.3385
1.34631
1.35436
1.36216
1.36992
1.37766
1.38559
1.39363
1.40132
1.40876
1.41591
1.42301
1.4299
1.43665
1.44319
1.44947
1.45571
1.46203
1.46846
1.47501
1.48167
1.48845
1.49539
1.50267
1.51059
1.5201
1.53017
1.07825
1.13453
1.19365
1.25416
1.30098
1.34323
1.37479
1.40522
1.43897
1.477
1.52452
1.56369
1.60948
1.63118
1.64427
1.65228
1.6603
1.66874
1.68021
1.69488
1.70181
1.70518
1.691
1.67441
1.65406
1.62664
1.58432
1.50699
1.36532
1.25907
1.20636
1.24839
1.30471
1.37191
1.4345
1.49471
1.54768
1.58637
1.62075
1.64904
1.67473
1.69736
1.71986
1.73231
1.73185
1.72833
1.73004
1.71936
1.70078
1.67201
1.62461
1.55595
1.45242
1.37375
1.28242
1.28493
1.29077
1.29614
1.2952
1.29229
1.28937
1.28682
1.28679
1.2894
1.2934
1.29864
1.3037
1.30957
1.31556
1.3221
1.32932
1.33667
1.34411
1.35169
1.3593
1.36682
1.37432
1.38176
1.38924
1.39691
1.40478
1.4124
1.41986
1.42668
1.43327
1.43971
1.44609
1.45238
1.45867
1.46504
1.47153
1.47815
1.48491
1.49173
1.49862
1.50565
1.51301
1.52107
1.53081
1.54123
1.09103
1.13953
1.19171
1.24424
1.29041
1.33463
1.36306
1.3945
1.42805
1.46471
1.50795
1.55133
1.58883
1.62446
1.64878
1.66177
1.67287
1.6856
1.70056
1.71601
1.73182
1.74589
1.75068
1.73934
1.72317
1.69552
1.63676
1.5311
1.36672
1.19575
1.21681
1.24987
1.29945
1.3524
1.40884
1.46389
1.50852
1.54855
1.58424
1.61273
1.64195
1.6691
1.69227
1.70897
1.72408
1.74071
1.75126
1.74859
1.75074
1.74419
1.72305
1.6862
1.63057
1.54891
1.43995
1.34768
1.28609
1.3014
1.31463
1.3154
1.31337
1.31059
1.30665
1.30773
1.31016
1.31378
1.31829
1.32325
1.32912
1.33553
1.34299
1.35066
1.35832
1.36566
1.37278
1.37948
1.38619
1.39317
1.40042
1.40813
1.41566
1.42323
1.43029
1.43659
1.4427
1.44877
1.45495
1.46122
1.4676
1.47411
1.48077
1.4876
1.49453
1.50156
1.50863
1.51583
1.52331
1.53146
1.54126
1.55181
1.10814
1.15007
1.19597
1.2425
1.28654
1.32853
1.35867
1.3875
1.41749
1.45129
1.48949
1.53305
1.57214
1.6068
1.63883
1.65415
1.6709
1.68739
1.70238
1.7182
1.73703
1.75599
1.7771
1.76771
1.7502
1.70913
1.62045
1.45014
1.32468
1.18778
1.20976
1.24164
1.28649
1.33266
1.38061
1.42392
1.46446
1.50137
1.53472
1.56748
1.59657
1.6255
1.64971
1.67495
1.70296
1.72565
1.74626
1.76092
1.77708
1.77586
1.77435
1.76358
1.74064
1.69572
1.62942
1.5231
1.43028
1.32404
1.32009
1.33141
1.34289
1.34239
1.3405
1.33634
1.33814
1.34008
1.34396
1.34828
1.35303
1.35852
1.36496
1.37264
1.38016
1.38721
1.3927
1.3985
1.4046
1.41115
1.41812
1.42566
1.43281
1.43992
1.44614
1.45183
1.45743
1.46302
1.46872
1.47459
1.48067
1.48703
1.49372
1.50067
1.50777
1.51494
1.52194
1.52905
1.53644
1.54452
1.55428
1.56478
1.12722
1.16471
1.20507
1.24659
1.28812
1.32557
1.3575
1.38353
1.41146
1.44063
1.47356
1.51098
1.55291
1.58688
1.61857
1.64708
1.66132
1.67869
1.69658
1.71584
1.73517
1.75212
1.77552
1.76515
1.73751
1.6666
1.54052
1.36222
1.19742
1.19359
1.20885
1.23306
1.26601
1.30209
1.34076
1.38038
1.41941
1.45626
1.49156
1.52478
1.55671
1.58544
1.6153
1.64434
1.67533
1.69411
1.7148
1.74181
1.76417
1.78901
1.80025
1.79835
1.79776
1.78459
1.75677
1.70503
1.62793
1.51379
1.43004
1.34012
1.34963
1.365
1.37711
1.37478
1.3711
1.36951
1.37046
1.3739
1.37926
1.38502
1.3915
1.39828
1.40521
1.41206
1.41829
1.42404
1.42916
1.43455
1.44048
1.44743
1.45427
1.46096
1.46682
1.47184
1.47671
1.48168
1.48692
1.49253
1.49854
1.50497
1.51187
1.51886
1.526
1.53312
1.5401
1.54718
1.55452
1.56255
1.5723
1.58274
1.14914
1.18194
1.21922
1.25581
1.29455
1.32707
1.35839
1.38313
1.40904
1.43458
1.46322
1.4948
1.53169
1.57047
1.60161
1.63355
1.651
1.66928
1.6889
1.70709
1.72862
1.74484
1.75771
1.73873
1.68446
1.57448
1.39648
1.24074
1.17187
1.18403
1.1993
1.22016
1.24574
1.27586
1.30974
1.34527
1.38197
1.41829
1.45383
1.48838
1.52171
1.5523
1.58305
1.61358
1.6407
1.66525
1.69314
1.71977
1.74387
1.76516
1.78571
1.80612
1.82855
1.82664
1.8261
1.80781
1.77375
1.71419
1.62699
1.51191
1.40739
1.37236
1.38343
1.39732
1.40664
1.4052
1.40317
1.40563
1.40865
1.41377
1.42081
1.42702
1.43257
1.43758
1.44247
1.44684
1.45208
1.45745
1.463
1.46895
1.47486
1.48061
1.48592
1.49077
1.49558
1.5005
1.50562
1.51107
1.51696
1.52339
1.53041
1.53752
1.54486
1.55204
1.55917
1.56631
1.57361
1.58161
1.59146
1.60188
1.17413
1.20214
1.23583
1.26891
1.30353
1.33346
1.36076
1.38579
1.40845
1.43179
1.45714
1.48543
1.51671
1.55428
1.58833
1.61678
1.64554
1.66117
1.67923
1.70003
1.71953
1.73702
1.72391
1.68223
1.58838
1.41693
1.28031
1.17153
1.17584
1.18348
1.19574
1.21276
1.2339
1.25918
1.28785
1.31962
1.35377
1.38879
1.42424
1.45912
1.49243
1.52382
1.55533
1.58551
1.61394
1.64405
1.67536
1.69612
1.71921
1.74491
1.77334
1.80119
1.82568
1.84164
1.86022
1.85766
1.85375
1.83461
1.79009
1.71958
1.60013
1.50991
1.40411
1.41484
1.42758
1.43811
1.44592
1.44448
1.44487
1.44647
1.44997
1.45564
1.46073
1.46532
1.4683
1.47163
1.4757
1.48052
1.48626
1.49202
1.49784
1.50307
1.50802
1.51287
1.51773
1.52265
1.52774
1.53315
1.53901
1.54544
1.55247
1.55959
1.56698
1.57399
1.581
1.58805
1.59525
1.60317
1.61305
1.62337
1.19934
1.22338
1.25249
1.28356
1.31473
1.34381
1.36695
1.39045
1.41161
1.43256
1.45546
1.4812
1.51084
1.54309
1.5759
1.60631
1.63566
1.65353
1.67561
1.69434
1.7134
1.70347
1.6705
1.58996
1.42762
1.30284
1.17479
1.17675
1.18055
1.18713
1.1971
1.21062
1.22825
1.24976
1.27537
1.30397
1.33493
1.36759
1.40114
1.43482
1.46778
1.50057
1.53337
1.56193
1.59443
1.62645
1.6505
1.67711
1.70456
1.73399
1.76152
1.78885
1.81079
1.83593
1.85789
1.87564
1.89011
1.90004
1.88761
1.85483
1.80348
1.72475
1.60761
1.52338
1.43532
1.44675
1.46601
1.48267
1.48406
1.48365
1.48507
1.48698
1.49136
1.49666
1.50212
1.50427
1.50684
1.51002
1.51414
1.51958
1.52509
1.53093
1.53532
1.5396
1.54396
1.5485
1.55335
1.55863
1.56442
1.57078
1.57764
1.5847
1.592
1.59911
1.60607
1.61296
1.61991
1.62758
1.63729
1.64734
1.22759
1.24788
1.27169
1.29954
1.327
1.35671
1.37632
1.39679
1.41845
1.43732
1.45729
1.47997
1.50693
1.5369
1.56886
1.59962
1.62629
1.65067
1.67173
1.6924
1.68449
1.65702
1.5857
1.43714
1.30588
1.17639
1.17802
1.18172
1.1876
1.19495
1.20421
1.21598
1.23109
1.24991
1.27206
1.29731
1.32474
1.35443
1.38565
1.41793
1.4508
1.48346
1.51461
1.5475
1.57979
1.60696
1.63702
1.66654
1.695
1.72347
1.75234
1.77745
1.80247
1.82743
1.85381
1.87898
1.90469
1.93052
1.92906
1.92806
1.91718
1.88258
1.81763
1.71482
1.60485
1.48807
1.48351
1.49113
1.50578
1.52398
1.52415
1.52434
1.52456
1.52697
1.53021
1.53341
1.53589
1.53875
1.54207
1.5461
1.55114
1.55613
1.5614
1.56571
1.57012
1.57472
1.57962
1.5849
1.59069
1.59713
1.60418
1.61156
1.61924
1.62682
1.6339
1.64076
1.64745
1.65481
1.66428
1.67384
1.24599
1.26608
1.28797
1.31397
1.34081
1.37084
1.39051
1.40772
1.42753
1.44709
1.46343
1.48245
1.50567
1.53324
1.56262
1.59556
1.62171
1.64712
1.67119
1.67125
1.64751
1.58227
1.45476
1.30661
1.16656
1.17051
1.17813
1.18797
1.19771
1.20539
1.21398
1.22435
1.23713
1.25323
1.27244
1.29494
1.3203
1.34822
1.37787
1.40868
1.44007
1.47167
1.50551
1.53926
1.56791
1.59825
1.62884
1.6589
1.68819
1.71724
1.74619
1.77364
1.80047
1.82374
1.84797
1.87254
1.89838
1.92078
1.94552
1.96933
1.97085
1.96754
1.94481
1.89352
1.81639
1.69286
1.60231
1.50366
1.51549
1.53467
1.54818
1.56297
1.56169
1.56046
1.55963
1.55998
1.56038
1.56325
1.56697
1.57133
1.57638
1.5818
1.587
1.59183
1.59643
1.60111
1.60611
1.6111
1.61658
1.62284
1.6299
1.63748
1.64519
1.65271
1.65935
1.66586
1.67239
1.67969
1.68926
1.69898
1.27865
1.28977
1.30786
1.32872
1.3553
1.37958
1.40819
1.4219
1.4397
1.46111
1.47434
1.48987
1.50945
1.53373
1.56117
1.58855
1.61923
1.64695
1.65572
1.6359
1.57923
1.46903
1.30717
1.1542
1.15416
1.16428
1.18067
1.19465
1.20666
1.21545
1.22489
1.23556
1.24811
1.26296
1.28061
1.30088
1.32397
1.34911
1.37635
1.40515
1.43545
1.46771
1.49985
1.53191
1.563
1.59436
1.62363
1.65274
1.68265
1.71372
1.74382
1.77018
1.79663
1.82195
1.8459
1.86813
1.88966
1.91451
1.94539
1.96983
1.99636
2.00691
2.01257
1.99353
1.95605
1.89688
1.81245
1.694
1.58229
1.54516
1.55913
1.57516
1.5947
1.59619
1.59304
1.58962
1.5881
1.58578
1.58942
1.595
1.60056
1.60612
1.61158
1.61692
1.62161
1.62653
1.63192
1.63742
1.6425
1.64817
1.65455
1.66178
1.66926
1.67681
1.68399
1.69048
1.69696
1.70414
1.71376
1.72365
1.31916
1.30716
1.32416
1.34344
1.36848
1.39335
1.42189
1.43843
1.456
1.47653
1.49373
1.50268
1.51725
1.53864
1.56297
1.59186
1.61659
1.63739
1.62117
1.57283
1.47317
1.31263
1.15811
1.13197
1.15033
1.1699
1.18962
1.20286
1.21515
1.22722
1.2387
1.25066
1.26349
1.2777
1.2938
1.31203
1.33276
1.35568
1.38131
1.40869
1.43873
1.46989
1.49912
1.52998
1.56094
1.59069
1.62074
1.65101
1.68104
1.71068
1.74034
1.76669
1.79271
1.81822
1.84086
1.86386
1.88746
1.91292
1.9382
1.96415
1.99316
2.01667
2.04303
2.03723
2.02968
2.01297
1.96737
1.89711
1.778
1.6892
1.58177
1.58976
1.59862
1.60955
1.62199
1.6197
1.61656
1.61488
1.6138
1.61711
1.6239
1.63029
1.63761
1.64297
1.64726
1.65164
1.65656
1.66164
1.66634
1.67179
1.67811
1.6855
1.69348
1.70144
1.70971
1.71644
1.72313
1.72987
1.73925
1.74885
1.37733
1.34295
1.34421
1.35877
1.37891
1.40562
1.43029
1.45783
1.47292
1.49118
1.5131
1.5197
1.53053
1.54766
1.56934
1.59377
1.61819
1.60515
1.56357
1.47248
1.31359
1.16013
1.11448
1.1342
1.15582
1.17831
1.1938
1.20978
1.22505
1.23986
1.25344
1.26675
1.28062
1.2954
1.31148
1.32919
1.34878
1.37051
1.39408
1.41977
1.44698
1.47549
1.50527
1.53556
1.566
1.5963
1.62634
1.65608
1.68592
1.71529
1.7431
1.7697
1.7953
1.81794
1.84133
1.8652
1.88828
1.91261
1.93912
1.96529
1.9911
2.01517
2.03476
2.05148
2.06614
2.06621
2.04805
2.01963
1.96818
1.89096
1.77323
1.68654
1.60392
1.61308
1.62899
1.6386
1.64878
1.64554
1.64482
1.64526
1.6469
1.65318
1.65898
1.66553
1.67005
1.67456
1.67949
1.68507
1.68919
1.69397
1.70029
1.70833
1.71661
1.72541
1.73363
1.74046
1.74702
1.75369
1.76298
1.77273
1.51573
1.4166
1.38402
1.38898
1.40298
1.42407
1.44644
1.47421
1.49063
1.50755
1.52752
1.54141
1.54782
1.56245
1.57825
1.59991
1.59232
1.55649
1.47274
1.31595
1.17201
1.10254
1.12442
1.14614
1.17007
1.18683
1.2046
1.22342
1.24135
1.2591
1.27538
1.29141
1.30654
1.32206
1.33817
1.35524
1.37355
1.39335
1.41478
1.4379
1.46261
1.48875
1.516
1.54387
1.5723
1.60098
1.62997
1.65878
1.68803
1.71642
1.74376
1.76932
1.79471
1.81772
1.84109
1.86352
1.88669
1.9118
1.93722
1.96272
1.98754
2.00905
2.02789
2.04927
2.06662
2.08552
2.08286
2.08174
2.06357
2.0268
1.96987
1.88647
1.76844
1.66085
1.64079
1.64493
1.65772
1.66839
1.67655
1.67513
1.67486
1.67467
1.68079
1.68741
1.69388
1.70058
1.70505
1.70993
1.7143
1.71855
1.72459
1.7323
1.74088
1.74911
1.75681
1.76359
1.76991
1.77679
1.78614
1.79626
1.84623
1.44847
1.42768
1.41037
1.42383
1.44107
1.46152
1.48161
1.50507
1.51785
1.5346
1.55368
1.56158
1.57535
1.58776
1.5836
1.55083
1.47392
1.32103
1.19364
1.09062
1.11555
1.14056
1.16733
1.18472
1.20306
1.22215
1.24198
1.26151
1.28053
1.29914
1.31679
1.33362
1.34964
1.36581
1.3823
1.39939
1.41743
1.43675
1.45746
1.47961
1.50301
1.52764
1.55317
1.57949
1.60638
1.63379
1.66155
1.68943
1.71721
1.74432
1.76935
1.79327
1.81715
1.83998
1.86234
1.88564
1.91156
1.93693
1.96099
1.98375
2.00541
2.02714
2.04256
2.06253
2.0799
2.09978
2.10965
2.10561
2.10007
2.08489
2.03987
1.97101
1.85116
1.76415
1.66723
1.67261
1.6791
1.68815
1.69711
1.70589
1.70754
1.70893
1.71355
1.72018
1.72579
1.73081
1.73461
1.73868
1.74265
1.74769
1.75456
1.76364
1.77212
1.78076
1.78734
1.79371
1.80095
1.81048
1.8209
2.13702
1.66842
1.47792
1.44485
1.44582
1.45929
1.47767
1.4949
1.51902
1.52774
1.54402
1.56498
1.57609
1.58646
1.57802
1.54642
1.47474
1.332
1.20475
1.08385
1.10988
1.13677
1.16508
1.1832
1.20223
1.22178
1.24178
1.26205
1.28236
1.30222
1.32181
1.34104
1.35896
1.37602
1.39206
1.40823
1.42467
1.44167
1.45946
1.47823
1.49802
1.51891
1.54085
1.56373
1.58766
1.6123
1.63791
1.66425
1.69132
1.71825
1.7439
1.7696
1.79228
1.81559
1.83708
1.85926
1.88248
1.90699
1.93447
1.95951
1.98623
2.00455
2.02189
2.04025
2.05991
2.07942
2.09716
2.11173
2.12491
2.13639
2.13547
2.12686
2.09401
2.04468
1.9638
1.84422
1.74758
1.68852
1.6921
1.70951
1.7231
1.73863
1.74181
1.74376
1.74672
1.75106
1.75593
1.76051
1.76477
1.76836
1.77298
1.77936
1.78806
1.79643
1.80543
1.81208
1.81886
1.82647
1.83607
1.84666
2.3614
2.00846
1.58442
1.48558
1.46175
1.47272
1.48857
1.50686
1.52611
1.5427
1.55747
1.57147
1.59052
1.5796
1.54598
1.47329
1.33469
1.20077
1.07711
1.10344
1.13191
1.15996
1.17856
1.19808
1.21848
1.23937
1.26023
1.2809
1.3016
1.322
1.34216
1.36201
1.3809
1.39887
1.41585
1.43234
1.44889
1.46565
1.48272
1.50027
1.51842
1.53734
1.55705
1.57775
1.59935
1.62209
1.64575
1.67081
1.69649
1.72223
1.74751
1.77226
1.79505
1.81795
1.83933
1.86131
1.88405
1.90775
1.93454
1.95969
1.98598
2.00574
2.02205
2.03932
2.05706
2.07543
2.09197
2.10869
2.12924
2.14645
2.15982
2.16337
2.16099
2.14688
2.11227
2.04651
1.92375
1.83449
1.7267
1.73118
1.7352
1.75199
1.76332
1.77635
1.77733
1.77813
1.78098
1.78459
1.7897
1.79497
1.8013
1.80788
1.81506
1.82316
1.83115
1.83888
1.84626
1.85404
1.86363
1.87399
2.80672
2.25986
1.90518
1.53393
1.4961
1.48093
1.49317
1.51092
1.52805
1.55046
1.57274
1.58571
1.5787
1.547
1.47399
1.33658
1.19256
1.06353
1.09046
1.12374
1.15468
1.17458
1.1937
1.21373
1.23469
1.25592
1.27696
1.29795
1.31876
1.3396
1.36021
1.38044
1.40014
1.41895
1.43691
1.45411
1.47108
1.48779
1.50455
1.52141
1.53833
1.55567
1.57363
1.59234
1.612
1.63273
1.65456
1.67779
1.70166
1.72605
1.75048
1.7742
1.79755
1.81858
1.84009
1.86167
1.88398
1.90737
1.93298
1.9585
1.98306
2.00453
2.02119
2.03697
2.0536
2.07066
2.08893
2.10735
2.12485
2.14087
2.1613
2.1793
2.18941
2.19393
2.18924
2.17471
2.11943
2.03763
1.91482
1.81526
1.75669
1.76216
1.77666
1.78979
1.80277
1.81458
1.81577
1.81724
1.81995
1.82298
1.82906
1.83603
1.8432
1.85078
1.85836
1.86591
1.87344
1.88138
1.89144
1.90189
2.86328
2.66206
2.1574
1.74746
1.54616
1.51233
1.50513
1.51792
1.53572
1.55916
1.58793
1.58012
1.54746
1.47349
1.33344
1.18568
1.04877
1.07444
1.11149
1.14539
1.16779
1.18669
1.20648
1.22711
1.24847
1.26989
1.29114
1.31242
1.33372
1.35497
1.3759
1.39648
1.41664
1.43629
1.4554
1.4736
1.49176
1.50915
1.52649
1.54295
1.55917
1.57562
1.59239
1.60978
1.62793
1.64709
1.66742
1.68909
1.71161
1.73449
1.75752
1.77986
1.80231
1.82328
1.84466
1.86644
1.88914
1.9127
1.93725
1.96181
1.98564
2.00663
2.02358
2.04082
2.05726
2.07417
2.09209
2.10964
2.12588
2.14261
2.16039
2.18352
2.20411
2.21933
2.23097
2.23745
2.21997
2.16938
2.11338
2.00448
1.91031
1.8087
1.80779
1.80629
1.82628
1.83851
1.85494
1.85564
1.85593
1.85735
1.85999
1.86357
1.87038
1.87903
1.88718
1.89559
1.9029
1.91065
1.92054
1.9302
2.95286
2.78952
2.41788
2.10667
1.67691
1.56989
1.53884
1.53738
1.55816
1.57378
1.57827
1.54486
1.4703
1.32674
1.17655
1.03774
1.06215
1.10039
1.13334
1.16071
1.17944
1.19901
1.2196
1.2409
1.26229
1.28365
1.30507
1.32663
1.34829
1.36963
1.39063
1.41129
1.43199
1.45227
1.47248
1.49183
1.51095
1.52973
1.54768
1.56482
1.58073
1.59655
1.61259
1.62903
1.64603
1.66386
1.68263
1.70244
1.7228
1.74369
1.76478
1.78592
1.80691
1.82807
1.84915
1.87078
1.89358
1.91758
1.94091
1.96372
1.98564
2.00586
2.02525
2.04192
2.05879
2.07561
2.09257
2.10866
2.12515
2.14195
2.15934
2.17726
2.19853
2.22189
2.24326
2.26826
2.26625
2.25646
2.23378
2.20014
2.12509
2.00713
1.92454
1.8386
1.84498
1.85467
1.8689
1.88342
1.89618
1.8971
1.89701
1.89999
1.90377
1.90832
1.91663
1.9249
1.93328
1.94094
1.95019
1.95838
3.00161
2.91769
2.80993
2.33296
2.01107
1.62998
1.57704
1.55974
1.5738
1.56768
1.53455
1.45655
1.30874
1.15786
1.02157
1.0488
1.08898
1.12325
1.15006
1.16766
1.18695
1.20805
1.23022
1.25255
1.2747
1.29694
1.31917
1.34137
1.36331
1.38476
1.40606
1.42713
1.44817
1.46903
1.48978
1.51016
1.52964
1.54939
1.56815
1.58628
1.60222
1.61729
1.63259
1.64829
1.66457
1.68162
1.6996
1.71821
1.73732
1.75666
1.77623
1.79572
1.81555
1.83564
1.85621
1.87743
1.89971
1.923
1.94598
1.96827
1.99001
2.01038
2.02832
2.04669
2.06487
2.08293
2.10069
2.1184
2.13562
2.15302
2.17072
2.18946
2.20795
2.22883
2.25089
2.27469
2.28924
2.29316
2.29301
2.2889
2.25501
2.18839
2.07372
1.99276
1.89758
1.88291
1.88687
1.89467
1.90764
1.92408
1.92987
1.93364
1.93722
1.94113
1.94549
1.95603
1.96567
1.97236
1.98089
1.98736
3.0074
3.01088
2.8602
2.78871
2.28964
1.89905
1.63688
1.59881
1.58618
1.53894
1.44503
1.27791
1.13619
1.00499
1.03654
1.07832
1.1156
1.14017
1.15723
1.17598
1.1968
1.21885
1.24101
1.2633
1.28591
1.30883
1.3319
1.3549
1.37755
1.39959
1.42142
1.44316
1.4648
1.48629
1.50738
1.52794
1.54779
1.56793
1.5878
1.60654
1.6235
1.63852
1.65373
1.66943
1.68574
1.70305
1.72083
1.73933
1.75729
1.77518
1.79323
1.81157
1.83033
1.8495
1.86946
1.89025
1.91255
1.93537
1.95793
1.97988
2.00056
2.02093
2.03926
2.05788
2.07657
2.09494
2.1116
2.12798
2.14321
2.15829
2.17333
2.18882
2.20311
2.21881
2.2341
2.24971
2.26584
2.28131
2.29575
2.29869
2.29719
2.2634
2.2165
2.15078
2.0426
1.97133
1.8908
1.89956
1.90423
1.92496
1.93957
1.95588
1.96199
1.96814
1.97274
1.98409
1.99488
2.00091
2.00969
2.01655
3.01143
3.00931
2.96597
2.85545
2.58909
2.16657
1.78549
1.6613
1.56115
1.44232
1.24978
1.07086
1.00032
1.03344
1.07504
1.11234
1.13727
1.15194
1.16833
1.18698
1.20821
1.23024
1.25306
1.27656
1.30048
1.32419
1.34754
1.37071
1.39362
1.4161
1.43845
1.46069
1.48294
1.50515
1.52669
1.54783
1.56821
1.58871
1.60983
1.62926
1.64788
1.66377
1.67963
1.69602
1.71321
1.73127
1.74939
1.76802
1.78532
1.80251
1.81971
1.83724
1.85512
1.87354
1.89264
1.91301
1.93329
1.95433
1.97481
1.9944
2.01302
2.02995
2.04578
2.06143
2.07636
2.09044
2.10403
2.11586
2.12765
2.13933
2.15044
2.16236
2.17358
2.18612
2.20104
2.21654
2.23322
2.24828
2.26333
2.27749
2.29087
2.28638
2.27012
2.24134
2.18911
2.09229
2.01993
1.93202
1.90255
1.91056
1.9204
1.93809
1.95523
1.97433
1.98792
2.00275
2.0143
2.02255
2.03357
2.04138
3.01242
3.01166
3.00531
2.94491
2.80887
2.48713
2.15695
1.81606
1.4987
1.25975
1.0035
0.985041
1.02012
1.06251
1.10053
1.12508
1.14221
1.16037
1.17969
1.19976
1.22034
1.24152
1.26365
1.28703
1.31087
1.33496
1.35889
1.38287
1.40685
1.43083
1.45475
1.47904
1.50324
1.52726
1.55054
1.57319
1.5955
1.61769
1.64076
1.66228
1.6834
1.7009
1.71757
1.73462
1.75236
1.77072
1.78824
1.80527
1.81913
1.8329
1.84636
1.85996
1.87392
1.88833
1.90362
1.91924
1.93501
1.95057
1.96576
1.98025
1.99306
2.00603
2.01871
2.03142
2.04436
2.05656
2.0688
2.08077
2.09288
2.10508
2.11707
2.1287
2.14133
2.15504
2.17067
2.18771
2.20581
2.22173
2.23794
2.25546
2.27084
2.28799
2.28406
2.27317
2.25633
2.21498
2.16224
2.05764
1.98109
1.89981
1.90766
1.91404
1.93692
1.95852
1.98117
2.00407
2.01807
2.03159
2.04641
2.06079
3.01259
3.01249
3.01002
3.00066
2.91127
2.7953
2.43428
1.9829
1.51317
1.02766
1.04013
1.08166
1.12244
1.16081
1.17283
1.17954
1.18877
1.2021
1.21827
1.23652
1.25637
1.27763
1.30046
1.32424
1.3484
1.37309
1.39817
1.42337
1.44872
1.47369
1.49842
1.52264
1.54624
1.56913
1.59078
1.61141
1.63087
1.64996
1.66946
1.68725
1.70464
1.71854
1.73071
1.7432
1.75637
1.77104
1.78504
1.79915
1.80912
1.81924
1.8298
1.8407
1.85219
1.86443
1.87757
1.89092
1.90457
1.91793
1.93153
1.94456
1.95723
1.97011
1.98334
1.99675
2.01045
2.02343
2.03658
2.05006
2.06385
2.07693
2.08986
2.10277
2.11631
2.13017
2.14519
2.16145
2.17808
2.19335
2.20769
2.22296
2.23217
2.2418
2.25432
2.266
2.25656
2.23725
2.19943
2.15288
2.05276
1.98338
1.9087
1.9066
1.9116
1.9329
1.95379
1.97661
1.99389
2.00932
2.02491
2.03062
3.01264
3.01257
3.01328
3.00612
2.99288
2.77299
2.40683
1.56648
0.932302
0.844125
0.931031
1.02389
1.10611
1.12989
1.1533
1.17208
1.19134
1.21076
1.2313
1.2526
1.27417
1.29681
1.32094
1.34523
1.36893
1.39185
1.41416
1.43578
1.45691
1.47772
1.49816
1.51808
1.53794
1.55733
1.57594
1.59359
1.61074
1.62779
1.64531
1.66182
1.67839
1.69236
1.70453
1.71721
1.73067
1.7458
1.75975
1.77378
1.78334
1.79274
1.8026
1.81294
1.82384
1.83551
1.84745
1.85994
1.87197
1.8842
1.89655
1.90883
1.92039
1.93118
1.94312
1.95535
1.9681
1.9796
1.9913
2.00325
2.01543
2.02653
2.03788
2.04794
2.0587
2.06907
2.07945
2.0908
2.10238
2.1139
2.12561
2.13505
2.14327
2.15212
2.16475
2.17341
2.18402
2.17672
2.15893
2.13753
2.09614
2.01568
1.95805
1.90092
1.86744
1.88478
1.90729
1.93384
1.95818
1.97853
1.98534
1.98351
3.01264
3.01258
3.012
3.0075
2.96505
2.78556
2.20035
1.26696
0.404976
0.534107
0.676229
0.794143
0.876542
0.93688
0.986657
1.03066
1.07056
1.10467
1.13439
1.16361
1.19158
1.21873
1.24529
1.271
1.29649
1.32162
1.3465
1.37083
1.39443
1.41739
1.43986
1.46135
1.48237
1.50261
1.52184
1.54029
1.55806
1.57548
1.5929
1.60948
1.62524
1.63877
1.65096
1.66322
1.67601
1.69008
1.70274
1.71473
1.72279
1.73014
1.73791
1.74616
1.75499
1.76418
1.77347
1.7829
1.79176
1.80067
1.80987
1.81965
1.82751
1.83597
1.84535
1.85504
1.86509
1.87482
1.88464
1.89466
1.90472
1.9149
1.92517
1.93563
1.94639
1.95766
1.96967
1.98306
1.99659
2.01043
2.02445
2.03648
2.04887
2.06058
2.07382
2.0866
2.10132
2.11311
2.11633
2.11467
2.08905
2.05261
1.99881
1.93022
1.86226
1.83145
1.84684
1.86977
1.89285
1.90384
1.90962
1.8927
3.01264
3.0126
3.01214
3.00869
2.97049
2.80806
2.22566
1.22854
0.251733
0.399759
0.451302
0.508374
0.574857
0.646006
0.71459
0.776516
0.830161
0.881225
0.926035
0.969635
1.01095
1.04671
1.08072
1.11357
1.14461
1.17422
1.20131
1.22803
1.25256
1.27616
1.29879
1.32081
1.34192
1.36212
1.38115
1.39943
1.41653
1.43293
1.44901
1.46462
1.47918
1.49268
1.50564
1.51866
1.53223
1.54627
1.55929
1.57141
1.58011
1.58843
1.5969
1.60593
1.6153
1.62465
1.63414
1.64345
1.65294
1.66252
1.67289
1.6837
1.69386
1.70536
1.71719
1.72942
1.7423
1.75568
1.76942
1.78352
1.7979
1.81253
1.82744
1.84249
1.85779
1.87346
1.88962
1.90657
1.92413
1.94165
1.95822
1.97435
1.99021
2.00582
2.0215
2.03674
2.052
2.07063
2.08821
2.09053
2.09237
2.06614
2.03689
1.98626
1.90458
1.84707
1.79199
1.79715
1.81455
1.79827
1.77556
1.72067
3.01264
3.01261
3.01205
3.00865
2.9686
2.80351
2.20512
1.19882
0.244611
0.432116
0.460756
0.483905
0.510358
0.540836
0.575441
0.612762
0.651007
0.68951
0.727948
0.766409
0.8047
0.842396
0.878739
0.913035
0.946523
0.978481
1.00998
1.03977
1.06918
1.0975
1.12479
1.15097
1.17626
1.20048
1.22394
1.24648
1.26834
1.28974
1.31096
1.33138
1.35073
1.36895
1.38638
1.40355
1.42103
1.43869
1.45536
1.47031
1.48303
1.4945
1.50601
1.51784
1.52926
1.54081
1.55137
1.56183
1.57253
1.58359
1.59533
1.60731
1.61971
1.63289
1.64662
1.66116
1.67636
1.69218
1.70843
1.72519
1.74238
1.75988
1.77761
1.79513
1.81292
1.83081
1.84918
1.86836
1.88748
1.9067
1.92515
1.94281
1.96033
1.97732
1.99433
2.01009
2.02613
2.04104
2.0599
2.07503
2.08951
2.09092
2.06936
2.04027
2.00007
1.90558
1.82111
1.78476
1.73814
1.69154
1.6057
1.50407
3.01264
3.01261
3.01206
3.00879
2.96961
2.80709
2.2176
1.20551
0.240984
0.435983
0.445002
0.459323
0.484772
0.517496
0.551037
0.583855
0.615781
0.647584
0.679715
0.712466
0.74602
0.780149
0.814061
0.847364
0.879491
0.911083
0.942479
0.973645
1.00441
1.03442
1.06328
1.09114
1.11791
1.14374
1.16871
1.19286
1.21656
1.2398
1.2626
1.2846
1.30551
1.32548
1.34438
1.36303
1.38189
1.40068
1.41837
1.43455
1.44844
1.46116
1.47375
1.48631
1.49834
1.51
1.52034
1.53076
1.54148
1.55263
1.56443
1.57674
1.58969
1.60341
1.61784
1.63304
1.64902
1.66568
1.68292
1.70068
1.71892
1.73739
1.756
1.77485
1.79337
1.81214
1.83125
1.85105
1.87074
1.89036
1.91001
1.92797
1.94597
1.96366
1.98158
1.99709
2.013
2.02869
2.04421
2.06525
2.08213
2.09821
2.10041
2.07741
2.05438
2.00615
1.90989
1.80479
1.69112
1.57377
1.48374
1.38018
3.01264
3.01261
3.01206
3.00875
2.96925
2.80577
2.21271
1.19863
0.236102
0.440849
0.450724
0.463458
0.485264
0.513282
0.542781
0.572903
0.603509
0.63483
0.666886
0.699687
0.733167
0.766973
0.800445
0.833368
0.865532
0.897342
0.928935
0.960259
0.991247
1.02139
1.05053
1.0787
1.10582
1.13201
1.15739
1.18186
1.20581
1.22919
1.25206
1.27417
1.29524
1.31546
1.33485
1.35385
1.37308
1.39208
1.41009
1.42637
1.44051
1.45333
1.46613
1.47882
1.49098
1.50241
1.51261
1.52304
1.53376
1.54496
1.55673
1.56902
1.58195
1.59564
1.61009
1.62537
1.64146
1.65829
1.67573
1.69372
1.71227
1.73108
1.75008
1.76933
1.78798
1.807
1.82645
1.8461
1.86631
1.88654
1.90546
1.92418
1.94267
1.9609
1.97766
1.99466
2.00978
2.02533
2.04097
2.05763
2.07908
2.09694
2.1129
2.11267
2.07966
2.04782
1.94076
1.80293
1.61504
1.48903
1.35039
1.35462
)
;

boundaryField
{
    inlet
    {
        type            calculated;
        value           uniform 3.01265;
    }
    outlet
    {
        type            calculated;
        value           nonuniform List<scalar> 
40
(
0.97018
1.17104
1.30258
1.39394
1.45164
1.4846
1.50254
1.5133
1.52139
1.53017
1.54123
1.55181
1.56478
1.58274
1.60188
1.62337
1.64734
1.67384
1.69898
1.72365
1.74885
1.77273
1.79626
1.8209
1.84666
1.87399
1.90189
1.9302
1.95838
1.98736
2.01655
2.04138
2.06079
2.03062
1.98351
1.8927
1.72067
1.50407
1.38018
1.35462
)
;
    }
    bottom
    {
        type            symmetryPlane;
    }
    top
    {
        type            symmetryPlane;
    }
    obstacle
    {
        type            calculated;
        value           nonuniform List<scalar> 
110
(
0.0246756
0.0664899
0.109702
0.152786
0.198224
0.245913
0.30138
0.373312
0.461758
0.63846
0.846306
0.381562
0.349858
0.260308
0.360893
0.277179
0.403437
0.590413
0.725785
0.787266
0.801271
0.795399
0.792654
0.804765
0.853646
0.907012
0.945447
0.96329
0.966816
0.962882
0.960302
0.958952
0.961488
0.964002
0.970165
0.976143
0.980754
0.983792
0.984942
0.984334
0.978283
0.962613
0.945969
0.907604
0.859329
0.804541
0.751169
0.695756
0.628859
0.568042
0.511517
0.450247
0.387107
0.326369
0.265763
0.215203
0.176856
0.11938
0.0666321
0.0180092
0.0402311
0.0833577
0.128179
0.170115
0.209809
0.2468
0.282056
0.315851
0.347494
0.377049
0.404975
0.43152
0.456881
0.480908
0.503933
0.525824
0.547088
0.567246
0.586743
0.605275
0.623304
0.640804
0.65781
0.674487
0.690627
0.706464
0.721568
0.736342
0.75045
0.764353
0.777734
0.790904
0.803516
0.815933
0.827757
0.839425
0.850508
0.86145
0.871752
0.881905
0.891285
0.900545
0.909153
0.917725
0.926279
0.934875
0.943768
0.953467
0.961927
0.97018
)
;
    }
    defaultFaces
    {
        type            empty;
    }
}


// ************************************************************************* //
