/*--------------------------------*- C++ -*----------------------------------*\
| =========                 |                                                 |
| \\      /  F ield         | OpenFOAM: The Open Source CFD Toolbox           |
|  \\    /   O peration     | Version:  v2106                                 |
|   \\  /    A nd           | Website:  www.openfoam.com                      |
|    \\/     M anipulation  |                                                 |
\*---------------------------------------------------------------------------*/
FoamFile
{
    version     2.0;
    format      ascii;
    arch        "LSB;label=32;scalar=64";
    class       volScalarField;
    location    "16";
    object      psi;
}
// * * * * * * * * * * * * * * * * * * * * * * * * * * * * * * * * * * * * * //

dimensions      [0 -2 2 0 0 0 0];

internalField   nonuniform List<scalar> 
5250
(
1.40845
1.40845
1.40845
1.40845
1.40845
1.40845
1.40845
1.40845
1.40843
1.40828
1.40697
1.39538
1.31075
1.01787
0.612882
0.504878
0.576366
0.584188
0.571668
0.569951
0.56631
0.561575
0.557216
0.554276
0.552638
1.40845
1.40845
1.40845
1.40845
1.40845
1.40845
1.40845
1.40845
1.40843
1.40829
1.40703
1.39597
1.31422
1.02512
0.625741
0.505387
0.582202
0.589181
0.575773
0.573213
0.568716
0.563154
0.558421
0.555145
0.553419
1.40845
1.40845
1.40845
1.40845
1.40845
1.40845
1.40845
1.40845
1.40843
1.4083
1.40716
1.39719
1.32165
1.04156
0.658567
0.503862
0.592035
0.598576
0.584161
0.579947
0.573928
0.566996
0.56117
0.557511
0.555651
1.40845
1.40845
1.40845
1.40845
1.40845
1.40845
1.40845
1.40845
1.40844
1.40832
1.40733
1.39877
1.33177
1.06511
0.694609
0.496167
0.604548
0.611123
0.59551
0.589161
0.58098
0.572209
0.564715
0.560369
0.558141
1.40845
1.40845
1.40845
1.40845
1.40845
1.40845
1.40845
1.40845
1.40844
1.40834
1.4075
1.40026
1.34202
1.0915
0.718522
0.474851
0.610114
0.627223
0.613747
0.604328
0.591912
0.579345
0.56974
0.564177
0.561445
1.40845
1.40845
1.40845
1.40845
1.40845
1.40845
1.40845
1.40845
1.40844
1.40837
1.40769
1.40191
1.35263
1.12205
0.746479
0.46205
0.592165
0.623166
0.613776
0.614278
0.605467
0.59046
0.57641
0.568715
0.565954
1.40845
1.40845
1.40845
1.40845
1.40845
1.40845
1.40845
1.40845
1.40844
1.40839
1.40789
1.40339
1.3631
1.1566
0.781161
0.448281
0.562992
0.609205
0.608091
0.615302
0.613287
0.604657
0.58741
0.575399
0.571678
1.40845
1.40845
1.40845
1.40845
1.40845
1.40845
1.40845
1.40845
1.40845
1.4084
1.40798
1.40423
1.37083
1.18538
0.818972
0.45062
0.547355
0.589635
0.596316
0.610813
0.615913
0.612855
0.600138
0.5837
0.582278
1.40845
1.40845
1.40845
1.40845
1.40845
1.40845
1.40845
1.40845
1.40845
1.40841
1.40809
1.40519
1.37897
1.21954
0.862198
0.464212
0.549335
0.569566
0.58075
0.599574
0.617081
0.619707
0.616227
0.597227
0.599791
1.40845
1.40845
1.40845
1.40845
1.40845
1.40845
1.40845
1.40845
1.40845
1.40842
1.40815
1.40583
1.38461
1.24757
0.912025
0.489926
0.560781
0.564779
0.570536
0.584105
0.607105
0.625793
0.628146
0.614918
0.641863
1.40845
1.40845
1.40845
1.40845
1.40845
1.40845
1.40845
1.40845
1.40845
1.40843
1.40824
1.40654
1.39128
1.28696
0.968803
0.519598
0.551585
0.577507
0.577979
0.582394
0.59653
0.621465
0.650437
0.664007
0.732836
1.40845
1.40845
1.40845
1.40845
1.40845
1.40845
1.40845
1.40845
1.40845
1.40844
1.40833
1.40732
1.39823
1.32593
1.03121
0.568474
0.538614
0.593345
0.592109
0.58792
0.593753
0.613025
0.64725
0.671247
0.79168
1.40845
1.40845
1.40845
1.40845
1.40845
1.40845
1.40845
1.40845
1.40845
1.40844
1.40836
1.40763
1.40149
1.35044
1.11466
0.727872
0.514958
0.621607
0.613196
0.598899
0.599362
0.612223
0.642538
0.674114
0.789445
1.40845
1.40845
1.40845
1.40845
1.40845
1.40845
1.40845
1.40845
1.40845
1.40845
1.4084
1.40798
1.40425
1.36981
1.18005
0.810023
0.486613
0.617838
0.627215
0.613818
0.60825
0.617202
0.640904
0.673423
0.771898
1.40845
1.40845
1.40845
1.40845
1.40845
1.40845
1.40845
1.40845
1.40845
1.40845
1.40842
1.40812
1.40558
1.38268
1.23812
0.893164
0.488346
0.609156
0.627759
0.629326
0.62284
0.627055
0.642786
0.670349
0.741654
1.40845
1.40845
1.40845
1.40845
1.40845
1.40845
1.40845
1.40845
1.40845
1.40845
1.40843
1.40824
1.40664
1.39251
1.296
0.983438
0.515025
0.569844
0.638526
0.655287
0.648621
0.64171
0.648748
0.670221
0.716807
1.40845
1.40845
1.40845
1.40845
1.40845
1.40845
1.40845
1.40845
1.40845
1.40845
1.40844
1.40837
1.40766
1.40139
1.34874
1.09171
0.624573
0.527158
0.62824
0.655281
0.654442
0.65277
0.657874
0.673351
0.705789
1.40845
1.40845
1.40845
1.40845
1.40845
1.40845
1.40845
1.40845
1.40845
1.40845
1.40844
1.4084
1.40795
1.40416
1.37137
1.18724
0.818265
0.498172
0.624708
0.640619
0.661644
0.663615
0.669131
0.680959
0.705701
1.40845
1.40845
1.40845
1.40845
1.40845
1.40845
1.40845
1.40845
1.40845
1.40845
1.40845
1.40842
1.40817
1.40604
1.38783
1.26997
0.935181
0.50849
0.596541
0.642274
0.671517
0.677956
0.683974
0.693138
0.710426
1.40845
1.40845
1.40845
1.40845
1.40845
1.40845
1.40845
1.40845
1.40845
1.40845
1.40845
1.40844
1.40834
1.40738
1.39919
1.33195
1.046
0.566382
0.559103
0.643199
0.680946
0.683903
0.689277
0.699105
0.715441
1.40845
1.40845
1.40845
1.40845
1.40845
1.40845
1.40845
1.40845
1.40845
1.40845
1.40845
1.40844
1.40838
1.4079
1.40386
1.37168
1.19954
0.799133
0.512315
0.635329
0.660405
0.687684
0.695613
0.705242
0.719807
1.40845
1.40845
1.40845
1.40845
1.40845
1.40845
1.40845
1.40845
1.40845
1.40845
1.40845
1.40844
1.40836
1.40837
1.40671
1.39509
1.30403
0.936324
0.533765
0.590811
0.662439
0.694366
0.704577
0.714068
0.726133
1.40845
1.40845
1.40845
1.40845
1.40845
1.40845
1.40845
1.40845
1.40845
1.40845
1.40845
1.40845
1.40844
1.40834
1.40757
1.40134
1.35396
1.13418
0.664289
0.5356
0.656434
0.677106
0.703325
0.717328
0.731228
1.40845
1.40845
1.40845
1.40845
1.40845
1.40845
1.40845
1.40845
1.40845
1.40845
1.40845
1.40845
1.40844
1.40834
1.40835
1.40638
1.39154
1.27807
0.863906
0.531828
0.621795
0.677009
0.707643
0.71978
0.733028
1.40845
1.40845
1.40845
1.40845
1.40845
1.40845
1.40845
1.40845
1.40845
1.40845
1.40845
1.40845
1.40845
1.40843
1.4083
1.40728
1.39915
1.33893
1.08484
0.575126
0.571247
0.673118
0.699557
0.719425
0.734093
1.40845
1.40845
1.40845
1.40845
1.40845
1.40845
1.40845
1.40845
1.40845
1.40845
1.40845
1.40845
1.40845
1.40844
1.40835
1.40832
1.40594
1.38843
1.26433
0.804209
0.524247
0.635795
0.686405
0.719731
0.733475
1.40845
1.40845
1.40845
1.40845
1.40845
1.40845
1.40845
1.40845
1.40845
1.40845
1.40845
1.40845
1.40845
1.40845
1.40843
1.40828
1.40709
1.398
1.33254
1.06852
0.569744
0.583799
0.683415
0.710402
0.728994
1.40845
1.40845
1.40845
1.40845
1.40845
1.40845
1.40845
1.40845
1.40845
1.40845
1.40845
1.40845
1.40845
1.40845
1.40844
1.40832
1.40837
1.40591
1.3893
1.27408
0.803069
0.530265
0.641821
0.695957
0.727768
1.40845
1.40845
1.40845
1.40845
1.40845
1.40845
1.40845
1.40845
1.40845
1.40845
1.40845
1.40845
1.40845
1.40845
1.40845
1.40843
1.40828
1.40711
1.39849
1.33518
1.06745
0.577415
0.58822
0.689153
0.710596
1.40845
1.40845
1.40845
1.40845
1.40845
1.40845
1.40845
1.40845
1.40845
1.40845
1.40845
1.40845
1.40845
1.40845
1.40845
1.40844
1.40839
1.40856
1.40653
1.39029
1.27654
0.827215
0.541478
0.639488
0.702976
1.40845
1.40845
1.40845
1.40845
1.40845
1.40845
1.40845
1.40845
1.40845
1.40845
1.40845
1.40845
1.40845
1.40845
1.40845
1.40845
1.40844
1.40832
1.40737
1.40005
1.34479
1.09175
0.609719
0.58267
0.68551
1.40845
1.40845
1.40845
1.40845
1.40845
1.40845
1.40845
1.40845
1.40845
1.40845
1.40845
1.40845
1.40845
1.40845
1.40845
1.40845
1.40845
1.40845
1.40865
1.4072
1.39281
1.28641
0.886816
0.558099
0.621641
1.40845
1.40845
1.40845
1.40845
1.40845
1.40845
1.40845
1.40845
1.40845
1.40845
1.40845
1.40845
1.40845
1.40845
1.40845
1.40845
1.40845
1.40844
1.40833
1.40747
1.40098
1.35239
1.11148
0.639925
0.569416
1.40845
1.40845
1.40845
1.40845
1.40845
1.40845
1.40845
1.40845
1.40845
1.40845
1.40845
1.40845
1.40845
1.40845
1.40845
1.40845
1.40845
1.40845
1.40843
1.4083
1.40698
1.39647
1.31466
1.0244
0.614114
1.40845
1.40845
1.40845
1.40845
1.40845
1.40845
1.40845
1.40845
1.40845
1.40845
1.40845
1.40845
1.40845
1.40845
1.40845
1.40845
1.40845
1.40845
1.40844
1.40838
1.40783
1.40209
1.40482
1.31235
0.820124
1.40845
1.40845
1.40845
1.40845
1.40845
1.40845
1.40845
1.40845
1.40845
1.40845
1.40845
1.40845
1.40845
1.40845
1.40845
1.40845
1.40845
1.40845
1.40845
1.40843
1.40832
1.40741
1.40061
1.35008
1.09768
1.40845
1.40845
1.40845
1.40845
1.40845
1.40845
1.40845
1.40845
1.40845
1.40845
1.40845
1.40845
1.40845
1.40845
1.40845
1.40845
1.40845
1.40845
1.40845
1.40845
1.40841
1.40818
1.40665
1.39759
1.31118
1.40845
1.40845
1.40845
1.40845
1.40845
1.40845
1.40845
1.40845
1.40845
1.40845
1.40845
1.40845
1.40845
1.40845
1.40845
1.40845
1.40845
1.40845
1.40845
1.40845
1.40844
1.40839
1.40792
1.40463
1.38423
1.40845
1.40845
1.40845
1.40845
1.40845
1.40845
1.40845
1.40845
1.40845
1.40845
1.40845
1.40845
1.40845
1.40845
1.40845
1.40845
1.40845
1.40845
1.40845
1.40845
1.40845
1.40844
1.40835
1.40761
1.40242
1.40845
1.40845
1.40845
1.40845
1.40845
1.40845
1.40845
1.40845
1.40845
1.40845
1.40845
1.40845
1.40845
1.40845
1.40845
1.40845
1.40845
1.40845
1.40845
1.40845
1.40845
1.40844
1.4084
1.40814
1.40641
1.40845
1.40845
1.40845
1.40845
1.40845
1.40845
1.40845
1.40845
1.40845
1.40845
1.40845
1.40845
1.40845
1.40845
1.40845
1.40845
1.40845
1.40845
1.40845
1.40845
1.40845
1.40845
1.40844
1.40839
1.40792
1.40845
1.40845
1.40845
1.40845
1.40845
1.40845
1.40845
1.40845
1.40845
1.40845
1.40845
1.40845
1.40845
1.40845
1.40845
1.40845
1.40845
1.40845
1.40845
1.40845
1.40845
1.40845
1.40845
1.40843
1.40837
1.40845
1.40845
1.40845
1.40845
1.40845
1.40845
1.40845
1.40845
1.40845
1.40845
1.40845
1.40845
1.40845
1.40845
1.40845
1.40845
1.40845
1.40845
1.40845
1.40845
1.40845
1.40845
1.40845
1.40845
1.40841
1.40845
1.40845
1.40845
1.40845
1.40845
1.40845
1.40845
1.40845
1.40845
1.40845
1.40845
1.40845
1.40845
1.40845
1.40845
1.40845
1.40845
1.40845
1.40845
1.40845
1.40845
1.40845
1.40845
1.40845
1.40845
1.40845
1.40845
1.40845
1.40845
1.40845
1.40845
1.40845
1.40845
1.40845
1.40845
1.40845
1.40845
1.40845
1.40845
1.40845
1.40845
1.40845
1.40845
1.40845
1.40845
1.40845
1.40845
1.40845
1.40845
1.40845
1.40845
1.40845
1.40845
1.40845
1.40845
1.40845
1.40845
1.40845
1.40845
1.40845
1.40845
1.40845
1.40845
1.40845
1.40845
1.40845
1.40845
1.40845
1.40845
1.40845
1.40845
1.40845
1.40845
1.40845
1.40845
1.40845
1.40845
1.40845
1.40845
1.40845
1.40845
1.40845
1.40845
1.40845
1.40845
1.40845
1.40845
1.40845
1.40845
1.40845
1.40845
1.40845
1.40845
1.40845
1.40845
1.40845
1.40845
1.40845
1.40845
1.40845
1.40845
1.40845
1.40845
1.40845
1.40845
1.40845
1.40845
1.40845
1.40845
1.40845
1.40845
1.40845
1.40845
1.40845
1.40845
1.40845
1.40845
1.40845
1.40845
1.40845
1.40845
1.40845
1.40845
1.40845
1.40845
1.40845
1.40845
1.40845
1.40845
1.40845
1.40845
1.40845
1.40845
1.40845
1.40845
1.40845
1.40845
1.40845
1.40845
1.40845
1.40845
1.40845
1.40845
1.40845
1.40845
1.40845
1.40845
1.40845
1.40845
1.40845
1.40845
1.40845
1.40845
1.40845
1.40845
1.40845
1.40845
1.40845
1.40845
1.40845
1.40845
1.40845
1.40845
1.40845
1.40845
1.40845
1.40845
1.40845
1.40845
1.40845
1.40845
1.40845
1.40845
1.40845
1.40845
0.661432
0.588144
0.502185
0.510341
0.515105
0.50461
0.496662
0.494745
0.533605
0.549606
0.551902
0.550664
0.549584
0.546632
0.542685
0.557701
0.571855
0.578657
0.57982
0.579318
0.577813
0.57715
0.576781
0.576897
0.576577
0.578145
0.57995
0.580811
0.581572
0.581971
0.582501
0.583824
0.582308
0.581845
0.579279
0.568219
0.559704
0.552227
0.542678
0.533676
0.526758
0.521677
0.513526
0.507426
0.501722
0.497491
0.495941
0.49483
0.493142
0.492694
0.490545
0.492374
0.494291
0.49644
0.49866
0.501191
0.503795
0.506621
0.509359
0.511993
0.514628
0.517295
0.519875
0.522522
0.525042
0.527607
0.530125
0.532624
0.534966
0.537315
0.539679
0.542071
0.544485
0.546825
0.549197
0.55147
0.553753
0.555951
0.558185
0.560357
0.562558
0.564638
0.56673
0.568699
0.570688
0.572577
0.574489
0.576293
0.578119
0.579803
0.581519
0.583123
0.584822
0.586498
0.588236
0.590049
0.591911
0.594739
0.595295
0.594111
0.664167
0.603035
0.565814
0.521992
0.505811
0.497199
0.476965
0.451794
0.484686
0.497841
0.49944
0.489751
0.487137
0.483033
0.481375
0.494598
0.501501
0.505183
0.504612
0.504145
0.503235
0.502601
0.502436
0.502589
0.5021
0.503034
0.504178
0.505079
0.506187
0.506528
0.506815
0.507967
0.506486
0.505344
0.505504
0.497694
0.492006
0.487681
0.483671
0.479744
0.477647
0.477002
0.476784
0.472001
0.471712
0.474621
0.477354
0.48008
0.484825
0.489327
0.49539
0.502672
0.509904
0.515572
0.520228
0.525108
0.53041
0.536326
0.542267
0.546892
0.55136
0.556025
0.560569
0.564907
0.568559
0.571896
0.575267
0.578797
0.5822
0.585306
0.58827
0.591247
0.594253
0.597256
0.600323
0.603115
0.605841
0.608385
0.610958
0.613455
0.615994
0.618403
0.620849
0.623107
0.625397
0.627465
0.629552
0.631404
0.633258
0.634886
0.636513
0.638
0.639552
0.641131
0.642769
0.644487
0.64635
0.649121
0.649887
0.64837
0.740823
0.679757
0.628352
0.566746
0.536841
0.523942
0.516325
0.492313
0.468703
0.466548
0.463
0.466081
0.474664
0.46983
0.460879
0.452828
0.468254
0.474812
0.475685
0.476213
0.472966
0.471467
0.4707
0.470993
0.471116
0.472138
0.473846
0.473849
0.473691
0.473936
0.473387
0.474803
0.473463
0.472779
0.472745
0.468636
0.463002
0.462189
0.450818
0.452641
0.456337
0.458783
0.466187
0.475994
0.487414
0.500777
0.515749
0.526426
0.537701
0.546556
0.555619
0.564824
0.57473
0.582322
0.587915
0.592813
0.597987
0.603139
0.60889
0.613416
0.617672
0.622002
0.626327
0.630866
0.635128
0.638637
0.641673
0.644648
0.647585
0.650547
0.653555
0.656623
0.659831
0.662796
0.665631
0.668407
0.671103
0.673621
0.676118
0.678556
0.681012
0.683466
0.685983
0.688387
0.69083
0.692999
0.695135
0.697013
0.698883
0.700511
0.702102
0.703621
0.705208
0.706871
0.708606
0.710427
0.712428
0.715465
0.716332
0.71422
0.797658
0.771933
0.72886
0.663072
0.603989
0.565512
0.563897
0.553432
0.527344
0.50034
0.487023
0.476127
0.476838
0.480753
0.481731
0.469365
0.463533
0.463021
0.461838
0.462919
0.464242
0.471554
0.474846
0.473637
0.473124
0.473112
0.473623
0.474064
0.475049
0.475667
0.47493
0.475593
0.470193
0.465825
0.455368
0.450751
0.452233
0.45496
0.46406
0.47918
0.499607
0.516626
0.534424
0.550599
0.562361
0.577276
0.590713
0.601173
0.606799
0.61645
0.621509
0.626448
0.632552
0.638658
0.643896
0.648586
0.653702
0.657487
0.661629
0.664702
0.66793
0.671763
0.675681
0.679591
0.683407
0.68639
0.689261
0.692151
0.695093
0.69796
0.7007
0.703364
0.706048
0.708807
0.711668
0.714601
0.717349
0.719937
0.722473
0.724914
0.727277
0.729548
0.731817
0.734104
0.736424
0.738763
0.741137
0.743331
0.745385
0.7472
0.748773
0.750291
0.751821
0.753432
0.755146
0.756982
0.759063
0.762056
0.763664
0.761254
0.805284
0.801497
0.783507
0.742176
0.694423
0.639646
0.622915
0.632708
0.606412
0.572804
0.542817
0.520749
0.503463
0.502452
0.503868
0.501848
0.494434
0.485942
0.478984
0.472787
0.469991
0.470816
0.472677
0.473659
0.474797
0.475569
0.474559
0.474771
0.475418
0.476562
0.477346
0.474199
0.470393
0.464825
0.465668
0.471729
0.486001
0.507133
0.536001
0.553495
0.576663
0.589727
0.604649
0.620127
0.632634
0.646269
0.65529
0.659474
0.662886
0.670788
0.672228
0.673918
0.678875
0.682231
0.68678
0.690609
0.693225
0.695352
0.698254
0.701564
0.704103
0.707183
0.710719
0.713918
0.717238
0.720235
0.72304
0.725727
0.728325
0.730902
0.733563
0.736387
0.739455
0.742286
0.744806
0.747292
0.749807
0.75235
0.754926
0.757425
0.75983
0.762156
0.764477
0.766775
0.769093
0.771327
0.773553
0.775697
0.777832
0.779894
0.781758
0.783472
0.785153
0.786874
0.78865
0.790523
0.792634
0.795488
0.797697
0.79505
0.785819
0.811251
0.808487
0.792926
0.764106
0.731803
0.700471
0.704567
0.678416
0.64261
0.610798
0.587409
0.563445
0.551249
0.549445
0.544185
0.53454
0.522805
0.513473
0.504012
0.495228
0.490204
0.486222
0.484145
0.482063
0.481752
0.480637
0.480466
0.479987
0.478874
0.477981
0.475541
0.477601
0.484149
0.497688
0.517983
0.548949
0.579308
0.612642
0.632548
0.655537
0.662449
0.672181
0.68391
0.692366
0.695553
0.701195
0.702486
0.710832
0.71175
0.706477
0.707203
0.712093
0.715559
0.718986
0.720415
0.721569
0.722689
0.724046
0.726267
0.729066
0.732283
0.73611
0.739036
0.741539
0.743851
0.746119
0.748479
0.751123
0.754128
0.757467
0.760346
0.76265
0.764916
0.767288
0.769775
0.772345
0.775003
0.777762
0.780572
0.783169
0.785474
0.787641
0.789804
0.791958
0.794108
0.796259
0.798456
0.800723
0.803015
0.805027
0.806889
0.808718
0.810578
0.812475
0.814466
0.816691
0.819549
0.822141
0.819273
0.75579
0.79977
0.814778
0.814228
0.801866
0.789021
0.773683
0.776442
0.77013
0.743895
0.708196
0.679996
0.653434
0.63217
0.613858
0.607885
0.595182
0.580478
0.56571
0.553777
0.540977
0.531566
0.522276
0.515341
0.508085
0.50403
0.498262
0.495801
0.492296
0.486932
0.487269
0.48982
0.496782
0.514979
0.550576
0.597243
0.641233
0.680743
0.702833
0.727155
0.737735
0.737724
0.740214
0.738456
0.732242
0.72254
0.726132
0.73082
0.741946
0.741172
0.738654
0.735377
0.735484
0.736427
0.73738
0.739177
0.741778
0.74224
0.742662
0.743513
0.745619
0.749016
0.752927
0.754416
0.755999
0.757873
0.760272
0.763048
0.766137
0.769169
0.771523
0.773859
0.776293
0.778864
0.78159
0.784385
0.786973
0.78962
0.792262
0.794754
0.797056
0.799281
0.801506
0.803773
0.806106
0.808541
0.811102
0.813543
0.815761
0.817858
0.819836
0.821808
0.823794
0.825822
0.827885
0.830026
0.832362
0.835208
0.838091
0.835155
0.739077
0.775589
0.810116
0.814117
0.812368
0.812349
0.810831
0.821044
0.82689
0.817482
0.792778
0.761478
0.736738
0.71481
0.694556
0.691694
0.683327
0.665803
0.644383
0.62712
0.6062
0.594011
0.580166
0.56948
0.557036
0.547819
0.536571
0.528647
0.519758
0.50971
0.506568
0.517227
0.539784
0.580516
0.644402
0.688296
0.731555
0.763886
0.78277
0.80552
0.80982
0.811981
0.814712
0.810789
0.799473
0.784828
0.768873
0.741138
0.742589
0.750036
0.759655
0.760834
0.759043
0.752486
0.748187
0.750142
0.752114
0.753174
0.755854
0.756006
0.756387
0.757408
0.759352
0.762162
0.763939
0.765941
0.768379
0.771106
0.773809
0.776393
0.778804
0.781275
0.783781
0.786339
0.788923
0.79159
0.794468
0.79714
0.799543
0.801903
0.804221
0.806569
0.809008
0.811582
0.814269
0.816828
0.819033
0.821098
0.823185
0.825304
0.827451
0.829639
0.831865
0.834119
0.836354
0.838632
0.841069
0.844013
0.847111
0.844195
0.735301
0.758314
0.79247
0.803605
0.817348
0.81798
0.822996
0.836727
0.854046
0.864592
0.856588
0.837739
0.818405
0.802075
0.784546
0.774575
0.770311
0.75731
0.738002
0.717373
0.697686
0.677535
0.661263
0.646316
0.631286
0.616105
0.600047
0.584676
0.556081
0.541036
0.546774
0.569615
0.606811
0.669369
0.733702
0.767316
0.798735
0.817859
0.835773
0.853831
0.863504
0.869489
0.875953
0.872296
0.861999
0.848771
0.831922
0.805147
0.777847
0.740742
0.747415
0.766519
0.766368
0.76585
0.76388
0.759607
0.757645
0.758271
0.759147
0.761099
0.762113
0.763057
0.764317
0.766626
0.768777
0.7704
0.772552
0.775348
0.777741
0.780006
0.782321
0.784717
0.787228
0.789922
0.79289
0.79595
0.79839
0.800701
0.803051
0.805496
0.80807
0.810794
0.813391
0.815763
0.818044
0.820176
0.822179
0.824201
0.826294
0.828484
0.830793
0.833235
0.835767
0.838259
0.840644
0.84305
0.845595
0.848639
0.851878
0.848941
0.737057
0.754668
0.776852
0.78911
0.810572
0.814322
0.822326
0.836662
0.853928
0.875018
0.881075
0.874838
0.863734
0.854243
0.844087
0.839523
0.838154
0.833052
0.820942
0.803485
0.785874
0.770086
0.754236
0.738237
0.722095
0.705028
0.682913
0.659073
0.615668
0.576003
0.601873
0.63398
0.681357
0.749177
0.785991
0.815736
0.836859
0.854911
0.87354
0.884996
0.894685
0.904803
0.911506
0.910029
0.905335
0.899872
0.886854
0.864478
0.840728
0.807761
0.764693
0.741716
0.752473
0.763674
0.771813
0.770571
0.768033
0.762883
0.764322
0.766086
0.768873
0.769205
0.769198
0.769817
0.771908
0.774745
0.777329
0.780103
0.782175
0.78393
0.786027
0.788575
0.791674
0.794868
0.796958
0.799038
0.801221
0.803554
0.806096
0.808738
0.811428
0.813893
0.816177
0.818427
0.820649
0.822787
0.824868
0.82698
0.829157
0.831406
0.833735
0.836127
0.83855
0.840994
0.843447
0.845938
0.848599
0.851791
0.855279
0.85237
0.739323
0.755235
0.770784
0.781793
0.799226
0.806567
0.817477
0.832413
0.850308
0.870134
0.891245
0.891535
0.885113
0.881277
0.878482
0.874334
0.874747
0.879926
0.877124
0.868818
0.856446
0.841722
0.82949
0.816432
0.801578
0.782455
0.756066
0.710809
0.622614
0.629415
0.655329
0.689226
0.737585
0.786005
0.81633
0.840389
0.858989
0.878535
0.895945
0.908657
0.918308
0.924636
0.925847
0.927507
0.930179
0.928995
0.921253
0.910487
0.896382
0.871495
0.839165
0.801937
0.743629
0.748259
0.768996
0.771465
0.777126
0.776402
0.774847
0.772339
0.771594
0.772751
0.775192
0.777021
0.779102
0.782717
0.784122
0.785404
0.787254
0.78973
0.792409
0.794828
0.797109
0.799408
0.801677
0.803952
0.806172
0.808439
0.810824
0.813455
0.816053
0.818117
0.820134
0.822204
0.824309
0.826445
0.828611
0.830814
0.83306
0.835342
0.837658
0.840011
0.842342
0.844721
0.847172
0.849703
0.85244
0.855728
0.85933
0.856284
0.742382
0.758029
0.771739
0.78133
0.792344
0.800075
0.811237
0.825112
0.842336
0.861431
0.882255
0.897037
0.89676
0.895003
0.890859
0.892011
0.896678
0.902594
0.905941
0.905449
0.901438
0.892913
0.883244
0.873513
0.859458
0.8374
0.798641
0.731209
0.634557
0.678981
0.700142
0.730027
0.772798
0.797728
0.820434
0.841516
0.862988
0.883843
0.898683
0.912625
0.927048
0.935445
0.938284
0.937507
0.938985
0.938088
0.936551
0.937094
0.931985
0.919972
0.902219
0.874203
0.834499
0.793075
0.741812
0.75568
0.771588
0.790584
0.787062
0.785966
0.782535
0.782919
0.784419
0.78611
0.787512
0.789934
0.792241
0.793624
0.795243
0.797693
0.801076
0.803272
0.805003
0.806757
0.808571
0.810603
0.812887
0.815275
0.817896
0.820842
0.822952
0.824635
0.826373
0.828225
0.830184
0.832261
0.834427
0.836638
0.83886
0.841109
0.843411
0.845774
0.848082
0.850412
0.852793
0.855242
0.857906
0.861143
0.864677
0.861387
0.746569
0.761105
0.774088
0.782694
0.791081
0.798184
0.806527
0.817544
0.832524
0.850279
0.869574
0.88717
0.899709
0.898538
0.897421
0.900359
0.903555
0.90816
0.917988
0.922128
0.925008
0.921369
0.912498
0.903546
0.88829
0.855981
0.794004
0.680581
0.679247
0.70623
0.724524
0.750374
0.780853
0.799745
0.818509
0.838938
0.855382
0.870911
0.884261
0.899237
0.907741
0.915689
0.92478
0.933735
0.944059
0.943301
0.943428
0.948975
0.947985
0.946403
0.940801
0.928249
0.906295
0.876559
0.831616
0.770815
0.760222
0.781621
0.787912
0.800869
0.79778
0.796805
0.792559
0.794117
0.794801
0.797152
0.799843
0.801495
0.803102
0.804892
0.807462
0.810733
0.812022
0.813482
0.815339
0.817541
0.820167
0.822949
0.825744
0.828634
0.830457
0.832105
0.833835
0.835665
0.837573
0.839572
0.841631
0.843731
0.845888
0.848124
0.850481
0.852827
0.855009
0.857248
0.859576
0.862004
0.86468
0.867953
0.871584
0.868066
0.747998
0.764251
0.777367
0.786212
0.793324
0.799106
0.805807
0.81431
0.825245
0.839616
0.856106
0.872489
0.890573
0.899226
0.899057
0.899713
0.904481
0.912161
0.918956
0.924691
0.936408
0.934198
0.926169
0.915471
0.888889
0.834913
0.753526
0.677626
0.714575
0.725254
0.740731
0.759135
0.777625
0.792824
0.809233
0.824565
0.838704
0.852646
0.865731
0.87762
0.888519
0.89983
0.912677
0.921379
0.92761
0.936484
0.947158
0.959528
0.958478
0.956978
0.957697
0.960353
0.95466
0.940079
0.909762
0.871536
0.82734
0.759766
0.768741
0.790619
0.798596
0.807197
0.804682
0.80359
0.802039
0.802673
0.804543
0.806951
0.810879
0.812346
0.813934
0.815786
0.817983
0.820161
0.822193
0.82417
0.826314
0.828735
0.831527
0.835183
0.837504
0.838913
0.840377
0.841948
0.843655
0.845579
0.847755
0.850175
0.852782
0.85548
0.858286
0.860702
0.862972
0.865292
0.867677
0.870147
0.872876
0.876211
0.880007
0.876295
0.749697
0.765686
0.780607
0.788854
0.796975
0.802047
0.807437
0.814155
0.822319
0.833195
0.845804
0.860813
0.874921
0.892477
0.896172
0.898648
0.903546
0.909901
0.916911
0.92485
0.935682
0.932276
0.924634
0.905657
0.860315
0.783228
0.678822
0.701907
0.727252
0.740393
0.750085
0.760422
0.771971
0.784924
0.800121
0.81311
0.826225
0.8384
0.850772
0.862103
0.873379
0.885514
0.897402
0.907079
0.917501
0.928881
0.941959
0.949706
0.961294
0.966519
0.971661
0.976537
0.973656
0.97194
0.961602
0.943072
0.907517
0.862321
0.813038
0.763565
0.779309
0.793026
0.816987
0.815215
0.812149
0.807188
0.807959
0.808059
0.810382
0.8133
0.817029
0.818154
0.819225
0.820484
0.82226
0.824997
0.828111
0.83077
0.833431
0.836346
0.838749
0.840551
0.842418
0.844374
0.846408
0.84855
0.850858
0.853358
0.856043
0.858901
0.861859
0.864266
0.866644
0.869074
0.871556
0.874125
0.876979
0.88045
0.884577
0.880861
0.749338
0.766275
0.781875
0.791064
0.797217
0.80479
0.810008
0.815339
0.822251
0.830943
0.841749
0.854633
0.868411
0.882835
0.890062
0.897499
0.900201
0.906485
0.91527
0.923756
0.925153
0.920822
0.911014
0.875382
0.804814
0.690358
0.705992
0.735399
0.738531
0.743799
0.750229
0.757942
0.767219
0.77751
0.789165
0.801361
0.81368
0.825533
0.837854
0.849515
0.861387
0.874255
0.885253
0.896547
0.909791
0.920571
0.929442
0.940795
0.952519
0.964514
0.977452
0.983659
0.982829
0.984296
0.981456
0.980284
0.965161
0.938708
0.898741
0.848881
0.779568
0.779149
0.801558
0.804875
0.819471
0.817137
0.81373
0.812999
0.813613
0.815846
0.819243
0.823316
0.824066
0.824993
0.82648
0.828663
0.831373
0.834245
0.837282
0.83946
0.84133
0.843244
0.845203
0.847183
0.849174
0.851212
0.853384
0.855775
0.858386
0.861186
0.864145
0.866447
0.868768
0.871208
0.873783
0.876505
0.87955
0.883235
0.887721
0.8839
0.748306
0.766626
0.781271
0.792678
0.798015
0.803895
0.812446
0.817513
0.823163
0.830576
0.840127
0.851268
0.864632
0.876357
0.883446
0.892246
0.896327
0.903302
0.912114
0.914636
0.910528
0.903902
0.876208
0.817426
0.709065
0.712595
0.739444
0.739888
0.741964
0.745282
0.74978
0.755634
0.762927
0.771755
0.781461
0.79242
0.80407
0.816127
0.828278
0.840298
0.853089
0.86498
0.875976
0.888961
0.90226
0.910856
0.922072
0.933483
0.94434
0.95599
0.962746
0.97013
0.978984
0.988513
0.990408
0.993942
0.988821
0.979168
0.961958
0.932775
0.889004
0.84135
0.771184
0.780439
0.797705
0.81364
0.825584
0.821782
0.820818
0.820716
0.821565
0.824506
0.828713
0.830946
0.831687
0.833026
0.83469
0.836833
0.839368
0.842582
0.844318
0.845966
0.847784
0.849682
0.851634
0.853662
0.855843
0.858226
0.860809
0.863537
0.866268
0.868694
0.871163
0.873721
0.876415
0.879255
0.882414
0.886213
0.890928
0.887017
0.744352
0.764092
0.778745
0.791613
0.798703
0.802885
0.811118
0.818445
0.824045
0.830966
0.83962
0.850361
0.863659
0.874475
0.882565
0.887839
0.89507
0.907593
0.905917
0.901887
0.895973
0.872083
0.819262
0.722037
0.709852
0.736101
0.737703
0.740546
0.743366
0.745638
0.748702
0.753502
0.760089
0.768335
0.777654
0.78756
0.798306
0.809544
0.821304
0.833621
0.845922
0.857331
0.869522
0.88301
0.891683
0.902936
0.916205
0.924919
0.935168
0.943795
0.952865
0.961484
0.969897
0.978043
0.989304
0.993565
0.996197
0.994334
0.995784
0.986767
0.963421
0.923629
0.874435
0.812595
0.780367
0.800858
0.809735
0.832503
0.831729
0.827733
0.827028
0.827534
0.829446
0.832284
0.83451
0.83596
0.837889
0.840009
0.842303
0.844828
0.847867
0.84949
0.850979
0.852636
0.854357
0.856156
0.858089
0.860284
0.86273
0.865396
0.868347
0.870997
0.873654
0.876365
0.879234
0.882277
0.885653
0.889681
0.894786
0.890757
0.737302
0.758893
0.776747
0.789752
0.799561
0.802768
0.808597
0.818577
0.824599
0.830648
0.838629
0.848624
0.861411
0.875114
0.882517
0.88798
0.900042
0.902187
0.898417
0.891808
0.870436
0.822284
0.740606
0.698783
0.731401
0.734509
0.742329
0.746719
0.747633
0.749334
0.752007
0.756135
0.761902
0.768769
0.777148
0.786254
0.796282
0.807107
0.817828
0.829182
0.840081
0.851926
0.864785
0.873149
0.883649
0.895407
0.905165
0.91493
0.924822
0.935037
0.945728
0.953332
0.960869
0.969487
0.97823
0.987324
1.00082
1.00493
1.00905
1.00647
1.00257
0.984275
0.952953
0.909507
0.858899
0.788494
0.793894
0.81377
0.822669
0.841956
0.840735
0.837569
0.837701
0.837559
0.837821
0.838562
0.840821
0.844372
0.846888
0.848771
0.850873
0.853057
0.854535
0.855979
0.857329
0.858708
0.860245
0.862228
0.864757
0.867597
0.870852
0.87411
0.876855
0.879707
0.882726
0.885928
0.889444
0.893592
0.898998
0.8949
0.734031
0.75206
0.770419
0.784948
0.80058
0.80559
0.808522
0.817901
0.825809
0.83049
0.83823
0.847697
0.85983
0.872543
0.880727
0.890016
0.900727
0.895363
0.888669
0.872755
0.828129
0.756191
0.688341
0.722943
0.729073
0.738905
0.748465
0.749746
0.751498
0.753919
0.756957
0.760776
0.765649
0.771655
0.778711
0.787003
0.795983
0.805865
0.81601
0.826567
0.837416
0.849418
0.858607
0.868534
0.880384
0.888602
0.89813
0.909128
0.91914
0.929735
0.9377
0.946552
0.955148
0.962898
0.970796
0.980166
0.992113
1.00431
1.01561
1.01576
1.01589
1.01157
0.999323
0.978106
0.94368
0.896591
0.843144
0.787528
0.803813
0.819959
0.844749
0.846523
0.842797
0.841559
0.839504
0.839796
0.840724
0.844361
0.849008
0.85242
0.854313
0.85541
0.856402
0.857563
0.859044
0.860755
0.862504
0.864502
0.867042
0.870119
0.873655
0.877801
0.881155
0.884119
0.887087
0.890242
0.893688
0.897877
0.903414
0.899224
0.713739
0.748807
0.765189
0.780197
0.795652
0.808526
0.809937
0.816244
0.827552
0.832303
0.836346
0.844825
0.857898
0.87218
0.879761
0.888173
0.891788
0.885255
0.873365
0.835723
0.767552
0.681789
0.707971
0.720919
0.74141
0.747973
0.749518
0.752232
0.755221
0.758278
0.761589
0.765263
0.769618
0.774825
0.780876
0.787858
0.795479
0.804015
0.813005
0.823223
0.834755
0.843371
0.853378
0.865021
0.873836
0.883355
0.893369
0.904353
0.913802
0.923391
0.931606
0.940454
0.949272
0.958021
0.967203
0.976467
0.986239
0.997451
1.00644
1.01457
1.02236
1.02149
1.0162
1.01152
0.99794
0.97151
0.931584
0.880756
0.807957
0.808749
0.832075
0.835691
0.85223
0.850772
0.846918
0.845764
0.845787
0.846334
0.848923
0.852868
0.857214
0.857655
0.858138
0.859209
0.860823
0.862828
0.864876
0.867174
0.870094
0.873483
0.877254
0.881708
0.885825
0.888686
0.891558
0.894672
0.898084
0.902386
0.908092
0.903791
0.70783
0.737646
0.760686
0.7736
0.788323
0.806464
0.812075
0.816163
0.827723
0.833544
0.836061
0.842572
0.853106
0.867841
0.87953
0.88027
0.876093
0.869828
0.83926
0.777106
0.682221
0.700128
0.716614
0.738037
0.745807
0.748344
0.752293
0.75684
0.76014
0.762981
0.765976
0.769299
0.773025
0.777353
0.782377
0.788169
0.794773
0.802133
0.810289
0.81892
0.82841
0.838018
0.848098
0.857437
0.867078
0.87678
0.886774
0.896224
0.906369
0.914722
0.923777
0.931249
0.938964
0.947388
0.956196
0.964937
0.974474
0.98492
0.99656
1.00382
1.01046
1.01766
1.02255
1.02365
1.01958
1.01148
0.995966
0.96472
0.92123
0.873555
0.807065
0.818436
0.838697
0.848859
0.861334
0.859451
0.854446
0.851484
0.851417
0.852903
0.856507
0.862137
0.86376
0.864459
0.865761
0.86752
0.869217
0.871264
0.874279
0.878384
0.882713
0.887687
0.891105
0.893814
0.896727
0.899746
0.903101
0.907338
0.91326
0.908777
0.671876
0.71338
0.754501
0.77374
0.787876
0.804343
0.816034
0.817803
0.825292
0.834477
0.837373
0.841179
0.849187
0.865863
0.87296
0.867507
0.858517
0.833602
0.779777
0.685648
0.696403
0.713942
0.737481
0.74211
0.74421
0.748226
0.753368
0.758624
0.762067
0.76491
0.767893
0.771097
0.774761
0.778879
0.783534
0.788764
0.794633
0.801133
0.80825
0.816024
0.824535
0.833602
0.842876
0.852344
0.862058
0.871732
0.881462
0.890909
0.900581
0.908718
0.917134
0.925368
0.932978
0.941068
0.94959
0.958874
0.968927
0.979597
0.989405
0.997472
1.00477
1.01185
1.01922
1.02935
1.02903
1.02711
1.0254
1.01515
0.995424
0.962356
0.914027
0.862113
0.815972
0.832256
0.843782
0.859913
0.864945
0.862123
0.857349
0.857144
0.858145
0.862521
0.868253
0.871073
0.872234
0.873547
0.87511
0.877057
0.879778
0.883822
0.888089
0.892977
0.897545
0.900199
0.903085
0.906064
0.909353
0.913414
0.919496
0.914726
0.642455
0.733954
0.746948
0.770356
0.784277
0.799195
0.814679
0.819464
0.822576
0.831687
0.838093
0.841114
0.847801
0.860608
0.858952
0.851242
0.827252
0.776426
0.68465
0.687053
0.705504
0.732702
0.737816
0.738732
0.741834
0.746284
0.751582
0.757116
0.761905
0.765789
0.769383
0.77303
0.776847
0.780978
0.785344
0.789999
0.795062
0.800678
0.80697
0.813916
0.821473
0.829642
0.838168
0.847131
0.856317
0.865682
0.875225
0.88485
0.894075
0.902999
0.910873
0.919132
0.927461
0.936004
0.944966
0.954666
0.965058
0.976613
0.984782
0.992914
1.00127
1.00765
1.01385
1.02167
1.0329
1.03519
1.03412
1.03429
1.0331
1.02098
0.99242
0.950245
0.900951
0.829131
0.829415
0.849577
0.854719
0.868531
0.870177
0.86836
0.865689
0.866461
0.869658
0.873465
0.877732
0.879225
0.880894
0.882891
0.88545
0.88894
0.893435
0.89843
0.904709
0.907414
0.910159
0.913116
0.916315
0.920123
0.926188
0.921203
0.566751
0.661865
0.737652
0.76008
0.776393
0.787116
0.803473
0.813847
0.814441
0.82327
0.835538
0.838543
0.844283
0.844196
0.840479
0.821904
0.773094
0.688964
0.67476
0.694262
0.724339
0.731368
0.732412
0.735716
0.740129
0.745292
0.750709
0.756371
0.761971
0.766636
0.770809
0.774827
0.778801
0.782879
0.787178
0.791662
0.796439
0.80158
0.807185
0.813287
0.819949
0.827138
0.834889
0.843155
0.851719
0.860852
0.870367
0.879823
0.889314
0.897996
0.905807
0.913782
0.922185
0.930528
0.939526
0.949045
0.959233
0.970657
0.982214
0.988428
0.993668
1.00043
1.00835
1.01687
1.02569
1.03162
1.03857
1.04208
1.04787
1.044
1.03526
1.01743
0.985829
0.936376
0.887218
0.825866
0.838474
0.855367
0.866286
0.882167
0.88043
0.876691
0.877384
0.879275
0.882529
0.885384
0.888762
0.890667
0.893055
0.896375
0.901031
0.906097
0.912239
0.915335
0.917787
0.920725
0.923827
0.92742
0.933146
0.927945
0.628043
0.600193
0.698769
0.737435
0.774812
0.785615
0.798206
0.812261
0.814861
0.82069
0.835843
0.836465
0.83319
0.828271
0.811277
0.767839
0.688692
0.6653
0.685299
0.714687
0.724494
0.726394
0.730189
0.73503
0.740458
0.745849
0.751213
0.756609
0.762109
0.767191
0.771925
0.776481
0.780927
0.785051
0.78925
0.793559
0.798008
0.802651
0.807605
0.812959
0.818829
0.825275
0.83232
0.839871
0.848049
0.856665
0.865952
0.875634
0.884817
0.893467
0.901534
0.909583
0.917846
0.926338
0.935438
0.944995
0.95519
0.966111
0.978633
0.984894
0.989988
0.996156
1.00373
1.01266
1.02046
1.02794
1.03585
1.04342
1.05184
1.05089
1.05303
1.05116
1.03975
1.01512
0.97472
0.920852
0.835123
0.833247
0.857012
0.86489
0.881109
0.888754
0.88861
0.885994
0.886852
0.88963
0.892551
0.895825
0.899452
0.904692
0.909856
0.913337
0.917276
0.921887
0.925227
0.928675
0.931991
0.935696
0.940324
0.93502
0.953656
0.616284
0.653027
0.743151
0.76016
0.782419
0.794368
0.808352
0.815966
0.826539
0.828989
0.828237
0.820884
0.800925
0.758221
0.687091
0.656531
0.67729
0.704646
0.719074
0.720385
0.723733
0.728356
0.733757
0.739582
0.745397
0.750857
0.756296
0.761546
0.766817
0.771826
0.776824
0.78158
0.785959
0.790232
0.794567
0.799042
0.803718
0.808633
0.813799
0.819327
0.825303
0.831797
0.838904
0.846626
0.855032
0.864101
0.873865
0.882823
0.891591
0.900013
0.907761
0.915844
0.924518
0.933538
0.943154
0.953356
0.963925
0.974921
0.983238
0.988779
0.994777
1.00149
1.00896
1.01698
1.02476
1.03289
1.03889
1.04516
1.05287
1.06159
1.06136
1.06144
1.05596
1.03457
0.996103
0.94511
0.892453
0.832983
0.847889
0.866114
0.878357
0.89586
0.898523
0.896998
0.896619
0.89813
0.900728
0.904099
0.90893
0.914564
0.919337
0.923012
0.927238
0.930964
0.934651
0.938246
0.942223
0.94699
0.942073
1.25158
0.83255
0.586823
0.672828
0.750561
0.771998
0.790984
0.803423
0.818757
0.828639
0.822077
0.814047
0.793576
0.74797
0.675053
0.645878
0.667072
0.693491
0.712615
0.713447
0.71623
0.720339
0.72537
0.731164
0.737323
0.743447
0.749164
0.754655
0.760098
0.765548
0.771052
0.776593
0.782027
0.787062
0.792053
0.797074
0.802174
0.807024
0.811911
0.817002
0.822312
0.827895
0.833881
0.840326
0.847423
0.855186
0.863604
0.872681
0.881293
0.889548
0.897639
0.905796
0.913982
0.922613
0.931493
0.940799
0.950636
0.960253
0.969443
0.977509
0.983052
0.988953
0.995413
1.00194
1.00886
1.01613
1.02351
1.02904
1.03532
1.04229
1.04947
1.06013
1.05861
1.06062
1.0543
1.0383
1.01159
0.977023
0.923544
0.853779
0.842267
0.860653
0.870166
0.884517
0.903243
0.903369
0.900987
0.902492
0.905189
0.90839
0.912961
0.919322
0.924722
0.930484
0.934432
0.938491
0.942779
0.947356
0.9525
0.947974
1.34743
1.09629
0.623388
0.61249
0.705979
0.74926
0.783701
0.802162
0.824124
0.821703
0.812513
0.790856
0.742298
0.665864
0.634601
0.656358
0.681361
0.70284
0.704309
0.706807
0.710845
0.716175
0.72262
0.728616
0.734794
0.741102
0.747218
0.753131
0.758999
0.764906
0.770891
0.776955
0.783142
0.788924
0.794698
0.80055
0.806413
0.812149
0.817171
0.822265
0.827566
0.833063
0.838785
0.844861
0.851494
0.85873
0.866505
0.874623
0.882366
0.890208
0.898214
0.906335
0.914521
0.922797
0.931424
0.940337
0.949469
0.958541
0.965396
0.972402
0.978553
0.984194
0.989869
0.996184
1.00209
1.00832
1.01411
1.02037
1.02646
1.03223
1.0382
1.0446
1.05361
1.06138
1.05839
1.05151
1.04282
1.0265
0.995381
0.947109
0.894039
0.825491
0.838358
0.860692
0.875431
0.899315
0.901586
0.901557
0.902222
0.905503
0.910767
0.915324
0.920478
0.926869
0.936199
0.940199
0.944507
0.948884
0.953367
0.949454
1.39575
1.3122
1.0123
0.651858
0.67767
0.761594
0.781415
0.803346
0.816627
0.81029
0.78797
0.738248
0.660931
0.630048
0.651745
0.678336
0.698332
0.69922
0.701184
0.705068
0.710492
0.717601
0.723775
0.729618
0.735681
0.741899
0.748107
0.754326
0.760675
0.767206
0.773893
0.780544
0.78711
0.793405
0.799556
0.805814
0.812008
0.818357
0.82362
0.828239
0.833063
0.838121
0.84334
0.848808
0.854747
0.861185
0.867966
0.874511
0.881099
0.887878
0.894818
0.902023
0.909372
0.91699
0.924882
0.933134
0.941675
0.949929
0.956749
0.962504
0.96771
0.972993
0.978586
0.98429
0.989668
0.994598
0.999361
1.00384
1.00851
1.01322
1.01776
1.02264
1.029
1.03704
1.04117
1.0382
1.03387
1.03237
1.02197
0.992146
0.950352
0.900491
0.822052
0.821944
0.842094
0.85845
0.873592
0.892553
0.895467
0.896864
0.900449
0.905257
0.910825
0.918013
0.929477
0.938834
0.941789
0.945819
0.951305
0.948268
1.40315
1.40672
1.32855
0.875892
0.606773
0.67445
0.768479
0.79347
0.793998
0.775629
0.722652
0.640166
0.628696
0.648671
0.678883
0.695055
0.695708
0.697681
0.701568
0.706984
0.713699
0.719868
0.72532
0.731102
0.737219
0.743575
0.750084
0.756731
0.763506
0.770154
0.776766
0.783316
0.789771
0.796079
0.802314
0.808667
0.815036
0.821562
0.827398
0.831646
0.835984
0.840561
0.845361
0.850398
0.855907
0.861999
0.867468
0.872803
0.878458
0.8844
0.890619
0.897108
0.903877
0.91104
0.918458
0.926377
0.934134
0.940985
0.946507
0.950746
0.955047
0.959182
0.963633
0.968203
0.972254
0.974987
0.978035
0.980863
0.983762
0.986705
0.989722
0.992794
0.996506
1.00145
1.00402
1.00558
1.00701
1.00368
0.99937
0.990012
0.96979
0.943183
0.904358
0.854096
0.796512
0.806442
0.832239
0.843937
0.862419
0.87736
0.881816
0.886621
0.893119
0.901135
0.913025
0.927484
0.931148
0.936255
0.944436
0.942333
1.40767
1.40231
1.36554
1.16322
0.76138
0.620855
0.714319
0.765691
0.75555
0.701499
0.609779
0.623687
0.643418
0.676026
0.690452
0.690482
0.691571
0.694833
0.700155
0.706716
0.713867
0.719763
0.725916
0.732228
0.738598
0.745113
0.751783
0.758589
0.765593
0.772266
0.778887
0.785248
0.791454
0.797516
0.803534
0.809625
0.815868
0.822139
0.828591
0.832654
0.836457
0.840524
0.844826
0.849316
0.854346
0.859374
0.863274
0.867196
0.871351
0.875747
0.880391
0.885209
0.890339
0.895735
0.901395
0.907661
0.912344
0.917113
0.920708
0.924283
0.92729
0.930329
0.933053
0.93602
0.937793
0.939317
0.940192
0.941356
0.942329
0.943144
0.944199
0.945828
0.948583
0.952266
0.956756
0.959189
0.961319
0.964756
0.965482
0.96427
0.958452
0.950025
0.933205
0.903412
0.857514
0.778729
0.780699
0.798483
0.817302
0.833575
0.852826
0.863339
0.871165
0.879638
0.889906
0.901621
0.909392
0.917531
0.929076
0.928542
1.40821
1.40708
1.40067
1.34255
1.07368
0.657836
0.633172
0.67959
0.664411
0.59378
0.626574
0.641095
0.673469
0.684513
0.68613
0.688182
0.691841
0.69679
0.702575
0.708133
0.713761
0.719737
0.726298
0.733261
0.739532
0.745854
0.752329
0.758943
0.765578
0.772089
0.7782
0.784245
0.789794
0.795068
0.800102
0.805139
0.810234
0.815253
0.820656
0.823782
0.825928
0.82849
0.831398
0.834526
0.838315
0.841647
0.843028
0.844457
0.846241
0.848258
0.85054
0.853131
0.856048
0.85933
0.863049
0.866282
0.869006
0.871503
0.873524
0.875475
0.877595
0.879659
0.881806
0.884012
0.886164
0.888454
0.890875
0.893435
0.896137
0.89896
0.902336
0.906408
0.911026
0.916523
0.923231
0.928977
0.932816
0.937314
0.942064
0.949108
0.947613
0.943453
0.942117
0.935845
0.912525
0.869697
0.815452
0.766414
0.778303
0.803399
0.813057
0.828477
0.847991
0.856474
0.862733
0.869506
0.877971
0.887607
0.896565
0.902005
1.40841
1.40815
1.40615
1.39261
1.30324
0.98683
0.679866
0.554524
0.482834
0.557567
0.580187
0.626881
0.639997
0.645054
0.651251
0.658666
0.667279
0.676819
0.684555
0.691428
0.697994
0.704834
0.712118
0.719007
0.725088
0.730944
0.736713
0.742263
0.747771
0.752726
0.757344
0.761543
0.765825
0.769518
0.772578
0.775448
0.778237
0.780762
0.783505
0.784258
0.784458
0.785076
0.786196
0.787758
0.789974
0.792606
0.793154
0.793884
0.79528
0.797104
0.799284
0.801905
0.804991
0.808509
0.812272
0.81549
0.818783
0.822169
0.825529
0.829051
0.832766
0.836674
0.840744
0.844778
0.848943
0.853372
0.858025
0.862808
0.867316
0.872173
0.877437
0.883112
0.889205
0.896003
0.9036
0.910927
0.916744
0.922997
0.928382
0.933815
0.940611
0.946394
0.952102
0.948738
0.943186
0.924231
0.888258
0.830926
0.774156
0.78172
0.798179
0.809006
0.821894
0.839137
0.846346
0.851892
0.859993
0.863206
0.865819
0.872642
1.40844
1.40836
1.40883
1.40517
1.36966
1.1941
0.77353
0.42405
0.436956
0.471507
0.529373
0.553967
0.561794
0.573091
0.583939
0.594509
0.604864
0.614866
0.624817
0.634214
0.642326
0.650362
0.658776
0.66647
0.673001
0.678434
0.683218
0.687434
0.691316
0.695161
0.699102
0.703215
0.707554
0.711648
0.715305
0.718932
0.722578
0.726175
0.729959
0.732419
0.734553
0.737144
0.740366
0.744113
0.748319
0.752944
0.755227
0.757498
0.760268
0.763411
0.766829
0.770617
0.774703
0.779079
0.783018
0.786875
0.790993
0.795284
0.799345
0.803589
0.808355
0.813842
0.819665
0.824932
0.830336
0.836128
0.842278
0.848313
0.854341
0.860503
0.86677
0.873405
0.880108
0.887208
0.894767
0.902936
0.91025
0.916992
0.923387
0.930122
0.937393
0.944854
0.954859
0.955839
0.952346
0.950493
0.940005
0.909818
0.861047
0.797022
0.787527
0.798895
0.816542
0.827385
0.838602
0.846875
0.849935
0.84869
0.845862
0.84824
1.40844
1.40838
1.40781
1.4031
1.36307
1.15753
0.783997
0.432948
0.502217
0.54877
0.54364
0.537797
0.539195
0.544433
0.552876
0.563044
0.568952
0.575325
0.582226
0.589464
0.596143
0.602869
0.609458
0.616043
0.622554
0.628648
0.634386
0.640141
0.64597
0.651832
0.657748
0.663756
0.669894
0.675816
0.681324
0.686783
0.692275
0.697639
0.703036
0.707638
0.712099
0.716787
0.721765
0.726998
0.732425
0.738102
0.741336
0.744512
0.74805
0.751919
0.755987
0.760284
0.76461
0.768744
0.772535
0.776443
0.780645
0.785148
0.789236
0.793799
0.799081
0.805055
0.811168
0.817269
0.823477
0.82991
0.836547
0.84336
0.850157
0.856928
0.863846
0.870931
0.878259
0.885905
0.893848
0.902094
0.909408
0.916733
0.9235
0.930825
0.938034
0.945692
0.954321
0.960518
0.967462
0.968825
0.966122
0.958427
0.938836
0.893173
0.815839
0.788446
0.803629
0.823481
0.827555
0.837944
0.83729
0.835634
0.817953
0.821242
1.40845
1.4084
1.40798
1.40422
1.36953
1.17939
0.81105
0.452468
0.530065
0.561807
0.561329
0.558968
0.563042
0.564293
0.565733
0.568289
0.571667
0.575751
0.580727
0.586308
0.592084
0.59856
0.605888
0.611962
0.617739
0.623578
0.629455
0.63541
0.641654
0.648231
0.655106
0.661807
0.668065
0.673718
0.679046
0.684377
0.689832
0.695369
0.700939
0.70633
0.71169
0.717143
0.722694
0.728294
0.734048
0.739454
0.742977
0.746495
0.750344
0.754403
0.758658
0.763055
0.76716
0.770867
0.774537
0.778402
0.782536
0.787029
0.7916
0.796562
0.802286
0.808082
0.814342
0.821169
0.827856
0.834747
0.8418
0.848975
0.85622
0.863505
0.870857
0.878402
0.886167
0.894153
0.902451
0.910812
0.919162
0.926522
0.934116
0.941765
0.949602
0.95712
0.964701
0.972654
0.980185
0.989944
0.988494
0.985304
0.976648
0.961861
0.914375
0.847005
0.807856
0.816162
0.836771
0.836158
0.829075
0.818473
0.768125
0.786874
1.40844
1.4084
1.40794
1.40388
1.36793
1.17368
0.80413
0.448548
0.525892
0.568004
0.567846
0.569045
0.571976
0.574823
0.57816
0.5819
0.585766
0.589516
0.59384
0.598669
0.603997
0.60981
0.615663
0.621404
0.627253
0.63325
0.639471
0.645991
0.652742
0.659576
0.666111
0.672406
0.67839
0.684221
0.690047
0.695996
0.702113
0.708366
0.714724
0.72062
0.726115
0.731609
0.737162
0.742784
0.748532
0.754016
0.757791
0.761536
0.765453
0.769552
0.773733
0.778008
0.781603
0.785209
0.788936
0.792888
0.797136
0.801617
0.806158
0.811062
0.816376
0.821911
0.82802
0.834358
0.84085
0.84746
0.854375
0.861475
0.868636
0.875862
0.883063
0.890499
0.898083
0.905982
0.914022
0.922361
0.92991
0.937169
0.944498
0.95191
0.959218
0.966278
0.97313
0.980325
0.987173
0.994617
1.00525
1.00637
1.00238
0.996546
0.984889
0.940113
0.867916
0.813547
0.824873
0.822194
0.811333
0.780407
0.717338
0.753347
1.40844
1.4084
1.40796
1.40402
1.369
1.17753
0.809482
0.452085
0.531652
0.565572
0.565472
0.566688
0.57226
0.579312
0.583218
0.587211
0.591447
0.596074
0.601221
0.606654
0.612445
0.618779
0.624871
0.63082
0.637029
0.643588
0.650447
0.657352
0.664072
0.67055
0.676904
0.68315
0.68939
0.695654
0.702008
0.708259
0.714602
0.720692
0.726494
0.7319
0.737133
0.742421
0.747842
0.753354
0.75905
0.764412
0.768144
0.771724
0.775474
0.779365
0.783283
0.787137
0.79047
0.793847
0.797404
0.801174
0.805228
0.809505
0.813881
0.818641
0.823733
0.829078
0.83486
0.840981
0.847312
0.853848
0.86061
0.867576
0.874678
0.881767
0.888889
0.896045
0.903458
0.911108
0.91893
0.927068
0.934474
0.94172
0.948613
0.956077
0.962942
0.970193
0.976422
0.983458
0.98996
0.997117
1.00509
1.01796
1.01725
1.01349
1.00874
0.996913
0.950534
0.873917
0.815383
0.777309
0.751343
0.697632
0.699264
0.721796
1.40844
1.4084
1.40796
1.40397
1.36864
1.17617
0.807656
0.451471
0.530793
0.567834
0.567054
0.568067
0.572914
0.578842
0.5828
0.586905
0.591465
0.596539
0.602032
0.607749
0.613765
0.620121
0.626174
0.632333
0.638769
0.645525
0.65243
0.659227
0.665839
0.672336
0.678782
0.685229
0.691687
0.698137
0.704406
0.710588
0.716692
0.722684
0.728342
0.733868
0.739192
0.744538
0.749992
0.755494
0.761138
0.766303
0.76999
0.773581
0.77733
0.781244
0.785193
0.78906
0.792314
0.795623
0.799133
0.802831
0.8068
0.81094
0.81525
0.819934
0.824926
0.830227
0.835955
0.84203
0.84834
0.854836
0.861593
0.868614
0.875776
0.882858
0.88997
0.897068
0.904501
0.9121
0.920073
0.927808
0.935647
0.942626
0.949998
0.957109
0.964458
0.970936
0.977576
0.984046
0.991118
0.998
1.00539
1.01365
1.02787
1.02657
1.02201
1.01379
0.990733
0.918537
0.836253
0.759257
0.670781
0.673392
0.699744
0.703009
)
;

boundaryField
{
    inlet
    {
        type            calculated;
        value           uniform 1.40845;
    }
    outlet
    {
        type            calculated;
        value           nonuniform List<scalar> 
40
(
0.594111
0.64837
0.71422
0.761254
0.79505
0.819273
0.835155
0.844195
0.848941
0.85237
0.856284
0.861387
0.868066
0.876295
0.880861
0.8839
0.887017
0.890757
0.8949
0.899224
0.903791
0.908777
0.914726
0.921203
0.927945
0.93502
0.942073
0.947974
0.949454
0.948268
0.942333
0.928542
0.902005
0.872642
0.84824
0.821242
0.786874
0.753347
0.721796
0.703009
)
;
    }
    bottom
    {
        type            symmetryPlane;
    }
    top
    {
        type            symmetryPlane;
    }
    obstacle
    {
        type            calculated;
        value           nonuniform List<scalar> 
110
(
0.552638
0.553419
0.555651
0.558141
0.561445
0.565954
0.571678
0.582278
0.599791
0.641863
0.661432
0.588144
0.502185
0.510341
0.515105
0.50461
0.496662
0.494745
0.533605
0.549606
0.551902
0.550664
0.549584
0.546632
0.542685
0.557701
0.571855
0.578657
0.57982
0.579318
0.577813
0.57715
0.576781
0.576897
0.576577
0.578145
0.57995
0.580811
0.581572
0.581971
0.582501
0.583824
0.582308
0.581845
0.579279
0.568219
0.559704
0.552227
0.542678
0.533676
0.526758
0.521677
0.513526
0.507426
0.501722
0.497491
0.495941
0.49483
0.493142
0.492694
0.490545
0.492374
0.494291
0.49644
0.49866
0.501191
0.503795
0.506621
0.509359
0.511993
0.514628
0.517295
0.519875
0.522522
0.525042
0.527607
0.530125
0.532624
0.534966
0.537315
0.539679
0.542071
0.544485
0.546825
0.549197
0.55147
0.553753
0.555951
0.558185
0.560357
0.562558
0.564638
0.56673
0.568699
0.570688
0.572577
0.574489
0.576293
0.578119
0.579803
0.581519
0.583123
0.584822
0.586498
0.588236
0.590049
0.591911
0.594739
0.595295
0.594111
)
;
    }
    defaultFaces
    {
        type            empty;
    }
}


// ************************************************************************* //
