/*--------------------------------*- C++ -*----------------------------------*\
| =========                 |                                                 |
| \\      /  F ield         | OpenFOAM: The Open Source CFD Toolbox           |
|  \\    /   O peration     | Version:  v2106                                 |
|   \\  /    A nd           | Website:  www.openfoam.com                      |
|    \\/     M anipulation  |                                                 |
\*---------------------------------------------------------------------------*/
FoamFile
{
    version     2.0;
    format      ascii;
    arch        "LSB;label=32;scalar=64";
    class       volScalarField;
    location    "16";
    object      rho;
}
// * * * * * * * * * * * * * * * * * * * * * * * * * * * * * * * * * * * * * //

dimensions      [1 -3 0 0 0 0 0];

internalField   nonuniform List<scalar> 
5250
(
1.40845
1.40845
1.40845
1.40845
1.40845
1.40845
1.40845
1.40845
1.40845
1.40841
1.40814
1.40546
1.39596
1.51372
2.04266
4.69694
7.16685
6.36205
6.5014
6.60599
6.61142
6.64851
6.65499
6.66987
6.67595
1.40845
1.40845
1.40845
1.40845
1.40845
1.40845
1.40845
1.40845
1.40845
1.40841
1.40815
1.40564
1.39559
1.50805
2.04618
4.64252
7.27687
6.40171
6.54236
6.64036
6.63584
6.65965
6.66253
6.67253
6.67792
1.40845
1.40845
1.40845
1.40845
1.40845
1.40845
1.40845
1.40845
1.40845
1.40842
1.40817
1.40601
1.39498
1.49585
2.06
4.4815
7.46099
6.46556
6.61451
6.69242
6.66793
6.67517
6.6616
6.66484
6.66491
1.40845
1.40845
1.40845
1.40845
1.40845
1.40845
1.40845
1.40845
1.40845
1.40842
1.40819
1.4065
1.39467
1.47922
2.04398
4.17635
7.72645
6.55745
6.72051
6.77241
6.71727
6.69912
6.6585
6.64929
6.64284
1.40845
1.40845
1.40845
1.40845
1.40845
1.40845
1.40845
1.40845
1.40845
1.40843
1.40822
1.40696
1.39484
1.46238
1.97399
3.70018
7.9022
6.67429
6.8695
6.89924
6.78616
6.71527
6.65496
6.62081
6.61002
1.40845
1.40845
1.40845
1.40845
1.40845
1.40845
1.40845
1.40845
1.40845
1.40843
1.40827
1.40723
1.39524
1.44602
1.89197
3.30146
7.66738
6.5962
6.8138
6.96286
6.88605
6.78177
6.64823
6.58953
6.55543
1.40845
1.40845
1.40845
1.40845
1.40845
1.40845
1.40845
1.40845
1.40845
1.40844
1.40828
1.4075
1.39624
1.4314
1.80506
2.89385
7.19904
6.45378
6.682
6.90062
6.88955
6.83528
6.65997
6.53032
6.49869
1.40845
1.40845
1.40845
1.40845
1.40845
1.40845
1.40845
1.40845
1.40845
1.40845
1.40827
1.40785
1.39767
1.42079
1.75259
2.60937
6.68656
6.24431
6.46266
6.74623
6.84544
6.80319
6.6598
6.48462
6.40023
1.40845
1.40845
1.40845
1.40845
1.40845
1.40845
1.40845
1.40845
1.40845
1.40845
1.4083
1.40807
1.39946
1.41071
1.67938
2.36706
6.27326
6.02683
6.20438
6.50209
6.70819
6.72123
6.59835
6.36212
6.26399
1.40845
1.40845
1.40845
1.40845
1.40845
1.40845
1.40845
1.40845
1.40845
1.40846
1.4083
1.4084
1.39995
1.41079
1.61912
2.17585
5.86555
5.98731
6.0216
6.16888
6.43796
6.61075
6.4486
6.34725
6.03694
1.40845
1.40845
1.40845
1.40845
1.40845
1.40845
1.40845
1.40845
1.40845
1.40845
1.40839
1.40809
1.40412
1.39951
1.55054
1.97122
5.1652
6.1411
5.99012
5.97669
6.08247
6.32327
6.27652
6.18452
5.03724
1.40845
1.40845
1.40845
1.40845
1.40845
1.40845
1.40845
1.40845
1.40845
1.40844
1.40846
1.40793
1.40725
1.3878
1.48843
1.82131
4.41677
6.35887
5.92164
5.86466
5.85666
5.9582
5.86294
5.68408
5.18747
1.40845
1.40845
1.40845
1.40845
1.40845
1.40845
1.40845
1.40845
1.40845
1.40845
1.40843
1.40825
1.40727
1.39533
1.44793
1.86962
3.55699
6.6751
5.95179
5.81153
5.76068
5.72859
5.62391
5.39615
5.24909
1.40845
1.40845
1.40845
1.40845
1.40845
1.40845
1.40845
1.40845
1.40845
1.40845
1.40844
1.40831
1.40769
1.3974
1.42051
1.75604
2.77896
6.40892
6.02961
5.80828
5.69309
5.58708
5.44011
5.22426
5.13166
1.40845
1.40845
1.40845
1.40845
1.40845
1.40845
1.40845
1.40845
1.40845
1.40845
1.40846
1.40829
1.40832
1.39971
1.41142
1.63086
2.26905
5.67297
6.03791
5.87389
5.67141
5.49172
5.2981
5.07934
4.92043
1.40845
1.40845
1.40845
1.40845
1.40845
1.40845
1.40845
1.40845
1.40845
1.40845
1.40845
1.4084
1.40811
1.40469
1.40004
1.5259
1.87508
4.52639
6.07631
5.96727
5.71804
5.44063
5.21729
5.00078
4.76081
1.40845
1.40845
1.40845
1.40845
1.40845
1.40845
1.40845
1.40845
1.40845
1.40845
1.40844
1.40847
1.40805
1.40799
1.39051
1.44661
1.6963
3.42739
5.90237
5.81621
5.62994
5.42257
5.19484
4.95346
4.68568
1.40845
1.40845
1.40845
1.40845
1.40845
1.40845
1.40845
1.40845
1.40845
1.40845
1.40845
1.40846
1.40824
1.40809
1.3976
1.42087
1.71836
2.54881
5.52724
5.66938
5.64587
5.44577
5.21466
4.95622
4.67875
1.40845
1.40845
1.40845
1.40845
1.40845
1.40845
1.40845
1.40845
1.40845
1.40845
1.40845
1.40845
1.40838
1.40802
1.40386
1.40121
1.57481
2.02066
4.6129
5.67748
5.67458
5.45756
5.22774
4.97167
4.68664
1.40845
1.40845
1.40845
1.40845
1.40845
1.40845
1.40845
1.40845
1.40845
1.40845
1.40845
1.40844
1.40848
1.40787
1.40832
1.38381
1.49098
1.65114
3.494
5.52944
5.59692
5.39001
5.18402
4.965
4.70817
1.40845
1.40845
1.40845
1.40845
1.40845
1.40845
1.40845
1.40845
1.40845
1.40845
1.40845
1.40845
1.40844
1.40834
1.40762
1.40202
1.41523
1.64691
2.41908
5.00237
5.35733
5.37675
5.19248
4.98134
4.73977
1.40845
1.40845
1.40845
1.40845
1.40845
1.40845
1.40845
1.40845
1.40845
1.40845
1.40845
1.40845
1.40842
1.40873
1.40692
1.41312
1.35749
1.56012
1.88547
3.95445
5.35023
5.3973
5.23575
5.03195
4.79092
1.40845
1.40845
1.40845
1.40845
1.40845
1.40845
1.40845
1.40845
1.40845
1.40845
1.40845
1.40845
1.40845
1.40844
1.40827
1.4074
1.39947
1.43894
1.62083
2.80843
5.04583
5.18506
5.19869
5.04107
4.82866
1.40845
1.40845
1.40845
1.40845
1.40845
1.40845
1.40845
1.40845
1.40845
1.40845
1.40845
1.40845
1.40845
1.40843
1.40881
1.40678
1.41207
1.34563
1.57365
2.06681
4.18528
5.22799
5.24412
5.07296
4.86451
1.40845
1.40845
1.40845
1.40845
1.40845
1.40845
1.40845
1.40845
1.40845
1.40845
1.40845
1.40845
1.40845
1.40845
1.40843
1.40822
1.40717
1.39717
1.46075
1.55681
3.06627
5.02847
5.12762
5.05451
4.87844
1.40845
1.40845
1.40845
1.40845
1.40845
1.40845
1.40845
1.40845
1.40845
1.40845
1.40845
1.40845
1.40845
1.40845
1.40845
1.40885
1.40644
1.41311
1.34811
1.52927
2.09209
4.18385
5.03471
5.05514
4.89004
1.40845
1.40845
1.40845
1.40845
1.40845
1.40845
1.40845
1.40845
1.40845
1.40845
1.40845
1.40845
1.40845
1.40845
1.40845
1.40843
1.40818
1.40723
1.39676
1.47139
1.57303
3.0543
4.8266
4.91118
4.8417
1.40845
1.40845
1.40845
1.40845
1.40845
1.40845
1.40845
1.40845
1.40845
1.40845
1.40845
1.40845
1.40845
1.40845
1.40845
1.40841
1.40889
1.40595
1.41542
1.34495
1.49706
2.04213
3.9889
4.8222
4.83804
1.40845
1.40845
1.40845
1.40845
1.40845
1.40845
1.40845
1.40845
1.40845
1.40845
1.40845
1.40845
1.40845
1.40845
1.40845
1.40845
1.40844
1.40817
1.40771
1.39473
1.46314
1.54647
2.91461
4.59317
4.70149
1.40845
1.40845
1.40845
1.40845
1.40845
1.40845
1.40845
1.40845
1.40845
1.40845
1.40845
1.40845
1.40845
1.40845
1.40845
1.40845
1.40843
1.40879
1.40555
1.41165
1.35469
1.49267
1.96593
3.71216
4.67206
1.40845
1.40845
1.40845
1.40845
1.40845
1.40845
1.40845
1.40845
1.40845
1.40845
1.40845
1.40845
1.40845
1.40845
1.40845
1.40845
1.40845
1.40845
1.40815
1.40784
1.39505
1.44451
1.50887
2.6558
4.30325
1.40845
1.40845
1.40845
1.40845
1.40845
1.40845
1.40845
1.40845
1.40845
1.40845
1.40845
1.40845
1.40845
1.40845
1.40845
1.40845
1.40845
1.40844
1.40864
1.40583
1.40789
1.36678
1.502
1.80622
3.32918
1.40845
1.40845
1.40845
1.40845
1.40845
1.40845
1.40845
1.40845
1.40845
1.40845
1.40845
1.40845
1.40845
1.40845
1.40845
1.40845
1.40845
1.40845
1.40843
1.40826
1.40768
1.39841
1.41919
1.54224
2.39254
1.40845
1.40845
1.40845
1.40845
1.40845
1.40845
1.40845
1.40845
1.40845
1.40845
1.40845
1.40845
1.40845
1.40845
1.40845
1.40845
1.40845
1.40845
1.40845
1.40842
1.40799
1.40709
1.38654
1.50345
1.68253
1.40845
1.40845
1.40845
1.40845
1.40845
1.40845
1.40845
1.40845
1.40845
1.40845
1.40845
1.40845
1.40845
1.40845
1.40845
1.40845
1.40845
1.40845
1.40845
1.40842
1.40837
1.40612
1.4341
1.30574
1.41001
1.40845
1.40845
1.40845
1.40845
1.40845
1.40845
1.40845
1.40845
1.40845
1.40845
1.40845
1.40845
1.40845
1.40845
1.40845
1.40845
1.40845
1.40845
1.40845
1.40844
1.40847
1.40816
1.40863
1.39416
1.4318
1.40845
1.40845
1.40845
1.40845
1.40845
1.40845
1.40845
1.40845
1.40845
1.40845
1.40845
1.40845
1.40845
1.40845
1.40845
1.40845
1.40845
1.40845
1.40845
1.40845
1.40844
1.40847
1.40823
1.40976
1.3686
1.40845
1.40845
1.40845
1.40845
1.40845
1.40845
1.40845
1.40845
1.40845
1.40845
1.40845
1.40845
1.40845
1.40845
1.40845
1.40845
1.40845
1.40845
1.40845
1.40845
1.40845
1.4084
1.40848
1.40761
1.41017
1.40845
1.40845
1.40845
1.40845
1.40845
1.40845
1.40845
1.40845
1.40845
1.40845
1.40845
1.40845
1.40845
1.40845
1.40845
1.40845
1.40845
1.40845
1.40845
1.40845
1.40845
1.40847
1.40835
1.4086
1.40517
1.40845
1.40845
1.40845
1.40845
1.40845
1.40845
1.40845
1.40845
1.40845
1.40845
1.40845
1.40845
1.40845
1.40845
1.40845
1.40845
1.40845
1.40845
1.40845
1.40845
1.40845
1.40845
1.40845
1.40843
1.4084
1.40845
1.40845
1.40845
1.40845
1.40845
1.40845
1.40845
1.40845
1.40845
1.40845
1.40845
1.40845
1.40845
1.40845
1.40845
1.40845
1.40845
1.40845
1.40845
1.40845
1.40845
1.40845
1.40846
1.40843
1.40845
1.40845
1.40845
1.40845
1.40845
1.40845
1.40845
1.40845
1.40845
1.40845
1.40845
1.40845
1.40845
1.40845
1.40845
1.40845
1.40845
1.40845
1.40845
1.40845
1.40845
1.40845
1.40845
1.40845
1.40845
1.40849
1.40845
1.40845
1.40845
1.40845
1.40845
1.40845
1.40845
1.40845
1.40845
1.40845
1.40845
1.40845
1.40845
1.40845
1.40845
1.40845
1.40845
1.40845
1.40845
1.40845
1.40845
1.40845
1.40845
1.40845
1.40845
1.40845
1.40845
1.40845
1.40845
1.40845
1.40845
1.40845
1.40845
1.40845
1.40845
1.40845
1.40845
1.40845
1.40845
1.40845
1.40845
1.40845
1.40845
1.40845
1.40845
1.40845
1.40845
1.40845
1.40845
1.40845
1.40845
1.40845
1.40845
1.40845
1.40845
1.40845
1.40845
1.40845
1.40845
1.40845
1.40845
1.40845
1.40845
1.40845
1.40845
1.40845
1.40845
1.40845
1.40845
1.40845
1.40845
1.40845
1.40845
1.40845
1.40845
1.40845
1.40845
1.40845
1.40845
1.40845
1.40845
1.40845
1.40845
1.40845
1.40845
1.40845
1.40845
1.40845
1.40845
1.40845
1.40845
1.40845
1.40845
1.40845
1.40845
1.40845
1.40845
1.40845
1.40845
1.40845
1.40845
1.40845
1.40845
1.40845
1.40845
1.40845
1.40845
1.40845
1.40845
1.40845
1.40845
1.40845
1.40845
1.40845
1.40845
1.40845
1.40845
1.40845
1.40845
1.40845
1.40845
1.40845
1.40845
1.40845
1.40845
1.40845
1.40845
1.40845
1.40845
1.40845
1.40845
1.40845
1.40845
1.40845
1.40845
1.40845
1.40845
1.40845
1.40845
1.40845
1.40845
1.40845
1.40845
1.40845
1.40845
1.40845
1.40845
1.40845
1.40845
1.40845
1.40845
1.40845
1.40845
1.40845
1.40845
1.40845
1.40845
1.40845
1.40845
1.40845
1.40845
1.40845
1.40845
1.40845
1.40845
1.40845
1.40845
1.40845
1.40845
1.40845
1.40845
1.40845
1.40845
1.40845
1.40845
1.40845
1.40845
1.40845
1.40845
1.40845
1.40845
1.40845
1.40845
1.40845
1.40845
1.40845
1.40845
1.40845
1.40845
1.40845
1.40845
1.40845
1.40845
1.40845
1.40845
1.40845
1.40845
1.40845
1.40845
1.40845
1.7934
1.80881
1.95298
1.68559
1.82669
1.79633
1.67124
1.44853
1.38686
1.36898
1.37706
1.38433
1.38428
1.36405
1.29708
1.24308
1.21586
1.21089
1.21641
1.21995
1.22188
1.22193
1.21858
1.2154
1.20728
1.20204
1.19757
1.19594
1.19505
1.19739
1.20362
1.22464
1.24681
1.29002
1.35803
1.4149
1.47458
1.53923
1.62599
1.69191
1.75905
1.84706
1.92468
1.99836
2.08051
2.14366
2.196
2.25114
2.29674
2.32992
2.35658
2.38951
2.41015
2.42827
2.44157
2.44976
2.4554
2.45819
2.45641
2.45169
2.44488
2.43604
2.42524
2.41301
2.39905
2.38435
2.36926
2.35364
2.33701
2.31997
2.30254
2.28481
2.26678
2.24823
2.22982
2.21131
2.19325
2.17516
2.15756
2.13994
2.12268
2.10524
2.08821
2.07111
2.05456
2.03809
2.02223
2.00653
1.99155
1.9768
1.96301
1.94952
1.93716
1.92467
1.91269
1.90047
1.88836
1.87782
1.86005
1.84501
2.74728
2.41812
2.04098
1.71291
1.85435
1.84342
1.70407
1.34585
1.21046
1.17903
1.20672
1.22194
1.21945
1.18153
1.12145
1.09372
1.07129
1.06162
1.06224
1.06485
1.06597
1.06677
1.0638
1.06246
1.05571
1.05109
1.04378
1.03989
1.03787
1.04131
1.04824
1.06848
1.08954
1.11815
1.17433
1.22102
1.27377
1.33784
1.43476
1.5235
1.60703
1.69445
1.79227
1.85887
1.94808
2.03208
2.09529
2.16985
2.24705
2.3064
2.3728
2.43284
2.482
2.51785
2.54345
2.56331
2.58091
2.59796
2.61028
2.6139
2.61535
2.615
2.61203
2.60585
2.59494
2.58174
2.56851
2.55557
2.54159
2.52554
2.50828
2.49048
2.47239
2.45415
2.43607
2.41714
2.39838
2.37923
2.36058
2.34185
2.32351
2.30494
2.28689
2.26857
2.25087
2.23286
2.21547
2.19785
2.18095
2.16408
2.14816
2.13263
2.11816
2.10386
2.08986
2.07583
2.06175
2.04904
2.02883
2.0109
3.66816
2.9562
2.46848
2.04192
1.9491
1.8782
1.66895
1.32248
1.15153
1.13948
1.15707
1.18095
1.20148
1.17973
1.12879
1.03569
0.990905
0.980284
0.97971
0.996874
0.998052
0.998945
0.993149
0.989611
0.98223
0.978707
0.974555
0.977216
0.973144
0.976113
0.977064
0.992757
1.00893
1.03774
1.09519
1.1579
1.22028
1.26827
1.33277
1.42081
1.49824
1.59427
1.71926
1.85528
2.00023
2.13737
2.26072
2.36067
2.47275
2.55494
2.63654
2.71157
2.77772
2.82523
2.85544
2.8771
2.89379
2.90842
2.9197
2.92178
2.92036
2.91621
2.90992
2.90228
2.89176
2.87663
2.85899
2.84075
2.82192
2.80261
2.78288
2.76275
2.74244
2.72061
2.69829
2.67621
2.65435
2.63217
2.61028
2.58834
2.56675
2.54555
2.52503
2.50466
2.48496
2.46479
2.44512
2.42518
2.406
2.38686
2.36874
2.35137
2.33514
2.31937
2.30371
2.28807
2.27223
2.25774
2.23408
2.21167
4.26962
3.48265
2.92313
2.42706
2.17216
2.01622
1.86162
1.60465
1.38056
1.23962
1.19625
1.19053
1.19532
1.17577
1.10941
1.00769
0.971653
0.96635
0.968591
0.982293
0.984485
1.00434
1.00702
1.00351
0.994732
0.993575
0.978234
0.977105
0.968893
0.97337
0.975837
0.994334
1.00628
1.0152
1.03929
1.08341
1.14431
1.22227
1.33761
1.48873
1.63898
1.77828
1.94156
2.09997
2.24589
2.40815
2.53899
2.64804
2.74367
2.85355
2.91062
2.97217
3.0309
3.07934
3.105
3.12853
3.14478
3.15156
3.15374
3.14963
3.1457
3.13932
3.12934
3.11679
3.10164
3.08207
3.06214
3.0422
3.02206
3.00076
2.97779
2.95373
2.92937
2.90521
2.8813
2.85767
2.83379
2.80989
2.78618
2.76232
2.73843
2.71459
2.69136
2.66881
2.64698
2.6258
2.60539
2.58506
2.565
2.545
2.52534
2.50665
2.48877
2.47164
2.45457
2.43756
2.42037
2.40373
2.37933
2.35328
4.46389
3.78511
3.27265
2.83261
2.54691
2.29342
2.10421
1.8628
1.56019
1.4049
1.33739
1.31018
1.26357
1.23623
1.19948
1.13304
1.06736
1.01974
0.995195
0.991848
0.991842
0.998006
0.997692
0.995683
0.9888
0.984649
0.971241
0.977142
0.974103
0.981015
0.981566
0.983432
0.989526
1.00673
1.05065
1.12533
1.22064
1.34389
1.49018
1.64233
1.8121
1.96794
2.14003
2.3095
2.46575
2.62204
2.74303
2.83557
2.93388
3.04724
3.09412
3.15323
3.21709
3.2398
3.26923
3.29505
3.30052
3.30264
3.30434
3.30094
3.29435
3.28622
3.2744
3.25855
3.24141
3.22209
3.20167
3.18
3.15679
3.13269
3.10841
3.08454
3.0611
3.03602
3.00934
2.98272
2.9567
2.9313
2.90639
2.88145
2.85651
2.83184
2.80782
2.78436
2.76152
2.73895
2.71699
2.69552
2.67483
2.65479
2.63522
2.61624
2.5979
2.58008
2.56219
2.54422
2.52601
2.50751
2.48274
2.45385
4.4652
3.99759
3.5337
3.16766
2.88238
2.67485
2.42418
2.18128
1.8655
1.64326
1.53596
1.48357
1.41824
1.35561
1.29046
1.20265
1.13535
1.09234
1.07336
1.06583
1.05022
1.0432
1.03024
1.02443
1.01104
1.00905
0.992799
0.992327
0.980241
0.982394
0.98495
0.992659
1.01215
1.04499
1.09961
1.18066
1.28821
1.42027
1.57114
1.72762
1.89779
2.05621
2.23511
2.41704
2.57881
2.72128
2.86446
2.94986
3.06653
3.11532
3.16629
3.24928
3.32839
3.35284
3.38027
3.38375
3.38967
3.39372
3.39642
3.39607
3.39138
3.38331
3.37338
3.35725
3.33738
3.31499
3.2914
3.26781
3.24477
3.22285
3.20157
3.17702
3.14912
3.12109
3.09354
3.06627
3.03937
3.01327
2.98818
2.96381
2.93909
2.91381
2.88866
2.86418
2.84024
2.81682
2.79404
2.77229
2.75163
2.73195
2.71228
2.69302
2.67431
2.65602
2.63769
2.6193
2.60067
2.58121
2.55597
2.52484
4.38504
4.07992
3.70906
3.38753
3.128
2.96877
2.75539
2.54081
2.29131
2.00227
1.80421
1.71037
1.63642
1.56309
1.47983
1.39876
1.29953
1.22981
1.18412
1.16252
1.14037
1.12563
1.1025
1.08403
1.06134
1.0487
1.02656
1.02683
1.01328
1.01748
1.02901
1.04479
1.06877
1.12606
1.20779
1.31927
1.44619
1.57051
1.67479
1.79742
1.90342
2.01519
2.14567
2.27805
2.42142
2.59017
2.8068
2.99676
3.15788
3.17571
3.21719
3.26406
3.33344
3.38488
3.42025
3.44312
3.44681
3.44403
3.43935
3.44234
3.44331
3.43864
3.42704
3.40242
3.38094
3.36039
3.33954
3.31784
3.29602
3.27296
3.2466
3.2203
3.19447
3.16887
3.14304
3.11655
3.08913
3.06265
3.03691
3.01117
2.9852
2.95956
2.9346
2.91042
2.88696
2.86446
2.84308
2.82216
2.8013
2.78074
2.76057
2.74115
2.72225
2.70373
2.68522
2.66657
2.64761
2.62741
2.60201
2.56968
4.3606
4.06301
3.81971
3.49789
3.27796
3.12524
2.98171
2.80935
2.5989
2.35102
2.11445
1.95457
1.87176
1.79788
1.71276
1.63373
1.5223
1.41745
1.34512
1.30838
1.27691
1.26494
1.23473
1.20699
1.16865
1.14682
1.11695
1.10909
1.09513
1.09513
1.13367
1.18546
1.24454
1.3335
1.45548
1.5316
1.6243
1.70294
1.77178
1.84933
1.91153
1.98914
2.07848
2.16473
2.26817
2.4056
2.55359
2.70111
2.9807
3.19801
3.31382
3.31364
3.3176
3.34199
3.3889
3.44423
3.46413
3.46755
3.4677
3.45628
3.44773
3.43987
3.43094
3.41646
3.39701
3.37804
3.3584
3.33736
3.31454
3.29004
3.26457
3.23969
3.21457
3.18876
3.16224
3.13597
3.1104
3.08418
3.05749
3.03131
3.00554
2.98056
2.95669
2.93403
2.91231
2.89055
2.86807
2.84598
2.82493
2.80462
2.78486
2.76571
2.74702
2.72854
2.70992
2.69106
2.67189
2.65155
2.62624
2.59339
4.37779
4.05477
3.83555
3.56324
3.412
3.22364
3.11032
2.9739
2.82061
2.62958
2.40657
2.22278
2.1146
2.03716
1.95309
1.86879
1.77829
1.66573
1.57065
1.50746
1.46829
1.43439
1.40774
1.37369
1.33739
1.29527
1.27025
1.2402
1.24397
1.26412
1.38779
1.48061
1.57743
1.69375
1.7765
1.78849
1.82531
1.84411
1.87617
1.91967
1.95899
2.00316
2.05027
2.08851
2.14665
2.22549
2.30635
2.43745
2.60678
2.77431
3.11159
3.35842
3.35348
3.34971
3.3572
3.37537
3.41183
3.43584
3.44801
3.44505
3.4357
3.43054
3.42503
3.4146
3.39624
3.37588
3.35615
3.33568
3.31254
3.28862
3.26441
3.24
3.21554
3.1918
3.16873
3.1447
3.11744
3.09009
3.06367
3.03832
3.01385
2.99059
2.96766
2.94463
2.92182
2.89895
2.87635
2.85473
2.8341
2.81416
2.79485
2.77619
2.75793
2.73963
2.72084
2.7018
2.68241
2.66186
2.63636
2.60295
4.42907
4.11015
3.85129
3.60167
3.47904
3.2893
3.18609
3.06744
2.92915
2.78462
2.59481
2.40943
2.2801
2.20289
2.13354
2.06885
1.99283
1.90679
1.80434
1.71849
1.66535
1.6303
1.60321
1.56664
1.53715
1.49291
1.47312
1.44692
1.49746
1.56841
1.84229
1.95239
2.04562
2.10885
2.06989
2.03998
2.0166
2.00624
2.01187
2.01196
2.02498
2.04539
2.0634
2.07416
2.10005
2.12366
2.15521
2.22728
2.31863
2.44967
2.6233
2.92135
3.24008
3.38689
3.37663
3.35347
3.36287
3.37505
3.41136
3.42708
3.4289
3.41809
3.40055
3.39448
3.38743
3.37538
3.3582
3.3382
3.31259
3.2867
3.2638
3.24198
3.22084
3.19862
3.17161
3.14536
3.11988
3.09483
3.06996
3.04489
3.02047
2.99634
2.97274
2.95
2.92774
2.90568
2.88405
2.86322
2.84308
2.82332
2.80384
2.78451
2.76522
2.746
2.7267
2.70729
2.68767
2.66701
2.64161
2.60775
4.47983
4.18
3.90492
3.66177
3.50598
3.33619
3.23949
3.13583
3.01556
2.88236
2.74327
2.55993
2.40801
2.32128
2.25706
2.19469
2.14071
2.08033
1.99555
1.91223
1.84145
1.79119
1.76444
1.73801
1.71266
1.69019
1.67939
1.69977
1.76197
2.16487
2.37826
2.45821
2.50129
2.47727
2.40282
2.33062
2.26848
2.23618
2.20843
2.17585
2.14376
2.1166
2.09285
2.08699
2.0928
2.09153
2.09893
2.11952
2.14814
2.20889
2.3212
2.48375
2.64819
3.08101
3.37955
3.40129
3.38853
3.363
3.36605
3.37824
3.38785
3.40186
3.40166
3.39326
3.38913
3.38034
3.35961
3.33944
3.31869
3.29684
3.27466
3.25149
3.22775
3.20345
3.17868
3.15416
3.12938
3.10474
3.08008
3.05563
3.03087
3.00505
2.98091
2.95837
2.93656
2.91532
2.8946
2.87439
2.85455
2.8348
2.81493
2.7948
2.77444
2.75429
2.73437
2.71454
2.69461
2.67362
2.64767
2.61276
4.53533
4.25903
3.98754
3.73601
3.54247
3.38322
3.28011
3.17948
3.07021
2.9495
2.82205
2.68465
2.53322
2.4174
2.33071
2.28811
2.24613
2.18473
2.1232
2.04999
1.97926
1.91779
1.88244
1.86321
1.84757
1.84615
1.86928
1.99006
2.17622
2.82139
2.88723
2.91701
2.90048
2.7964
2.6949
2.60482
2.53611
2.47581
2.41124
2.35999
2.31683
2.26268
2.20594
2.15656
2.12619
2.09975
2.08592
2.08902
2.08842
2.10857
2.14789
2.20859
2.34431
2.54258
2.77485
3.20761
3.42339
3.44802
3.3725
3.35572
3.36101
3.38191
3.40145
3.40119
3.39559
3.38747
3.37313
3.35328
3.33417
3.31458
3.29337
3.26713
3.24191
3.21822
3.19468
3.17125
3.14742
3.12376
3.10035
3.0773
3.05068
3.02366
2.99911
2.97651
2.95492
2.93417
2.91387
2.89372
2.87345
2.85297
2.83226
2.81135
2.79012
2.76899
2.74806
2.72718
2.70619
2.68411
2.65681
2.62029
4.58599
4.32468
4.06644
3.81172
3.59918
3.43769
3.316
3.21529
3.11138
3.00186
2.88427
2.75611
2.64105
2.50591
2.40958
2.35499
2.30231
2.25925
2.21535
2.1473
2.08506
2.01403
1.9591
1.94788
1.94774
1.97035
2.0612
2.21676
2.79915
3.22971
3.27211
3.24869
3.17472
3.04884
2.93635
2.84392
2.74685
2.66214
2.5842
2.51997
2.44056
2.37122
2.31684
2.267
2.22711
2.16279
2.12346
2.10931
2.07996
2.08256
2.08406
2.10321
2.16388
2.24471
2.40259
2.59284
3.01725
3.38489
3.45428
3.43459
3.37085
3.35929
3.36364
3.39345
3.39803
3.39141
3.37687
3.35983
3.34312
3.32665
3.30781
3.28524
3.25484
3.22958
3.2084
3.18831
3.16772
3.1455
3.12167
3.0971
3.06919
3.0431
3.01974
2.99794
2.97683
2.95632
2.93596
2.91555
2.8949
2.87389
2.85246
2.83043
2.80779
2.78563
2.7639
2.74231
2.72064
2.69793
2.66986
2.63168
4.633
4.39411
4.14652
3.89763
3.67653
3.50118
3.36988
3.26054
3.15475
3.04468
2.93473
2.81595
2.70813
2.6001
2.48202
2.39997
2.35683
2.31802
2.26519
2.2121
2.16852
2.08573
2.03231
2.02099
2.03297
2.10483
2.34538
2.75283
3.39209
3.48165
3.4832
3.42999
3.34893
3.24385
3.14275
3.03213
2.92486
2.82757
2.73642
2.64926
2.57113
2.50461
2.44433
2.37409
2.30993
2.26633
2.2321
2.19628
2.13151
2.09345
2.07916
2.09327
2.10047
2.11431
2.1832
2.308
2.48559
2.68136
3.16159
3.46209
3.4615
3.40025
3.35088
3.34924
3.36859
3.37499
3.37237
3.36566
3.35222
3.32715
3.30483
3.28422
3.2628
3.24091
3.21894
3.19697
3.17658
3.15624
3.13547
3.11515
3.08887
3.06196
3.03836
3.01637
2.99498
2.97443
2.95455
2.93504
2.91533
2.89492
2.87387
2.85104
2.82793
2.8054
2.78316
2.76102
2.73867
2.7152
2.68629
2.64623
4.66728
4.44091
4.2145
3.96786
3.75512
3.57469
3.43365
3.3159
3.20711
3.09497
2.98377
2.8786
2.75785
2.66773
2.55105
2.46159
2.39984
2.35189
2.30984
2.26566
2.20991
2.1349
2.0907
2.09021
2.1423
2.34134
2.63521
3.30314
3.62005
3.62845
3.59119
3.53805
3.46998
3.38839
3.29389
3.18322
3.07576
2.96976
2.87336
2.78234
2.70027
2.62633
2.55552
2.48462
2.42649
2.38176
2.3361
2.27792
2.23757
2.18481
2.14738
2.12159
2.08611
2.0931
2.10889
2.13018
2.20295
2.34563
2.55557
2.84865
3.27581
3.44749
3.46089
3.35753
3.31323
3.31886
3.33944
3.34052
3.33047
3.31398
3.29796
3.27358
3.25251
3.23133
3.21172
3.19187
3.17195
3.15049
3.12931
3.1088
3.08567
3.06184
3.04053
3.02047
3.00068
2.98119
2.96187
2.94243
2.92246
2.90164
2.88006
2.85641
2.83314
2.81044
2.78788
2.76541
2.74265
2.71878
2.68982
2.64867
4.69992
4.49093
4.27431
4.03988
3.81587
3.64774
3.50445
3.37974
3.27046
3.16211
3.0512
2.94497
2.83661
2.72482
2.60991
2.52321
2.43786
2.39239
2.34793
2.29645
2.23116
2.18521
2.1753
2.20235
2.35662
2.58748
3.27784
3.69044
3.69502
3.68239
3.65468
3.61308
3.55513
3.48347
3.3978
3.30302
3.20318
3.10051
3.00317
2.90951
2.82327
2.74969
2.67275
2.60317
2.54865
2.48173
2.42076
2.37782
2.33394
2.29291
2.25626
2.20135
2.14384
2.11576
2.08587
2.08608
2.09634
2.13466
2.22061
2.39772
2.58321
3.07269
3.4189
3.44075
3.39708
3.31902
3.28424
3.29396
3.29803
3.29597
3.2857
3.26883
3.24048
3.21965
3.20512
3.19052
3.17378
3.15427
3.1337
3.11003
3.08693
3.06574
3.04549
3.02545
3.00535
2.98534
2.96546
2.94552
2.92503
2.90365
2.88129
2.85624
2.83193
2.8086
2.78577
2.76321
2.74042
2.71644
2.68749
2.64485
4.70716
4.53577
4.32469
4.11308
3.88845
3.70297
3.57856
3.44884
3.33285
3.22762
3.12079
3.0105
2.9058
2.79065
2.66759
2.5718
2.48724
2.43039
2.37376
2.31349
2.26338
2.25229
2.27763
2.40248
2.59944
3.27439
3.72551
3.73131
3.72696
3.71378
3.69132
3.65754
3.61167
3.55121
3.48001
3.39831
3.30952
3.21715
3.12345
3.03333
2.95189
2.86953
2.7892
2.7262
2.65835
2.5834
2.53581
2.4826
2.43082
2.37606
2.31231
2.2606
2.22088
2.18379
2.13695
2.10744
2.06057
2.06289
2.08931
2.15128
2.28053
2.46778
2.67832
3.14715
3.41485
3.41986
3.34117
3.26259
3.25504
3.26059
3.26172
3.25672
3.24225
3.21886
3.19504
3.18142
3.16869
3.15434
3.13708
3.11803
3.09222
3.06897
3.04838
3.02813
3.00794
2.9879
2.96796
2.94779
2.92678
2.90459
2.88112
2.85608
2.83146
2.80745
2.7841
2.76106
2.73778
2.71334
2.68423
2.64043
4.71743
4.57366
4.37861
4.17707
3.96596
3.76239
3.63174
3.51626
3.39481
3.28732
3.1879
3.08744
2.98279
2.86387
2.73867
2.62189
2.54449
2.48851
2.39058
2.34428
2.32914
2.34336
2.4464
2.64346
3.28287
3.74921
3.76536
3.76286
3.75117
3.73449
3.71683
3.69357
3.66002
3.61338
3.55319
3.48345
3.40567
3.32508
3.23837
3.15414
3.06886
2.98257
2.90757
2.84141
2.75519
2.69861
2.63745
2.56492
2.50482
2.43998
2.38394
2.33634
2.28832
2.23635
2.19676
2.14175
2.09424
2.05819
2.06383
2.06606
2.08699
2.16386
2.31151
2.50532
2.89289
3.2952
3.3951
3.39197
3.27991
3.22101
3.2159
3.22358
3.2231
3.21232
3.19453
3.17517
3.16153
3.14829
3.13391
3.1172
3.09831
3.07319
3.05001
3.02957
3.00939
2.98905
2.96856
2.94758
2.92574
2.90315
2.87968
2.8544
2.82932
2.80462
2.7809
2.75773
2.73438
2.70986
2.68089
2.63554
4.69372
4.60541
4.45186
4.2516
4.05435
3.83961
3.67965
3.57841
3.45481
3.33758
3.24017
3.14643
3.05398
2.94907
2.81746
2.69458
2.61716
2.50851
2.43811
2.40403
2.41478
2.49807
2.72494
3.25736
3.83981
3.85535
3.85541
3.82502
3.79109
3.77246
3.75592
3.73727
3.71032
3.67377
3.62409
3.56405
3.49472
3.41914
3.33648
3.25629
3.17186
3.09434
3.01682
2.92499
2.85702
2.789
2.70798
2.63849
2.57526
2.51616
2.46
2.39598
2.34084
2.29755
2.25287
2.2106
2.18014
2.12627
2.08625
2.0468
2.0345
2.04082
2.08553
2.18922
2.37868
2.57977
3.07514
3.37387
3.3767
3.33439
3.23514
3.18217
3.18784
3.18624
3.18271
3.17805
3.16934
3.15747
3.13817
3.11657
3.09561
3.07424
3.05098
3.02939
3.00818
2.98704
2.96638
2.946
2.92464
2.90217
2.87868
2.8531
2.82618
2.80081
2.77665
2.75321
2.72959
2.70493
2.67614
2.62984
4.70412
4.60497
4.478
4.30357
4.14209
3.93825
3.7393
3.63033
3.51722
3.38635
3.29008
3.20198
3.11163
3.00999
2.88782
2.77906
2.67882
2.56023
2.51332
2.50455
2.56248
2.80225
3.23316
3.92197
3.97913
3.9754
3.94034
3.88133
3.84849
3.82747
3.80718
3.78604
3.76113
3.72948
3.68935
3.63735
3.57532
3.50373
3.42776
3.34679
3.26535
3.18516
3.09244
3.01019
2.93952
2.85323
2.78177
2.71695
2.64585
2.58015
2.51304
2.45618
2.40229
2.35379
2.31117
2.27727
2.23882
2.19438
2.14554
2.08354
2.04447
2.00741
2.01379
2.04314
2.11305
2.23967
2.44397
2.72252
3.16176
3.34556
3.35687
3.24278
3.16616
3.15262
3.14991
3.15852
3.1612
3.15507
3.14058
3.12017
3.09614
3.07189
3.04889
3.02785
3.00676
2.98485
2.96269
2.94167
2.92099
2.89968
2.87724
2.85337
2.82591
2.7987
2.77287
2.74882
2.72489
2.69971
2.67058
2.6233
4.60035
4.62978
4.51365
4.35117
4.18627
4.02929
3.81355
3.66666
3.57449
3.43989
3.31416
3.23911
3.16416
3.07482
2.94815
2.82773
2.72082
2.64101
2.62617
2.66533
2.86995
3.20769
3.95102
4.14499
4.15289
4.06475
3.98698
3.94579
3.91079
3.88
3.85281
3.82741
3.80196
3.77305
3.73781
3.69308
3.63955
3.57576
3.50547
3.42753
3.34975
3.25692
3.17868
3.10351
3.01508
2.93812
2.86698
2.79946
2.72587
2.65983
2.59354
2.538
2.48445
2.43265
2.38646
2.34127
2.29416
2.24886
2.19603
2.1462
2.09776
2.04328
2.00074
2.00153
2.00839
2.04154
2.12428
2.28554
2.46453
2.95402
3.2909
3.29866
3.26866
3.17919
3.129
3.12596
3.13203
3.13494
3.13108
3.11695
3.09753
3.06467
3.03831
3.01938
3.00074
2.98054
2.95946
2.93874
2.91767
2.89583
2.87347
2.85066
2.82466
2.79482
2.76698
2.7416
2.71739
2.69199
2.66242
2.61414
4.51232
4.5874
4.52573
4.38928
4.22858
4.09195
3.8969
3.70991
3.61456
3.49178
3.35777
3.26982
3.19396
3.12071
3.01286
2.86701
2.77527
2.75108
2.77919
2.9599
3.24382
4.0194
4.30207
4.31246
4.21563
4.12815
4.07903
4.0351
3.98699
3.94359
3.90657
3.87319
3.84099
3.80838
3.77285
3.7319
3.68361
3.62737
3.5627
3.49265
3.41731
3.33914
3.26011
3.17583
3.09636
3.01889
2.94409
2.86857
2.79859
2.72493
2.65961
2.59417
2.53837
2.48946
2.43873
2.38815
2.34218
2.29528
2.24714
2.18652
2.13308
2.08988
2.05284
2.01997
1.98551
1.99184
2.01344
2.07003
2.1856
2.37125
2.5846
3.04188
3.2844
3.2798
3.23146
3.1592
3.11276
3.108
3.10676
3.103
3.09137
3.07672
3.04611
3.01803
2.99816
2.97822
2.95568
2.93705
2.91947
2.89941
2.87664
2.85218
2.8207
2.78881
2.76052
2.73355
2.70879
2.68356
2.654
2.6047
3.9289
4.47507
4.55352
4.44429
4.28665
4.13744
3.9768
3.7679
3.63615
3.54098
3.417
3.30586
3.23451
3.1787
3.04898
2.93892
2.88035
2.89923
3.05197
3.30993
4.11205
4.47696
4.49089
4.3624
4.26673
4.21119
4.15887
4.10544
4.04673
3.99216
3.9456
3.90418
3.86743
3.83202
3.79631
3.75785
3.71428
3.66414
3.60701
3.5436
3.47437
3.40069
3.32259
3.24514
3.16727
3.08879
3.01129
2.93424
2.85965
2.7837
2.71648
2.65331
2.59298
2.53877
2.48715
2.43777
2.38813
2.33803
2.28766
2.23371
2.18561
2.14263
2.10509
2.07476
2.02475
1.99971
1.99691
2.00491
2.03647
2.10334
2.23524
2.44631
2.76229
3.1348
3.24894
3.24883
3.18312
3.11513
3.07754
3.07659
3.07929
3.07259
3.05797
3.02978
3.00009
2.97657
2.95635
2.93784
2.92083
2.90015
2.87559
2.84965
2.81892
2.78424
2.7544
2.7266
2.70097
2.67584
2.64623
2.59563
2.9352
4.28162
4.39942
4.38055
4.27556
4.13306
4.02143
3.83746
3.66412
3.58447
3.47892
3.35502
3.27669
3.21038
3.10058
3.03417
3.03677
3.16566
3.38679
4.19255
4.6611
4.67966
4.52603
4.4092
4.34472
4.28544
4.22631
4.16896
4.11038
4.05099
3.99609
3.9473
3.90351
3.86318
3.8232
3.7823
3.73869
3.69113
3.63871
3.58103
3.51855
3.45122
3.38072
3.30742
3.23172
3.15547
3.07902
3.00326
2.927
2.85309
2.78158
2.71728
2.65541
2.59768
2.54341
2.49187
2.44041
2.38915
2.33215
2.28174
2.23613
2.18742
2.14409
2.11067
2.08393
2.04217
2.00745
1.99324
1.99852
2.00474
2.04118
2.13709
2.30912
2.48014
2.92814
3.20394
3.21805
3.19463
3.13613
3.08217
3.05197
3.04876
3.03904
3.02221
3.00096
2.97338
2.95105
2.93193
2.91337
2.8943
2.87178
2.84676
2.81938
2.78053
2.74789
2.71968
2.69259
2.66691
2.63701
2.58571
1.90755
3.40767
4.3562
4.38151
4.29828
4.15672
4.04949
3.91446
3.72211
3.62808
3.55021
3.4144
3.32336
3.23226
3.1959
3.18903
3.30576
3.53684
4.29387
4.84748
4.86737
4.69525
4.55994
4.48957
4.42453
4.36029
4.29604
4.23377
4.1728
4.10871
4.04625
3.98872
3.93657
3.8892
3.84482
3.80093
3.75633
3.7098
3.66027
3.60724
3.55002
3.48875
3.42373
3.35501
3.28446
3.21168
3.13799
3.06201
2.98653
2.9115
2.83854
2.77301
2.71414
2.65764
2.60606
2.55544
2.50471
2.45246
2.39721
2.33422
2.27877
2.23893
2.20315
2.16607
2.12986
2.08802
2.05666
2.02706
2.01037
1.97769
1.98341
2.0075
2.05922
2.19115
2.38478
2.62958
3.02684
3.21241
3.21048
3.17778
3.08805
3.03456
3.02362
3.01293
2.99791
2.98019
2.95629
2.9299
2.90761
2.88763
2.86635
2.84149
2.81448
2.77529
2.74008
2.71131
2.68272
2.65563
2.62548
2.57382
1.49791
2.46116
3.8669
4.32758
4.3749
4.25309
4.1153
4.00363
3.82904
3.69251
3.6174
3.47259
3.35953
3.32298
3.33567
3.45683
3.70813
4.46054
5.06612
5.08074
4.90564
4.75388
4.67072
4.59777
4.52553
4.45249
4.38081
4.31086
4.24268
4.17392
4.10609
4.04162
3.98181
3.92552
3.87376
3.82421
3.77535
3.72623
3.67601
3.62423
3.57042
3.51428
3.45506
3.39317
3.32806
3.26099
3.19116
3.11996
3.04595
2.97219
2.90076
2.83503
2.7741
2.71668
2.66303
2.60889
2.55559
2.50105
2.44674
2.37705
2.31856
2.27541
2.2404
2.20675
2.16869
2.1333
2.10242
2.07106
2.04072
1.99859
1.98344
1.96776
1.97757
2.01012
2.08842
2.23254
2.37565
2.83209
3.14099
3.16748
3.15093
3.08104
3.02146
2.97909
2.9725
2.96025
2.9438
2.92403
2.9042
2.8834
2.8572
2.8245
2.79495
2.76532
2.73287
2.70352
2.6741
2.64382
2.61028
2.55973
1.47932
1.69727
2.91243
4.14673
4.28385
4.27933
4.18173
4.07569
3.93635
3.79022
3.60898
3.51484
3.44925
3.45882
3.59278
3.88309
4.63395
5.29666
5.30345
5.13818
4.95286
4.85151
4.76578
4.68416
4.6046
4.52769
4.45083
4.37568
4.30073
4.22746
4.15484
4.08534
4.01855
3.95498
3.89582
3.84034
3.7875
3.73619
3.68554
3.63486
3.58368
3.53131
3.47732
3.42114
3.36263
3.30158
3.23726
3.17063
3.09861
3.02685
2.95665
2.88837
2.827
2.77037
2.71463
2.66082
2.60628
2.55085
2.49389
2.43222
2.37418
2.3285
2.29078
2.25769
2.22424
2.19111
2.15512
2.11601
2.0819
2.05384
2.02369
1.98633
1.96666
1.94326
1.94709
1.98951
2.10195
2.29767
2.54228
2.94108
3.11557
3.11959
3.08976
3.01842
2.9581
2.92421
2.90911
2.89484
2.8807
2.86149
2.83826
2.80656
2.77429
2.74545
2.71536
2.6862
2.65653
2.62592
2.59256
2.54404
1.37819
1.49877
1.92118
3.30684
4.24785
4.29266
4.24305
4.14641
4.03971
3.85991
3.67178
3.58354
3.58587
3.72206
4.03256
4.84362
5.54839
5.54219
5.38862
5.16799
5.05009
4.95548
4.86498
4.77494
4.68859
4.60583
4.52316
4.44109
4.36101
4.28336
4.2082
4.13561
4.06512
3.99634
3.93212
3.87175
3.81432
3.7583
3.70503
3.65421
3.6039
3.55343
3.50212
3.44975
3.39545
3.33857
3.27859
3.21597
3.14944
3.08177
3.0155
2.95195
2.89115
2.83406
2.77716
2.72126
2.66494
2.60654
2.54687
2.48692
2.42597
2.37762
2.33732
2.29863
2.26213
2.22372
2.18687
2.14816
2.11539
2.08074
2.04444
2.01424
1.96254
1.93933
1.89973
1.90173
1.94468
2.01251
2.16107
2.32582
2.69374
2.96961
3.02277
3.02241
2.98905
2.91086
2.85378
2.83844
2.82431
2.81161
2.79849
2.77832
2.75007
2.7222
2.68793
2.65774
2.62961
2.60105
2.56965
2.52342
1.39634
1.42232
1.4859
2.40097
3.6931
4.1962
4.26742
4.19398
4.10486
3.90504
3.79097
3.759
3.87588
4.18276
5.03719
5.79588
5.77057
5.6196
5.37203
5.23526
5.14051
5.04816
4.95223
4.85252
4.76041
4.6737
4.58797
4.50261
4.41917
4.3382
4.25977
4.18394
4.11087
4.03864
3.97093
3.9071
3.84606
3.78727
3.72929
3.67616
3.6262
3.57667
3.52686
3.47657
3.42496
3.37112
3.31429
3.25461
3.19155
3.12807
3.06497
3.00252
2.94097
2.88051
2.8217
2.76256
2.70234
2.64221
2.57835
2.5199
2.46418
2.41346
2.36873
2.32971
2.29038
2.25392
2.21774
2.18414
2.14977
2.11478
2.08095
2.04545
2.01375
1.97104
1.91619
1.87638
1.8714
1.87714
1.90018
1.98417
2.13444
2.33019
2.69811
2.91288
2.93975
2.93319
2.84671
2.78416
2.75015
2.74469
2.73397
2.71853
2.70051
2.68155
2.66067
2.62267
2.59286
2.56361
2.53141
2.48897
1.40808
1.38417
1.49395
1.66444
2.75276
3.90855
4.14906
4.15218
4.06479
3.96029
3.95765
4.11091
4.43266
5.34173
6.14205
6.10803
5.91002
5.63183
5.48221
5.38617
5.29219
5.19296
5.07961
4.97134
4.86962
4.77135
4.67562
4.58339
4.49555
4.41202
4.33155
4.25325
4.17628
4.10024
4.02695
3.95772
3.89128
3.82734
3.76282
3.70282
3.64995
3.59956
3.54908
3.49838
3.44657
3.39257
3.33652
3.27755
3.21806
3.15881
3.09942
3.04074
2.98145
2.92283
2.86371
2.8042
2.74345
2.68207
2.6193
2.5587
2.50311
2.4535
2.40871
2.36536
2.32316
2.28144
2.24146
2.20217
2.1648
2.12749
2.08923
2.0523
2.01451
1.97356
1.92397
1.86748
1.82932
1.81234
1.7782
1.77778
1.82604
1.94228
2.07163
2.42394
2.69532
2.78364
2.79786
2.7776
2.71107
2.66483
2.64649
2.63427
2.62388
2.61446
2.60503
2.57596
2.53602
2.5077
2.48345
2.44541
1.40635
1.4317
1.31147
1.40003
1.76351
2.99529
4.02688
4.13715
4.08222
4.08224
4.29849
4.64321
5.72175
6.49035
6.44757
6.17787
5.88161
5.7272
5.62559
5.52457
5.42001
5.3018
5.18639
5.07755
4.97116
4.86691
4.76587
4.6695
4.57802
4.48919
4.40261
4.31761
4.23412
4.15245
4.07365
3.99867
3.9264
3.85636
3.78651
3.71753
3.65852
3.60527
3.55334
3.50155
3.44889
3.39535
3.33752
3.27974
3.22423
3.16919
3.11384
3.05793
3.00151
2.94379
2.88522
2.82494
2.76247
2.69864
2.63444
2.57226
2.51693
2.46568
2.41874
2.37311
2.32744
2.28113
2.23911
2.19774
2.15755
2.11732
2.07635
2.03606
1.99516
1.95313
1.90383
1.85321
1.80498
1.75331
1.71682
1.67851
1.68613
1.7154
1.78245
1.91736
2.08341
2.3604
2.57327
2.60918
2.61645
2.58952
2.54991
2.52833
2.52222
2.51953
2.51704
2.50547
2.4656
2.44235
2.426
2.38923
1.40816
1.40887
1.39842
1.418
1.52982
2.13727
3.38584
3.97996
4.11898
4.44255
4.89639
6.21576
6.81436
6.76036
6.44047
6.12261
5.96437
5.8679
5.77088
5.66363
5.54909
5.42571
5.30803
5.19087
5.07435
4.96183
4.85401
4.75079
4.65279
4.55668
4.46382
4.37199
4.28208
4.19459
4.1105
4.03003
3.95281
3.87706
3.80445
3.72736
3.66069
3.6031
3.54832
3.49387
3.43921
3.38234
3.32131
3.26319
3.2084
3.1547
3.10046
3.04563
2.9896
2.93201
2.87282
2.81299
2.74745
2.68487
2.62205
2.56341
2.5073
2.45497
2.40359
2.35438
2.30304
2.25378
2.20523
2.15969
2.1139
2.06873
2.02502
1.98294
1.94098
1.89776
1.85408
1.80548
1.75958
1.71945
1.67253
1.63343
1.60402
1.59714
1.60641
1.64184
1.72878
1.82671
2.10254
2.33657
2.43285
2.45912
2.46148
2.43913
2.41458
2.39862
2.38952
2.37924
2.36126
2.3483
2.34056
2.30951
1.40842
1.40864
1.4079
1.39034
1.43326
1.53422
2.35844
3.45561
4.24008
5.13786
6.78202
7.16583
7.0951
6.70276
6.40075
6.23496
6.11589
6.00073
5.88242
5.76205
5.6444
5.53161
5.41699
5.29826
5.17353
5.05288
4.93815
4.82827
4.72269
4.61988
4.51713
4.4168
4.31648
4.21889
4.12451
4.03439
3.94729
3.86207
3.78052
3.69401
3.61521
3.54912
3.48717
3.42581
3.36507
3.30093
3.23265
3.17148
3.11611
3.06179
3.00751
2.95254
2.89644
2.83869
2.78018
2.71829
2.65618
2.59569
2.53625
2.4797
2.42661
2.37424
2.32326
2.27336
2.22465
2.17804
2.13301
2.08944
2.04727
2.00608
1.96763
1.92932
1.89132
1.85258
1.81276
1.76911
1.72333
1.68295
1.64425
1.61078
1.56292
1.53098
1.53203
1.52848
1.54033
1.60362
1.7246
1.86535
2.12682
2.30704
2.33468
2.34196
2.33497
2.29596
2.26085
2.23859
2.22941
2.2204
2.21151
2.20697
1.40843
1.40847
1.40775
1.40944
1.38587
1.49365
1.72271
2.56841
4.22499
6.82028
7.05495
7.01801
6.56001
6.26192
6.16744
6.12279
6.06381
5.98151
5.87343
5.75762
5.63794
5.52066
5.40203
5.27782
5.14945
5.02298
4.89997
4.77974
4.66397
4.54919
4.43707
4.32723
4.2216
4.1166
4.01338
3.91391
3.81728
3.72126
3.62876
3.5325
3.44519
3.37058
3.30209
3.23591
3.17121
3.1066
3.03744
2.97844
2.92823
2.87977
2.83218
2.78472
2.7366
2.68763
2.63749
2.58579
2.53543
2.4862
2.43762
2.39105
2.34588
2.3016
2.25772
2.21397
2.17183
2.13114
2.09099
2.05115
2.01128
1.97374
1.93725
1.90103
1.86502
1.82823
1.7904
1.75055
1.70869
1.67063
1.63272
1.59917
1.5723
1.54059
1.51398
1.48732
1.47413
1.48222
1.52363
1.62125
1.75256
1.99044
2.16667
2.23117
2.23778
2.22986
2.19215
2.16232
2.14875
2.12353
2.11646
2.13583
1.40845
1.40843
1.40919
1.40227
1.4074
1.38006
1.70982
2.19407
5.18946
6.38682
6.45444
6.00783
5.69404
5.65484
5.62011
5.597
5.5681
5.52283
5.46461
5.38833
5.29403
5.19513
5.09511
4.9889
4.87411
4.75341
4.63047
4.50624
4.38293
4.26365
4.14952
4.04078
3.93724
3.83721
3.74056
3.64884
3.56038
3.47402
3.39071
3.30566
3.22839
3.16268
3.10359
3.04676
2.99101
2.93625
2.87618
2.82624
2.78549
2.74697
2.70908
2.6709
2.63177
2.59189
2.54989
2.50798
2.46772
2.42712
2.38592
2.34635
2.3097
2.27204
2.23335
2.19271
2.15336
2.11586
2.07802
2.03943
2.00134
1.96429
1.92786
1.89291
1.85707
1.82273
1.78818
1.75331
1.71597
1.6787
1.6432
1.61095
1.58061
1.54975
1.52389
1.48573
1.45693
1.45173
1.45184
1.48448
1.5591
1.65751
1.8367
2.02477
2.13799
2.1463
2.13749
2.11411
2.08448
2.06039
2.06615
2.1087
1.40845
1.40844
1.40831
1.40758
1.39776
1.428
1.81541
2.63365
6.48595
6.34585
5.81695
5.61526
5.61002
5.60569
5.56518
5.50137
5.39599
5.3058
5.21335
5.11318
5.00602
4.89569
4.78433
4.67433
4.56466
4.4529
4.34138
4.23366
4.12896
4.02693
3.92846
3.83455
3.74533
3.6597
3.57669
3.49792
3.42212
3.34776
3.27581
3.20443
3.13944
3.08197
3.02886
2.97743
2.92643
2.8765
2.82118
2.77542
2.73798
2.70331
2.6688
2.63415
2.59845
2.56228
2.52551
2.49003
2.45616
2.42175
2.38529
2.35223
2.31931
2.28436
2.24824
2.21087
2.17323
2.13582
2.09788
2.05997
2.02171
1.98344
1.94596
1.90913
1.87298
1.83724
1.80081
1.76405
1.72543
1.68859
1.65253
1.62042
1.58912
1.55987
1.53162
1.49955
1.47324
1.44573
1.43055
1.43201
1.45656
1.50554
1.56557
1.7221
1.94606
2.06747
2.07362
2.07595
2.05142
2.04952
2.05674
2.16426
1.40845
1.40844
1.40832
1.40763
1.3976
1.42069
1.77166
2.64494
6.92965
6.31707
6.21094
6.09941
5.97508
5.80662
5.6563
5.53823
5.43708
5.34281
5.24687
5.14401
5.04057
4.93813
4.83304
4.71566
4.59774
4.48176
4.36701
4.25524
4.14988
4.04971
3.95386
3.86035
3.768
3.67677
3.58891
3.50598
3.42742
3.35182
3.27936
3.21059
3.14727
3.08898
3.03426
2.98135
2.92951
2.87741
2.82275
2.77709
2.73933
2.70423
2.67065
2.63738
2.6033
2.56926
2.53641
2.50495
2.47413
2.44179
2.40943
2.37836
2.34533
2.3115
2.27737
2.24159
2.20445
2.166
2.12763
2.08877
2.04975
2.01075
1.97207
1.9343
1.89721
1.86047
1.8242
1.78738
1.7511
1.71416
1.68
1.64723
1.61594
1.58509
1.55576
1.52743
1.49836
1.47419
1.43666
1.4213
1.42802
1.43555
1.47561
1.55343
1.68732
1.89326
2.04442
2.03499
2.05438
2.05769
2.09549
2.3695
1.40845
1.40845
1.40827
1.40774
1.39732
1.42374
1.78159
2.69278
7.01826
6.22777
6.10307
6.0537
5.99081
5.91851
5.83915
5.74454
5.63626
5.52293
5.40741
5.29019
5.17191
5.05228
4.93095
4.80924
4.68908
4.57075
4.45536
4.34376
4.23552
4.13166
4.02966
3.93015
3.83323
3.7404
3.65277
3.57054
3.4932
3.41971
3.34987
3.28201
3.21714
3.15673
3.0993
3.04377
2.98949
2.93597
2.88094
2.8343
2.79438
2.75781
2.72246
2.68787
2.65233
2.6195
2.58855
2.55887
2.52899
2.49792
2.46658
2.43484
2.40184
2.36824
2.33285
2.29557
2.25672
2.21709
2.17671
2.13576
2.09424
2.05284
2.01179
1.97201
1.93266
1.89437
1.85575
1.81742
1.77782
1.73945
1.70319
1.66852
1.63491
1.60244
1.57135
1.5424
1.51369
1.48745
1.46418
1.42973
1.4046
1.40729
1.41191
1.44394
1.51695
1.63677
1.86293
1.98045
2.05401
2.14914
2.26779
2.69431
1.40845
1.40845
1.40827
1.40777
1.39749
1.42214
1.77538
2.67096
7.08377
6.14101
6.10086
6.09754
6.04993
5.97757
5.87192
5.77141
5.67325
5.57515
5.4732
5.36741
5.25933
5.14765
5.02789
4.90524
4.78503
4.66822
4.55399
4.44096
4.32868
4.21837
4.11138
4.00779
3.90884
3.81488
3.72631
3.64232
3.5627
3.4856
3.41075
3.33829
3.26968
3.20541
3.14477
3.08622
3.0298
2.9743
2.91779
2.86895
2.82696
2.78827
2.75092
2.71475
2.6794
2.64727
2.61741
2.5885
2.55927
2.52886
2.49783
2.46574
2.43211
2.39734
2.361
2.32284
2.28306
2.24204
2.20025
2.15778
2.11503
2.07217
2.02979
1.98813
1.9478
1.90802
1.86843
1.8294
1.78927
1.75053
1.71308
1.67902
1.64437
1.61239
1.58019
1.55207
1.52287
1.49655
1.46973
1.4486
1.40473
1.38164
1.38427
1.38658
1.4127
1.48392
1.63571
1.86226
2.07387
2.27008
2.65825
2.95076
1.40845
1.40845
1.40827
1.40776
1.39742
1.42266
1.77781
2.68358
7.11009
6.13233
6.06918
6.06381
6.02166
5.95803
5.8718
5.783
5.69025
5.59386
5.49275
5.38784
5.27891
5.16486
5.04408
4.92261
4.80395
4.68812
4.57347
4.45876
4.34452
4.23315
4.12553
4.02232
3.92392
3.83024
3.74067
3.65571
3.57465
3.49681
3.42117
3.3493
3.28078
3.21631
3.15529
3.09633
3.03912
2.98243
2.92546
2.87622
2.83363
2.79465
2.757
2.72088
2.68573
2.65408
2.6248
2.59618
2.567
2.5368
2.50588
2.4738
2.44036
2.40573
2.36949
2.33134
2.29139
2.25017
2.20816
2.16537
2.12215
2.0785
2.03538
1.99308
1.95258
1.91219
1.87274
1.8325
1.79296
1.75318
1.71657
1.68059
1.64664
1.61296
1.58193
1.5523
1.52528
1.4976
1.47149
1.44522
1.42403
1.37989
1.35573
1.35752
1.35744
1.42337
1.57117
1.81611
2.05887
2.56189
2.93656
2.93168
)
;

boundaryField
{
    inlet
    {
        type            calculated;
        value           uniform 1.40845;
    }
    outlet
    {
        type            calculated;
        value           nonuniform List<scalar> 
40
(
1.84501
2.0109
2.21167
2.35328
2.45385
2.52484
2.56968
2.59339
2.60295
2.60775
2.61276
2.62029
2.63168
2.64623
2.64867
2.64485
2.64043
2.63554
2.62984
2.6233
2.61414
2.6047
2.59563
2.58571
2.57382
2.55973
2.54404
2.52342
2.48897
2.44541
2.38923
2.30951
2.20697
2.13583
2.1087
2.16426
2.3695
2.69431
2.95076
2.93168
)
;
    }
    bottom
    {
        type            symmetryPlane;
    }
    top
    {
        type            symmetryPlane;
    }
    obstacle
    {
        type            calculated;
        value           nonuniform List<scalar> 
110
(
6.67595
6.67792
6.66491
6.64284
6.61002
6.55543
6.49869
6.40023
6.26399
6.03694
1.7934
1.80881
1.95298
1.68559
1.82669
1.79633
1.67124
1.44853
1.38686
1.36898
1.37706
1.38433
1.38428
1.36405
1.29708
1.24308
1.21586
1.21089
1.21641
1.21995
1.22188
1.22193
1.21858
1.2154
1.20728
1.20204
1.19757
1.19594
1.19505
1.19739
1.20362
1.22464
1.24681
1.29002
1.35803
1.4149
1.47458
1.53923
1.62599
1.69191
1.75905
1.84706
1.92468
1.99836
2.08051
2.14366
2.196
2.25114
2.29674
2.32992
2.35658
2.38951
2.41015
2.42827
2.44157
2.44976
2.4554
2.45819
2.45641
2.45169
2.44488
2.43604
2.42524
2.41301
2.39905
2.38435
2.36926
2.35364
2.33701
2.31997
2.30254
2.28481
2.26678
2.24823
2.22982
2.21131
2.19325
2.17516
2.15756
2.13994
2.12268
2.10524
2.08821
2.07111
2.05456
2.03809
2.02223
2.00653
1.99155
1.9768
1.96301
1.94952
1.93716
1.92467
1.91269
1.90047
1.88836
1.87782
1.86005
1.84501
)
;
    }
    defaultFaces
    {
        type            empty;
    }
}


// ************************************************************************* //
