/*--------------------------------*- C++ -*----------------------------------*\
| =========                 |                                                 |
| \\      /  F ield         | OpenFOAM: The Open Source CFD Toolbox           |
|  \\    /   O peration     | Version:  v2106                                 |
|   \\  /    A nd           | Website:  www.openfoam.com                      |
|    \\/     M anipulation  |                                                 |
\*---------------------------------------------------------------------------*/
FoamFile
{
    version     2.0;
    format      ascii;
    arch        "LSB;label=32;scalar=64";
    class       volScalarField;
    location    "8";
    object      Mo;
}
// * * * * * * * * * * * * * * * * * * * * * * * * * * * * * * * * * * * * * //

dimensions      [0 0 0 0 0 0 0];

internalField   nonuniform List<scalar> 
5250
(
3.01265
3.01265
3.01265
3.01265
3.01265
3.01265
3.01265
3.01265
3.01264
3.01253
3.01153
3.00305
2.93495
2.67883
1.91255
0.737187
0.178922
0.359964
0.28979
0.244785
0.21294
0.169073
0.127491
0.0808728
0.0378749
3.01265
3.01265
3.01265
3.01265
3.01265
3.01265
3.01265
3.01265
3.01264
3.01253
3.01156
3.00337
2.93671
2.6852
1.92517
0.754887
0.176702
0.361404
0.290275
0.244534
0.213653
0.172231
0.134686
0.0952307
0.0694732
3.01265
3.01265
3.01265
3.01265
3.01265
3.01265
3.01265
3.01265
3.01264
3.01254
3.01162
3.0041
2.94078
2.70014
1.9568
0.805687
0.181808
0.368325
0.296826
0.250138
0.221228
0.182542
0.152563
0.123549
0.109748
3.01265
3.01265
3.01265
3.01265
3.01265
3.01265
3.01265
3.01265
3.01264
3.01255
3.01167
3.00508
2.94646
2.72155
2.00129
0.877753
0.19795
0.380117
0.312119
0.264126
0.236924
0.20224
0.177654
0.159291
0.151069
3.01265
3.01265
3.01265
3.01265
3.01265
3.01265
3.01265
3.01265
3.01264
3.01257
3.0118
3.00625
2.95366
2.7484
2.06025
0.98024
0.227177
0.396485
0.335874
0.284353
0.259766
0.227531
0.209277
0.197633
0.195952
3.01265
3.01265
3.01265
3.01265
3.01265
3.01265
3.01265
3.01265
3.01264
3.01259
3.01205
3.00756
2.96201
2.77981
2.13028
1.1209
0.275893
0.420385
0.369978
0.313101
0.289038
0.258926
0.24948
0.242315
0.244186
3.01265
3.01265
3.01265
3.01265
3.01265
3.01265
3.01265
3.01265
3.01264
3.0126
3.01215
3.00861
2.96923
2.80755
2.2074
1.22829
0.348463
0.453543
0.413373
0.358586
0.327472
0.300695
0.294594
0.290572
0.300583
3.01265
3.01265
3.01265
3.01265
3.01265
3.01265
3.01265
3.01265
3.01264
3.01262
3.01214
3.0096
2.97599
2.83351
2.28805
1.30218
0.415831
0.485672
0.457509
0.411446
0.37424
0.349793
0.348166
0.351206
0.372737
3.01265
3.01265
3.01265
3.01265
3.01265
3.01265
3.01265
3.01265
3.01264
3.01263
3.01224
3.01031
2.98306
2.86019
2.3737
1.39259
0.478123
0.508212
0.494833
0.467091
0.434523
0.408384
0.412931
0.41679
0.469384
3.01265
3.01265
3.01265
3.01265
3.01265
3.01265
3.01265
3.01265
3.01264
3.01264
3.0123
3.01096
2.98863
2.88732
2.46052
1.49929
0.55797
0.508127
0.524501
0.517489
0.497743
0.475752
0.487223
0.512787
0.642447
3.01265
3.01265
3.01265
3.01265
3.01265
3.01265
3.01265
3.01265
3.01265
3.01262
3.01244
3.01082
2.99637
2.90327
2.55543
1.61851
0.677977
0.496409
0.539116
0.568505
0.559696
0.550422
0.574896
0.651767
0.87187
3.01265
3.01265
3.01265
3.01265
3.01265
3.01265
3.01265
3.01265
3.01265
3.01263
3.01252
3.0114
3.00293
2.93027
2.66186
1.81279
0.865002
0.472486
0.54508
0.579043
0.617681
0.627984
0.657715
0.763796
0.933146
3.01265
3.01265
3.01265
3.01265
3.01265
3.01265
3.01265
3.01265
3.01265
3.01264
3.01257
3.01195
3.00668
2.95701
2.76321
2.11652
1.16156
0.503732
0.565065
0.590789
0.629293
0.686524
0.728918
0.827796
0.958485
3.01265
3.01265
3.01265
3.01265
3.01265
3.01265
3.01265
3.01265
3.01265
3.01264
3.01261
3.01217
3.00911
2.97333
2.82409
2.27455
1.40525
0.627677
0.616784
0.619885
0.646688
0.705852
0.770511
0.864724
0.977962
3.01265
3.01265
3.01265
3.01265
3.01265
3.01265
3.01265
3.01265
3.01265
3.01264
3.01264
3.01225
3.01078
2.98589
2.88079
2.426
1.55849
0.792081
0.679252
0.669457
0.684178
0.731284
0.795803
0.889852
0.989077
3.01265
3.01265
3.01265
3.01265
3.01265
3.01265
3.01265
3.01265
3.01265
3.01265
3.01263
3.01245
3.01104
2.99787
2.91247
2.58259
1.72172
0.997849
0.703133
0.723764
0.737357
0.766099
0.816127
0.893555
0.985208
3.01265
3.01265
3.01265
3.01265
3.01265
3.01265
3.01265
3.01265
3.01265
3.01265
3.01263
3.01261
3.01174
3.00745
2.95288
2.75562
2.0864
1.29536
0.72565
0.755225
0.77341
0.798578
0.83863
0.902376
0.983052
3.01265
3.01265
3.01265
3.01265
3.01265
3.01265
3.01265
3.01265
3.01265
3.01265
3.01264
3.01262
3.01208
3.00958
2.97498
2.83802
2.34832
1.56579
0.868349
0.793618
0.80716
0.828888
0.864583
0.918006
0.987813
3.01265
3.01265
3.01265
3.01265
3.01265
3.01265
3.01265
3.01265
3.01265
3.01265
3.01265
3.01262
3.01239
3.01056
2.99384
2.89168
2.5368
1.74191
1.08858
0.84178
0.853654
0.870955
0.899637
0.942107
0.998615
3.01265
3.01265
3.01265
3.01265
3.01265
3.01265
3.01265
3.01265
3.01265
3.01265
3.01265
3.01263
3.01262
3.01136
3.00689
2.93574
2.73386
1.97968
1.41181
0.883088
0.89537
0.909313
0.932205
0.96592
1.01265
3.01265
3.01265
3.01265
3.01265
3.01265
3.01265
3.01265
3.01265
3.01265
3.01265
3.01265
3.01264
3.01259
3.01215
3.00855
2.97861
2.82506
2.37109
1.67188
1.04451
0.939316
0.943725
0.960924
0.989943
1.02956
3.01265
3.01265
3.01265
3.01265
3.01265
3.01265
3.01265
3.01265
3.01265
3.01265
3.01265
3.01265
3.01261
3.01265
3.01005
3.00543
2.88194
2.64624
1.89048
1.30982
0.995998
0.985906
0.997395
1.01886
1.05068
3.01265
3.01265
3.01265
3.01265
3.01265
3.01265
3.01265
3.01265
3.01265
3.01265
3.01265
3.01265
3.01264
3.01256
3.01187
3.00666
2.96436
2.7815
2.2612
1.61361
1.0764
1.02881
1.02572
1.04393
1.07177
3.01265
3.01265
3.01265
3.01265
3.01265
3.01265
3.01265
3.01265
3.01265
3.01265
3.01265
3.01265
3.01265
3.01258
3.01267
3.00891
3.00483
2.84137
2.60587
1.90859
1.31674
1.08609
1.06592
1.07738
1.09741
3.01265
3.01265
3.01265
3.01265
3.01265
3.01265
3.01265
3.01265
3.01265
3.01265
3.01265
3.01265
3.01265
3.01263
3.01253
3.01158
3.00482
2.94866
2.73904
2.11109
1.65552
1.14485
1.10923
1.10706
1.12421
3.01265
3.01265
3.01265
3.01265
3.01265
3.01265
3.01265
3.01265
3.01265
3.01265
3.01265
3.01265
3.01265
3.01265
3.01258
3.01266
3.00849
3.00396
2.8281
2.55517
1.92339
1.36665
1.16488
1.14477
1.15694
3.01265
3.01265
3.01265
3.01265
3.01265
3.01265
3.01265
3.01265
3.01265
3.01265
3.01265
3.01265
3.01265
3.01265
3.01263
3.01251
3.01142
3.00405
2.94152
2.7334
2.11184
1.71507
1.22095
1.18726
1.1852
3.01265
3.01265
3.01265
3.01265
3.01265
3.01265
3.01265
3.01265
3.01265
3.01265
3.01265
3.01265
3.01265
3.01265
3.01263
3.01255
3.01245
3.00822
3.00448
2.82924
2.55299
1.9565
1.43906
1.24313
1.21955
3.01265
3.01265
3.01265
3.01265
3.01265
3.01265
3.01265
3.01265
3.01265
3.01265
3.01265
3.01265
3.01265
3.01265
3.01265
3.01263
3.01251
3.01143
3.00459
2.94332
2.74968
2.17127
1.78058
1.30223
1.26297
3.01265
3.01265
3.01265
3.01265
3.01265
3.01265
3.01265
3.01265
3.01265
3.01265
3.01265
3.01265
3.01265
3.01265
3.01265
3.01264
3.01258
3.01266
3.00882
3.00443
2.84794
2.60595
2.03167
1.5426
1.3259
3.01265
3.01265
3.01265
3.01265
3.01265
3.01265
3.01265
3.01265
3.01265
3.01265
3.01265
3.01265
3.01265
3.01265
3.01265
3.01265
3.01263
3.01256
3.01158
3.0063
2.95135
2.78459
2.30341
1.86441
1.41428
3.01265
3.01265
3.01265
3.01265
3.01265
3.01265
3.01265
3.01265
3.01265
3.01265
3.01265
3.01265
3.01265
3.01265
3.01265
3.01265
3.01265
3.01267
3.01313
3.01053
3.00716
2.87446
2.71426
2.12546
1.70054
3.01265
3.01265
3.01265
3.01265
3.01265
3.01265
3.01265
3.01265
3.01265
3.01265
3.01265
3.01265
3.01265
3.01265
3.01265
3.01265
3.01265
3.01264
3.01256
3.01182
3.00724
2.96569
2.81329
2.50357
2.0142
3.01265
3.01265
3.01265
3.01265
3.01265
3.01265
3.01265
3.01265
3.01265
3.01265
3.01265
3.01265
3.01265
3.01265
3.01265
3.01265
3.01265
3.01264
3.01263
3.01262
3.01102
3.00314
2.93023
2.76668
2.271
3.01265
3.01265
3.01265
3.01265
3.01265
3.01265
3.01265
3.01265
3.01265
3.01265
3.01265
3.01265
3.01265
3.01265
3.01265
3.01265
3.01265
3.01265
3.01263
3.0126
3.01196
3.00777
3.00286
2.82977
2.68604
3.01265
3.01265
3.01265
3.01265
3.01265
3.01265
3.01265
3.01265
3.01265
3.01265
3.01265
3.01265
3.01265
3.01265
3.01265
3.01265
3.01265
3.01265
3.01265
3.01263
3.01253
3.01157
3.00672
2.9555
2.78403
3.01265
3.01265
3.01265
3.01265
3.01265
3.01265
3.01265
3.01265
3.01265
3.01265
3.01265
3.01265
3.01265
3.01265
3.01265
3.01265
3.01265
3.01265
3.01265
3.01264
3.01261
3.01242
3.01102
3.00201
2.92311
3.01265
3.01265
3.01265
3.01265
3.01265
3.01265
3.01265
3.01265
3.01265
3.01265
3.01265
3.01265
3.01265
3.01265
3.01265
3.01265
3.01265
3.01265
3.01265
3.01265
3.01265
3.01252
3.0123
3.00765
3.01144
3.01265
3.01265
3.01265
3.01265
3.01265
3.01265
3.01265
3.01265
3.01265
3.01265
3.01265
3.01265
3.01265
3.01265
3.01265
3.01265
3.01265
3.01265
3.01265
3.01265
3.01265
3.01262
3.01262
3.01122
3.00901
3.01265
3.01265
3.01265
3.01265
3.01265
3.01265
3.01265
3.01265
3.01265
3.01265
3.01265
3.01265
3.01265
3.01265
3.01265
3.01265
3.01265
3.01265
3.01265
3.01265
3.01265
3.01264
3.01263
3.01241
3.01152
3.01265
3.01265
3.01265
3.01265
3.01265
3.01265
3.01265
3.01265
3.01265
3.01265
3.01265
3.01265
3.01265
3.01265
3.01265
3.01265
3.01265
3.01265
3.01265
3.01265
3.01265
3.01265
3.01265
3.01276
3.01197
3.01265
3.01265
3.01265
3.01265
3.01265
3.01265
3.01265
3.01265
3.01265
3.01265
3.01265
3.01265
3.01265
3.01265
3.01265
3.01265
3.01265
3.01265
3.01265
3.01265
3.01265
3.01265
3.01265
3.01265
3.01248
3.01265
3.01265
3.01265
3.01265
3.01265
3.01265
3.01265
3.01265
3.01265
3.01265
3.01265
3.01265
3.01265
3.01265
3.01265
3.01265
3.01265
3.01265
3.01265
3.01265
3.01265
3.01265
3.01265
3.01265
3.01261
3.01265
3.01265
3.01265
3.01265
3.01265
3.01265
3.01265
3.01265
3.01265
3.01265
3.01265
3.01265
3.01265
3.01265
3.01265
3.01265
3.01265
3.01265
3.01265
3.01265
3.01265
3.01265
3.01265
3.01265
3.01255
3.01265
3.01265
3.01265
3.01265
3.01265
3.01265
3.01265
3.01265
3.01265
3.01265
3.01265
3.01265
3.01265
3.01265
3.01265
3.01265
3.01265
3.01265
3.01265
3.01265
3.01265
3.01265
3.01265
3.01265
3.01264
3.01265
3.01265
3.01265
3.01265
3.01265
3.01265
3.01265
3.01265
3.01265
3.01265
3.01265
3.01265
3.01265
3.01265
3.01265
3.01265
3.01265
3.01265
3.01265
3.01265
3.01265
3.01265
3.01265
3.01265
3.01265
3.01265
3.01265
3.01265
3.01265
3.01265
3.01265
3.01265
3.01265
3.01265
3.01265
3.01265
3.01265
3.01265
3.01265
3.01265
3.01265
3.01265
3.01265
3.01265
3.01265
3.01265
3.01265
3.01265
3.01265
3.01264
3.01265
3.01265
3.01265
3.01265
3.01265
3.01265
3.01265
3.01265
3.01265
3.01265
3.01265
3.01265
3.01265
3.01265
3.01265
3.01265
3.01265
3.01265
3.01265
3.01265
3.01265
3.01265
3.01265
3.01265
3.01264
3.01265
3.01265
3.01265
3.01265
3.01265
3.01265
3.01265
3.01265
3.01265
3.01265
3.01265
3.01265
3.01265
3.01265
3.01265
3.01265
3.01265
3.01265
3.01265
3.01265
3.01265
3.01265
3.01265
3.01265
3.01264
3.01265
3.01265
3.01265
3.01265
3.01265
3.01265
3.01265
3.01265
3.01265
3.01265
3.01265
3.01265
3.01265
3.01265
3.01265
3.01265
3.01265
3.01265
3.01265
3.01265
3.01265
3.01265
3.01265
3.01265
3.01264
1.14553
0.618509
0.346652
0.251095
0.262344
0.0999072
0.37725
0.577152
0.720728
0.769422
0.776219
0.769636
0.765046
0.777554
0.82047
0.868065
0.90299
0.919467
0.923655
0.922173
0.920933
0.920594
0.924253
0.927931
0.933256
0.938083
0.940585
0.941016
0.936774
0.925789
0.913206
0.883
0.848007
0.805271
0.762557
0.710403
0.657344
0.598641
0.544502
0.493998
0.437012
0.379913
0.318793
0.261651
0.21531
0.177478
0.121986
0.0708461
0.0304637
0.0375988
0.0766955
0.120506
0.160482
0.199618
0.236017
0.270003
0.302071
0.332304
0.360813
0.387555
0.412813
0.436939
0.460114
0.48214
0.503331
0.52358
0.543174
0.562116
0.580307
0.597872
0.614625
0.630915
0.646516
0.661839
0.67664
0.691224
0.705272
0.719081
0.732388
0.745509
0.75822
0.770742
0.782854
0.794792
0.806385
0.817855
0.829155
0.840361
0.85152
0.862636
0.873766
0.884888
0.896064
0.907238
0.918513
0.929825
0.941487
0.954163
0.96501
0.975525
1.11887
0.974069
0.631078
0.442141
0.0841126
0.167455
0.369079
0.477213
0.554823
0.547816
0.509196
0.479327
0.474407
0.505139
0.547064
0.593142
0.620342
0.629973
0.631095
0.627851
0.627539
0.626954
0.629375
0.631011
0.638589
0.643778
0.647608
0.644243
0.637315
0.620284
0.602322
0.573585
0.539096
0.500962
0.462692
0.410994
0.363108
0.29862
0.248314
0.205826
0.134606
0.0901306
0.0710109
0.116762
0.183437
0.259133
0.322849
0.36909
0.41374
0.448616
0.480597
0.513044
0.542553
0.569672
0.593514
0.616315
0.637534
0.657956
0.677444
0.695802
0.713613
0.730886
0.747937
0.764147
0.779859
0.79501
0.809994
0.824696
0.83904
0.852865
0.866107
0.879014
0.891482
0.903738
0.915672
0.927469
0.938852
0.950064
0.960888
0.971614
0.982057
0.992424
1.00254
1.01255
1.02245
1.03226
1.04206
1.05183
1.06158
1.07134
1.08107
1.0908
1.10049
1.11018
1.11991
1.12971
1.13984
1.15133
1.16118
1.17113
1.06588
1.11236
0.988246
0.816329
0.554084
0.381531
0.374948
0.410942
0.346262
0.265464
0.125142
0.0563769
0.0358521
0.0919987
0.156981
0.286018
0.340243
0.367993
0.362543
0.352011
0.349043
0.34743
0.352671
0.355493
0.364838
0.36775
0.369254
0.363625
0.359686
0.345941
0.333493
0.303692
0.264184
0.22045
0.187028
0.120278
0.0861029
0.129151
0.197819
0.31607
0.418178
0.491946
0.565837
0.599975
0.629037
0.659577
0.683787
0.702795
0.721037
0.735608
0.751039
0.767543
0.784066
0.800814
0.816292
0.83197
0.846621
0.860966
0.875335
0.889723
0.903689
0.917396
0.930613
0.94349
0.956128
0.968674
0.981106
0.993272
1.00516
1.01654
1.02776
1.03872
1.04954
1.06015
1.07059
1.08085
1.09067
1.10033
1.10966
1.11898
1.12809
1.1371
1.14591
1.15465
1.16331
1.17191
1.18048
1.189
1.19756
1.20615
1.21484
1.22363
1.23254
1.2415
1.25051
1.25963
1.26909
1.27993
1.28969
1.29988
1.07822
1.17542
1.17896
1.1036
0.958243
0.777628
0.647106
0.652494
0.625208
0.57189
0.477164
0.37184
0.269055
0.254128
0.238715
0.255899
0.212137
0.152645
0.0920482
0.0413415
0.00573592
0.0298606
0.0645444
0.0759362
0.103356
0.123094
0.142575
0.149641
0.141414
0.123851
0.104396
0.0812097
0.0787035
0.137978
0.259888
0.382069
0.498311
0.614369
0.685852
0.750745
0.800225
0.828902
0.858728
0.868505
0.875895
0.889591
0.902822
0.913125
0.919308
0.926013
0.934475
0.94377
0.953047
0.964
0.974687
0.985431
0.996325
1.00719
1.01783
1.02856
1.03915
1.04966
1.06032
1.07111
1.0816
1.09199
1.10192
1.11172
1.12149
1.13118
1.14082
1.15039
1.15981
1.16904
1.17823
1.18726
1.19609
1.20476
1.21336
1.22174
1.23003
1.23809
1.24607
1.25387
1.2616
1.26929
1.27703
1.28482
1.29272
1.30072
1.30884
1.31707
1.32537
1.33371
1.34208
1.35057
1.35943
1.36967
1.37971
1.39037
1.09538
1.1773
1.24402
1.2511
1.1852
1.09992
1.00123
0.984946
0.954074
0.891602
0.790419
0.684948
0.57262
0.515838
0.464641
0.456049
0.442088
0.415776
0.369333
0.314762
0.247169
0.211601
0.160934
0.1469
0.114663
0.1133
0.0920486
0.0637382
0.0811719
0.111334
0.181884
0.281077
0.397439
0.532036
0.670642
0.787395
0.883144
0.948256
0.993777
1.02449
1.04651
1.0578
1.06957
1.07176
1.07144
1.07419
1.07586
1.07572
1.07308
1.07185
1.07237
1.07356
1.07713
1.0817
1.08722
1.09347
1.10021
1.10689
1.11387
1.12109
1.12873
1.13673
1.14493
1.15336
1.16185
1.17041
1.17921
1.18802
1.19675
1.20543
1.21365
1.22173
1.22986
1.23815
1.2467
1.2553
1.26363
1.27189
1.2799
1.28774
1.2955
1.30315
1.31064
1.31793
1.32518
1.33247
1.33984
1.3473
1.35482
1.3624
1.36999
1.37764
1.38535
1.39319
1.40117
1.40939
1.41808
1.42788
1.43861
1.44984
1.09727
1.18334
1.25126
1.30855
1.29543
1.26283
1.23984
1.24324
1.25875
1.21839
1.14105
1.04702
0.935174
0.852854
0.781003
0.751954
0.718714
0.676418
0.623357
0.568243
0.504661
0.457454
0.397554
0.364027
0.313287
0.296488
0.266785
0.2567
0.275034
0.331211
0.431234
0.574124
0.733231
0.873846
0.995768
1.07629
1.15548
1.20316
1.23682
1.2472
1.25294
1.25088
1.2481
1.2376
1.22354
1.20989
1.19759
1.18885
1.18137
1.17236
1.16272
1.15783
1.15246
1.15475
1.15705
1.1598
1.16286
1.16657
1.17117
1.17607
1.18137
1.18706
1.19348
1.20079
1.20865
1.21664
1.22468
1.23282
1.24025
1.24763
1.25518
1.26286
1.27067
1.27857
1.28658
1.29463
1.30268
1.31053
1.31827
1.32597
1.33362
1.34102
1.34823
1.35525
1.36231
1.36943
1.3766
1.38383
1.39112
1.39849
1.40596
1.41358
1.42135
1.42923
1.43724
1.44542
1.454
1.46332
1.47444
1.48584
1.08091
1.17732
1.24544
1.31057
1.32498
1.33835
1.34528
1.35889
1.38429
1.41298
1.38417
1.33521
1.27135
1.19789
1.12908
1.07783
1.0386
0.992861
0.937351
0.875558
0.804252
0.745019
0.676774
0.631316
0.570484
0.538381
0.485758
0.461191
0.488783
0.573293
0.710659
0.873023
1.01587
1.13591
1.23477
1.30912
1.36942
1.40481
1.42892
1.43465
1.43291
1.42256
1.40398
1.37703
1.34426
1.30966
1.2719
1.26073
1.2486
1.23481
1.22311
1.21098
1.19915
1.19529
1.1972
1.19837
1.19967
1.20138
1.20409
1.20683
1.21077
1.21598
1.22202
1.22835
1.2352
1.24237
1.24961
1.25675
1.26388
1.27098
1.27816
1.28533
1.29262
1.30009
1.3078
1.31583
1.32378
1.33158
1.33928
1.34681
1.35416
1.36134
1.3684
1.37541
1.38248
1.38959
1.39676
1.40399
1.41129
1.41869
1.42621
1.43385
1.44163
1.44953
1.45756
1.46577
1.4744
1.48385
1.49522
1.50709
1.06897
1.16263
1.23594
1.29614
1.32913
1.35838
1.3781
1.40702
1.43411
1.4677
1.50015
1.48871
1.45759
1.42196
1.38316
1.34399
1.3293
1.30569
1.264
1.20803
1.13894
1.07106
0.995646
0.937856
0.866308
0.817164
0.750272
0.707595
0.738858
0.830671
0.960861
1.10199
1.21834
1.32787
1.40447
1.46665
1.50737
1.53696
1.55636
1.56255
1.56037
1.55013
1.53197
1.50376
1.46708
1.41984
1.36522
1.31436
1.27768
1.26889
1.25756
1.24644
1.23514
1.22522
1.21778
1.22072
1.22315
1.22402
1.22486
1.22711
1.23047
1.2348
1.23949
1.24466
1.25036
1.25669
1.26318
1.27002
1.27715
1.28366
1.29026
1.29708
1.30419
1.31166
1.31943
1.32735
1.33534
1.34305
1.3506
1.35798
1.36519
1.37237
1.37939
1.38644
1.3935
1.40061
1.40781
1.41509
1.42247
1.42996
1.4376
1.44539
1.45338
1.46147
1.46969
1.47808
1.48686
1.49643
1.50794
1.52008
1.06735
1.14644
1.21996
1.27351
1.31875
1.35115
1.37934
1.411
1.45508
1.49325
1.53458
1.55752
1.55927
1.54276
1.52665
1.50876
1.50046
1.49956
1.49505
1.46261
1.41911
1.36947
1.31344
1.25687
1.19329
1.12497
1.04584
0.957711
0.974391
1.04
1.14288
1.24246
1.34795
1.43685
1.50594
1.55932
1.59168
1.61819
1.6334
1.64119
1.6414
1.63466
1.62052
1.60014
1.57233
1.53292
1.4842
1.41849
1.36237
1.29896
1.27807
1.27312
1.26593
1.25495
1.24523
1.23641
1.23811
1.24035
1.24234
1.24445
1.2462
1.24848
1.25198
1.25722
1.26267
1.26914
1.27564
1.28107
1.28662
1.29266
1.29918
1.30581
1.31287
1.3203
1.32795
1.33577
1.34358
1.35132
1.35883
1.36612
1.37332
1.38051
1.38764
1.39478
1.40191
1.4091
1.41635
1.42367
1.43109
1.43863
1.44634
1.45425
1.46234
1.47057
1.47894
1.48748
1.49642
1.50617
1.51789
1.53032
1.07065
1.13822
1.20427
1.25772
1.30581
1.33549
1.36975
1.40274
1.44451
1.49222
1.53328
1.57501
1.59687
1.59736
1.59614
1.59501
1.59589
1.59983
1.60449
1.60847
1.58662
1.55939
1.52628
1.48511
1.43896
1.36322
1.28645
1.19423
1.1263
1.17398
1.24367
1.33179
1.41432
1.49429
1.55596
1.60474
1.63729
1.66377
1.67515
1.67981
1.68042
1.67936
1.67188
1.66603
1.64993
1.62552
1.59239
1.54547
1.48418
1.4057
1.34433
1.27858
1.27883
1.27657
1.27153
1.26447
1.26004
1.25914
1.26065
1.26327
1.2657
1.26841
1.27214
1.2757
1.27986
1.28433
1.28918
1.29485
1.30092
1.30738
1.31446
1.32113
1.32754
1.33423
1.34123
1.34861
1.35609
1.36381
1.37131
1.37829
1.38506
1.39179
1.39859
1.40546
1.41244
1.41955
1.4268
1.43418
1.44172
1.44939
1.4572
1.46513
1.47317
1.48132
1.48958
1.498
1.50682
1.51647
1.52819
1.5406
1.07847
1.13558
1.19322
1.2436
1.29111
1.32364
1.35859
1.39069
1.42998
1.47387
1.52089
1.56416
1.59752
1.61685
1.62367
1.62994
1.63683
1.64513
1.65437
1.66703
1.68091
1.66474
1.64369
1.6145
1.56934
1.49004
1.3521
1.23523
1.19792
1.23641
1.29221
1.35986
1.42357
1.48339
1.53268
1.57483
1.6069
1.63549
1.65896
1.68164
1.69507
1.69731
1.69945
1.70187
1.69409
1.6868
1.67011
1.64191
1.60198
1.54728
1.46961
1.38834
1.31206
1.28258
1.28821
1.28996
1.28887
1.28487
1.28204
1.27994
1.28359
1.2872
1.28956
1.29191
1.29466
1.29946
1.30553
1.31125
1.31758
1.32353
1.32924
1.33533
1.34193
1.34914
1.35635
1.36371
1.37128
1.37813
1.38461
1.39091
1.3973
1.4039
1.41067
1.41763
1.42486
1.43225
1.43976
1.44726
1.45476
1.46234
1.47001
1.47779
1.48568
1.49367
1.50178
1.51002
1.51865
1.52813
1.53974
1.552
1.09137
1.13932
1.19169
1.24113
1.27934
1.3171
1.34948
1.3804
1.41631
1.4575
1.50191
1.54458
1.5806
1.6144
1.62883
1.63964
1.65166
1.66199
1.67903
1.6955
1.72075
1.71608
1.70063
1.67313
1.61432
1.51054
1.34892
1.18094
1.20341
1.23877
1.29042
1.34466
1.40041
1.45184
1.49682
1.53704
1.57195
1.60465
1.63119
1.65555
1.67494
1.69468
1.71701
1.71857
1.71568
1.71812
1.71363
1.7046
1.68796
1.65584
1.60702
1.54023
1.44443
1.37078
1.29217
1.30072
1.30802
1.30754
1.30631
1.30375
1.30346
1.30499
1.30619
1.30808
1.31059
1.31399
1.31869
1.32424
1.33042
1.33685
1.34344
1.35
1.35666
1.36353
1.37052
1.37747
1.38403
1.39
1.39618
1.40264
1.40935
1.41621
1.42326
1.4304
1.43746
1.44456
1.45173
1.45902
1.46643
1.47397
1.48168
1.48955
1.49755
1.50568
1.51396
1.52245
1.53135
1.54106
1.55274
1.56506
1.10856
1.14926
1.19558
1.24073
1.27819
1.31416
1.3424
1.37093
1.40373
1.4418
1.48402
1.52458
1.56387
1.59596
1.6233
1.63666
1.6492
1.6626
1.68066
1.70479
1.73504
1.73726
1.72067
1.68056
1.59456
1.43017
1.30714
1.1774
1.19933
1.23176
1.27727
1.32382
1.37131
1.41379
1.45468
1.49258
1.52975
1.56223
1.59038
1.6175
1.64424
1.66828
1.6889
1.70396
1.72062
1.73572
1.7362
1.73621
1.73425
1.72394
1.70585
1.66863
1.61008
1.52253
1.42957
1.34045
1.31385
1.32401
1.33238
1.33339
1.33334
1.33073
1.33198
1.33318
1.33518
1.33789
1.34172
1.34662
1.35201
1.35787
1.36425
1.37066
1.37699
1.3834
1.38954
1.39564
1.40188
1.40835
1.41467
1.4209
1.4272
1.43341
1.43969
1.44613
1.45278
1.45965
1.46666
1.47375
1.481
1.48845
1.49601
1.50371
1.51157
1.51962
1.52786
1.5363
1.54513
1.5547
1.56615
1.57845
1.12789
1.16334
1.20424
1.24403
1.28059
1.31547
1.33934
1.36613
1.39609
1.42941
1.46754
1.50745
1.54635
1.58157
1.60634
1.62772
1.6434
1.65981
1.68074
1.70074
1.72633
1.72261
1.69811
1.63248
1.51239
1.34163
1.18041
1.18318
1.19739
1.22117
1.25485
1.29182
1.33157
1.37281
1.41286
1.45074
1.48674
1.51945
1.55013
1.57996
1.60829
1.63237
1.65959
1.68535
1.70981
1.7259
1.73686
1.75135
1.7573
1.7625
1.76371
1.75194
1.72297
1.6762
1.60762
1.50331
1.42416
1.33603
1.34382
1.35649
1.36767
1.36668
1.3641
1.36041
1.36154
1.36291
1.3661
1.37098
1.37613
1.38127
1.38646
1.39171
1.39751
1.40361
1.41002
1.41619
1.42216
1.42813
1.43421
1.44022
1.44627
1.45226
1.45844
1.46494
1.47185
1.47867
1.48565
1.49281
1.49992
1.50707
1.51435
1.52184
1.52955
1.53753
1.54567
1.55401
1.56272
1.57215
1.58346
1.59563
1.15033
1.18121
1.21728
1.25331
1.28702
1.31925
1.34257
1.36665
1.39301
1.42276
1.45582
1.49295
1.52717
1.56489
1.59102
1.61447
1.6338
1.65202
1.67394
1.6935
1.70725
1.69108
1.64243
1.5412
1.37457
1.22385
1.16271
1.17354
1.18804
1.20825
1.23392
1.26497
1.30079
1.33789
1.37579
1.41314
1.44956
1.483
1.51582
1.54858
1.57546
1.60521
1.63305
1.66408
1.68153
1.70076
1.72312
1.7457
1.76594
1.78888
1.79145
1.79488
1.78776
1.775
1.73921
1.68368
1.60151
1.49671
1.40245
1.37272
1.38241
1.39603
1.39451
1.39194
1.38902
1.39125
1.39494
1.39908
1.40369
1.40729
1.41159
1.41668
1.42244
1.42849
1.43481
1.44046
1.44552
1.45077
1.45611
1.46161
1.46744
1.47344
1.47958
1.48595
1.49262
1.49955
1.50672
1.51398
1.52113
1.52819
1.53522
1.54243
1.54986
1.55752
1.56529
1.57331
1.58171
1.59086
1.60207
1.61401
1.17617
1.20211
1.23311
1.26615
1.29715
1.32512
1.34888
1.3702
1.39348
1.41969
1.44853
1.48135
1.5138
1.54638
1.58272
1.60228
1.62385
1.64712
1.66717
1.68317
1.67126
1.6333
1.54839
1.39127
1.26382
1.16023
1.16527
1.17324
1.18518
1.20139
1.22223
1.24791
1.27787
1.31116
1.34675
1.3827
1.41836
1.45341
1.48815
1.51813
1.54929
1.57949
1.61175
1.63339
1.65945
1.68731
1.71534
1.73789
1.75393
1.77351
1.79437
1.81768
1.82078
1.82587
1.81656
1.79915
1.7556
1.69013
1.58163
1.49936
1.40073
1.40625
1.41601
1.42501
1.43406
1.4359
1.43483
1.43539
1.43601
1.43893
1.44303
1.44701
1.45125
1.4558
1.4609
1.46594
1.47139
1.47673
1.48226
1.48785
1.49341
1.49901
1.50506
1.51134
1.51785
1.52468
1.5315
1.53821
1.54504
1.55196
1.55896
1.5662
1.57368
1.58115
1.58883
1.59665
1.60469
1.61346
1.62436
1.63592
1.2017
1.22468
1.25123
1.28216
1.31133
1.33539
1.35854
1.3772
1.39786
1.42053
1.44572
1.47336
1.50574
1.53728
1.57126
1.59346
1.61978
1.6406
1.6608
1.65038
1.61752
1.5423
1.39438
1.27968
1.16403
1.16816
1.1728
1.17925
1.18813
1.20057
1.21758
1.23938
1.26552
1.29498
1.32691
1.36029
1.39477
1.4291
1.4633
1.49487
1.52705
1.5594
1.58512
1.6155
1.64403
1.67603
1.69548
1.71672
1.74
1.76619
1.79317
1.81949
1.83612
1.85286
1.85676
1.86236
1.85056
1.81943
1.76834
1.69281
1.58328
1.49855
1.42271
1.43951
1.45826
1.47531
1.47407
1.47112
1.46908
1.47005
1.47272
1.47641
1.48063
1.48434
1.4884
1.49305
1.49824
1.50406
1.50972
1.51535
1.5207
1.5264
1.53247
1.53879
1.54545
1.55209
1.55855
1.56496
1.57131
1.57792
1.58472
1.5918
1.59898
1.60638
1.61385
1.62142
1.62931
1.63802
1.64898
1.66049
1.2328
1.25062
1.27206
1.29952
1.32582
1.35111
1.36905
1.38729
1.40598
1.42595
1.44763
1.47174
1.50054
1.52956
1.56051
1.59354
1.62075
1.64041
1.63188
1.60301
1.53361
1.3923
1.27506
1.15726
1.16537
1.17099
1.17684
1.18347
1.19184
1.20305
1.21801
1.23694
1.25975
1.28585
1.3146
1.34543
1.3782
1.41133
1.44414
1.47773
1.51054
1.53878
1.57098
1.60109
1.63393
1.65525
1.68109
1.70681
1.73225
1.75756
1.78226
1.80783
1.83481
1.85742
1.87664
1.89525
1.89603
1.89177
1.87917
1.8425
1.78133
1.68254
1.58537
1.48137
1.48064
1.48849
1.50054
1.51017
1.50621
1.50317
1.50388
1.50589
1.50943
1.51434
1.51911
1.52397
1.52918
1.5337
1.53881
1.54478
1.55071
1.55666
1.56226
1.56803
1.57394
1.58022
1.58665
1.59305
1.59943
1.60589
1.61234
1.61898
1.62591
1.63308
1.64047
1.64783
1.65554
1.66411
1.67503
1.68649
1.25151
1.26889
1.29033
1.31663
1.34166
1.36971
1.38372
1.39962
1.4169
1.43496
1.45403
1.47467
1.4984
1.52454
1.55828
1.5896
1.62439
1.61767
1.59163
1.52637
1.39511
1.26868
1.14531
1.15192
1.16184
1.1711
1.18067
1.18971
1.19943
1.21061
1.22403
1.24052
1.26028
1.28355
1.30986
1.33855
1.36895
1.40033
1.4328
1.46534
1.49703
1.52925
1.56119
1.58913
1.61619
1.6465
1.67574
1.70146
1.72819
1.75298
1.77788
1.80299
1.8287
1.85307
1.87893
1.90239
1.91828
1.93173
1.9361
1.92938
1.90739
1.8605
1.79084
1.67935
1.5956
1.50148
1.51077
1.52473
1.53702
1.54853
1.54559
1.54358
1.54346
1.54384
1.54782
1.55314
1.55824
1.56344
1.56848
1.57428
1.58094
1.5863
1.59178
1.59727
1.60293
1.60866
1.61461
1.62087
1.62703
1.63334
1.63991
1.64678
1.65392
1.66128
1.66874
1.67586
1.68333
1.69168
1.70241
1.71359
1.28863
1.29283
1.30991
1.3322
1.35659
1.38185
1.40087
1.41407
1.43102
1.44847
1.46446
1.48236
1.50288
1.52784
1.56136
1.58803
1.60609
1.58197
1.52228
1.40432
1.26743
1.13588
1.14071
1.14916
1.162
1.17435
1.18704
1.19824
1.2098
1.22211
1.2356
1.25091
1.2685
1.28892
1.31184
1.33753
1.36543
1.39567
1.42672
1.45856
1.49241
1.52567
1.55214
1.58016
1.61066
1.64137
1.66888
1.69613
1.72347
1.75064
1.77587
1.80126
1.82653
1.85199
1.87725
1.90338
1.92629
1.95077
1.96288
1.96961
1.97327
1.9599
1.92251
1.86831
1.7879
1.67742
1.57706
1.54
1.54886
1.56263
1.57839
1.57754
1.57506
1.57285
1.57403
1.57834
1.58542
1.59218
1.59922
1.60382
1.6087
1.61241
1.61648
1.62181
1.62804
1.6345
1.64094
1.64757
1.65409
1.66058
1.66729
1.67433
1.6817
1.68909
1.69633
1.70375
1.7115
1.71981
1.73053
1.74169
1.32968
1.31297
1.32797
1.34666
1.36983
1.39114
1.41752
1.43008
1.44676
1.466
1.47855
1.49315
1.51125
1.53802
1.56278
1.58623
1.56789
1.516
1.41513
1.26869
1.12385
1.12762
1.13635
1.15115
1.16599
1.18167
1.19501
1.20868
1.22204
1.23542
1.24926
1.26409
1.28047
1.29893
1.31994
1.34359
1.36963
1.39769
1.42723
1.45853
1.48995
1.51949
1.54942
1.58004
1.60978
1.63956
1.66591
1.69336
1.72053
1.74774
1.7744
1.80076
1.82458
1.84924
1.87459
1.8985
1.92341
1.94536
1.96714
1.98568
2.00499
2.00264
1.9959
1.97991
1.93867
1.87526
1.76441
1.67901
1.57135
1.57777
1.58655
1.59806
1.6113
1.61009
1.60988
1.61118
1.61493
1.62143
1.62799
1.63425
1.63716
1.64046
1.64356
1.64865
1.65591
1.66321
1.67072
1.67647
1.68218
1.68828
1.69487
1.70178
1.70899
1.71652
1.72333
1.73037
1.73789
1.74598
1.75645
1.7675
1.38821
1.35148
1.34529
1.35978
1.38068
1.40266
1.42662
1.44642
1.46274
1.48412
1.49661
1.50791
1.52482
1.5452
1.56849
1.55368
1.50823
1.4157
1.27185
1.12364
1.11679
1.1267
1.14311
1.15918
1.17496
1.18986
1.2057
1.22194
1.23784
1.25271
1.26752
1.28265
1.29867
1.31594
1.33517
1.35633
1.3798
1.40509
1.43234
1.46086
1.49032
1.52142
1.55234
1.58106
1.60897
1.63791
1.66622
1.69415
1.72071
1.74715
1.77236
1.79782
1.82316
1.84851
1.87427
1.89908
1.9239
1.94406
1.96502
1.98769
2.0071
2.02132
2.03479
2.03184
2.02517
2.00331
1.94996
1.87642
1.76678
1.68486
1.59704
1.6064
1.62391
1.6366
1.64935
1.64884
1.64952
1.65034
1.65434
1.65885
1.66333
1.66755
1.67209
1.67736
1.68371
1.69068
1.69764
1.7032
1.70912
1.71546
1.7226
1.72952
1.73634
1.74349
1.7506
1.75764
1.76498
1.77301
1.78333
1.79434
1.55508
1.40776
1.37811
1.38634
1.40097
1.41964
1.43846
1.46277
1.47797
1.49557
1.51812
1.52932
1.54208
1.55611
1.54286
1.50105
1.41531
1.27475
1.1324
1.10159
1.12093
1.13969
1.15977
1.1732
1.1879
1.20401
1.22168
1.2397
1.25717
1.27365
1.28877
1.30414
1.32007
1.33691
1.35506
1.37479
1.39632
1.41957
1.44446
1.47064
1.49806
1.52596
1.55409
1.58225
1.61043
1.63853
1.66692
1.69462
1.72252
1.74767
1.77277
1.79697
1.822
1.84708
1.87215
1.89674
1.91929
1.94067
1.962
1.98099
2.0007
2.0231
2.04219
2.06185
2.06536
2.06375
2.05068
2.013
1.95419
1.85843
1.75582
1.64745
1.64246
1.6403
1.65753
1.66837
1.6789
1.68058
1.6817
1.68459
1.68902
1.69277
1.69907
1.70516
1.71179
1.71757
1.72333
1.72881
1.73491
1.74165
1.74901
1.75597
1.763
1.76968
1.77667
1.78392
1.79158
1.79995
1.81055
1.8218
1.91066
1.47094
1.42435
1.40681
1.41896
1.43516
1.45296
1.47337
1.49066
1.50625
1.5264
1.54185
1.55725
1.53999
1.49714
1.41332
1.27248
1.13604
1.09306
1.11509
1.13852
1.16185
1.1742
1.18829
1.2042
1.22201
1.24076
1.25981
1.27868
1.29681
1.31276
1.32838
1.34421
1.36043
1.37737
1.39533
1.41453
1.43512
1.45709
1.48048
1.50503
1.53083
1.55749
1.58484
1.61249
1.64051
1.66856
1.69688
1.72481
1.75045
1.776
1.79964
1.82385
1.84921
1.87448
1.8978
1.92061
1.94186
1.96315
1.98345
2.00365
2.02137
2.04086
2.05868
2.07635
2.09476
2.0947
2.08471
2.06367
2.01945
1.95251
1.84008
1.75652
1.66089
1.66949
1.68244
1.69641
1.7133
1.71725
1.71892
1.72004
1.72214
1.72517
1.73224
1.73827
1.7452
1.74987
1.75552
1.7611
1.76786
1.77528
1.78295
1.79031
1.79624
1.80279
1.80962
1.81715
1.8257
1.83665
1.84813
2.14993
1.71794
1.48343
1.44694
1.43988
1.45096
1.46674
1.48366
1.50831
1.51992
1.53469
1.55321
1.53929
1.49857
1.41495
1.27151
1.13429
1.07978
1.10445
1.1335
1.16202
1.17564
1.19006
1.20523
1.22151
1.23923
1.25835
1.27796
1.29789
1.31733
1.33454
1.35038
1.3661
1.38201
1.39826
1.41508
1.43273
1.45144
1.47141
1.49273
1.51545
1.53933
1.56443
1.59048
1.61723
1.64432
1.67187
1.69931
1.72654
1.75261
1.77786
1.80281
1.82663
1.85078
1.87508
1.89865
1.92008
1.94121
1.9624
1.98245
1.99942
2.01625
2.03325
2.05175
2.07548
2.09534
2.11482
2.11913
2.12013
2.11094
2.07836
2.02736
1.9489
1.83685
1.7407
1.70202
1.70428
1.72638
1.73958
1.75419
1.75503
1.75566
1.75692
1.75956
1.76548
1.77219
1.77972
1.78561
1.79034
1.79618
1.80282
1.80995
1.81734
1.8245
1.83046
1.83676
1.84387
1.85228
1.8633
1.87498
2.41824
2.06093
1.62163
1.50957
1.47626
1.4791
1.49009
1.50274
1.51917
1.53614
1.55086
1.53697
1.49709
1.41498
1.27026
1.13691
1.06869
1.09279
1.12416
1.15441
1.17221
1.18896
1.20628
1.22392
1.24107
1.25867
1.27701
1.29644
1.31652
1.33585
1.35418
1.37082
1.38635
1.4019
1.4175
1.43342
1.44991
1.46726
1.4857
1.5054
1.52634
1.54853
1.57188
1.59626
1.62183
1.64802
1.67495
1.70159
1.72828
1.75338
1.7781
1.80352
1.82789
1.85217
1.87394
1.89596
1.91952
1.94223
1.96244
1.98219
1.99934
2.01682
2.0332
2.05018
2.06799
2.08955
2.11239
2.13667
2.14906
2.14751
2.14368
2.13138
2.10041
2.03213
1.91869
1.8348
1.73946
1.74731
1.75255
1.76808
1.7784
1.79038
1.79152
1.79262
1.79685
1.8025
1.80899
1.81646
1.82144
1.82749
1.83324
1.83829
1.84361
1.84902
1.85563
1.86299
1.87077
1.87926
1.8905
1.90196
2.78244
2.28652
1.953
1.55675
1.51172
1.49734
1.50697
1.52025
1.53384
1.55087
1.53745
1.49489
1.40924
1.26058
1.12567
1.05597
1.08023
1.11355
1.14499
1.16372
1.18164
1.20039
1.21948
1.23854
1.2566
1.27492
1.2937
1.31305
1.33294
1.35259
1.37147
1.38928
1.40539
1.42101
1.43663
1.45252
1.46882
1.4857
1.50334
1.52185
1.54141
1.56203
1.58389
1.60691
1.63104
1.65604
1.68181
1.70754
1.73274
1.75761
1.78161
1.80585
1.82983
1.85339
1.8757
1.89777
1.91965
1.93954
1.96041
1.9802
2.00011
2.01584
2.0323
2.04867
2.06628
2.08442
2.10453
2.13052
2.15243
2.17345
2.19232
2.18926
2.18522
2.16051
2.10766
2.03623
1.92642
1.85056
1.77527
1.78252
1.79449
1.80867
1.82724
1.83092
1.83414
1.83759
1.84273
1.84741
1.854
1.85973
1.86445
1.86753
1.87111
1.87494
1.88208
1.8897
1.89802
1.90687
1.91814
1.92845
2.85183
2.75111
2.22301
1.7973
1.56451
1.53491
1.52075
1.53837
1.55036
1.53996
1.49648
1.4065
1.25261
1.1074
1.04507
1.06976
1.10509
1.13781
1.1572
1.17446
1.19322
1.21362
1.23405
1.25453
1.27356
1.29255
1.31172
1.3311
1.3506
1.36994
1.38884
1.4066
1.42335
1.43923
1.45508
1.47109
1.48739
1.5041
1.52135
1.5392
1.5578
1.57722
1.59758
1.61888
1.64116
1.66451
1.68831
1.7125
1.73657
1.76052
1.78439
1.80792
1.83108
1.8545
1.87722
1.89821
1.91951
1.93787
1.95744
1.97731
1.99723
2.01597
2.03352
2.05121
2.0697
2.08947
2.11124
2.13457
2.15667
2.17925
2.20096
2.21803
2.22507
2.22674
2.2021
2.15896
2.10805
2.00485
1.92303
1.8271
1.82178
1.81803
1.83771
1.85178
1.86915
1.87321
1.87719
1.87986
1.88593
1.89173
1.89589
1.89948
1.90295
1.90636
1.9128
1.92092
1.92925
1.9371
1.94725
1.95579
2.95895
2.81519
2.48817
2.1168
1.71219
1.57527
1.54454
1.56131
1.5518
1.50318
1.4036
1.24325
1.08481
1.03852
1.06298
1.09884
1.13062
1.15416
1.16969
1.18688
1.20612
1.2272
1.24814
1.26864
1.28831
1.3078
1.32708
1.34627
1.36536
1.38433
1.40302
1.42124
1.43874
1.45574
1.47247
1.48938
1.50633
1.52341
1.54069
1.55826
1.57623
1.59475
1.61391
1.63392
1.65477
1.67643
1.69858
1.72111
1.74382
1.76666
1.78945
1.81253
1.8355
1.85825
1.88064
1.9026
1.92242
1.94214
1.962
1.98214
2.00306
2.02318
2.04362
2.06343
2.08213
2.10121
2.11969
2.13899
2.15838
2.17566
2.19268
2.20593
2.21944
2.23386
2.22542
2.21161
2.19551
2.16139
2.08734
1.97676
1.89887
1.82077
1.83249
1.84446
1.86404
1.87946
1.89701
1.90384
1.91031
1.91632
1.92327
1.92928
1.93483
1.94023
1.94453
1.95455
1.96326
1.97021
1.97958
1.98571
3.00333
2.93108
2.78025
2.36787
2.04777
1.644
1.58519
1.5611
1.50537
1.39268
1.21905
1.0518
1.03496
1.05807
1.09566
1.1295
1.15016
1.1637
1.17952
1.19809
1.21871
1.23888
1.25873
1.27764
1.29704
1.31682
1.33668
1.35636
1.37575
1.39503
1.41415
1.43297
1.45139
1.46962
1.48767
1.50605
1.52434
1.54249
1.55997
1.5772
1.5947
1.61257
1.63105
1.65019
1.66991
1.69024
1.71105
1.73228
1.75383
1.77584
1.79846
1.82112
1.84442
1.86693
1.88974
1.91175
1.93335
1.95354
1.97374
1.99439
2.01491
2.03469
2.05429
2.07132
2.08631
2.10063
2.11372
2.1268
2.14206
2.1567
2.16813
2.17883
2.19014
2.20237
2.21445
2.22785
2.22356
2.21989
2.17669
2.11983
2.01991
1.94722
1.86128
1.84626
1.84983
1.86802
1.8851
1.90284
1.92229
1.93249
1.94113
1.94933
1.95733
1.96498
1.97075
1.98074
1.99062
1.99869
2.0082
2.01249
3.00789
3.00684
2.8666
2.81782
2.31367
1.92218
1.68866
1.53744
1.38278
1.17744
0.97255
0.988107
1.02564
1.06855
1.11059
1.13124
1.14359
1.15793
1.17531
1.19616
1.21696
1.23794
1.25897
1.28015
1.3014
1.32224
1.34256
1.36248
1.38231
1.40215
1.42202
1.44192
1.46182
1.4818
1.50182
1.52222
1.54254
1.56246
1.58144
1.59964
1.61805
1.63676
1.65601
1.67565
1.69565
1.71595
1.73654
1.75741
1.77856
1.80025
1.82216
1.84478
1.86672
1.88879
1.9097
1.92982
1.94894
1.96598
1.98248
1.99891
2.0139
2.02845
2.04271
2.05352
2.06383
2.07417
2.0862
2.10005
2.11535
2.13082
2.14398
2.15654
2.16949
2.18395
2.19964
2.21528
2.22875
2.23493
2.22549
2.2056
2.1632
2.10497
1.99789
1.92383
1.85019
1.86031
1.87274
1.8904
1.90872
1.92033
1.9336
1.94702
1.96113
1.97552
1.98776
2.00012
2.01375
2.02444
2.03167
2.03354
3.01237
3.0079
2.97881
2.86077
2.68583
2.19147
1.91373
1.50752
1.24071
0.953679
0.977639
1.02002
1.06528
1.09834
1.12561
1.13466
1.14651
1.16237
1.18215
1.20234
1.22284
1.24331
1.26434
1.28618
1.30816
1.33002
1.35191
1.37367
1.39557
1.41769
1.44015
1.46291
1.48594
1.50925
1.53262
1.55637
1.58026
1.60278
1.62456
1.64384
1.6631
1.68255
1.70165
1.72066
1.73837
1.75542
1.77227
1.78881
1.80538
1.82186
1.83878
1.8551
1.87117
1.88664
1.9016
1.91575
1.92932
1.94266
1.95584
1.96896
1.9831
1.99739
2.01092
2.02191
2.0333
2.04521
2.05993
2.07582
2.09326
2.10928
2.12429
2.14024
2.15223
2.16548
2.17629
2.18542
2.19817
2.2122
2.21022
2.20228
2.16918
2.15589
2.08744
1.98659
1.91452
1.83644
1.84322
1.85575
1.87683
1.89626
1.91667
1.9314
1.94509
1.95928
1.97293
1.98699
2.00329
2.01992
2.02104
2.02079
3.01244
3.01169
3.00658
2.94839
2.83165
2.53001
1.95752
1.47641
1.01846
1.03698
1.09337
1.14264
1.18757
1.19695
1.2022
1.20594
1.21339
1.22374
1.23781
1.25392
1.27219
1.29308
1.3154
1.33864
1.36154
1.38434
1.40683
1.42919
1.45124
1.47305
1.49459
1.51594
1.53666
1.55709
1.57679
1.59632
1.61584
1.6337
1.65082
1.6654
1.67966
1.69433
1.70899
1.72299
1.73623
1.74877
1.76107
1.77368
1.78644
1.79951
1.81286
1.82625
1.83993
1.85406
1.86828
1.88292
1.89634
1.90957
1.92356
1.93755
1.95294
1.96846
1.98318
1.99582
2.00767
2.01957
2.03314
2.04744
2.06244
2.0782
2.08772
2.09467
2.09936
2.1024
2.10445
2.10715
2.11023
2.11919
2.12869
2.13874
2.12769
2.11495
2.08115
2.03827
1.94265
1.88037
1.80595
1.79935
1.8175
1.84388
1.87086
1.8986
1.91731
1.93591
1.95065
1.96768
1.98333
1.98407
1.98055
1.966
3.01196
3.01161
3.00551
2.97652
2.79955
2.39438
1.52063
0.787144
0.796769
0.883144
0.988786
1.06901
1.11971
1.13926
1.15907
1.1796
1.2
1.22081
1.24184
1.2633
1.28468
1.30738
1.33051
1.35312
1.37546
1.39615
1.41591
1.43512
1.45388
1.47203
1.48962
1.50687
1.52355
1.53994
1.55624
1.57263
1.58955
1.60589
1.62254
1.63667
1.65091
1.66566
1.68006
1.69463
1.70705
1.71903
1.7308
1.74283
1.75505
1.76753
1.78032
1.79332
1.80662
1.82027
1.83413
1.84783
1.86065
1.87392
1.88718
1.89967
1.9122
1.92456
1.93837
1.94822
1.95571
1.96306
1.97019
1.97727
1.98406
1.99116
1.99677
2.00125
2.00524
2.00897
2.01429
2.02029
2.028
2.03753
2.05113
2.06481
2.07705
2.08208
2.06903
2.03857
1.99327
1.91193
1.84481
1.77709
1.75469
1.77294
1.79888
1.82928
1.86154
1.88702
1.91262
1.92602
1.93886
1.93056
1.9075
1.86519
3.01259
3.01214
3.00923
2.97572
2.82449
2.30012
1.35362
0.415677
0.492312
0.617974
0.743397
0.841019
0.919871
0.973335
1.0195
1.06192
1.09753
1.12808
1.15571
1.18327
1.21004
1.23659
1.26188
1.28624
1.3097
1.3328
1.35513
1.37656
1.39727
1.41731
1.43654
1.4551
1.47313
1.49073
1.50757
1.52443
1.54159
1.55832
1.57392
1.58784
1.60142
1.61543
1.62862
1.64192
1.65364
1.66463
1.67523
1.68612
1.69644
1.707
1.71718
1.72719
1.73745
1.7471
1.75684
1.76682
1.77675
1.78604
1.79516
1.80499
1.81565
1.82403
1.83245
1.8405
1.84827
1.856
1.86366
1.87395
1.88468
1.89535
1.90554
1.91586
1.92571
1.93556
1.94586
1.95666
1.96846
1.98155
1.99628
2.01563
2.03307
2.05085
2.05569
2.04538
2.02152
1.97782
1.90924
1.83379
1.76943
1.72387
1.73831
1.76006
1.78664
1.8168
1.84479
1.85277
1.86381
1.8294
1.7693
1.69381
3.01259
3.01215
3.0095
2.9763
2.83193
2.30114
1.30315
0.293494
0.392882
0.449879
0.506769
0.571476
0.64289
0.712412
0.777461
0.837698
0.892217
0.941358
0.983847
1.02575
1.06321
1.09514
1.12652
1.15615
1.18343
1.20924
1.23346
1.25679
1.27831
1.29864
1.31769
1.33576
1.35252
1.36833
1.38312
1.39739
1.41159
1.42516
1.43797
1.45015
1.46225
1.47495
1.48741
1.50013
1.51251
1.52382
1.53525
1.54665
1.55752
1.56835
1.57941
1.59064
1.60215
1.61387
1.62581
1.63781
1.65022
1.66265
1.67541
1.6887
1.70225
1.71525
1.72866
1.74224
1.75578
1.76972
1.78392
1.79858
1.81381
1.82934
1.84488
1.86077
1.87553
1.89042
1.90514
1.92011
1.93539
1.95065
1.96694
1.9843
2.00618
2.02475
2.04669
2.04393
2.03945
2.01698
1.98106
1.92215
1.83513
1.76745
1.71199
1.72067
1.73426
1.74746
1.75369
1.75653
1.73095
1.67439
1.58707
1.49432
3.01262
3.01215
3.00965
2.97689
2.83512
2.30611
1.30587
0.323476
0.435161
0.470168
0.492921
0.521126
0.552607
0.58523
0.619762
0.656749
0.695728
0.7355
0.7752
0.81483
0.853835
0.890746
0.925855
0.958977
0.99022
1.01934
1.04732
1.07363
1.09955
1.12391
1.14746
1.17002
1.19181
1.21277
1.23301
1.25271
1.27194
1.29058
1.30854
1.32563
1.3426
1.35951
1.37593
1.39176
1.40663
1.42099
1.43518
1.44928
1.46317
1.47683
1.49025
1.50357
1.51678
1.53014
1.54351
1.5571
1.57096
1.58517
1.59995
1.61531
1.63134
1.64804
1.66529
1.6831
1.70134
1.71977
1.73849
1.75754
1.77672
1.7958
1.81441
1.83296
1.85019
1.86762
1.88397
1.90053
1.91767
1.93444
1.95208
1.97094
1.99066
2.01025
2.03212
2.05179
2.05295
2.05059
2.02468
1.99332
1.93921
1.85046
1.77767
1.71909
1.71281
1.70481
1.6826
1.64324
1.57444
1.47762
1.39052
1.36242
3.01262
3.01215
3.00965
2.97685
2.83447
2.30462
1.29406
0.298733
0.433686
0.458409
0.471903
0.496411
0.529098
0.561809
0.592229
0.622196
0.652612
0.683655
0.714997
0.746675
0.778908
0.811535
0.843855
0.875146
0.905133
0.934042
0.962003
0.989466
1.01639
1.0428
1.06875
1.09432
1.11924
1.14376
1.16769
1.19102
1.21383
1.23564
1.25692
1.27694
1.29599
1.31462
1.33274
1.34969
1.36545
1.38062
1.39536
1.40981
1.424
1.43803
1.45194
1.46573
1.47953
1.49341
1.50745
1.52179
1.53655
1.55186
1.56788
1.58478
1.60246
1.62086
1.63986
1.6595
1.67959
1.69993
1.7205
1.74108
1.76176
1.78174
1.80197
1.82055
1.83928
1.85821
1.87666
1.89387
1.91124
1.92926
1.94797
1.9676
1.98709
2.00562
2.02313
2.04315
2.05727
2.06536
2.06591
2.04296
2.01188
1.97179
1.87327
1.79313
1.71591
1.66228
1.6068
1.5188
1.42465
1.32956
1.3199
1.32433
3.01262
3.01216
3.00969
2.97721
2.83604
2.30969
1.30016
0.311429
0.443564
0.472055
0.480735
0.500606
0.527618
0.554242
0.580133
0.606968
0.635507
0.665446
0.696192
0.727507
0.759322
0.791362
0.823045
0.854269
0.884554
0.91421
0.94318
0.971445
0.999212
1.0263
1.05302
1.07931
1.1052
1.13072
1.15567
1.18017
1.20392
1.22696
1.24918
1.27031
1.29059
1.31049
1.32955
1.34722
1.36376
1.37936
1.3943
1.40858
1.42229
1.43565
1.44871
1.46172
1.47481
1.48804
1.50153
1.51539
1.52975
1.54473
1.56051
1.57711
1.59462
1.61296
1.63216
1.65215
1.67284
1.69394
1.71518
1.73632
1.7576
1.77792
1.79832
1.81752
1.83627
1.85556
1.87319
1.89133
1.90827
1.92601
1.94464
1.9647
1.98445
2.00428
2.02079
2.03793
2.05623
2.07049
2.08259
2.08183
2.05932
2.03347
1.9815
1.88598
1.76756
1.65827
1.53165
1.43234
1.32988
1.33305
1.3386
1.34461
3.01262
3.01216
3.00969
2.9772
2.83589
2.30952
1.29805
0.307013
0.443877
0.471004
0.477292
0.496476
0.52426
0.55248
0.579559
0.606841
0.635101
0.664352
0.69429
0.724835
0.755965
0.787449
0.818737
0.849632
0.879984
0.909768
0.939045
0.967825
0.996036
1.02359
1.05084
1.07762
1.10409
1.13007
1.15552
1.18029
1.20417
1.22712
1.24911
1.27013
1.29042
1.31024
1.32918
1.34671
1.36298
1.37828
1.39285
1.40665
1.41999
1.43289
1.44562
1.45833
1.47119
1.48426
1.49766
1.51152
1.52595
1.54109
1.55711
1.57404
1.59188
1.61056
1.63
1.65013
1.67102
1.69241
1.71392
1.73508
1.75642
1.77641
1.79646
1.81628
1.83529
1.85382
1.87218
1.89094
1.90837
1.92614
1.9446
1.96447
1.98362
2.00322
2.02286
2.03761
2.05183
2.07164
2.09324
2.09471
2.09108
2.0571
2.01821
1.91186
1.77231
1.58314
1.45645
1.32589
1.33141
1.34123
1.34883
1.3553
)
;

boundaryField
{
    inlet
    {
        type            calculated;
        value           uniform 3.01265;
    }
    outlet
    {
        type            calculated;
        value           nonuniform List<scalar> 
40
(
0.975525
1.17113
1.29988
1.39037
1.44984
1.48584
1.50709
1.52008
1.53032
1.5406
1.552
1.56506
1.57845
1.59563
1.61401
1.63592
1.66049
1.68649
1.71359
1.74169
1.7675
1.79434
1.8218
1.84813
1.87498
1.90196
1.92845
1.95579
1.98571
2.01249
2.03354
2.02079
1.966
1.86519
1.69381
1.49432
1.36242
1.32433
1.34461
1.3553
)
;
    }
    bottom
    {
        type            symmetryPlane;
    }
    top
    {
        type            symmetryPlane;
    }
    obstacle
    {
        type            calculated;
        value           nonuniform List<scalar> 
110
(
0.0241596
0.0644118
0.106597
0.148686
0.194115
0.241497
0.29689
0.369747
0.459353
0.639003
0.857688
0.420658
0.34626
0.167143
0.229415
0.0993053
0.358119
0.565585
0.714352
0.766582
0.775436
0.769484
0.764828
0.777432
0.820468
0.867991
0.902913
0.919399
0.923598
0.922136
0.920907
0.920577
0.924252
0.92793
0.933256
0.938076
0.940574
0.941006
0.93676
0.925777
0.913186
0.882983
0.847999
0.80527
0.762527
0.710256
0.65702
0.597907
0.543529
0.493258
0.436409
0.379678
0.318681
0.261651
0.215086
0.177428
0.121669
0.07005
0.0241332
0.0328585
0.0751289
0.119397
0.159697
0.198964
0.235482
0.269555
0.301706
0.332012
0.360577
0.387363
0.412651
0.436804
0.460003
0.482052
0.50326
0.523519
0.543121
0.56207
0.580269
0.597842
0.614599
0.630894
0.646497
0.661823
0.676626
0.691211
0.705261
0.719071
0.73238
0.745502
0.758213
0.770736
0.78285
0.794788
0.806381
0.817852
0.829153
0.840358
0.851518
0.862634
0.873765
0.884887
0.896062
0.907237
0.918512
0.929825
0.941486
0.954162
0.96501
0.975525
)
;
    }
    defaultFaces
    {
        type            empty;
    }
}


// ************************************************************************* //
