/*--------------------------------*- C++ -*----------------------------------*\
| =========                 |                                                 |
| \\      /  F ield         | OpenFOAM: The Open Source CFD Toolbox           |
|  \\    /   O peration     | Version:  v2106                                 |
|   \\  /    A nd           | Website:  www.openfoam.com                      |
|    \\/     M anipulation  |                                                 |
\*---------------------------------------------------------------------------*/
FoamFile
{
    version     2.0;
    format      ascii;
    arch        "LSB;label=32;scalar=64";
    class       volScalarField;
    location    "8";
    object      psi;
}
// * * * * * * * * * * * * * * * * * * * * * * * * * * * * * * * * * * * * * //

dimensions      [0 -2 2 0 0 0 0];

internalField   nonuniform List<scalar> 
5250
(
1.40845
1.40845
1.40845
1.40845
1.40845
1.40845
1.40845
1.40845
1.40844
1.40833
1.40735
1.39886
1.33207
1.06573
0.697111
0.469801
0.595012
0.614821
0.600779
0.595185
0.586571
0.576023
0.566915
0.558579
0.552949
1.40845
1.40845
1.40845
1.40845
1.40845
1.40845
1.40845
1.40845
1.40844
1.40833
1.40738
1.39915
1.33403
1.07058
0.701596
0.467265
0.59649
0.617451
0.603583
0.597829
0.588877
0.577806
0.568042
0.55934
0.553641
1.40845
1.40845
1.40845
1.40845
1.40845
1.40845
1.40845
1.40845
1.40844
1.40834
1.40745
1.39979
1.3385
1.08202
0.711911
0.461665
0.59498
0.621583
0.608533
0.60323
0.593969
0.581969
0.570955
0.561524
0.555689
1.40845
1.40845
1.40845
1.40845
1.40845
1.40845
1.40845
1.40845
1.40844
1.40835
1.40751
1.40053
1.34469
1.09902
0.727031
0.460082
0.586867
0.620359
0.611344
0.609849
0.601397
0.588296
0.575059
0.564416
0.558125
1.40845
1.40845
1.40845
1.40845
1.40845
1.40845
1.40845
1.40845
1.40844
1.40836
1.40765
1.40166
1.35236
1.12143
0.74764
0.458412
0.576107
0.61449
0.608352
0.612555
0.608952
0.597133
0.581622
0.568432
0.56133
1.40845
1.40845
1.40845
1.40845
1.40845
1.40845
1.40845
1.40845
1.40844
1.40839
1.40787
1.40326
1.36103
1.14892
0.774071
0.452707
0.561056
0.603803
0.601706
0.610432
0.610905
0.604402
0.590294
0.573727
0.565875
1.40845
1.40845
1.40845
1.40845
1.40845
1.40845
1.40845
1.40845
1.40845
1.4084
1.40798
1.40421
1.36868
1.17628
0.806544
0.450968
0.546569
0.588306
0.591492
0.605263
0.612355
0.611744
0.601341
0.582469
0.57187
1.40845
1.40845
1.40845
1.40845
1.40845
1.40845
1.40845
1.40845
1.40845
1.40841
1.40804
1.4048
1.37553
1.20417
0.842372
0.45986
0.544993
0.575214
0.580497
0.595321
0.610951
0.615535
0.610183
0.592493
0.582881
1.40845
1.40845
1.40845
1.40845
1.40845
1.40845
1.40845
1.40845
1.40845
1.40842
1.40813
1.40556
1.38221
1.23428
0.883269
0.477888
0.552528
0.563038
0.568108
0.58049
0.603152
0.620144
0.622285
0.606467
0.601289
1.40845
1.40845
1.40845
1.40845
1.40845
1.40845
1.40845
1.40845
1.40845
1.40842
1.4082
1.40619
1.38775
1.26262
0.929984
0.502577
0.563364
0.566586
0.569506
0.576558
0.592976
0.616608
0.631421
0.622994
0.644824
1.40845
1.40845
1.40845
1.40845
1.40845
1.40845
1.40845
1.40845
1.40845
1.40843
1.40823
1.40662
1.39245
1.29551
0.985593
0.531475
0.55255
0.582794
0.580876
0.579476
0.588224
0.612069
0.645898
0.669958
0.742074
1.40845
1.40845
1.40845
1.40845
1.40845
1.40845
1.40845
1.40845
1.40845
1.40844
1.40832
1.40726
1.39832
1.32901
1.05094
0.602516
0.538712
0.603183
0.599149
0.588273
0.590182
0.606003
0.640931
0.671092
0.796858
1.40845
1.40845
1.40845
1.40845
1.40845
1.40845
1.40845
1.40845
1.40845
1.40844
1.40838
1.40776
1.40245
1.35575
1.1306
0.747553
0.50357
0.627543
0.622023
0.604617
0.598641
0.608112
0.637399
0.670736
0.791224
1.40845
1.40845
1.40845
1.40845
1.40845
1.40845
1.40845
1.40845
1.40845
1.40845
1.4084
1.40801
1.40458
1.37261
1.19194
0.825792
0.481705
0.619665
0.629768
0.621679
0.611674
0.61619
0.638746
0.670167
0.769986
1.40845
1.40845
1.40845
1.40845
1.40845
1.40845
1.40845
1.40845
1.40845
1.40845
1.40842
1.40816
1.4059
1.3854
1.25137
0.909281
0.489264
0.603898
0.628443
0.635089
0.62903
0.628466
0.642192
0.66799
0.73895
1.40845
1.40845
1.40845
1.40845
1.40845
1.40845
1.40845
1.40845
1.40845
1.40845
1.40843
1.40826
1.40681
1.39407
1.30448
1.00057
0.524872
0.566259
0.63443
0.657266
0.652893
0.645184
0.650867
0.669647
0.715497
1.40845
1.40845
1.40845
1.40845
1.40845
1.40845
1.40845
1.40845
1.40845
1.40845
1.40844
1.40837
1.40773
1.40207
1.35421
1.11788
0.69163
0.519349
0.627096
0.655998
0.655831
0.654757
0.660926
0.674906
0.707676
1.40845
1.40845
1.40845
1.40845
1.40845
1.40845
1.40845
1.40845
1.40845
1.40845
1.40844
1.4084
1.408
1.40455
1.37456
1.20087
0.840668
0.501186
0.623586
0.64251
0.663718
0.665367
0.671817
0.683435
0.708525
1.40845
1.40845
1.40845
1.40845
1.40845
1.40845
1.40845
1.40845
1.40845
1.40845
1.40845
1.40842
1.4082
1.4063
1.39005
1.28181
0.955582
0.51451
0.590323
0.648087
0.679721
0.68357
0.688201
0.696443
0.713825
1.40845
1.40845
1.40845
1.40845
1.40845
1.40845
1.40845
1.40845
1.40845
1.40845
1.40845
1.40844
1.40835
1.40753
1.40044
1.34183
1.0745
0.592284
0.54553
0.643521
0.682075
0.685828
0.691955
0.701709
0.718303
1.40845
1.40845
1.40845
1.40845
1.40845
1.40845
1.40845
1.40845
1.40845
1.40845
1.40845
1.40844
1.40839
1.40795
1.40424
1.37437
1.20934
0.8229
0.509132
0.629073
0.663699
0.691117
0.69869
0.70777
0.722096
1.40845
1.40845
1.40845
1.40845
1.40845
1.40845
1.40845
1.40845
1.40845
1.40845
1.40845
1.40845
1.40843
1.40828
1.40684
1.39502
1.30462
0.963953
0.537683
0.586903
0.663496
0.698573
0.706885
0.716153
0.728249
1.40845
1.40845
1.40845
1.40845
1.40845
1.40845
1.40845
1.40845
1.40845
1.40845
1.40845
1.40845
1.40844
1.40836
1.40767
1.40218
1.35992
1.1548
0.72295
0.529241
0.656823
0.676603
0.703075
0.717703
0.732192
1.40845
1.40845
1.40845
1.40845
1.40845
1.40845
1.40845
1.40845
1.40845
1.40845
1.40845
1.40845
1.40845
1.40841
1.40822
1.40628
1.39085
1.27847
0.895207
0.536884
0.61768
0.678542
0.707022
0.719555
0.73377
1.40845
1.40845
1.40845
1.40845
1.40845
1.40845
1.40845
1.40845
1.40845
1.40845
1.40845
1.40845
1.40845
1.40843
1.40832
1.40739
1.40008
1.34503
1.10021
0.601269
0.564292
0.675136
0.695115
0.718662
0.734853
1.40845
1.40845
1.40845
1.40845
1.40845
1.40845
1.40845
1.40845
1.40845
1.40845
1.40845
1.40845
1.40845
1.40845
1.4084
1.4082
1.40605
1.38891
1.26766
0.837677
0.531505
0.632834
0.690121
0.720787
0.735402
1.40845
1.40845
1.40845
1.40845
1.40845
1.40845
1.40845
1.40845
1.40845
1.40845
1.40845
1.40845
1.40845
1.40845
1.40843
1.4083
1.40722
1.39908
1.33851
1.07867
0.576955
0.578742
0.682972
0.707399
0.732973
1.40845
1.40845
1.40845
1.40845
1.40845
1.40845
1.40845
1.40845
1.40845
1.40845
1.40845
1.40845
1.40845
1.40845
1.40844
1.40832
1.4083
1.40617
1.38856
1.26815
0.826402
0.533942
0.635097
0.695776
0.731235
1.40845
1.40845
1.40845
1.40845
1.40845
1.40845
1.40845
1.40845
1.40845
1.40845
1.40845
1.40845
1.40845
1.40845
1.40845
1.40843
1.4083
1.40724
1.39945
1.3411
1.0825
0.588445
0.58084
0.686855
0.709597
1.40845
1.40845
1.40845
1.40845
1.40845
1.40845
1.40845
1.40845
1.40845
1.40845
1.40845
1.40845
1.40845
1.40845
1.40845
1.40844
1.40836
1.40845
1.4065
1.38936
1.27613
0.856718
0.550895
0.634099
0.708213
1.40845
1.40845
1.40845
1.40845
1.40845
1.40845
1.40845
1.40845
1.40845
1.40845
1.40845
1.40845
1.40845
1.40845
1.40845
1.40845
1.40843
1.40833
1.40745
1.40078
1.34947
1.10913
0.651156
0.575214
0.685826
1.40845
1.40845
1.40845
1.40845
1.40845
1.40845
1.40845
1.40845
1.40845
1.40845
1.40845
1.40845
1.40845
1.40845
1.40845
1.40845
1.40845
1.40847
1.40887
1.40743
1.39403
1.29711
0.924598
0.576801
0.626427
1.40845
1.40845
1.40845
1.40845
1.40845
1.40845
1.40845
1.40845
1.40845
1.40845
1.40845
1.40845
1.40845
1.40845
1.40845
1.40845
1.40845
1.40844
1.40835
1.40764
1.40234
1.36226
1.15089
0.730531
0.570932
1.40845
1.40845
1.40845
1.40845
1.40845
1.40845
1.40845
1.40845
1.40845
1.40845
1.40845
1.40845
1.40845
1.40845
1.40845
1.40845
1.40845
1.40845
1.40842
1.40836
1.40747
1.39803
1.32604
1.04604
0.612492
1.40845
1.40845
1.40845
1.40845
1.40845
1.40845
1.40845
1.40845
1.40845
1.40845
1.40845
1.40845
1.40845
1.40845
1.40845
1.40845
1.40845
1.40845
1.40844
1.40837
1.40783
1.40321
1.395
1.30854
0.857201
1.40845
1.40845
1.40845
1.40845
1.40845
1.40845
1.40845
1.40845
1.40845
1.40845
1.40845
1.40845
1.40845
1.40845
1.40845
1.40845
1.40845
1.40845
1.40845
1.40843
1.40833
1.4074
1.40073
1.35353
1.11079
1.40845
1.40845
1.40845
1.40845
1.40845
1.40845
1.40845
1.40845
1.40845
1.40845
1.40845
1.40845
1.40845
1.40845
1.40845
1.40845
1.40845
1.40845
1.40845
1.40845
1.40841
1.40818
1.4067
1.3965
1.3177
1.40845
1.40845
1.40845
1.40845
1.40845
1.40845
1.40845
1.40845
1.40845
1.40845
1.40845
1.40845
1.40845
1.40845
1.40845
1.40845
1.40845
1.40845
1.40845
1.40845
1.40845
1.40838
1.40779
1.40304
1.40726
1.40845
1.40845
1.40845
1.40845
1.40845
1.40845
1.40845
1.40845
1.40845
1.40845
1.40845
1.40845
1.40845
1.40845
1.40845
1.40845
1.40845
1.40845
1.40845
1.40845
1.40845
1.40842
1.40836
1.40761
1.40127
1.40845
1.40845
1.40845
1.40845
1.40845
1.40845
1.40845
1.40845
1.40845
1.40845
1.40845
1.40845
1.40845
1.40845
1.40845
1.40845
1.40845
1.40845
1.40845
1.40845
1.40845
1.40845
1.40841
1.4082
1.40693
1.40845
1.40845
1.40845
1.40845
1.40845
1.40845
1.40845
1.40845
1.40845
1.40845
1.40845
1.40845
1.40845
1.40845
1.40845
1.40845
1.40845
1.40845
1.40845
1.40845
1.40845
1.40845
1.40845
1.40853
1.40811
1.40845
1.40845
1.40845
1.40845
1.40845
1.40845
1.40845
1.40845
1.40845
1.40845
1.40845
1.40845
1.40845
1.40845
1.40845
1.40845
1.40845
1.40845
1.40845
1.40845
1.40845
1.40845
1.40845
1.40844
1.40835
1.40845
1.40845
1.40845
1.40845
1.40845
1.40845
1.40845
1.40845
1.40845
1.40845
1.40845
1.40845
1.40845
1.40845
1.40845
1.40845
1.40845
1.40845
1.40845
1.40845
1.40845
1.40845
1.40845
1.40845
1.40843
1.40845
1.40845
1.40845
1.40845
1.40845
1.40845
1.40845
1.40845
1.40845
1.40845
1.40845
1.40845
1.40845
1.40845
1.40845
1.40845
1.40845
1.40845
1.40845
1.40845
1.40845
1.40845
1.40845
1.40844
1.40839
1.40845
1.40845
1.40845
1.40845
1.40845
1.40845
1.40845
1.40845
1.40845
1.40845
1.40845
1.40845
1.40845
1.40845
1.40845
1.40845
1.40845
1.40845
1.40845
1.40845
1.40845
1.40845
1.40845
1.40845
1.40844
1.40845
1.40845
1.40845
1.40845
1.40845
1.40845
1.40845
1.40845
1.40845
1.40845
1.40845
1.40845
1.40845
1.40845
1.40845
1.40845
1.40845
1.40845
1.40845
1.40845
1.40845
1.40845
1.40845
1.40845
1.40845
1.40845
1.40845
1.40845
1.40845
1.40845
1.40845
1.40845
1.40845
1.40845
1.40845
1.40845
1.40845
1.40845
1.40845
1.40845
1.40845
1.40845
1.40845
1.40845
1.40845
1.40845
1.40845
1.40845
1.40845
1.40845
1.40845
1.40845
1.40845
1.40845
1.40845
1.40845
1.40845
1.40845
1.40845
1.40845
1.40845
1.40845
1.40845
1.40845
1.40845
1.40845
1.40845
1.40845
1.40845
1.40845
1.40845
1.40845
1.40845
1.40845
1.40845
1.40845
1.40845
1.40845
1.40845
1.40845
1.40845
1.40845
1.40845
1.40845
1.40845
1.40845
1.40845
1.40845
1.40845
1.40845
1.40845
1.40845
1.40845
1.40845
1.40845
1.40845
1.40845
1.40845
1.40845
1.40845
1.40845
1.40845
1.40845
1.40845
1.40845
1.40845
1.40845
1.40845
1.40845
1.40845
1.40845
1.40845
1.40845
1.40845
1.40845
1.40845
1.40845
1.40845
1.40845
1.40845
1.40845
1.40845
1.40845
1.40845
1.40845
0.671687
0.601581
0.529396
0.53066
0.533007
0.517939
0.513009
0.510352
0.551811
0.56179
0.563864
0.564598
0.562471
0.559824
0.556558
0.569272
0.58166
0.587529
0.588715
0.588694
0.587886
0.587643
0.587084
0.586949
0.586833
0.5883
0.588848
0.588996
0.588785
0.589237
0.587551
0.587387
0.585533
0.579128
0.573259
0.568026
0.558025
0.549842
0.541438
0.534973
0.529266
0.522251
0.516822
0.51099
0.507262
0.505421
0.503806
0.50136
0.500654
0.498176
0.500077
0.501642
0.503637
0.505663
0.507517
0.509607
0.512001
0.51445
0.516952
0.5194
0.521784
0.524234
0.526579
0.528963
0.531263
0.533594
0.53588
0.538146
0.540421
0.542594
0.544771
0.546837
0.548904
0.550944
0.553012
0.55505
0.557116
0.559127
0.561166
0.563154
0.565171
0.567089
0.569025
0.57087
0.572742
0.574576
0.576439
0.578321
0.580235
0.582191
0.584178
0.586218
0.588285
0.590408
0.592564
0.594847
0.597178
0.600819
0.601306
0.599554
0.672074
0.616343
0.566305
0.534815
0.522553
0.505499
0.490177
0.477333
0.518711
0.525641
0.52879
0.514866
0.511619
0.507472
0.5061
0.519759
0.527028
0.530992
0.531405
0.531055
0.530636
0.530198
0.529719
0.52937
0.528761
0.529777
0.531723
0.532008
0.531483
0.531954
0.529245
0.527548
0.525596
0.520391
0.517034
0.515484
0.507932
0.504136
0.498144
0.494892
0.492305
0.490494
0.480982
0.483225
0.48682
0.489917
0.491917
0.495733
0.498525
0.502783
0.508649
0.514441
0.519585
0.524999
0.529493
0.534144
0.53908
0.543563
0.548088
0.552356
0.556089
0.559841
0.563633
0.567254
0.570683
0.57415
0.57771
0.58119
0.584463
0.587286
0.590057
0.592585
0.595095
0.597527
0.599993
0.602376
0.604777
0.6071
0.609446
0.611777
0.614151
0.616484
0.618859
0.621173
0.623531
0.625826
0.628135
0.630435
0.632705
0.635015
0.637229
0.639479
0.641628
0.643803
0.645933
0.648131
0.65045
0.654195
0.654459
0.652092
0.747956
0.68178
0.621977
0.570079
0.549193
0.532906
0.528615
0.507542
0.491129
0.487547
0.484709
0.490658
0.507051
0.501027
0.498318
0.486762
0.503098
0.508787
0.509303
0.508324
0.507824
0.507781
0.507836
0.507822
0.508188
0.508388
0.508676
0.508884
0.508553
0.508624
0.506284
0.505614
0.503842
0.497633
0.494351
0.492982
0.488855
0.476569
0.477885
0.479669
0.478997
0.482765
0.489711
0.49905
0.510101
0.521785
0.531796
0.543685
0.550727
0.558112
0.566285
0.573664
0.58039
0.587508
0.591927
0.596446
0.601175
0.605834
0.610512
0.615165
0.61914
0.622676
0.626258
0.629843
0.63323
0.63651
0.639834
0.643209
0.646517
0.649769
0.653097
0.656142
0.659036
0.661655
0.664141
0.666402
0.668626
0.67082
0.673051
0.675297
0.677583
0.679833
0.682112
0.684356
0.686628
0.688867
0.691125
0.693409
0.695726
0.698102
0.700531
0.703019
0.705557
0.708043
0.710464
0.712894
0.715466
0.719424
0.720218
0.71738
0.805706
0.76902
0.716579
0.648903
0.601417
0.577611
0.582629
0.565918
0.539231
0.514527
0.500542
0.49639
0.499313
0.505782
0.513069
0.500539
0.493861
0.494577
0.496059
0.50003
0.511853
0.514658
0.512166
0.511245
0.510524
0.510624
0.510855
0.511294
0.510849
0.512002
0.507004
0.501327
0.492742
0.485851
0.485286
0.482348
0.484406
0.489546
0.501415
0.515727
0.529292
0.543733
0.559619
0.566858
0.579302
0.588894
0.597767
0.60446
0.611747
0.617518
0.623703
0.628788
0.635074
0.641027
0.645252
0.649324
0.653248
0.657504
0.661116
0.664738
0.668284
0.671588
0.675005
0.678551
0.681607
0.684335
0.687134
0.690015
0.692985
0.695987
0.699008
0.702042
0.704998
0.707766
0.710467
0.713016
0.71539
0.717578
0.719741
0.721856
0.723974
0.726087
0.728218
0.730384
0.732588
0.73483
0.737115
0.739443
0.741826
0.74425
0.746713
0.749198
0.75171
0.754234
0.756831
0.75951
0.762422
0.766617
0.768406
0.765146
0.80408
0.801434
0.777529
0.734473
0.688209
0.641446
0.654007
0.642181
0.614894
0.581538
0.548049
0.532347
0.519433
0.520399
0.524855
0.524812
0.518514
0.510127
0.504144
0.501103
0.502083
0.50462
0.507859
0.510047
0.512466
0.514103
0.513512
0.514374
0.514677
0.511452
0.507615
0.501709
0.49765
0.500929
0.509337
0.520919
0.533696
0.550982
0.56739
0.581903
0.595065
0.609106
0.624805
0.633136
0.643625
0.648391
0.654063
0.659514
0.663765
0.667395
0.671252
0.675909
0.679687
0.683576
0.687731
0.691
0.693199
0.695953
0.699144
0.701928
0.704945
0.708105
0.710921
0.713766
0.716601
0.719496
0.722653
0.725555
0.727721
0.729944
0.732308
0.73484
0.73755
0.74041
0.74352
0.74645
0.748772
0.750917
0.753054
0.755156
0.757217
0.759275
0.761362
0.763493
0.765678
0.767914
0.770208
0.772543
0.774914
0.777306
0.779743
0.782229
0.784786
0.787409
0.79013
0.792943
0.795978
0.799929
0.802747
0.799369
0.785918
0.806961
0.802327
0.78003
0.755032
0.723823
0.722147
0.714913
0.686094
0.650268
0.616859
0.593194
0.570378
0.560076
0.559543
0.556039
0.5479
0.538416
0.529102
0.522086
0.515581
0.512804
0.512267
0.51284
0.513837
0.515226
0.51604
0.515511
0.514449
0.510533
0.510558
0.512575
0.518827
0.529461
0.545857
0.572162
0.593344
0.62074
0.636615
0.650925
0.666394
0.67614
0.687298
0.690957
0.692638
0.696226
0.701909
0.704199
0.703749
0.704813
0.706967
0.70939
0.713603
0.716303
0.718158
0.719873
0.721701
0.723902
0.726581
0.728757
0.730708
0.733233
0.73612
0.739139
0.742055
0.744496
0.746616
0.748461
0.750498
0.752758
0.755154
0.757623
0.760141
0.762709
0.765347
0.767901
0.7704
0.772862
0.775214
0.777459
0.779555
0.781572
0.783601
0.785674
0.7878
0.789997
0.792272
0.79462
0.797049
0.79955
0.802144
0.804824
0.807561
0.810236
0.812944
0.815711
0.818724
0.822405
0.826157
0.822699
0.759805
0.79886
0.803852
0.79682
0.791217
0.775936
0.778144
0.784258
0.767306
0.739001
0.707529
0.680779
0.654823
0.629283
0.617424
0.608595
0.596267
0.583807
0.570503
0.560099
0.548868
0.541154
0.533527
0.529964
0.526231
0.52536
0.523484
0.519249
0.517729
0.51826
0.521008
0.531217
0.554363
0.589954
0.626096
0.661744
0.684027
0.707743
0.718579
0.72743
0.732207
0.732417
0.732158
0.730332
0.727572
0.731037
0.735389
0.734457
0.737302
0.736666
0.733699
0.732739
0.734727
0.737593
0.739449
0.740677
0.741916
0.742996
0.744061
0.74616
0.748308
0.750451
0.753171
0.755004
0.756852
0.758767
0.760807
0.763127
0.765301
0.767349
0.769416
0.771577
0.773879
0.776333
0.778969
0.781726
0.7842
0.786429
0.788596
0.790659
0.792667
0.794682
0.796742
0.798874
0.801084
0.803376
0.805737
0.808159
0.810653
0.813217
0.815859
0.818559
0.821306
0.824097
0.82695
0.829904
0.833104
0.836961
0.840979
0.837323
0.741892
0.783771
0.795149
0.802632
0.801636
0.801804
0.808853
0.825279
0.822607
0.809169
0.78375
0.757838
0.735408
0.715934
0.695227
0.689521
0.67604
0.656601
0.635656
0.6189
0.600534
0.589772
0.577189
0.567803
0.557478
0.550341
0.542974
0.535271
0.529659
0.536397
0.552034
0.583
0.632497
0.674649
0.714052
0.742718
0.76532
0.779675
0.793394
0.797537
0.798008
0.796135
0.791137
0.782949
0.770513
0.757138
0.745668
0.751543
0.757887
0.756697
0.755359
0.750704
0.74865
0.749722
0.752288
0.755112
0.755331
0.755491
0.756059
0.757192
0.759836
0.760661
0.762174
0.763985
0.76615
0.76879
0.770776
0.7724
0.774022
0.775876
0.777989
0.780292
0.782739
0.785207
0.787534
0.789663
0.791806
0.793975
0.796132
0.798204
0.800234
0.802287
0.804393
0.806553
0.808786
0.811105
0.813507
0.81599
0.818547
0.821181
0.823909
0.826747
0.829663
0.83252
0.835378
0.838301
0.841446
0.845275
0.849396
0.845685
0.737658
0.767791
0.780828
0.798763
0.799899
0.805733
0.818045
0.836276
0.857904
0.854731
0.843025
0.826147
0.807785
0.790932
0.778721
0.765537
0.760661
0.745946
0.724178
0.703446
0.682728
0.662778
0.646049
0.630126
0.612671
0.597307
0.571992
0.557827
0.560241
0.577137
0.608355
0.662081
0.720414
0.753151
0.780123
0.800399
0.818703
0.831208
0.845647
0.849188
0.853399
0.852035
0.848349
0.838806
0.824427
0.807635
0.785659
0.755979
0.75579
0.762063
0.766876
0.766478
0.764288
0.758849
0.759092
0.761547
0.762889
0.763784
0.764526
0.764966
0.765098
0.765889
0.768141
0.772038
0.773386
0.774401
0.775514
0.776996
0.778979
0.781442
0.78409
0.786158
0.788031
0.78994
0.792007
0.794286
0.796537
0.798653
0.800755
0.802827
0.804898
0.806991
0.809137
0.811352
0.813657
0.816052
0.818509
0.821028
0.823623
0.826317
0.829102
0.831969
0.834851
0.837702
0.840564
0.843498
0.846663
0.850533
0.854772
0.850993
0.738753
0.761697
0.77268
0.789679
0.795241
0.804222
0.816729
0.835445
0.857616
0.872466
0.871521
0.86332
0.853411
0.844866
0.834253
0.826523
0.827762
0.822062
0.807681
0.786709
0.768461
0.750389
0.732862
0.714666
0.691308
0.666393
0.623553
0.584437
0.605779
0.63406
0.678434
0.741406
0.775533
0.801044
0.823376
0.840341
0.853658
0.865023
0.877926
0.886683
0.891339
0.892043
0.890302
0.882743
0.87294
0.85745
0.834987
0.8113
0.783833
0.747453
0.756053
0.773684
0.772762
0.770873
0.767988
0.764859
0.765521
0.766511
0.767535
0.76928
0.769888
0.770572
0.7715
0.773597
0.775414
0.777041
0.779275
0.782139
0.78458
0.786223
0.787617
0.789141
0.790965
0.79307
0.795501
0.798058
0.800217
0.802232
0.804283
0.806374
0.808518
0.810729
0.813014
0.815369
0.817773
0.820209
0.822679
0.825219
0.827819
0.830472
0.833165
0.835923
0.838739
0.841598
0.844486
0.847458
0.850682
0.854633
0.859063
0.855231
0.740772
0.757963
0.771841
0.780495
0.789342
0.79946
0.812212
0.83077
0.853268
0.870523
0.882178
0.879458
0.875581
0.868646
0.865848
0.866815
0.866181
0.8647
0.863581
0.854593
0.839188
0.824097
0.807286
0.785712
0.757483
0.712144
0.627645
0.637144
0.659756
0.690948
0.737332
0.780326
0.805973
0.828696
0.849011
0.865929
0.881496
0.894489
0.902468
0.90655
0.911089
0.915252
0.913403
0.909476
0.905143
0.895413
0.882164
0.864606
0.836952
0.805639
0.769855
0.749907
0.759479
0.771035
0.775967
0.775562
0.773571
0.770914
0.770878
0.77258
0.776077
0.775853
0.77596
0.776823
0.779264
0.782348
0.785532
0.786947
0.787985
0.789286
0.791053
0.793296
0.795779
0.798508
0.800679
0.802444
0.804148
0.805919
0.807813
0.80989
0.812197
0.814669
0.817158
0.819557
0.821953
0.824371
0.826806
0.8293
0.831876
0.834531
0.837257
0.840045
0.842887
0.845742
0.84863
0.851633
0.854918
0.858934
0.863463
0.859538
0.744871
0.758814
0.773607
0.779721
0.788279
0.794439
0.805135
0.82224
0.843275
0.863812
0.879879
0.885786
0.8854
0.883526
0.882788
0.881352
0.88314
0.891703
0.900631
0.896609
0.883701
0.871919
0.857235
0.834784
0.79542
0.730355
0.641289
0.680162
0.701238
0.729826
0.769665
0.792844
0.813202
0.834047
0.854206
0.873554
0.891242
0.904719
0.913208
0.92296
0.924488
0.923322
0.920393
0.922115
0.922563
0.919514
0.914174
0.90429
0.887884
0.867346
0.837305
0.79887
0.748683
0.757534
0.775553
0.785068
0.782884
0.783463
0.78096
0.781702
0.782253
0.78286
0.784063
0.784975
0.786274
0.788135
0.790017
0.792282
0.793964
0.79598
0.798219
0.800262
0.802207
0.804182
0.806227
0.807937
0.809705
0.811719
0.814021
0.816538
0.819057
0.821365
0.823565
0.825774
0.828033
0.830353
0.832772
0.835297
0.837857
0.840396
0.842964
0.845575
0.848284
0.851109
0.854031
0.857062
0.860296
0.864192
0.868572
0.864467
0.750029
0.76129
0.774468
0.780796
0.788729
0.792765
0.800782
0.81372
0.830966
0.850512
0.871782
0.883214
0.887641
0.889013
0.88708
0.888678
0.893589
0.902679
0.909321
0.919094
0.910631
0.901162
0.884255
0.850453
0.789897
0.682903
0.680088
0.704446
0.722241
0.747211
0.776234
0.794746
0.812832
0.831053
0.84934
0.865226
0.881244
0.89194
0.903499
0.912477
0.91924
0.927266
0.929493
0.930117
0.928383
0.927802
0.928977
0.928446
0.925392
0.916226
0.895869
0.865881
0.828564
0.782841
0.758346
0.773872
0.78253
0.794553
0.793259
0.792861
0.789382
0.791318
0.791754
0.792739
0.794184
0.796724
0.798686
0.801134
0.803278
0.805095
0.807444
0.809398
0.811168
0.812927
0.814798
0.816849
0.819168
0.821749
0.82408
0.826112
0.828144
0.830238
0.832427
0.834706
0.837145
0.839786
0.842391
0.844791
0.847065
0.849346
0.851703
0.854198
0.856865
0.859604
0.862339
0.865137
0.868132
0.871823
0.875924
0.871519
0.751836
0.763891
0.776551
0.783797
0.790353
0.794231
0.801435
0.811478
0.824689
0.840237
0.856432
0.876315
0.88241
0.885837
0.889676
0.893361
0.897187
0.902659
0.915387
0.919415
0.91307
0.904191
0.879086
0.826831
0.749795
0.678189
0.716017
0.724301
0.737918
0.755392
0.775381
0.790922
0.806785
0.822715
0.836404
0.851497
0.862599
0.873879
0.88593
0.894529
0.903399
0.913936
0.925351
0.930384
0.932455
0.933773
0.93747
0.941296
0.94458
0.941943
0.934274
0.919565
0.897825
0.863422
0.822343
0.765111
0.77009
0.790884
0.795716
0.803096
0.801754
0.800772
0.797599
0.798616
0.799281
0.801363
0.803911
0.806608
0.808987
0.810441
0.812389
0.815448
0.818075
0.820053
0.82212
0.824308
0.826678
0.829311
0.831908
0.834083
0.836315
0.838715
0.841366
0.844249
0.847289
0.849705
0.851713
0.853764
0.855907
0.858184
0.860637
0.863242
0.866036
0.86893
0.871742
0.8746
0.87764
0.881371
0.885514
0.880888
0.753543
0.766319
0.778486
0.787699
0.792368
0.796822
0.80275
0.81102
0.822314
0.836116
0.848229
0.865634
0.874807
0.879168
0.886547
0.891729
0.896706
0.903311
0.915786
0.912293
0.90635
0.891793
0.851079
0.779386
0.681543
0.703683
0.728212
0.739289
0.74747
0.75715
0.769089
0.782754
0.798412
0.811056
0.823379
0.836507
0.847518
0.85965
0.86993
0.879582
0.891019
0.904537
0.910388
0.917105
0.92765
0.935868
0.94574
0.952299
0.950686
0.951096
0.955439
0.952358
0.944643
0.924925
0.897148
0.856116
0.808358
0.767094
0.782849
0.794437
0.813189
0.808499
0.808366
0.804632
0.805552
0.807298
0.809383
0.810055
0.810793
0.812197
0.814106
0.816574
0.819667
0.82231
0.824116
0.826291
0.828955
0.831684
0.834315
0.836527
0.838697
0.840977
0.843444
0.846002
0.848626
0.851335
0.854028
0.85665
0.859306
0.862032
0.864891
0.867857
0.870951
0.874134
0.877161
0.880198
0.883422
0.887339
0.891931
0.887462
0.752796
0.767023
0.778548
0.78953
0.793763
0.798601
0.804102
0.811433
0.82101
0.832667
0.845488
0.856465
0.871301
0.878925
0.881727
0.889078
0.897315
0.903953
0.904282
0.900586
0.891754
0.860214
0.798731
0.698173
0.708952
0.734366
0.738284
0.743164
0.748477
0.755318
0.764165
0.774521
0.786293
0.798588
0.811131
0.822678
0.834638
0.846911
0.857091
0.868492
0.882029
0.890586
0.899202
0.911077
0.924264
0.934326
0.938056
0.944407
0.953131
0.963916
0.969485
0.966151
0.966768
0.961692
0.950246
0.923762
0.887016
0.842237
0.780306
0.780849
0.801305
0.804984
0.817761
0.816368
0.814557
0.811852
0.811641
0.811873
0.813768
0.816647
0.819036
0.820977
0.82269
0.824637
0.82661
0.829103
0.83261
0.83515
0.837164
0.839224
0.841438
0.843993
0.846795
0.849366
0.851796
0.854269
0.856914
0.859765
0.8627
0.865699
0.868851
0.872255
0.875689
0.878779
0.881753
0.884797
0.888096
0.89211
0.89691
0.892332
0.751073
0.768731
0.7797
0.791479
0.795426
0.800422
0.805713
0.8127
0.820946
0.830162
0.841217
0.852896
0.866858
0.875884
0.879801
0.887117
0.897458
0.896961
0.892012
0.884299
0.8576
0.804612
0.710492
0.712082
0.734785
0.738926
0.740916
0.743129
0.746409
0.751576
0.758773
0.767677
0.777669
0.788843
0.800987
0.812954
0.825421
0.83732
0.848191
0.860869
0.87193
0.881517
0.893123
0.907466
0.914678
0.921835
0.931811
0.942688
0.954453
0.96688
0.973725
0.972628
0.975761
0.975133
0.973797
0.964777
0.947974
0.920129
0.879817
0.833067
0.77412
0.785355
0.800246
0.81663
0.824577
0.821916
0.820539
0.818135
0.818713
0.820207
0.824299
0.82539
0.826739
0.828464
0.830511
0.832987
0.83615
0.839615
0.841511
0.843614
0.846061
0.8488
0.851787
0.854422
0.857189
0.859687
0.862186
0.864773
0.867551
0.870443
0.873539
0.876802
0.879857
0.882823
0.885903
0.889143
0.8927
0.896953
0.902062
0.897434
0.747265
0.765381
0.779271
0.792504
0.797452
0.801087
0.806816
0.813715
0.821376
0.82982
0.839405
0.850519
0.864859
0.87271
0.880788
0.891446
0.889501
0.885604
0.879586
0.855081
0.804501
0.714387
0.70815
0.729015
0.738179
0.739408
0.740907
0.742752
0.745769
0.750361
0.756586
0.764513
0.77374
0.783863
0.794844
0.806657
0.818945
0.830423
0.842549
0.855044
0.864661
0.876373
0.890419
0.897998
0.905728
0.916782
0.92888
0.938537
0.947382
0.955089
0.963409
0.971339
0.980394
0.981287
0.983327
0.982148
0.980345
0.970936
0.947667
0.910104
0.866241
0.806734
0.782109
0.803253
0.81096
0.830806
0.82942
0.826753
0.822889
0.823644
0.824493
0.826167
0.828567
0.832006
0.83398
0.835607
0.837613
0.840388
0.843794
0.84694
0.849497
0.852011
0.854553
0.857188
0.860063
0.863416
0.866421
0.868938
0.871551
0.874273
0.877173
0.880275
0.883431
0.886567
0.889724
0.893054
0.896698
0.901048
0.906363
0.901664
0.741049
0.759729
0.778475
0.793322
0.799911
0.801559
0.806571
0.813342
0.821112
0.829545
0.838324
0.847696
0.860088
0.872685
0.889489
0.888456
0.881948
0.874536
0.852907
0.806697
0.723332
0.70223
0.726827
0.733221
0.73989
0.742333
0.744698
0.747323
0.750442
0.754337
0.759325
0.765591
0.773471
0.782608
0.792829
0.803653
0.814901
0.826041
0.83811
0.848385
0.859423
0.870477
0.879781
0.889815
0.901168
0.91464
0.921557
0.930281
0.937733
0.946027
0.955024
0.963801
0.972158
0.980246
0.990104
0.990955
0.992559
0.989366
0.983175
0.96829
0.940434
0.898767
0.851079
0.791741
0.795709
0.815317
0.821822
0.837194
0.835008
0.831986
0.829124
0.829928
0.831414
0.834603
0.838816
0.84196
0.843421
0.84524
0.847616
0.849969
0.852317
0.855204
0.858088
0.86073
0.863511
0.866544
0.869968
0.873367
0.876105
0.87896
0.881951
0.885127
0.8882
0.891286
0.894405
0.897786
0.901527
0.90589
0.911179
0.906433
0.735432
0.752646
0.77222
0.790191
0.802235
0.803592
0.806884
0.813688
0.82118
0.828989
0.837647
0.847146
0.857851
0.870308
0.885943
0.881168
0.872537
0.854457
0.809879
0.736519
0.698516
0.726724
0.730579
0.737056
0.743628
0.746195
0.748985
0.752221
0.755649
0.759319
0.763702
0.769063
0.775704
0.783649
0.793014
0.802944
0.813586
0.824842
0.835197
0.846067
0.857608
0.864775
0.874127
0.884824
0.897391
0.904986
0.913962
0.924669
0.932203
0.940053
0.948608
0.957411
0.967195
0.975518
0.983337
0.992376
0.995482
0.995132
0.999231
0.997051
0.985662
0.965077
0.934408
0.890503
0.845289
0.791938
0.804779
0.819029
0.841511
0.84458
0.841139
0.840062
0.838784
0.840384
0.84362
0.847777
0.852143
0.853261
0.854363
0.855444
0.856823
0.858969
0.862097
0.865246
0.868582
0.871931
0.875027
0.878158
0.880955
0.883812
0.886854
0.890248
0.893133
0.896224
0.89952
0.902965
0.906646
0.9111
0.916238
0.911356
0.714177
0.746975
0.763
0.782151
0.799511
0.804846
0.80693
0.814124
0.822498
0.828079
0.836097
0.845957
0.857812
0.874057
0.873489
0.866702
0.854558
0.815348
0.751754
0.690852
0.725617
0.727767
0.734217
0.743185
0.745944
0.749054
0.752855
0.756951
0.76055
0.764172
0.767989
0.772365
0.777704
0.784167
0.79183
0.800674
0.810441
0.820667
0.831294
0.842507
0.851636
0.861527
0.872194
0.881738
0.889768
0.898165
0.907661
0.916696
0.925962
0.935248
0.944781
0.953191
0.962452
0.97205
0.980867
0.988267
0.995163
1.00289
1.00917
1.00789
1.00491
1.0011
0.991188
0.9659
0.926814
0.879407
0.809256
0.804538
0.82956
0.834
0.851325
0.85006
0.846343
0.846701
0.847647
0.849983
0.853934
0.858023
0.860006
0.860651
0.861667
0.863451
0.866683
0.870517
0.875215
0.877577
0.879818
0.882433
0.885366
0.888391
0.891595
0.895401
0.898728
0.901864
0.905299
0.908872
0.912526
0.916886
0.922029
0.917039
0.713682
0.734303
0.757047
0.77243
0.792326
0.806807
0.808323
0.81305
0.822808
0.828176
0.834417
0.843524
0.857924
0.865937
0.858197
0.847769
0.814309
0.755107
0.686029
0.719767
0.725543
0.733177
0.74287
0.744618
0.747474
0.751375
0.756352
0.760567
0.763982
0.767469
0.771084
0.775085
0.779671
0.785189
0.791611
0.799159
0.807384
0.816506
0.82596
0.835792
0.845883
0.857156
0.865247
0.874198
0.883802
0.893809
0.901977
0.910544
0.91931
0.928236
0.937645
0.947227
0.956217
0.965007
0.974975
0.981243
0.987945
0.995681
1.00305
1.0097
1.01111
1.01411
1.01292
1.00857
0.989717
0.955795
0.915466
0.86773
0.803213
0.812848
0.832886
0.843
0.859284
0.857217
0.853372
0.853932
0.85538
0.859552
0.862503
0.864813
0.867256
0.869972
0.873174
0.876869
0.880655
0.883572
0.885762
0.888332
0.891198
0.894281
0.8973
0.900633
0.904236
0.907984
0.91146
0.915001
0.918654
0.922943
0.928316
0.923189
0.676904
0.720261
0.755514
0.772914
0.786164
0.802438
0.811327
0.813722
0.823152
0.830206
0.835036
0.84185
0.852777
0.848913
0.840513
0.811269
0.755622
0.678396
0.701494
0.714676
0.736024
0.739556
0.740273
0.742784
0.746761
0.751831
0.757592
0.762035
0.765514
0.769043
0.772753
0.77659
0.780713
0.785384
0.790739
0.797023
0.804164
0.812237
0.820946
0.830213
0.839942
0.849107
0.85842
0.867884
0.877363
0.886753
0.896427
0.904968
0.913066
0.921646
0.930643
0.940153
0.950081
0.959204
0.968797
0.976365
0.983965
0.991859
0.998403
1.00578
1.0126
1.02128
1.02018
1.02076
1.0189
1.00647
0.984707
0.950365
0.903647
0.84518
0.814534
0.83523
0.843115
0.854714
0.866413
0.865795
0.863805
0.864485
0.866458
0.868776
0.870662
0.874318
0.880497
0.883155
0.885485
0.887876
0.890574
0.893678
0.896877
0.900273
0.903452
0.906789
0.910097
0.913701
0.917785
0.921448
0.925236
0.929568
0.934792
0.929588
0.631707
0.725487
0.745766
0.772583
0.783687
0.797422
0.809945
0.813262
0.819968
0.82925
0.839268
0.838892
0.836619
0.831056
0.806217
0.754385
0.673689
0.689582
0.704257
0.728548
0.734665
0.735689
0.738896
0.743206
0.748237
0.753692
0.758283
0.762091
0.765592
0.769093
0.772879
0.776823
0.780876
0.785279
0.790197
0.795771
0.802085
0.809135
0.81689
0.825193
0.834049
0.84317
0.852242
0.861524
0.870796
0.880515
0.889755
0.899057
0.907333
0.91591
0.924189
0.933082
0.942325
0.952345
0.959618
0.967401
0.974982
0.981893
0.988966
0.996195
1.00325
1.01058
1.02129
1.02472
1.03098
1.02679
1.0205
1.00665
0.979726
0.938258
0.890881
0.826392
0.828088
0.847982
0.855265
0.875835
0.875626
0.873094
0.873612
0.874259
0.875568
0.878034
0.883992
0.8901
0.891214
0.892568
0.894747
0.89762
0.901867
0.905805
0.909106
0.912593
0.915624
0.919015
0.922769
0.927413
0.931495
0.935917
0.940802
0.935792
0.5687
0.647405
0.735942
0.759682
0.778566
0.789309
0.802822
0.809853
0.813542
0.825827
0.834027
0.828328
0.818948
0.794415
0.746907
0.668183
0.679544
0.694885
0.720713
0.729964
0.730259
0.732944
0.736682
0.741213
0.746422
0.752448
0.758319
0.762953
0.76683
0.770022
0.773432
0.777121
0.781021
0.785156
0.78965
0.794659
0.800252
0.806547
0.813547
0.821191
0.829351
0.838087
0.847091
0.856245
0.865792
0.875184
0.884817
0.894077
0.903029
0.911877
0.92093
0.929505
0.938305
0.947293
0.955464
0.962878
0.971381
0.977863
0.984019
0.990793
0.998261
1.00621
1.01457
1.0241
1.03483
1.03452
1.03368
1.0318
1.02325
1.00322
0.971621
0.923139
0.873271
0.822108
0.835093
0.849326
0.864877
0.882566
0.882019
0.878854
0.879344
0.881407
0.884969
0.891521
0.895449
0.897966
0.899493
0.902115
0.90594
0.910015
0.913721
0.917869
0.922216
0.925584
0.92934
0.933493
0.937961
0.942929
0.947942
0.942641
0.637042
0.58712
0.684812
0.732967
0.769026
0.790553
0.801393
0.814443
0.822696
0.824558
0.822405
0.815346
0.788715
0.738419
0.658997
0.668117
0.683918
0.709501
0.72173
0.722674
0.725665
0.729796
0.734519
0.739017
0.743857
0.749057
0.754721
0.760975
0.766474
0.770244
0.773642
0.777302
0.781287
0.785467
0.789901
0.794712
0.800052
0.806013
0.812608
0.819798
0.827534
0.835681
0.844274
0.853343
0.862709
0.871895
0.88127
0.890169
0.899109
0.908327
0.91778
0.927749
0.935788
0.943694
0.952034
0.960541
0.970429
0.975891
0.982037
0.987552
0.993675
1.00031
1.00787
1.01628
1.02436
1.03509
1.04181
1.03908
1.03736
1.03445
1.02035
0.989856
0.945484
0.898875
0.829415
0.83227
0.854111
0.861528
0.874628
0.883671
0.883346
0.88182
0.883321
0.887169
0.891866
0.896276
0.89976
0.902872
0.907224
0.912598
0.916129
0.919695
0.923411
0.927934
0.932656
0.937901
0.94345
0.948653
0.954119
0.949467
1.03208
0.63428
0.657763
0.743114
0.764507
0.789866
0.799716
0.811908
0.82028
0.815846
0.807421
0.782528
0.732241
0.651054
0.65983
0.675441
0.700317
0.713831
0.714778
0.71804
0.722511
0.727634
0.732415
0.737115
0.742074
0.747331
0.75292
0.75852
0.764218
0.769394
0.773644
0.777878
0.782339
0.787005
0.791894
0.797013
0.802405
0.8081
0.8141
0.820458
0.827216
0.834602
0.842557
0.851166
0.8603
0.869385
0.878687
0.887489
0.896425
0.905279
0.914339
0.923647
0.932285
0.940069
0.947978
0.95577
0.962657
0.969924
0.978085
0.983825
0.988574
0.994261
1.00028
1.00702
1.01443
1.02348
1.03265
1.0428
1.04204
1.03912
1.03346
1.02442
0.998153
0.962672
0.919705
0.874651
0.819093
0.827996
0.844919
0.856877
0.878622
0.879406
0.87928
0.881842
0.886075
0.891117
0.89569
0.901161
0.907729
0.910741
0.913688
0.917378
0.921864
0.927683
0.934186
0.939282
0.944507
0.950082
0.95615
0.951992
1.32472
0.858473
0.58546
0.659796
0.753672
0.771205
0.789924
0.806311
0.805841
0.79873
0.772843
0.721297
0.641039
0.651917
0.667881
0.692201
0.707591
0.708478
0.711267
0.715356
0.720272
0.726339
0.73092
0.735654
0.740659
0.74586
0.751139
0.756492
0.761768
0.766997
0.77206
0.777109
0.78228
0.787654
0.793192
0.798864
0.804653
0.810566
0.816618
0.822943
0.829619
0.836752
0.844364
0.852458
0.860992
0.869811
0.878344
0.886997
0.89557
0.904203
0.912769
0.921198
0.929228
0.937302
0.944027
0.951138
0.957079
0.964012
0.971912
0.978654
0.983735
0.988985
0.994485
1.00045
1.00631
1.01173
1.0181
1.02542
1.02698
1.02903
1.02555
1.02144
1.0116
0.991427
0.966185
0.933174
0.884488
0.811441
0.801524
0.819291
0.832923
0.849352
0.868553
0.873505
0.875026
0.878952
0.884441
0.891981
0.899815
0.903912
0.907937
0.912505
0.917905
0.924506
0.931995
0.937763
0.943214
0.948923
0.955421
0.951749
1.35964
1.13142
0.679853
0.604851
0.691498
0.745707
0.782819
0.796135
0.789923
0.764245
0.709587
0.627367
0.646092
0.662147
0.686728
0.702801
0.703402
0.704926
0.708117
0.713025
0.719519
0.725556
0.731115
0.736496
0.741958
0.747121
0.752273
0.757474
0.762744
0.768037
0.773393
0.778866
0.784571
0.790492
0.796432
0.802404
0.808182
0.813961
0.819811
0.825777
0.831935
0.838386
0.845249
0.852444
0.859937
0.867588
0.875151
0.882813
0.890547
0.898498
0.906322
0.914484
0.922255
0.929216
0.936102
0.941813
0.947964
0.953717
0.959531
0.965458
0.971465
0.975699
0.979599
0.982238
0.985208
0.98873
0.9942
0.998981
0.997671
0.997342
0.996196
0.994363
0.989597
0.980037
0.972532
0.959265
0.929047
0.883249
0.836064
0.775658
0.788767
0.811499
0.825762
0.846295
0.857457
0.861494
0.865622
0.871465
0.878581
0.887116
0.893062
0.899416
0.906196
0.913594
0.922501
0.932048
0.937577
0.94336
0.949839
0.947606
1.39893
1.32763
1.04228
0.645651
0.663781
0.752081
0.787086
0.78577
0.760848
0.697948
0.619406
0.642498
0.654734
0.67668
0.694369
0.695031
0.697187
0.701121
0.706679
0.714403
0.720874
0.725415
0.73031
0.735741
0.741449
0.747292
0.753137
0.75902
0.764915
0.77083
0.776614
0.782288
0.787929
0.793665
0.799553
0.805614
0.811376
0.816714
0.822149
0.827696
0.833352
0.839287
0.845485
0.85207
0.858404
0.86487
0.871465
0.878229
0.885271
0.89244
0.899921
0.906802
0.913932
0.919693
0.925486
0.930368
0.934643
0.939021
0.943371
0.948015
0.95181
0.954079
0.956051
0.956769
0.957654
0.95872
0.961529
0.962411
0.960724
0.957926
0.956782
0.957216
0.957904
0.958045
0.95545
0.951812
0.943389
0.919387
0.890393
0.844504
0.773629
0.776575
0.792234
0.805704
0.820478
0.838828
0.844045
0.848652
0.853808
0.860542
0.868232
0.877045
0.885969
0.895177
0.905944
0.917742
0.925093
0.930965
0.937577
0.937094
1.40169
1.40364
1.33283
0.917925
0.618296
0.684377
0.752253
0.742091
0.684971
0.602865
0.643803
0.653837
0.687818
0.693333
0.69197
0.692763
0.695582
0.700615
0.707555
0.71648
0.721813
0.727466
0.733461
0.739285
0.744995
0.750701
0.756417
0.76211
0.767793
0.773503
0.779205
0.784902
0.790567
0.796341
0.802159
0.808134
0.813585
0.818227
0.822969
0.827888
0.832878
0.83798
0.843314
0.848332
0.853143
0.858105
0.863174
0.868387
0.873851
0.879497
0.884866
0.890406
0.894893
0.89937
0.902872
0.906416
0.909086
0.911789
0.913843
0.916379
0.91722
0.916675
0.915704
0.914119
0.914066
0.914985
0.917957
0.920208
0.920205
0.920967
0.922695
0.925562
0.929401
0.93384
0.940695
0.942942
0.942012
0.937816
0.927249
0.904366
0.868943
0.813988
0.760309
0.772272
0.793053
0.804974
0.824293
0.832888
0.83527
0.840167
0.846715
0.85416
0.861997
0.87042
0.879956
0.890226
0.900575
0.90791
0.911681
0.91674
1.40765
1.40384
1.37384
1.20901
0.813213
0.605201
0.631784
0.620558
0.587567
0.629487
0.650005
0.67711
0.688165
0.688945
0.687358
0.68948
0.694486
0.700929
0.709518
0.71498
0.720532
0.7264
0.732606
0.739012
0.745079
0.750764
0.756493
0.761897
0.767167
0.77226
0.777346
0.782417
0.787547
0.792738
0.797973
0.803294
0.808196
0.811284
0.81427
0.817493
0.820814
0.824409
0.82737
0.829991
0.832764
0.835631
0.838569
0.841596
0.844636
0.847716
0.85108
0.853266
0.855658
0.857145
0.858388
0.859434
0.860592
0.861955
0.863599
0.865592
0.86828
0.86923
0.870412
0.872655
0.876096
0.881102
0.887597
0.89239
0.896182
0.900539
0.905164
0.910187
0.916151
0.922305
0.929573
0.937565
0.949374
0.946561
0.945304
0.942478
0.931302
0.884252
0.832428
0.772478
0.780586
0.799179
0.807218
0.818244
0.829845
0.834369
0.838039
0.842719
0.847851
0.853695
0.860528
0.870802
0.877262
0.877947
0.880255
0.885531
1.40822
1.40711
1.4013
1.34859
1.10068
0.734579
0.518323
0.443749
0.525396
0.563295
0.615296
0.632687
0.640989
0.649569
0.657837
0.665108
0.673231
0.681423
0.690471
0.697969
0.704644
0.711356
0.717199
0.723154
0.728805
0.734494
0.739829
0.744949
0.749533
0.75373
0.757595
0.761518
0.764947
0.768445
0.771473
0.774353
0.77696
0.777585
0.77817
0.779071
0.780263
0.781673
0.782588
0.783692
0.785064
0.786866
0.789081
0.791611
0.794438
0.797454
0.80047
0.803646
0.806894
0.810264
0.813233
0.816205
0.819456
0.823109
0.8271
0.83161
0.837206
0.840693
0.84433
0.849008
0.854941
0.862175
0.870484
0.87825
0.885099
0.891563
0.898321
0.905061
0.912334
0.919866
0.927658
0.935895
0.944523
0.955409
0.959152
0.955737
0.952787
0.938478
0.908332
0.854856
0.783562
0.784467
0.797395
0.810227
0.821407
0.833918
0.838103
0.840218
0.843402
0.846986
0.852152
0.859314
0.858299
0.857132
0.846357
0.851287
1.40759
1.40767
1.40464
1.37047
1.19227
0.819647
0.437045
0.455256
0.479152
0.51864
0.550926
0.563739
0.573199
0.583822
0.595357
0.608937
0.619668
0.630055
0.639842
0.649169
0.65696
0.665064
0.671977
0.677497
0.682725
0.687105
0.691391
0.69516
0.698694
0.702054
0.705462
0.708611
0.711572
0.714429
0.717335
0.720277
0.723376
0.725581
0.727843
0.730533
0.733528
0.736775
0.739405
0.742034
0.74499
0.748277
0.751897
0.75578
0.759914
0.764249
0.768707
0.773379
0.778259
0.783177
0.787876
0.792661
0.797675
0.802863
0.808608
0.81502
0.822431
0.828609
0.834358
0.840628
0.847642
0.855252
0.863434
0.872293
0.882688
0.890436
0.897587
0.905066
0.912805
0.920826
0.928275
0.935876
0.94393
0.952738
0.96369
0.969351
0.968359
0.962959
0.947815
0.920615
0.872709
0.804857
0.791261
0.803137
0.818193
0.826486
0.837112
0.842016
0.843289
0.847309
0.845885
0.846442
0.844183
0.834933
0.802002
0.813932
1.40839
1.40795
1.4045
1.3742
1.1988
0.835045
0.457358
0.529308
0.541932
0.541396
0.540448
0.542045
0.545893
0.552433
0.561368
0.569915
0.576318
0.583157
0.590525
0.598039
0.605261
0.612706
0.618657
0.624533
0.63003
0.635263
0.640431
0.645614
0.650802
0.656037
0.661228
0.666348
0.67152
0.676833
0.682353
0.688005
0.69384
0.699144
0.704163
0.709165
0.713912
0.718809
0.722549
0.726025
0.729747
0.733755
0.738013
0.742462
0.747155
0.752016
0.757124
0.76245
0.767794
0.773374
0.779039
0.784615
0.790412
0.796582
0.803332
0.810831
0.817758
0.825394
0.833677
0.841759
0.850146
0.859045
0.868533
0.878047
0.88725
0.895497
0.902768
0.910243
0.916982
0.923904
0.930714
0.938005
0.945705
0.953858
0.962488
0.974661
0.976861
0.975374
0.971446
0.960968
0.934678
0.890886
0.827058
0.802872
0.812694
0.829283
0.835124
0.844701
0.848489
0.84398
0.843496
0.839921
0.820894
0.796077
0.74252
0.77034
1.4084
1.40796
1.40462
1.37535
1.20422
0.844481
0.468744
0.536762
0.56811
0.566642
0.56294
0.566293
0.567709
0.567617
0.568868
0.571546
0.575256
0.579658
0.584916
0.590326
0.59596
0.602607
0.608937
0.615294
0.621153
0.626988
0.632533
0.63773
0.643002
0.648386
0.65392
0.659631
0.665583
0.671808
0.678331
0.685049
0.691974
0.698429
0.704287
0.709581
0.714587
0.71965
0.723719
0.727559
0.731631
0.736022
0.740719
0.745755
0.751211
0.75707
0.763308
0.769871
0.77659
0.783519
0.790538
0.797347
0.804208
0.811343
0.818855
0.826729
0.83407
0.84168
0.84979
0.857491
0.864929
0.872686
0.880084
0.887264
0.894384
0.90114
0.907471
0.91355
0.919906
0.926392
0.933037
0.939828
0.946894
0.954561
0.96283
0.971819
0.982755
0.98472
0.982138
0.980268
0.971378
0.951855
0.909586
0.854108
0.808956
0.820994
0.840223
0.844208
0.850625
0.847715
0.841383
0.820775
0.788268
0.747745
0.710814
0.737107
1.40841
1.40805
1.40484
1.37619
1.20698
0.84765
0.466563
0.532448
0.569394
0.567962
0.569455
0.574577
0.577873
0.579747
0.581684
0.584494
0.588093
0.592074
0.59627
0.600627
0.605453
0.610932
0.616768
0.622648
0.628371
0.633916
0.639463
0.644989
0.65061
0.656472
0.66262
0.669089
0.67588
0.682996
0.690366
0.697698
0.704933
0.711728
0.718369
0.725049
0.731712
0.738331
0.744282
0.750061
0.755951
0.761957
0.768113
0.774158
0.78024
0.786049
0.791537
0.796834
0.80182
0.806909
0.811828
0.816824
0.822013
0.827464
0.833109
0.839026
0.84514
0.851403
0.857676
0.863997
0.870395
0.876622
0.882838
0.889076
0.895346
0.901234
0.907246
0.913
0.918891
0.924916
0.931323
0.938105
0.945122
0.95283
0.961091
0.969929
0.978313
0.98537
0.992453
0.991494
0.988399
0.979787
0.966069
0.92386
0.863682
0.816232
0.828819
0.849139
0.848247
0.841523
0.822073
0.78416
0.745048
0.706365
0.7201
0.730063
1.40841
1.40805
1.40485
1.37617
1.20665
0.847462
0.468438
0.535898
0.570207
0.566819
0.567919
0.573801
0.582074
0.585236
0.588779
0.592657
0.596947
0.601619
0.606508
0.611525
0.61701
0.623186
0.629005
0.634695
0.640508
0.646498
0.652695
0.659087
0.66569
0.672525
0.679583
0.686842
0.694225
0.701654
0.70916
0.716723
0.724394
0.73206
0.739741
0.747507
0.755151
0.762824
0.769989
0.776488
0.782337
0.787783
0.792633
0.796868
0.800582
0.80394
0.807106
0.810246
0.813422
0.816713
0.820182
0.823822
0.827736
0.832071
0.836909
0.842172
0.84724
0.852444
0.857915
0.863587
0.869251
0.874904
0.880633
0.886279
0.891922
0.89758
0.90332
0.909416
0.915687
0.922021
0.928561
0.935556
0.943104
0.951053
0.959287
0.968168
0.975984
0.984291
0.9913
0.999658
1.00034
0.997156
0.990389
0.977967
0.938397
0.876202
0.818592
0.821374
0.826004
0.816048
0.784782
0.73599
0.71422
0.729531
0.733753
0.735973
1.40841
1.40806
1.4049
1.37654
1.20822
0.849597
0.468728
0.534321
0.571839
0.567596
0.568373
0.57355
0.580303
0.583412
0.586986
0.591222
0.596242
0.601616
0.607101
0.61274
0.618701
0.624889
0.630763
0.636684
0.642745
0.648936
0.655257
0.661724
0.668312
0.675002
0.681744
0.68856
0.695456
0.702475
0.709605
0.716835
0.724157
0.731579
0.739208
0.74712
0.755062
0.763051
0.770124
0.776479
0.78204
0.787196
0.791621
0.795524
0.799115
0.802351
0.80545
0.808476
0.811518
0.814656
0.817871
0.821236
0.82485
0.828778
0.832967
0.837484
0.842249
0.847328
0.852693
0.858283
0.863972
0.86963
0.875445
0.881231
0.887069
0.89298
0.899044
0.905347
0.911848
0.918386
0.925305
0.932472
0.940351
0.948728
0.957468
0.96658
0.974578
0.981423
0.988896
0.995956
1.00821
1.00761
1.00493
1.00022
0.987583
0.943227
0.87576
0.811948
0.762023
0.739674
0.704572
0.705855
0.723414
0.724639
0.726442
0.724606
1.40841
1.40806
1.4049
1.37654
1.20814
0.849541
0.469088
0.534603
0.572191
0.567665
0.568176
0.573004
0.580499
0.583789
0.587515
0.591587
0.596337
0.601504
0.606813
0.612267
0.617993
0.62396
0.629605
0.635284
0.641077
0.646994
0.653027
0.659169
0.665419
0.671749
0.678152
0.68467
0.69132
0.698122
0.705075
0.712205
0.719528
0.727088
0.734983
0.743288
0.751918
0.760589
0.768449
0.775285
0.781276
0.786543
0.790926
0.794789
0.798173
0.801176
0.803984
0.806683
0.809423
0.812262
0.815215
0.818347
0.821777
0.825595
0.829779
0.834303
0.839034
0.843998
0.84932
0.855065
0.860917
0.866884
0.872631
0.878463
0.884397
0.890613
0.896953
0.903492
0.910258
0.917208
0.924333
0.931754
0.939717
0.948189
0.957237
0.966996
0.974234
0.981518
0.987747
0.995206
1.00398
1.01754
1.01431
1.01086
1.00208
0.978826
0.9103
0.829601
0.752624
0.663349
0.671576
0.696132
0.70183
0.708253
0.706923
0.70462
)
;

boundaryField
{
    inlet
    {
        type            calculated;
        value           uniform 1.40845;
    }
    outlet
    {
        type            calculated;
        value           nonuniform List<scalar> 
40
(
0.599554
0.652092
0.71738
0.765146
0.799369
0.822699
0.837323
0.845685
0.850993
0.855231
0.859538
0.864467
0.871519
0.880888
0.887462
0.892332
0.897434
0.901664
0.906433
0.911356
0.917039
0.923189
0.929588
0.935792
0.942641
0.949467
0.951992
0.951749
0.947606
0.937094
0.91674
0.885531
0.851287
0.813932
0.77034
0.737107
0.730063
0.735973
0.724606
0.70462
)
;
    }
    bottom
    {
        type            symmetryPlane;
    }
    top
    {
        type            symmetryPlane;
    }
    obstacle
    {
        type            calculated;
        value           nonuniform List<scalar> 
110
(
0.552949
0.553641
0.555689
0.558125
0.56133
0.565875
0.57187
0.582881
0.601289
0.644824
0.671687
0.601581
0.529396
0.53066
0.533007
0.517939
0.513009
0.510352
0.551811
0.56179
0.563864
0.564598
0.562471
0.559824
0.556558
0.569272
0.58166
0.587529
0.588715
0.588694
0.587886
0.587643
0.587084
0.586949
0.586833
0.5883
0.588848
0.588996
0.588785
0.589237
0.587551
0.587387
0.585533
0.579128
0.573259
0.568026
0.558025
0.549842
0.541438
0.534973
0.529266
0.522251
0.516822
0.51099
0.507262
0.505421
0.503806
0.50136
0.500654
0.498176
0.500077
0.501642
0.503637
0.505663
0.507517
0.509607
0.512001
0.51445
0.516952
0.5194
0.521784
0.524234
0.526579
0.528963
0.531263
0.533594
0.53588
0.538146
0.540421
0.542594
0.544771
0.546837
0.548904
0.550944
0.553012
0.55505
0.557116
0.559127
0.561166
0.563154
0.565171
0.567089
0.569025
0.57087
0.572742
0.574576
0.576439
0.578321
0.580235
0.582191
0.584178
0.586218
0.588285
0.590408
0.592564
0.594847
0.597178
0.600819
0.601306
0.599554
)
;
    }
    defaultFaces
    {
        type            empty;
    }
}


// ************************************************************************* //
