/*--------------------------------*- C++ -*----------------------------------*\
| =========                 |                                                 |
| \\      /  F ield         | OpenFOAM: The Open Source CFD Toolbox           |
|  \\    /   O peration     | Version:  v2106                                 |
|   \\  /    A nd           | Website:  www.openfoam.com                      |
|    \\/     M anipulation  |                                                 |
\*---------------------------------------------------------------------------*/
FoamFile
{
    version     2.0;
    format      ascii;
    arch        "LSB;label=32;scalar=64";
    class       volScalarField;
    location    "8";
    object      rho;
}
// * * * * * * * * * * * * * * * * * * * * * * * * * * * * * * * * * * * * * //

dimensions      [1 -3 0 0 0 0 0];

internalField   nonuniform List<scalar> 
5250
(
1.40845
1.40845
1.40845
1.40845
1.40845
1.40845
1.40845
1.40845
1.40845
1.40842
1.4082
1.40646
1.3947
1.47867
2.05159
3.93601
7.96278
6.65342
6.88216
6.94821
6.89414
6.86148
6.81446
6.76121
6.71929
1.40845
1.40845
1.40845
1.40845
1.40845
1.40845
1.40845
1.40845
1.40845
1.40843
1.40821
1.40655
1.3947
1.47545
2.03915
3.86298
7.99841
6.66677
6.91092
6.97436
6.91556
6.87483
6.81983
6.76307
6.72001
1.40845
1.40845
1.40845
1.40845
1.40845
1.40845
1.40845
1.40845
1.40845
1.40843
1.40821
1.40678
1.39478
1.46812
2.00832
3.6917
7.98806
6.67826
6.94073
7.01327
6.95136
6.89646
6.8238
6.75473
6.70827
1.40845
1.40845
1.40845
1.40845
1.40845
1.40845
1.40845
1.40845
1.40845
1.40843
1.4082
1.40719
1.39514
1.45831
1.96135
3.50822
7.87657
6.6352
6.93546
7.05477
6.99726
6.93063
6.82313
6.74228
6.6862
1.40845
1.40845
1.40845
1.40845
1.40845
1.40845
1.40845
1.40845
1.40845
1.40844
1.40823
1.40742
1.39554
1.4465
1.90106
3.27499
7.68187
6.54428
6.84561
7.03264
7.02842
6.96619
6.83806
6.71563
6.65687
1.40845
1.40845
1.40845
1.40845
1.40845
1.40845
1.40845
1.40845
1.40845
1.40844
1.40831
1.40732
1.3958
1.43392
1.82783
2.98322
7.40597
6.42052
6.70773
6.94887
6.98789
6.98194
6.85143
6.69391
6.60659
1.40845
1.40845
1.40845
1.40845
1.40845
1.40845
1.40845
1.40845
1.40845
1.40844
1.40832
1.40758
1.39698
1.42331
1.77083
2.70062
6.97041
6.27053
6.50869
6.80771
6.91465
6.95695
6.85112
6.6487
6.55118
1.40845
1.40845
1.40845
1.40845
1.40845
1.40845
1.40845
1.40845
1.40845
1.40845
1.40829
1.40797
1.39867
1.41434
1.71468
2.47921
6.58597
6.1123
6.29346
6.5699
6.80749
6.86455
6.80256
6.61388
6.45374
1.40845
1.40845
1.40845
1.40845
1.40845
1.40845
1.40845
1.40845
1.40845
1.40845
1.40832
1.40812
1.40036
1.4067
1.65263
2.2894
6.21664
5.9848
6.07108
6.29452
6.58084
6.74156
6.68889
6.48196
6.32013
1.40845
1.40845
1.40845
1.40845
1.40845
1.40845
1.40845
1.40845
1.40845
1.40845
1.40833
1.40828
1.4016
1.40338
1.59538
2.11788
5.78476
6.04185
6.00095
6.05471
6.28307
6.526
6.50259
6.44136
6.09518
1.40845
1.40845
1.40845
1.40845
1.40845
1.40845
1.40845
1.40845
1.40845
1.40844
1.40841
1.40808
1.40493
1.39875
1.53644
1.92882
5.05795
6.23904
5.99283
5.91984
6.01304
6.2143
6.24107
6.23175
5.09149
1.40845
1.40845
1.40845
1.40845
1.40845
1.40845
1.40845
1.40845
1.40845
1.40845
1.40843
1.40813
1.40681
1.39314
1.48142
1.83627
4.26106
6.49987
5.97004
5.833
5.82528
5.90324
5.80903
5.6625
5.1849
1.40845
1.40845
1.40845
1.40845
1.40845
1.40845
1.40845
1.40845
1.40845
1.40845
1.40843
1.40829
1.40724
1.39551
1.43983
1.84428
3.34216
6.76722
6.03205
5.85724
5.74072
5.70807
5.58135
5.35214
5.24176
1.40845
1.40845
1.40845
1.40845
1.40845
1.40845
1.40845
1.40845
1.40845
1.40845
1.40844
1.40833
1.40776
1.39803
1.41755
1.73326
2.65632
6.34919
6.0483
5.8982
5.70761
5.58995
5.41675
5.19096
5.09037
1.40845
1.40845
1.40845
1.40845
1.40845
1.40845
1.40845
1.40845
1.40845
1.40845
1.40845
1.40831
1.40828
1.40087
1.40673
1.60519
2.17698
5.49723
6.03129
5.94156
5.7007
5.49513
5.27892
5.06089
4.87975
1.40845
1.40845
1.40845
1.40845
1.40845
1.40845
1.40845
1.40845
1.40845
1.40845
1.40845
1.40841
1.40814
1.40511
1.3985
1.51196
1.82177
4.3569
6.03694
5.98266
5.73865
5.4673
5.22016
4.9944
4.73924
1.40845
1.40845
1.40845
1.40845
1.40845
1.40845
1.40845
1.40845
1.40845
1.40845
1.40845
1.40845
1.40816
1.4077
1.39361
1.43919
1.74795
3.26134
5.89296
5.82574
5.63084
5.43742
5.20712
4.95538
4.67423
1.40845
1.40845
1.40845
1.40845
1.40845
1.40845
1.40845
1.40845
1.40845
1.40845
1.40845
1.40845
1.40827
1.40808
1.39862
1.41585
1.70816
2.47293
5.44476
5.71565
5.66908
5.45852
5.2215
4.96176
4.67145
1.40845
1.40845
1.40845
1.40845
1.40845
1.40845
1.40845
1.40845
1.40845
1.40845
1.40845
1.40845
1.40839
1.40806
1.40435
1.39952
1.55088
1.94764
4.42474
5.72632
5.73296
5.49052
5.24057
4.97971
4.69038
1.40845
1.40845
1.40845
1.40845
1.40845
1.40845
1.40845
1.40845
1.40845
1.40845
1.40845
1.40844
1.40847
1.408
1.408
1.38852
1.46374
1.62731
3.29315
5.51906
5.59312
5.39002
5.18451
4.96309
4.7126
1.40845
1.40845
1.40845
1.40845
1.40845
1.40845
1.40845
1.40845
1.40845
1.40845
1.40845
1.40845
1.40844
1.40835
1.4077
1.40212
1.4123
1.64842
2.32718
4.9109
5.40989
5.41107
5.20461
4.98122
4.74092
1.40845
1.40845
1.40845
1.40845
1.40845
1.40845
1.40845
1.40845
1.40845
1.40845
1.40845
1.40845
1.40843
1.40852
1.40746
1.40932
1.37352
1.54052
1.82764
3.83064
5.3533
5.41329
5.23051
5.02233
4.78763
1.40845
1.40845
1.40845
1.40845
1.40845
1.40845
1.40845
1.40845
1.40845
1.40845
1.40845
1.40845
1.40845
1.40844
1.40829
1.4075
1.40015
1.43015
1.65587
2.68171
4.99889
5.16847
5.17773
5.02127
4.81826
1.40845
1.40845
1.40845
1.40845
1.40845
1.40845
1.40845
1.40845
1.40845
1.40845
1.40845
1.40845
1.40845
1.40842
1.40859
1.407
1.41075
1.36226
1.58966
2.00096
4.05602
5.20716
5.2111
5.05248
4.85917
1.40845
1.40845
1.40845
1.40845
1.40845
1.40845
1.40845
1.40845
1.40845
1.40845
1.40845
1.40845
1.40845
1.40845
1.40843
1.40823
1.40736
1.39738
1.44753
1.55634
2.93127
4.95689
5.056
5.02764
4.8731
1.40845
1.40845
1.40845
1.40845
1.40845
1.40845
1.40845
1.40845
1.40845
1.40845
1.40845
1.40845
1.40845
1.40845
1.40842
1.40863
1.40684
1.41099
1.35982
1.54121
2.03286
4.05136
5.03441
5.05198
4.90486
1.40845
1.40845
1.40845
1.40845
1.40845
1.40845
1.40845
1.40845
1.40845
1.40845
1.40845
1.40845
1.40845
1.40845
1.40845
1.40843
1.40821
1.40746
1.39592
1.45659
1.53187
2.94208
4.7761
4.8939
4.87852
1.40845
1.40845
1.40845
1.40845
1.40845
1.40845
1.40845
1.40845
1.40845
1.40845
1.40845
1.40845
1.40845
1.40845
1.40844
1.40842
1.40886
1.4067
1.41124
1.36066
1.51575
2.002
3.88849
4.84269
4.87739
1.40845
1.40845
1.40845
1.40845
1.40845
1.40845
1.40845
1.40845
1.40845
1.40845
1.40845
1.40845
1.40845
1.40845
1.40845
1.40845
1.40844
1.40821
1.40774
1.39533
1.45025
1.50854
2.78957
4.5327
4.70414
1.40845
1.40845
1.40845
1.40845
1.40845
1.40845
1.40845
1.40845
1.40845
1.40845
1.40845
1.40845
1.40845
1.40845
1.40845
1.40845
1.40843
1.40881
1.40615
1.41006
1.36747
1.50866
1.90526
3.56547
4.65821
1.40845
1.40845
1.40845
1.40845
1.40845
1.40845
1.40845
1.40845
1.40845
1.40845
1.40845
1.40845
1.40845
1.40845
1.40845
1.40845
1.40845
1.40845
1.4082
1.4079
1.3955
1.44138
1.53804
2.50996
4.19182
1.40845
1.40845
1.40845
1.40845
1.40845
1.40845
1.40845
1.40845
1.40845
1.40845
1.40845
1.40845
1.40845
1.40845
1.40845
1.40845
1.40845
1.40846
1.4087
1.40522
1.40825
1.36768
1.51254
1.7609
3.20841
1.40845
1.40845
1.40845
1.40845
1.40845
1.40845
1.40845
1.40845
1.40845
1.40845
1.40845
1.40845
1.40845
1.40845
1.40845
1.40845
1.40845
1.40845
1.40844
1.40827
1.40799
1.39939
1.41448
1.58328
2.24896
1.40845
1.40845
1.40845
1.40845
1.40845
1.40845
1.40845
1.40845
1.40845
1.40845
1.40845
1.40845
1.40845
1.40845
1.40845
1.40845
1.40845
1.40845
1.40846
1.4085
1.40781
1.40701
1.38916
1.47614
1.59174
1.40845
1.40845
1.40845
1.40845
1.40845
1.40845
1.40845
1.40845
1.40845
1.40845
1.40845
1.40845
1.40845
1.40845
1.40845
1.40845
1.40845
1.40845
1.40844
1.40845
1.40831
1.40716
1.42938
1.35357
1.45029
1.40845
1.40845
1.40845
1.40845
1.40845
1.40845
1.40845
1.40845
1.40845
1.40845
1.40845
1.40845
1.40845
1.40845
1.40845
1.40845
1.40845
1.40845
1.40845
1.40845
1.40843
1.4081
1.40834
1.39806
1.41684
1.40845
1.40845
1.40845
1.40845
1.40845
1.40845
1.40845
1.40845
1.40845
1.40845
1.40845
1.40845
1.40845
1.40845
1.40845
1.40845
1.40845
1.40845
1.40845
1.40845
1.40844
1.40845
1.40824
1.4078
1.38912
1.40845
1.40845
1.40845
1.40845
1.40845
1.40845
1.40845
1.40845
1.40845
1.40845
1.40845
1.40845
1.40845
1.40845
1.40845
1.40845
1.40845
1.40845
1.40845
1.40845
1.40847
1.40838
1.40842
1.40685
1.43208
1.40845
1.40845
1.40845
1.40845
1.40845
1.40845
1.40845
1.40845
1.40845
1.40845
1.40845
1.40845
1.40845
1.40845
1.40845
1.40845
1.40845
1.40845
1.40845
1.40845
1.40845
1.40844
1.40856
1.4079
1.40893
1.40845
1.40845
1.40845
1.40845
1.40845
1.40845
1.40845
1.40845
1.40845
1.40845
1.40845
1.40845
1.40845
1.40845
1.40845
1.40845
1.40845
1.40845
1.40845
1.40845
1.40845
1.40845
1.40845
1.40843
1.40861
1.40845
1.40845
1.40845
1.40845
1.40845
1.40845
1.40845
1.40845
1.40845
1.40845
1.40845
1.40845
1.40845
1.40845
1.40845
1.40845
1.40845
1.40845
1.40845
1.40845
1.40845
1.40845
1.40845
1.40853
1.40768
1.40845
1.40845
1.40845
1.40845
1.40845
1.40845
1.40845
1.40845
1.40845
1.40845
1.40845
1.40845
1.40845
1.40845
1.40845
1.40845
1.40845
1.40845
1.40845
1.40845
1.40845
1.40845
1.40845
1.40846
1.40839
1.40845
1.40845
1.40845
1.40845
1.40845
1.40845
1.40845
1.40845
1.40845
1.40845
1.40845
1.40845
1.40845
1.40845
1.40845
1.40845
1.40845
1.40845
1.40845
1.40845
1.40845
1.40845
1.40845
1.40845
1.40844
1.40845
1.40845
1.40845
1.40845
1.40845
1.40845
1.40845
1.40845
1.40845
1.40845
1.40845
1.40845
1.40845
1.40845
1.40845
1.40845
1.40845
1.40845
1.40845
1.40845
1.40845
1.40845
1.40845
1.40845
1.40841
1.40845
1.40845
1.40845
1.40845
1.40845
1.40845
1.40845
1.40845
1.40845
1.40845
1.40845
1.40845
1.40845
1.40845
1.40845
1.40845
1.40845
1.40845
1.40845
1.40845
1.40845
1.40845
1.40845
1.40845
1.40845
1.40845
1.40845
1.40845
1.40845
1.40845
1.40845
1.40845
1.40845
1.40845
1.40845
1.40845
1.40845
1.40845
1.40845
1.40845
1.40845
1.40845
1.40845
1.40845
1.40845
1.40845
1.40845
1.40845
1.40845
1.40845
1.40845
1.40845
1.40845
1.40845
1.40845
1.40845
1.40845
1.40845
1.40845
1.40845
1.40845
1.40845
1.40845
1.40845
1.40845
1.40845
1.40845
1.40845
1.40845
1.40845
1.40845
1.40845
1.40845
1.40845
1.40845
1.40845
1.40845
1.40845
1.40845
1.40845
1.40845
1.40845
1.40845
1.40845
1.40845
1.40845
1.40845
1.40845
1.40845
1.40845
1.40845
1.40845
1.40845
1.40845
1.40845
1.40845
1.40845
1.40845
1.40845
1.40845
1.40845
1.40845
1.40845
1.40845
1.40845
1.40845
1.40845
1.40845
1.40845
1.40845
1.40845
1.40845
1.40845
1.40845
1.40845
1.40845
1.40845
1.40845
1.40845
1.40845
1.40845
1.40845
1.40845
1.40845
1.40845
1.40845
1.40845
1.40845
1.40845
1.40845
1.40845
1.40845
1.40845
1.40845
1.40845
1.40845
1.40845
1.40845
1.40845
1.40845
1.40845
1.40845
1.40845
1.40845
1.40845
1.40845
1.40845
1.40845
1.40845
1.40845
1.7855
1.7471
2.02151
1.77356
1.98255
1.89317
1.7731
1.48234
1.4299
1.42956
1.43172
1.45241
1.45218
1.43276
1.37465
1.32229
1.29674
1.29102
1.29131
1.29407
1.29318
1.29268
1.2883
1.28449
1.2764
1.27438
1.27312
1.27612
1.28107
1.29796
1.31515
1.35039
1.40052
1.44805
1.49927
1.56561
1.6207
1.70045
1.76254
1.82282
1.90361
1.97033
2.05767
2.13116
2.19211
2.24522
2.29982
2.34576
2.37758
2.40465
2.44164
2.46163
2.48102
2.49595
2.50346
2.50846
2.50976
2.50834
2.50465
2.49819
2.4898
2.48042
2.46951
2.45755
2.44429
2.43028
2.41546
2.40005
2.38442
2.36838
2.35251
2.33617
2.32002
2.30383
2.2879
2.27196
2.25624
2.24035
2.22467
2.20884
2.19325
2.17738
2.16175
2.1458
2.13006
2.11406
2.0982
2.08217
2.06624
2.05011
2.03402
2.01765
2.0013
1.98456
1.96791
1.95074
1.93353
1.91855
1.89349
1.87243
2.73073
2.38529
1.98225
1.84786
2.06157
1.91868
1.74827
1.35622
1.27182
1.25951
1.30712
1.31768
1.31485
1.27653
1.21836
1.19556
1.17647
1.16973
1.17047
1.172
1.17066
1.17081
1.16666
1.16351
1.15563
1.15058
1.14822
1.15248
1.15637
1.173
1.18728
1.21187
1.25039
1.28812
1.33369
1.40478
1.4579
1.54888
1.62742
1.69728
1.77952
1.85558
1.91161
2.01153
2.09047
2.15748
2.23229
2.30757
2.36031
2.42039
2.47738
2.52115
2.55644
2.58801
2.60843
2.62555
2.63897
2.64637
2.65152
2.65288
2.64987
2.64584
2.64083
2.63329
2.62339
2.61264
2.60171
2.58995
2.5769
2.56184
2.54664
2.53028
2.51399
2.4974
2.48104
2.46447
2.44812
2.43146
2.41499
2.3985
2.3823
2.36604
2.35013
2.33401
2.31814
2.3019
2.28566
2.26918
2.2525
2.23554
2.2181
2.20032
2.18203
2.16336
2.14436
2.12496
2.10524
2.08794
2.05816
2.03299
3.65134
2.87346
2.44246
2.14889
2.09275
1.95674
1.71482
1.34437
1.20849
1.1981
1.23739
1.26673
1.31659
1.28969
1.2603
1.15393
1.10814
1.10015
1.10283
1.11572
1.11737
1.11876
1.11398
1.11078
1.10166
1.1005
1.0973
1.10083
1.10437
1.11594
1.1267
1.15446
1.19845
1.24305
1.28682
1.35376
1.40541
1.45554
1.53948
1.60637
1.69572
1.7973
1.92708
2.06374
2.18846
2.29683
2.39745
2.51596
2.5901
2.66575
2.7378
2.79345
2.83697
2.87835
2.90023
2.91772
2.93045
2.93815
2.94325
2.94577
2.94236
2.93512
2.92662
2.91673
2.90463
2.89106
2.87668
2.86158
2.84601
2.83037
2.81515
2.79871
2.78158
2.76319
2.74416
2.72416
2.70418
2.6842
2.66457
2.64511
2.62603
2.60701
2.58834
2.56964
2.55108
2.53226
2.51343
2.49442
2.47534
2.45615
2.4369
2.41747
2.39789
2.37779
2.35708
2.33585
2.31404
2.29416
2.26139
2.23152
4.2665
3.41426
2.8983
2.47842
2.28905
2.13046
1.93447
1.61737
1.405
1.28221
1.25421
1.27173
1.28333
1.27122
1.22229
1.11844
1.08143
1.08441
1.09012
1.10854
1.13034
1.1408
1.12834
1.12767
1.11651
1.11344
1.09786
1.10226
1.10508
1.12345
1.13139
1.14076
1.15847
1.18742
1.23109
1.29464
1.36965
1.47478
1.60581
1.73296
1.86046
2.0084
2.15122
2.28871
2.44112
2.54518
2.64906
2.75178
2.84734
2.92155
2.98755
3.03336
3.08502
3.1209
3.14259
3.15809
3.16879
3.17406
3.17291
3.16978
3.16359
3.15471
3.14507
3.13395
3.11826
3.09992
3.08106
3.06211
3.04382
3.026
3.00833
2.99047
2.97191
2.95217
2.93182
2.91088
2.88944
2.86741
2.84557
2.8237
2.80214
2.7809
2.76002
2.73946
2.71903
2.69861
2.67816
2.65767
2.63707
2.61628
2.59519
2.57379
2.55206
2.53016
2.50812
2.48599
2.46349
2.44211
2.40877
2.37425
4.41791
3.76002
3.24614
2.88077
2.6434
2.3932
2.19243
1.84459
1.59615
1.44562
1.37807
1.37075
1.33557
1.31565
1.29221
1.22749
1.16454
1.11644
1.0968
1.101
1.10513
1.11272
1.11351
1.11672
1.10982
1.10982
1.10419
1.11331
1.11418
1.11614
1.11951
1.13523
1.16608
1.22226
1.29273
1.37904
1.48706
1.61608
1.75368
1.89264
2.03724
2.19248
2.34764
2.49567
2.64236
2.7432
2.84713
2.94609
3.03651
3.11013
3.1728
3.22544
3.26076
3.28999
3.31802
3.32744
3.33191
3.3346
3.33304
3.32763
3.32064
3.31043
3.29645
3.28062
3.26364
3.2465
3.22972
3.21049
3.18764
3.16579
3.14487
3.12432
3.10396
3.08369
3.06369
3.04247
3.01883
2.99508
2.97188
2.94886
2.926
2.90354
2.88155
2.85988
2.83835
2.81686
2.79529
2.77352
2.75145
2.72912
2.70656
2.68382
2.66094
2.6381
2.6152
2.59214
2.56864
2.54475
2.51191
2.47431
4.4466
3.94784
3.50718
3.15543
2.96679
2.72359
2.51164
2.18221
1.87596
1.68079
1.58029
1.53256
1.46764
1.4111
1.35428
1.27396
1.21395
1.17926
1.16036
1.15567
1.13837
1.13564
1.12699
1.13034
1.12045
1.12371
1.1116
1.11379
1.11556
1.1197
1.13474
1.157
1.19788
1.25219
1.33368
1.43973
1.55822
1.70086
1.84468
2.00342
2.17806
2.33124
2.49288
2.62424
2.74729
2.87248
2.98045
3.05617
3.13088
3.21061
3.28415
3.33983
3.38699
3.40432
3.41934
3.4274
3.43637
3.44195
3.44109
3.42959
3.41898
3.40834
3.39612
3.38276
3.3668
3.34685
3.3238
3.29947
3.27717
3.25625
3.2358
3.2151
3.19364
3.17123
3.148
3.12393
3.10001
3.07678
3.05368
3.03051
3.00714
2.98399
2.96129
2.93888
2.9165
2.89409
2.87159
2.84898
2.82623
2.80338
2.78043
2.75737
2.73408
2.71036
2.68636
2.66218
2.63776
2.61213
2.58054
2.54076
4.38543
4.03592
3.63998
3.35569
3.18384
2.98335
2.79031
2.556
2.24542
2.00268
1.84711
1.76267
1.68823
1.60123
1.52843
1.43554
1.35235
1.2923
1.24885
1.22968
1.20696
1.19305
1.17168
1.16252
1.14532
1.14381
1.13358
1.14011
1.14799
1.15975
1.17425
1.21245
1.27445
1.36332
1.47401
1.59347
1.69653
1.80866
1.92293
2.03928
2.15639
2.27983
2.41379
2.56076
2.71865
2.9049
3.04444
3.11691
3.20344
3.25617
3.31677
3.37801
3.43741
3.46923
3.47039
3.48113
3.49164
3.49115
3.49105
3.48713
3.47722
3.46744
3.4545
3.43525
3.41442
3.39316
3.37243
3.35232
3.33123
3.30967
3.28785
3.26565
3.243
3.21993
3.1966
3.17317
3.14892
3.12448
3.10049
3.07651
3.0527
3.0293
3.00634
2.98367
2.9611
2.93849
2.91576
2.89286
2.86976
2.84648
2.82298
2.79929
2.77545
2.75154
2.72756
2.70343
2.67903
2.65321
2.62113
2.57946
4.34285
4.06881
3.71262
3.49851
3.3045
3.17406
3.00995
2.82732
2.57428
2.32692
2.11809
1.99764
1.91886
1.84038
1.75165
1.66105
1.55219
1.45378
1.38783
1.35404
1.32469
1.30939
1.27481
1.25265
1.22254
1.2149
1.20465
1.20787
1.23635
1.27861
1.32477
1.38985
1.48164
1.563
1.65537
1.7351
1.81255
1.88442
1.96701
2.03926
2.1209
2.21062
2.31191
2.42115
2.5536
2.71301
2.88809
3.10869
3.23519
3.27693
3.32057
3.35905
3.41968
3.47232
3.50544
3.50917
3.50287
3.50024
3.50487
3.50992
3.50463
3.48932
3.47205
3.45498
3.43942
3.42365
3.40304
3.38007
3.35692
3.33529
3.31445
3.29378
3.27208
3.24861
3.22344
3.19745
3.1724
3.14825
3.1245
3.10071
3.07709
3.05386
3.03094
3.00805
2.98519
2.96226
2.93919
2.91592
2.89247
2.86891
2.84533
2.82175
2.79804
2.77384
2.74937
2.72464
2.69964
2.67329
2.64081
2.59823
4.35622
4.07513
3.76036
3.58797
3.38209
3.27401
3.15189
2.99665
2.83269
2.59072
2.38667
2.23564
2.13448
2.0623
1.98702
1.89537
1.80473
1.69076
1.59576
1.54102
1.4992
1.46564
1.43553
1.39671
1.36794
1.33769
1.34673
1.36026
1.46989
1.54733
1.62737
1.72593
1.79647
1.81444
1.84638
1.88227
1.92637
1.9679
2.01644
2.06002
2.10954
2.15943
2.2152
2.28562
2.38174
2.48986
2.62811
2.78155
3.0394
3.25342
3.34501
3.35998
3.38343
3.40764
3.46946
3.50736
3.50379
3.50075
3.50259
3.49879
3.49307
3.48711
3.4822
3.4727
3.45047
3.42722
3.40451
3.38434
3.36584
3.34832
3.3297
3.307
3.2824
3.25734
3.23268
3.20888
3.18516
3.16121
3.13752
3.11386
3.09032
3.06694
3.04374
3.0206
2.99746
2.97417
2.95069
2.92707
2.90344
2.87982
2.85616
2.83235
2.80826
2.78377
2.75902
2.734
2.70869
2.68206
2.64934
2.60604
4.40457
4.12005
3.82369
3.63671
3.45181
3.34299
3.23574
3.10143
2.95316
2.77121
2.57348
2.40778
2.30652
2.23458
2.1617
2.09499
2.01376
1.92497
1.82585
1.74202
1.69455
1.65151
1.62739
1.58781
1.57259
1.54209
1.58825
1.64356
1.89522
1.99757
2.08125
2.13493
2.09182
2.05267
2.03761
2.03145
2.03319
2.04576
2.07511
2.10002
2.12215
2.14863
2.17492
2.21143
2.25172
2.30292
2.39546
2.52297
2.67164
2.84745
3.17328
3.39495
3.38888
3.39097
3.40325
3.4418
3.46313
3.47731
3.4878
3.48395
3.47812
3.47123
3.46492
3.45469
3.4351
3.41767
3.40411
3.39254
3.37682
3.3547
3.33007
3.30549
3.2815
3.25848
3.23709
3.21578
3.19218
3.16815
3.14469
3.12148
3.09823
3.07506
3.05199
3.02888
3.00556
2.98197
2.95828
2.9345
2.91062
2.88653
2.8623
2.83794
2.81345
2.78872
2.76375
2.73853
2.71308
2.6864
2.65376
2.60973
4.46251
4.17334
3.90869
3.6713
3.50838
3.38514
3.28943
3.17495
3.04564
2.8842
2.71621
2.54271
2.42723
2.33928
2.28957
2.23996
2.16268
2.09416
2.02053
1.93203
1.85857
1.82112
1.79256
1.77151
1.76733
1.79488
1.86119
2.25814
2.4335
2.49967
2.53228
2.49295
2.40796
2.34083
2.28985
2.24852
2.2206
2.19782
2.17352
2.15427
2.15639
2.16529
2.16411
2.17028
2.18016
2.20691
2.25021
2.29974
2.39007
2.54547
2.71835
2.99461
3.2865
3.42222
3.41343
3.39719
3.40738
3.42867
3.44877
3.47296
3.47172
3.45377
3.44144
3.43853
3.4325
3.42461
3.41411
3.39338
3.37131
3.34973
3.329
3.30842
3.28774
3.26825
3.24654
3.22291
3.19882
3.17467
3.15054
3.12714
3.10459
3.08246
3.05991
3.03644
3.01241
2.98803
2.96351
2.93916
2.915
2.89087
2.86668
2.84228
2.81753
2.79238
2.76711
2.74177
2.71627
2.68945
2.65656
2.6117
4.52959
4.24445
3.99328
3.74185
3.57225
3.41594
3.32001
3.21966
3.10162
2.97131
2.82415
2.66378
2.52902
2.43605
2.37597
2.31617
2.27375
2.22684
2.16078
2.06787
1.97955
1.94286
1.92395
1.92292
1.95138
2.08072
2.26854
2.89771
2.94795
2.95531
2.92242
2.81131
2.70851
2.62547
2.55358
2.4912
2.43853
2.3851
2.33133
2.29321
2.24266
2.19678
2.16423
2.16514
2.16883
2.17204
2.17735
2.19332
2.23884
2.30948
2.41745
2.58968
2.77938
3.18577
3.44198
3.45436
3.41272
3.41387
3.41923
3.44912
3.45591
3.45571
3.44938
3.44021
3.43468
3.4264
3.41539
3.39933
3.37971
3.36055
3.34114
3.32127
3.30063
3.27921
3.25674
3.23252
3.20898
3.18687
3.16563
3.14466
3.12277
3.09918
3.07469
3.04999
3.02513
3.00021
2.97554
2.95115
2.92664
2.90177
2.87656
2.85119
2.82579
2.80037
2.77488
2.74902
2.72263
2.69483
2.66098
2.61519
4.58949
4.30785
4.06002
3.81642
3.63363
3.46549
3.35919
3.25376
3.14185
3.01986
2.90433
2.76121
2.61836
2.51582
2.43552
2.39065
2.3506
2.29719
2.23536
2.1723
2.07916
2.04422
2.03412
2.05151
2.14227
2.29885
2.88088
3.29193
3.32401
3.2874
3.20002
3.07015
2.95546
2.85609
2.77037
2.6862
2.61248
2.53657
2.47591
2.41441
2.35569
2.30872
2.25503
2.21499
2.18007
2.16391
2.16313
2.16868
2.18083
2.20024
2.24076
2.32294
2.47369
2.66095
2.99373
3.34635
3.46028
3.45996
3.41433
3.4031
3.4107
3.44222
3.44305
3.44013
3.43874
3.43488
3.42554
3.4132
3.39618
3.37781
3.35978
3.33972
3.31968
3.29904
3.2776
3.25571
3.23439
3.21393
3.19249
3.16965
3.14621
3.12201
3.09711
3.07206
3.0475
3.02372
2.99956
2.97414
2.94785
2.92138
2.89497
2.86879
2.84269
2.81636
2.78959
2.76228
2.73452
2.70552
2.67021
2.62312
4.64564
4.38068
4.13588
3.89986
3.70148
3.53504
3.42036
3.30772
3.19467
3.07148
2.94274
2.84265
2.695
2.58025
2.5085
2.4519
2.4001
2.34544
2.30549
2.21683
2.15006
2.11867
2.12058
2.18795
2.42135
2.82697
3.46874
3.53406
3.53004
3.47562
3.39552
3.28436
3.17435
3.0656
2.95604
2.8636
2.76425
2.68018
2.60985
2.53273
2.46683
2.4138
2.36502
2.30627
2.25297
2.21313
2.19412
2.18009
2.17932
2.16993
2.17179
2.20492
2.26056
2.36704
2.5504
2.73948
3.17575
3.47896
3.48266
3.43881
3.40211
3.40135
3.40945
3.43137
3.43527
3.43303
3.42383
3.41428
3.39869
3.37946
3.36578
3.35207
3.33242
3.31129
3.29164
3.27287
3.25403
3.23441
3.21308
3.1897
3.16652
3.14373
3.12127
3.09884
3.07604
3.05024
3.02276
2.99556
2.96858
2.94183
2.91514
2.88856
2.86195
2.83509
2.80764
2.77979
2.75159
2.72221
2.68633
2.638
4.68183
4.43726
4.1993
3.97724
3.76434
3.60125
3.47522
3.36617
3.25471
3.13995
3.00452
2.89739
2.77412
2.64736
2.56409
2.50043
2.446
2.39729
2.34252
2.25822
2.2192
2.2127
2.25274
2.43378
2.71368
3.37359
3.6768
3.67813
3.64013
3.58857
3.52107
3.4364
3.3391
3.22244
3.10834
3.00525
2.90198
2.81502
2.72635
2.64763
2.58479
2.52964
2.45004
2.39015
2.35405
2.31325
2.287
2.24641
2.19371
2.16466
2.16561
2.17134
2.17741
2.21792
2.28776
2.42061
2.62186
2.92714
3.32335
3.46846
3.47453
3.38794
3.38794
3.3912
3.42298
3.42062
3.41062
3.39018
3.37311
3.36118
3.35126
3.34043
3.32582
3.3051
3.28177
3.26253
3.24665
3.23058
3.21146
3.18851
3.16437
3.1403
3.11652
3.09288
3.06905
3.04433
3.01877
2.99278
2.96676
2.94089
2.91485
2.8887
2.86259
2.83621
2.80885
2.78101
2.75289
2.72388
2.68911
2.6408
4.72227
4.49739
4.2577
4.04548
3.82835
3.66317
3.53044
3.42185
3.31312
3.20206
3.08526
2.95248
2.85464
2.7353
2.61518
2.55133
2.49029
2.42413
2.35272
2.31219
2.3045
2.33627
2.48334
2.70265
3.35858
3.74416
3.74814
3.73343
3.70624
3.66586
3.60787
3.53317
3.443
3.34246
3.24034
3.13287
3.03409
2.94181
2.84941
2.77356
2.70929
2.62503
2.55521
2.51118
2.4682
2.41411
2.34745
2.30184
2.26785
2.24242
2.20666
2.16316
2.16094
2.16636
2.1739
2.21911
2.31037
2.48462
2.66226
3.10973
3.43382
3.46092
3.45076
3.38917
3.36406
3.36097
3.36762
3.37003
3.36595
3.35608
3.34208
3.32977
3.31632
3.29953
3.28094
3.26417
3.24865
3.22845
3.2059
3.18302
3.16064
3.13818
3.11534
3.09125
3.06601
3.04091
3.01586
2.99045
2.96457
2.93879
2.91335
2.88818
2.86257
2.83513
2.80692
2.77872
2.75051
2.72154
2.68695
2.63768
4.74075
4.56117
4.32821
4.12013
3.89878
3.72836
3.59104
3.48126
3.37061
3.25875
3.14927
3.031
2.92072
2.80207
2.6879
2.60426
2.53247
2.4473
2.39273
2.38369
2.41481
2.54644
2.74016
3.38108
3.78398
3.788
3.77659
3.76271
3.74404
3.71445
3.66935
3.60689
3.53113
3.44515
3.35331
3.25658
3.16147
3.06731
2.97597
2.90063
2.81732
2.73778
2.68145
2.62937
2.54931
2.48462
2.44015
2.4011
2.36949
2.32693
2.27394
2.21345
2.18742
2.15699
2.14712
2.15064
2.17649
2.23974
2.3587
2.55237
2.78778
3.23072
3.46139
3.48062
3.3953
3.34418
3.33988
3.34678
3.35791
3.35805
3.34733
3.32431
3.30641
3.29207
3.27946
3.26693
3.25229
3.23217
3.20578
3.18263
3.16228
3.14216
3.12043
3.09605
3.07082
3.0437
3.01705
2.99078
2.96418
2.93761
2.91094
2.88405
2.85595
2.82749
2.79955
2.77201
2.74441
2.71586
2.68181
2.63197
4.74411
4.5905
4.39126
4.19185
3.97136
3.7819
3.65105
3.53716
3.42896
3.32037
3.21083
3.10396
3.00123
2.8726
2.76008
2.66054
2.53842
2.48703
2.47055
2.4877
2.60364
2.79074
3.41672
3.83103
3.85013
3.82346
3.80917
3.79678
3.781
3.7565
3.72047
3.67159
3.61052
3.53943
3.46073
3.37526
3.28575
3.19213
3.1045
3.01911
2.92911
2.86347
2.79917
2.7109
2.63712
2.59337
2.55046
2.49625
2.44427
2.38623
2.33564
2.28622
2.24637
2.19464
2.16408
2.13742
2.14223
2.14661
2.1729
2.26026
2.41465
2.59884
2.97927
3.35932
3.43582
3.43777
3.33709
3.2981
3.30192
3.31784
3.31827
3.31288
3.30159
3.28789
3.26856
3.24933
3.23437
3.2184
3.1984
3.17726
3.15475
3.13293
3.11117
3.08904
3.06614
3.04203
3.01464
2.98608
2.95846
2.93116
2.90391
2.87619
2.84812
2.81968
2.79125
2.76374
2.73626
2.70793
2.674
2.62345
4.72065
4.61032
4.46249
4.27386
4.05934
3.84662
3.70624
3.59117
3.48253
3.37661
3.26976
3.16068
3.06405
2.95847
2.86058
2.69421
2.59438
2.55568
2.57059
2.66903
2.86458
3.44732
3.93344
3.93994
3.92668
3.89752
3.87398
3.85542
3.83622
3.81343
3.78353
3.74434
3.6929
3.63093
3.55895
3.47958
3.3968
3.30959
3.22595
3.13272
3.05179
2.97277
2.8888
2.81793
2.76021
2.70324
2.62195
2.5628
2.5005
2.44985
2.402
2.35346
2.30553
2.26269
2.22686
2.17432
2.14541
2.1161
2.11894
2.13448
2.1808
2.28344
2.48012
2.67611
3.12365
3.40772
3.4202
3.38894
3.30944
3.27236
3.2733
3.2834
3.28625
3.28274
3.26986
3.25195
3.22882
3.21086
3.19177
3.17002
3.14929
3.12812
3.1054
3.0814
3.05711
3.03271
3.00761
2.98098
2.952
2.92424
2.89683
2.86909
2.84026
2.81111
2.78185
2.75413
2.72635
2.69758
2.66378
2.6132
4.68347
4.59038
4.47341
4.32918
4.14948
3.93007
3.76184
3.64946
3.53651
3.4257
3.32623
3.22494
3.11758
3.01469
2.89949
2.75418
2.67961
2.67025
2.7466
2.96353
3.49239
4.05405
4.06273
4.04952
4.02073
3.97687
3.94553
3.92168
3.8975
3.87232
3.84338
3.80849
3.76494
3.71221
3.64815
3.57643
3.49741
3.41567
3.32469
3.2375
3.15031
3.0551
2.98702
2.91917
2.85021
2.76613
2.69768
2.63822
2.56814
2.5104
2.46052
2.41125
2.36551
2.31432
2.26559
2.2238
2.17511
2.13143
2.12067
2.09852
2.10571
2.14
2.20864
2.3496
2.55728
2.81231
3.22693
3.4084
3.42344
3.33383
3.26901
3.25663
3.26101
3.27673
3.27652
3.26419
3.24596
3.21412
3.18882
3.16622
3.14668
3.12743
3.10425
3.07901
3.05346
3.02858
3.00233
2.97541
2.94616
2.91805
2.89051
2.86203
2.83146
2.80258
2.77385
2.74531
2.71762
2.68829
2.65343
2.60239
4.56073
4.58353
4.47751
4.35782
4.22055
4.01945
3.81961
3.70188
3.59497
3.46792
3.37145
3.28174
3.18226
3.0828
2.9225
2.82439
2.8023
2.85065
3.08191
3.49661
4.19368
4.20994
4.19821
4.16608
4.10369
4.05988
4.02701
3.99556
3.96298
3.93224
3.9003
3.86565
3.82578
3.77858
3.72286
3.65765
3.58323
3.50221
3.41693
3.33114
3.23728
3.15512
3.07742
2.99432
2.9116
2.83928
2.77832
2.70977
2.64889
2.59056
2.53483
2.47906
2.43076
2.38382
2.33568
2.28926
2.24386
2.20638
2.16998
2.12359
2.09286
2.09836
2.10575
2.14206
2.22953
2.38727
2.55612
3.00263
3.36074
3.38939
3.37678
3.28362
3.23062
3.23034
3.23921
3.24115
3.22929
3.20882
3.18203
3.15498
3.13453
3.12002
3.10284
3.08096
3.05656
3.02215
2.99051
2.96281
2.93504
2.90727
2.88016
2.85211
2.82107
2.79059
2.76304
2.73477
2.70687
2.67761
2.64266
2.59146
4.4853
4.53916
4.49291
4.38077
4.26451
4.12333
3.90715
3.74272
3.64587
3.5203
3.4117
3.3239
3.24157
3.11439
2.99317
2.94996
2.97756
3.1786
3.53818
4.2921
4.37716
4.36709
4.32465
4.24319
4.18994
4.1467
4.10542
4.06009
4.01819
3.9821
3.9479
3.91223
3.87384
3.82964
3.77907
3.71971
3.65314
3.57885
3.50004
3.41467
3.33084
3.24572
3.14985
3.06934
2.99432
2.92014
2.84419
2.77729
2.7151
2.65597
2.60096
2.54822
2.49505
2.44249
2.39431
2.33571
2.28887
2.24905
2.2059
2.1653
2.12633
2.10728
2.08746
2.08479
2.09288
2.15685
2.27323
2.45686
2.66596
3.1054
3.36413
3.36726
3.32491
3.23494
3.19015
3.1931
3.19984
3.19418
3.17655
3.15551
3.13371
3.11494
3.09702
3.07518
3.0478
3.01486
2.98179
2.95331
2.92631
2.89737
2.86853
2.83982
2.80973
2.78071
2.75144
2.72318
2.69484
2.66598
2.63166
2.57978
3.84249
4.49249
4.5389
4.43423
4.28484
4.1595
3.99913
3.80428
3.69744
3.58759
3.46406
3.35712
3.27493
3.16236
3.11839
3.13421
3.30794
3.59598
4.34428
4.57706
4.58531
4.46471
4.37408
4.3254
4.27944
4.2322
4.1819
4.12629
4.07448
4.03162
3.99345
3.9548
3.91464
3.87106
3.82291
3.76844
3.70745
3.63919
3.56474
3.48507
3.40251
3.31546
3.23097
3.14875
3.06877
2.99123
2.91805
2.84551
2.77936
2.72061
2.66553
2.61144
2.55801
2.50305
2.45322
2.3992
2.35216
2.30857
2.26411
2.22818
2.1916
2.16006
2.10886
2.08348
2.06204
2.07235
2.10571
2.17855
2.32197
2.50106
2.86782
3.24687
3.32752
3.30818
3.26224
3.19327
3.15978
3.16332
3.15812
3.14178
3.12398
3.10744
3.09134
3.05804
3.02719
2.9969
2.96931
2.94142
2.9129
2.88413
2.85416
2.82497
2.79519
2.76817
2.74049
2.71103
2.68241
2.65315
2.61853
2.56675
2.82106
4.24027
4.4439
4.43751
4.31759
4.18206
4.04828
3.86197
3.72926
3.64291
3.54108
3.39099
3.29334
3.2691
3.28966
3.46053
3.72191
4.47913
4.77031
4.77293
4.6222
4.51313
4.46764
4.42374
4.37344
4.31706
4.25166
4.18443
4.12244
4.07097
4.02789
3.98654
3.94477
3.90136
3.85482
3.80371
3.7471
3.68471
3.61649
3.54341
3.46557
3.38554
3.30216
3.22024
3.13977
3.06357
2.98703
2.91484
2.84458
2.78256
2.7239
2.67228
2.61952
2.56845
2.50958
2.45891
2.40927
2.36107
2.31696
2.27308
2.23101
2.19388
2.16693
2.11907
2.09308
2.04944
2.05092
2.06871
2.11446
2.21582
2.39494
2.56938
3.00698
3.28791
3.30478
3.2945
3.19655
3.14153
3.1296
3.11775
3.10395
3.09125
3.07745
3.04823
3.00675
2.97264
2.94636
2.92317
2.89751
2.8684
2.83603
2.80557
2.77551
2.74908
2.7241
2.69735
2.66758
2.63642
2.60084
2.55062
1.82468
3.27151
4.3658
4.41637
4.35979
4.22205
4.10756
3.94541
3.77699
3.68836
3.58296
3.45878
3.4008
3.42397
3.59778
3.86429
4.65381
5.00108
4.99457
4.82673
4.6834
4.61939
4.56141
4.50556
4.45083
4.39448
4.33388
4.26462
4.19326
4.12749
4.07366
4.02584
3.97963
3.93296
3.88495
3.8344
3.7804
3.72209
3.659
3.59099
3.51916
3.44353
3.36624
3.28682
3.20911
3.1307
3.05496
2.98022
2.90944
2.84354
2.78221
2.72311
2.66701
2.61126
2.5532
2.50007
2.45431
2.40326
2.35721
2.31796
2.28059
2.24494
2.21031
2.17534
2.13857
2.08473
2.05199
2.04192
2.04132
2.06923
2.12534
2.25296
2.44294
2.71703
3.08845
3.23815
3.23516
3.19728
3.11537
3.06644
3.05676
3.04685
3.03688
3.02237
2.98726
2.95361
2.91931
2.89551
2.87096
2.84329
2.81463
2.78799
2.76195
2.73288
2.7076
2.68182
2.65398
2.6239
2.58705
2.53557
1.51085
2.35097
3.74752
4.31436
4.40187
4.30276
4.16214
4.05581
3.90094
3.72935
3.61381
3.57005
3.58016
3.74879
4.00726
4.82934
5.2209
5.20241
5.02942
4.86005
4.77713
4.70992
4.64188
4.57292
4.50904
4.44638
4.38386
4.32044
4.25184
4.17894
4.11459
4.05988
4.00935
3.95918
3.90878
3.85762
3.80498
3.74996
3.69181
3.63022
3.56488
3.49611
3.42448
3.35027
3.27462
3.19719
3.1215
3.04784
2.97915
2.91506
2.85301
2.79314
2.72951
2.67144
2.61798
2.56536
2.5167
2.45658
2.40773
2.36181
2.32384
2.28697
2.2504
2.21173
2.17219
2.13774
2.09549
2.04453
2.01928
2.01241
2.01105
2.0374
2.12616
2.27535
2.43828
2.87046
3.14408
3.16072
3.13973
3.08916
3.0263
2.98368
2.97228
2.95883
2.93963
2.91293
2.88126
2.85053
2.82894
2.80742
2.77849
2.75407
2.73088
2.70558
2.67963
2.65616
2.63041
2.6011
2.56681
2.51866
1.49343
1.64496
2.793
4.0336
4.28581
4.2873
4.16498
4.05927
3.92502
3.7775
3.70717
3.72733
3.91811
4.19763
5.08338
5.50338
5.46535
5.27663
5.0767
4.98011
4.89933
4.82112
4.73795
4.66115
4.59003
4.52083
4.45107
4.37936
4.30843
4.23733
4.16734
4.10566
4.05067
3.99809
3.94663
3.89492
3.84238
3.7882
3.73175
3.67241
3.61055
3.54582
3.47869
3.40923
3.33723
3.26321
3.18969
3.11592
3.04573
2.97872
2.91467
2.85221
2.78898
2.72671
2.66896
2.61218
2.55548
2.50329
2.45498
2.403
2.35631
2.31772
2.27998
2.24533
2.21237
2.17594
2.13561
2.09575
2.03944
1.99673
1.96676
1.94721
1.95323
2.00255
2.11059
2.2894
2.4938
2.83843
3.02593
3.04323
3.03116
2.94595
2.89474
2.87658
2.86236
2.84488
2.82513
2.80553
2.78472
2.75391
2.72813
2.70959
2.69325
2.67388
2.65051
2.62214
2.59421
2.5655
2.53445
2.48889
1.3051
1.39879
1.79172
3.12884
4.16223
4.23457
4.20001
4.10639
3.95463
3.87243
3.88313
4.08413
4.38879
5.33009
5.75625
5.70806
5.51639
5.29216
5.179
5.09016
5.00433
4.91534
4.81946
4.73579
4.66001
4.58615
4.51152
4.43604
4.3591
4.28318
4.21034
4.14409
4.08412
4.02866
3.97521
3.92253
3.8698
3.81623
3.76189
3.70644
3.64941
3.59005
3.52786
3.46235
3.39365
3.32282
3.24958
3.17741
3.10661
3.03783
2.97072
2.90506
2.8399
2.77735
2.71522
2.65918
2.60183
2.55396
2.50481
2.45396
2.40199
2.35698
2.31608
2.27849
2.23915
2.19828
2.15885
2.11519
2.06032
2.01118
1.95607
1.92002
1.87778
1.87622
1.90044
1.94951
2.05739
2.17298
2.52501
2.7915
2.87457
2.88487
2.86152
2.80619
2.76075
2.74621
2.73997
2.72955
2.71594
2.68984
2.66923
2.65244
2.63755
2.62179
2.59963
2.5707
2.54379
2.5184
2.49197
2.44987
1.39742
1.41451
1.50573
2.26787
3.52828
4.16997
4.25477
4.13443
4.03606
4.05203
4.27549
4.63126
5.67217
6.05474
6.00046
5.79818
5.54844
5.41326
5.32257
5.23224
5.13612
5.03024
4.93417
4.84686
4.76461
4.68121
4.59862
4.51667
4.43525
4.35461
4.27678
4.20404
4.13785
4.07683
4.01867
3.96207
3.90573
3.85061
3.79589
3.74106
3.68518
3.62765
3.56734
3.50402
3.43765
3.3686
3.2981
3.22741
3.15707
3.08833
3.01979
2.95361
2.88729
2.82032
2.75803
2.69639
2.64134
2.58643
2.5338
2.48295
2.43332
2.38127
2.33232
2.28429
2.24082
2.19992
2.15857
2.10964
2.04684
1.99391
1.93971
1.88937
1.83976
1.7932
1.78699
1.78202
1.78935
1.85629
1.99597
2.1575
2.49889
2.70363
2.73146
2.73152
2.69217
2.64717
2.62309
2.61689
2.61395
2.60356
2.58582
2.572
2.55666
2.54523
2.53047
2.5101
2.48167
2.45669
2.43294
2.39863
1.40724
1.38716
1.46724
1.59239
2.60199
3.84449
4.14936
4.14917
4.15737
4.42639
4.97678
6.0525
6.32397
6.2382
6.02051
5.74664
5.61824
5.53855
5.45825
5.36522
5.24532
5.12727
5.0267
4.93625
4.84783
4.76119
4.67621
4.59265
4.50985
4.42791
4.34678
4.26817
4.19364
4.12382
4.05835
3.99588
3.93467
3.87491
3.81828
3.76264
3.70654
3.64895
3.5895
3.52736
3.46224
3.3952
3.32782
3.25964
3.19183
3.12293
3.055
2.98496
2.91767
2.84811
2.78254
2.71881
2.65818
2.60188
2.54701
2.49396
2.43929
2.38275
2.33021
2.27846
2.23028
2.18278
2.13449
2.07565
2.01276
1.95439
1.90451
1.85923
1.81382
1.77025
1.73096
1.70658
1.67928
1.7003
1.742
1.83717
1.97544
2.26233
2.47657
2.5525
2.56758
2.5618
2.51563
2.48442
2.46739
2.46315
2.46098
2.45725
2.45048
2.44354
2.43607
2.42564
2.40287
2.38022
2.36331
2.34074
1.40599
1.43046
1.33908
1.42439
1.71544
2.92305
3.77862
4.09395
4.53928
5.29312
6.73832
6.82963
6.73033
6.31673
6.00784
5.87537
5.79363
5.71221
5.62513
5.52019
5.39231
5.27871
5.17154
5.06474
4.96146
4.86398
4.77094
4.68024
4.59108
4.5034
4.41733
4.3337
4.25293
4.17622
4.10301
4.03302
3.96368
3.8959
3.83427
3.77574
3.71689
3.65679
3.59494
3.53029
3.46373
3.39776
3.3305
3.26381
3.19579
3.12755
3.05714
2.9876
2.916
2.84712
2.77811
2.71291
2.64881
2.58815
2.52638
2.46787
2.40581
2.34178
2.28213
2.22495
2.17505
2.12644
2.07786
2.02365
1.966
1.91581
1.87146
1.83162
1.79233
1.75389
1.72057
1.67662
1.64473
1.62637
1.62676
1.65656
1.71201
1.82435
1.98841
2.26793
2.43462
2.45689
2.4608
2.4197
2.37694
2.36091
2.35136
2.34036
2.33169
2.32308
2.31579
2.30616
2.29571
2.28203
2.27132
2.27773
1.40857
1.40798
1.40384
1.38922
1.54766
1.96895
3.10442
4.19813
5.5191
7.18024
7.15936
6.94782
6.56708
6.25839
6.06857
6.00807
5.9304
5.83302
5.73063
5.59988
5.48352
5.37281
5.26265
5.15475
5.04887
4.94522
4.84629
4.74787
4.65068
4.55416
4.45998
4.36825
4.27974
4.19444
4.11262
4.03345
3.95541
3.87523
3.80358
3.7378
3.67198
3.60555
3.53586
3.46575
3.39845
3.33131
3.26382
3.19544
3.12643
3.05604
2.98651
2.91241
2.84182
2.7695
2.69912
2.63132
2.56629
2.50362
2.44315
2.38457
2.32894
2.26981
2.21655
2.17028
2.12595
2.08109
2.03596
1.98503
1.93448
1.88977
1.84801
1.8098
1.77497
1.73987
1.70986
1.67704
1.65403
1.60036
1.58543
1.58828
1.57517
1.62556
1.73805
1.86607
2.13944
2.32557
2.3665
2.36236
2.34505
2.30984
2.28147
2.26454
2.25053
2.24019
2.2313
2.22375
2.20114
2.18202
2.19129
2.22294
1.40841
1.40861
1.40847
1.39019
1.44479
1.63915
2.29176
4.06723
6.7628
6.97071
6.87725
6.42497
6.13393
6.0504
6.00944
5.96283
5.89627
5.8143
5.72202
5.61483
5.49525
5.37536
5.24892
5.12955
5.01747
4.91172
4.80754
4.70524
4.60204
4.4992
4.39733
4.2989
4.20067
4.106
4.01166
3.91904
3.82818
3.73381
3.64939
3.57271
3.49813
3.42429
3.34981
3.28027
3.21406
3.15115
3.08913
3.02764
2.96628
2.90498
2.84316
2.78252
2.72145
2.66093
2.59942
2.54019
2.48474
2.43204
2.38021
2.32953
2.28166
2.22822
2.18064
2.14073
2.10185
2.06193
2.02144
1.97701
1.9313
1.88938
1.85259
1.81804
1.78793
1.75864
1.73003
1.70022
1.6689
1.63814
1.59668
1.56021
1.55492
1.55874
1.584
1.66338
1.7531
2.00197
2.19766
2.27909
2.28494
2.27532
2.23935
2.20906
2.19189
2.17636
2.16684
2.1577
2.13214
2.1364
2.15086
2.23248
1.40808
1.41081
1.40708
1.40265
1.40661
1.74022
2.19206
5.31019
6.1298
6.1426
5.90567
5.63965
5.54689
5.53635
5.54491
5.53491
5.496
5.45571
5.40163
5.33064
5.2387
5.14023
5.02964
4.91117
4.79712
4.68365
4.57336
4.46198
4.35294
4.24687
4.1444
4.04353
3.94527
3.84984
3.75772
3.66827
3.58235
3.4971
3.42079
3.35307
3.28811
3.22488
3.16097
3.10186
3.04828
2.99692
2.94675
2.89696
2.84766
2.79845
2.74897
2.70023
2.6503
2.60031
2.5496
2.49996
2.45214
2.40504
2.36073
2.31706
2.27386
2.22606
2.18019
2.14044
2.10438
2.06893
2.03289
1.99641
1.9599
1.91627
1.87494
1.83842
1.8045
1.77179
1.7384
1.70589
1.6743
1.64239
1.61137
1.57382
1.53633
1.50693
1.51708
1.54808
1.61621
1.70639
1.8988
2.11001
2.21437
2.22036
2.21205
2.18209
2.15081
2.13741
2.1108
2.10566
2.11137
2.12621
2.15522
2.34401
1.40844
1.40834
1.40793
1.39919
1.41225
1.73091
2.42559
6.20488
6.18923
5.81615
5.61685
5.54071
5.51181
5.48235
5.42934
5.34619
5.25868
5.18077
5.1001
5.01143
4.91671
4.81673
4.70553
4.59788
4.49062
4.38562
4.28526
4.18881
4.0952
4.00445
3.91651
3.83136
3.74978
3.67199
3.5974
3.52455
3.45439
3.3858
3.32204
3.26278
3.20443
3.14818
3.08931
3.03468
2.98609
2.94056
2.89639
2.85282
2.81024
2.76773
2.72605
2.68377
2.64102
2.59908
2.5562
2.51246
2.46918
2.42657
2.38517
2.34329
2.29792
2.25691
2.21685
2.1756
2.13681
2.09989
2.06208
2.02288
1.98287
1.94137
1.9001
1.86216
1.8247
1.7896
1.75492
1.72236
1.69018
1.65742
1.62386
1.59294
1.54497
1.50928
1.49223
1.4913
1.51876
1.58138
1.6781
1.83294
2.04221
2.16838
2.17343
2.16783
2.13457
2.09059
2.08985
2.07729
2.11167
2.17977
2.2672
2.61233
1.40843
1.40831
1.40804
1.39919
1.41327
1.72035
2.47982
6.64609
6.34685
6.17204
6.03943
5.91601
5.75145
5.59037
5.46596
5.36468
5.27711
5.194
5.10507
5.0092
4.91317
4.81552
4.70971
4.60517
4.49848
4.39369
4.28893
4.18636
4.08946
3.99729
3.9096
3.8263
3.74768
3.6732
3.60237
3.53376
3.4676
3.40195
3.3373
3.2742
3.21328
3.15543
3.09632
3.04156
2.9932
2.94901
2.90745
2.86825
2.83124
2.79536
2.76033
2.72501
2.68895
2.65213
2.61424
2.57431
2.5333
2.49235
2.45135
2.41009
2.36511
2.32176
2.27923
2.23458
2.19013
2.1472
2.103
2.05836
2.01392
1.96916
1.92474
1.88157
1.84135
1.80252
1.7653
1.72926
1.69458
1.66145
1.62876
1.59442
1.56225
1.51718
1.4795
1.47207
1.47742
1.49611
1.55245
1.64604
1.76711
1.99362
2.12934
2.13457
2.13076
2.10768
2.09921
2.11857
2.18684
2.33935
2.5723
2.92469
1.40845
1.40829
1.40798
1.39894
1.41228
1.71208
2.45034
6.52634
6.18544
6.0172
5.98418
5.93216
5.85454
5.76405
5.67262
5.57497
5.47112
5.36271
5.24973
5.13629
5.02522
4.91574
4.80595
4.69594
4.58514
4.47421
4.36567
4.26026
4.15994
4.06639
3.97849
3.89611
3.81874
3.74604
3.67659
3.60868
3.54194
3.47568
3.41242
3.35268
3.29548
3.24091
3.18715
3.13802
3.09425
3.05424
3.01678
2.98033
2.94485
2.9083
2.8702
2.83024
2.78819
2.74496
2.70002
2.65478
2.60915
2.56272
2.51561
2.46768
2.41907
2.36964
2.31962
2.26944
2.2197
2.16985
2.12052
2.07184
2.02435
1.97717
1.93197
1.88807
1.84646
1.80675
1.76963
1.73409
1.69911
1.6662
1.63292
1.60021
1.56573
1.52934
1.49636
1.46467
1.44777
1.45625
1.46762
1.51729
1.60104
1.71651
1.93791
2.08179
2.10077
2.11996
2.14946
2.2511
2.41541
2.64565
2.97811
3.07929
1.40845
1.40829
1.40797
1.39893
1.41225
1.71473
2.46601
6.67915
6.16155
6.01223
6.02712
5.9935
5.93201
5.81622
5.72068
5.62967
5.53777
5.44221
5.34137
5.23924
5.13701
5.03232
4.91975
4.80578
4.6933
4.58329
4.47625
4.37306
4.27527
4.18335
4.09677
4.01489
3.93659
3.86111
3.78811
3.71733
3.64916
3.58347
3.5208
3.46173
3.40497
3.35115
3.29907
3.24947
3.20212
3.15725
3.11302
3.06843
3.02343
2.97779
2.93138
2.88419
2.8363
2.78774
2.73837
2.68845
2.63849
2.58881
2.53909
2.48838
2.43565
2.38305
2.33059
2.27788
2.22496
2.17268
2.12138
2.07088
2.0218
1.9744
1.92905
1.88646
1.84506
1.80508
1.76708
1.73117
1.69679
1.66273
1.62858
1.59566
1.56196
1.53115
1.4998
1.47302
1.44398
1.42477
1.42994
1.44035
1.47545
1.55885
1.6576
1.8763
2.04842
2.13549
2.25439
2.41682
2.73517
3.03212
3.07872
3.05411
1.40845
1.40829
1.40798
1.39897
1.41176
1.71096
2.45009
6.61884
6.1304
5.95628
5.98423
5.95322
5.89377
5.80261
5.72636
5.64886
5.56325
5.46858
5.36829
5.26639
5.16336
5.05684
4.94503
4.83262
4.72157
4.61212
4.50513
4.4017
4.30243
4.20799
4.11794
4.03201
3.94975
3.87099
3.79531
3.72243
3.6523
3.58521
3.52223
3.46346
3.40743
3.35432
3.30141
3.25075
3.20177
3.15533
3.10936
3.06408
3.01945
2.97423
2.92863
2.8821
2.83492
2.78676
2.73774
2.68813
2.63811
2.58743
2.53624
2.48434
2.43199
2.37919
2.32618
2.27262
2.21904
2.16582
2.1141
2.06345
2.01465
1.96783
1.92341
1.88102
1.84028
1.80101
1.76429
1.72878
1.69598
1.66338
1.63064
1.59768
1.56391
1.53105
1.50268
1.47433
1.45746
1.4172
1.39982
1.40328
1.40785
1.44255
1.5238
1.66583
1.86455
2.13406
2.36805
2.75653
3.03137
3.02393
3.0043
2.98099
1.40845
1.40829
1.40797
1.39897
1.41174
1.71156
2.45292
6.64573
6.13059
5.9559
5.99664
5.96896
5.91198
5.81182
5.72781
5.64493
5.55721
5.46234
5.36274
5.26185
5.15895
5.05226
4.93978
4.82637
4.71409
4.60369
4.49558
4.39065
4.28986
4.19355
4.10174
4.01427
3.9308
3.851
3.77444
3.7012
3.63127
3.56513
3.50354
3.44673
3.39367
3.34372
3.29409
3.24526
3.19801
3.1521
3.10627
3.06128
3.01634
2.97087
2.92476
2.87775
2.83009
2.78153
2.7321
2.68215
2.63195
2.58139
2.5303
2.47827
2.42548
2.37243
2.31954
2.26664
2.21313
2.1604
2.10822
2.05829
2.01065
1.96555
1.92151
1.87936
1.83877
1.7995
1.76194
1.72663
1.69333
1.66067
1.62868
1.59745
1.56194
1.52968
1.49934
1.47565
1.45187
1.43089
1.38938
1.37573
1.37995
1.38466
1.45307
1.60046
1.84007
2.08458
2.63111
2.9701
2.96546
2.94527
2.90322
2.88314
)
;

boundaryField
{
    inlet
    {
        type            calculated;
        value           uniform 1.40845;
    }
    outlet
    {
        type            calculated;
        value           nonuniform List<scalar> 
40
(
1.87243
2.03299
2.23152
2.37425
2.47431
2.54076
2.57946
2.59823
2.60604
2.60973
2.6117
2.61519
2.62312
2.638
2.6408
2.63768
2.63197
2.62345
2.6132
2.60239
2.59146
2.57978
2.56675
2.55062
2.53557
2.51866
2.48889
2.44987
2.39863
2.34074
2.27773
2.22294
2.23248
2.34401
2.61233
2.92469
3.07929
3.05411
2.98099
2.88314
)
;
    }
    bottom
    {
        type            symmetryPlane;
    }
    top
    {
        type            symmetryPlane;
    }
    obstacle
    {
        type            calculated;
        value           nonuniform List<scalar> 
110
(
6.71929
6.72001
6.70827
6.6862
6.65687
6.60659
6.55118
6.45374
6.32013
6.09518
1.7855
1.7471
2.02151
1.77356
1.98255
1.89317
1.7731
1.48234
1.4299
1.42956
1.43172
1.45241
1.45218
1.43276
1.37465
1.32229
1.29674
1.29102
1.29131
1.29407
1.29318
1.29268
1.2883
1.28449
1.2764
1.27438
1.27312
1.27612
1.28107
1.29796
1.31515
1.35039
1.40052
1.44805
1.49927
1.56561
1.6207
1.70045
1.76254
1.82282
1.90361
1.97033
2.05767
2.13116
2.19211
2.24522
2.29982
2.34576
2.37758
2.40465
2.44164
2.46163
2.48102
2.49595
2.50346
2.50846
2.50976
2.50834
2.50465
2.49819
2.4898
2.48042
2.46951
2.45755
2.44429
2.43028
2.41546
2.40005
2.38442
2.36838
2.35251
2.33617
2.32002
2.30383
2.2879
2.27196
2.25624
2.24035
2.22467
2.20884
2.19325
2.17738
2.16175
2.1458
2.13006
2.11406
2.0982
2.08217
2.06624
2.05011
2.03402
2.01765
2.0013
1.98456
1.96791
1.95074
1.93353
1.91855
1.89349
1.87243
)
;
    }
    defaultFaces
    {
        type            empty;
    }
}


// ************************************************************************* //
