/*--------------------------------*- C++ -*----------------------------------*\
| =========                 |                                                 |
| \\      /  F ield         | OpenFOAM: The Open Source CFD Toolbox           |
|  \\    /   O peration     | Version:  v2106                                 |
|   \\  /    A nd           | Website:  www.openfoam.com                      |
|    \\/     M anipulation  |                                                 |
\*---------------------------------------------------------------------------*/
FoamFile
{
    version     2.0;
    format      ascii;
    arch        "LSB;label=32;scalar=64";
    class       volScalarField;
    location    "6";
    object      Mo;
}
// * * * * * * * * * * * * * * * * * * * * * * * * * * * * * * * * * * * * * //

dimensions      [0 0 0 0 0 0 0];

internalField   nonuniform List<scalar> 
5250
(
3.01265
3.01265
3.01265
3.01265
3.01265
3.01265
3.01265
3.01264
3.01264
3.01236
3.01101
2.9915
2.89158
2.48377
1.49119
0.439652
0.328623
0.345687
0.307322
0.26081
0.226351
0.179865
0.134514
0.0852209
0.0401925
3.01265
3.01265
3.01265
3.01265
3.01265
3.01265
3.01265
3.01264
3.01264
3.01237
3.01105
2.99212
2.89417
2.49271
1.50173
0.452121
0.322011
0.345171
0.30692
0.262162
0.229144
0.184396
0.143025
0.100708
0.0735816
3.01265
3.01265
3.01265
3.01265
3.01265
3.01265
3.01265
3.01265
3.01264
3.01237
3.01119
2.99295
2.90073
2.51319
1.52792
0.489206
0.313421
0.349123
0.310136
0.26595
0.23701
0.197555
0.163366
0.131882
0.116597
3.01265
3.01265
3.01265
3.01265
3.01265
3.01265
3.01265
3.01265
3.01263
3.01244
3.01086
2.99593
2.90096
2.54743
1.57896
0.542309
0.299021
0.355622
0.316389
0.275054
0.251322
0.219081
0.192141
0.17016
0.160559
3.01265
3.01265
3.01265
3.01265
3.01265
3.01265
3.01265
3.01265
3.01263
3.01248
3.01112
2.9992
2.91342
2.59589
1.67954
0.622388
0.283246
0.363173
0.323822
0.286417
0.269033
0.243963
0.225555
0.211277
0.208055
3.01265
3.01265
3.01265
3.01265
3.01265
3.01265
3.01265
3.01265
3.01263
3.01251
3.01138
3.00213
2.92942
2.65878
1.84818
0.744484
0.272833
0.375825
0.332116
0.30024
0.288447
0.271983
0.264
0.258136
0.258503
3.01265
3.01265
3.01265
3.01265
3.01265
3.01265
3.01265
3.01265
3.01264
3.01256
3.0116
3.00485
2.94495
2.71681
1.99898
0.922773
0.29122
0.401708
0.354821
0.321019
0.313762
0.305363
0.304946
0.306946
0.317315
3.01265
3.01265
3.01265
3.01265
3.01265
3.01265
3.01265
3.01265
3.01264
3.01257
3.01197
3.00698
2.95889
2.76905
2.10746
1.1376
0.352185
0.439454
0.393567
0.348699
0.347384
0.343697
0.352394
0.36566
0.390425
3.01265
3.01265
3.01265
3.01265
3.01265
3.01265
3.01265
3.01265
3.01264
3.0126
3.0122
3.00856
2.96961
2.81013
2.21058
1.27745
0.456167
0.495264
0.451911
0.395706
0.391507
0.390309
0.407353
0.427291
0.486093
3.01265
3.01265
3.01265
3.01265
3.01265
3.01265
3.01265
3.01265
3.01264
3.01263
3.01218
3.00995
2.97887
2.84708
2.31641
1.37229
0.545493
0.551563
0.516523
0.466626
0.445243
0.448493
0.471186
0.516051
0.654348
3.01265
3.01265
3.01265
3.01265
3.01265
3.01265
3.01265
3.01265
3.01264
3.01264
3.01226
3.01088
2.98637
2.88311
2.4335
1.48869
0.63583
0.570762
0.565349
0.543838
0.512087
0.522025
0.550838
0.642421
0.87478
3.01265
3.01265
3.01265
3.01265
3.01265
3.01265
3.01265
3.01265
3.01265
3.01263
3.01244
3.01087
2.99614
2.903
2.55014
1.62661
0.760396
0.557372
0.599269
0.607076
0.587678
0.600997
0.629256
0.748295
0.922891
3.01265
3.01265
3.01265
3.01265
3.01265
3.01265
3.01265
3.01265
3.01265
3.01263
3.01259
3.01125
3.00492
2.93398
2.67711
1.86119
0.957772
0.53069
0.59579
0.645136
0.653897
0.67206
0.702723
0.800141
0.933868
3.01265
3.01265
3.01265
3.01265
3.01265
3.01265
3.01265
3.01265
3.01265
3.01264
3.0126
3.01193
3.00764
2.9619
2.78097
2.16702
1.28407
0.569161
0.614184
0.654395
0.682736
0.721731
0.762736
0.839183
0.95123
3.01265
3.01265
3.01265
3.01265
3.01265
3.01265
3.01265
3.01265
3.01265
3.01265
3.01261
3.01239
3.00939
2.97757
2.83949
2.31963
1.46973
0.708387
0.663816
0.676556
0.705742
0.748998
0.80154
0.873871
0.968379
3.01265
3.01265
3.01265
3.01265
3.01265
3.01265
3.01265
3.01265
3.01265
3.01264
3.01264
3.01234
3.01098
2.99029
2.8941
2.47485
1.61596
0.885149
0.72193
0.722562
0.739893
0.777154
0.828892
0.898176
0.98097
3.01265
3.01265
3.01265
3.01265
3.01265
3.01265
3.01265
3.01265
3.01265
3.01265
3.01263
3.0125
3.01136
3.00114
2.92747
2.64406
1.80042
1.12886
0.738424
0.762343
0.780715
0.809591
0.852651
0.913093
0.98698
3.01265
3.01265
3.01265
3.01265
3.01265
3.01265
3.01265
3.01265
3.01265
3.01265
3.01264
3.01261
3.01196
3.00831
2.9645
2.79493
2.20364
1.43546
0.799074
0.798864
0.811152
0.835054
0.871552
0.925269
0.991534
3.01265
3.01265
3.01265
3.01265
3.01265
3.01265
3.01265
3.01265
3.01265
3.01265
3.01264
3.01263
3.01222
3.01026
2.98357
2.86505
2.42624
1.65036
0.972034
0.843161
0.849563
0.866745
0.896608
0.941857
1.00038
3.01265
3.01265
3.01265
3.01265
3.01265
3.01265
3.01265
3.01265
3.01265
3.01265
3.01265
3.01263
3.01247
3.01113
2.99951
2.91687
2.62983
1.83739
1.23179
0.877277
0.89211
0.904886
0.927594
0.963191
1.01222
3.01265
3.01265
3.01265
3.01265
3.01265
3.01265
3.01265
3.01265
3.01265
3.01265
3.01265
3.01264
3.01261
3.01189
3.00836
2.96209
2.79972
2.22746
1.5405
0.956176
0.92585
0.936185
0.954498
0.985366
1.02755
3.01265
3.01265
3.01265
3.01265
3.01265
3.01265
3.01265
3.01265
3.01265
3.01265
3.01265
3.01264
3.01261
3.0123
3.00978
2.98834
2.86091
2.51511
1.78512
1.16663
0.969716
0.972349
0.988045
1.01347
1.04864
3.01265
3.01265
3.01265
3.01265
3.01265
3.01265
3.01265
3.01265
3.01265
3.01265
3.01265
3.01265
3.01263
3.01258
3.01131
3.00545
2.9304
2.72211
1.97533
1.50033
1.01521
1.00652
1.02079
1.04129
1.07094
3.01265
3.01265
3.01265
3.01265
3.01265
3.01265
3.01265
3.01265
3.01265
3.01265
3.01265
3.01265
3.01264
3.01259
3.01212
3.00854
2.97819
2.82549
2.39748
1.7642
1.18605
1.05204
1.05263
1.0699
1.09509
3.01265
3.01265
3.01265
3.01265
3.01265
3.01265
3.01265
3.01265
3.01265
3.01265
3.01265
3.01265
3.01265
3.01261
3.0126
3.0106
3.00388
2.90142
2.68534
1.96988
1.48185
1.11384
1.08943
1.10048
1.11892
3.01265
3.01265
3.01265
3.01265
3.01265
3.01265
3.01265
3.01265
3.01265
3.01265
3.01265
3.01265
3.01265
3.01264
3.01257
3.01199
3.00791
2.97232
2.81232
2.39069
1.77944
1.25141
1.13511
1.12925
1.14432
3.01265
3.01265
3.01265
3.01265
3.01265
3.01265
3.01265
3.01265
3.01265
3.01265
3.01265
3.01265
3.01265
3.01265
3.0126
3.01264
3.01011
3.00323
2.89001
2.69112
2.01169
1.53947
1.19934
1.16745
1.17203
3.01265
3.01265
3.01265
3.01265
3.01265
3.01265
3.01265
3.01265
3.01265
3.01265
3.01265
3.01265
3.01265
3.01265
3.01264
3.01257
3.01194
3.00786
2.96967
2.81619
2.42488
1.84056
1.33539
1.21458
1.19942
3.01265
3.01265
3.01265
3.01265
3.01265
3.01265
3.01265
3.01265
3.01265
3.01265
3.01265
3.01265
3.01265
3.01265
3.01265
3.01261
3.01269
3.01043
3.00504
2.89502
2.7274
2.06487
1.63511
1.27514
1.2398
3.01265
3.01265
3.01265
3.01265
3.01265
3.01265
3.01265
3.01265
3.01265
3.01265
3.01265
3.01265
3.01265
3.01265
3.01265
3.01264
3.01257
3.01196
3.00781
2.97206
2.81034
2.50939
1.9464
1.44359
1.30283
3.01265
3.01265
3.01265
3.01265
3.01265
3.01265
3.01265
3.01265
3.01265
3.01265
3.01265
3.01265
3.01265
3.01265
3.01265
3.01265
3.01263
3.01253
3.01121
3.00261
2.92794
2.7425
2.19465
1.80138
1.35245
3.01265
3.01265
3.01265
3.01265
3.01265
3.01265
3.01265
3.01265
3.01265
3.01265
3.01265
3.01265
3.01265
3.01265
3.01265
3.01265
3.01264
3.01256
3.01279
3.0078
3.0148
2.81542
2.61362
2.06207
1.57732
3.01265
3.01265
3.01265
3.01265
3.01265
3.01265
3.01265
3.01265
3.01265
3.01265
3.01265
3.01265
3.01265
3.01265
3.01265
3.01265
3.01265
3.01263
3.0126
3.0113
3.0067
2.945
2.77682
2.283
1.9109
3.01265
3.01265
3.01265
3.01265
3.01265
3.01265
3.01265
3.01265
3.01265
3.01265
3.01265
3.01265
3.01265
3.01265
3.01265
3.01265
3.01265
3.01265
3.01261
3.0125
3.00995
3.00474
2.86933
2.69803
2.1413
3.01265
3.01265
3.01265
3.01265
3.01265
3.01265
3.01265
3.01265
3.01265
3.01265
3.01265
3.01265
3.01265
3.01265
3.01265
3.01265
3.01265
3.01265
3.01264
3.01254
3.01175
3.00675
2.96279
2.81059
2.49201
3.01265
3.01265
3.01265
3.01265
3.01265
3.01265
3.01265
3.01265
3.01265
3.01265
3.01265
3.01265
3.01265
3.01265
3.01265
3.01265
3.01265
3.01265
3.01265
3.01261
3.01259
3.01111
3.00353
2.93
2.77496
3.01265
3.01265
3.01265
3.01265
3.01265
3.01265
3.01265
3.01265
3.01265
3.01265
3.01265
3.01265
3.01265
3.01265
3.01265
3.01265
3.01265
3.01265
3.01265
3.01263
3.01254
3.01257
3.00767
3.01117
2.84447
3.01265
3.01265
3.01265
3.01265
3.01265
3.01265
3.01265
3.01265
3.01265
3.01265
3.01265
3.01265
3.01265
3.01265
3.01265
3.01265
3.01265
3.01265
3.01265
3.01265
3.01263
3.0126
3.01152
3.0076
2.95823
3.01265
3.01265
3.01265
3.01265
3.01265
3.01265
3.01265
3.01265
3.01265
3.01265
3.01265
3.01265
3.01265
3.01265
3.01265
3.01265
3.01265
3.01265
3.01265
3.01265
3.01264
3.01262
3.01239
3.01119
3.00347
3.01265
3.01265
3.01265
3.01265
3.01265
3.01265
3.01265
3.01265
3.01265
3.01265
3.01265
3.01265
3.01265
3.01265
3.01265
3.01265
3.01265
3.01265
3.01265
3.01265
3.01265
3.01264
3.01255
3.01231
3.00784
3.01265
3.01265
3.01265
3.01265
3.01265
3.01265
3.01265
3.01265
3.01265
3.01265
3.01265
3.01265
3.01265
3.01265
3.01265
3.01265
3.01265
3.01265
3.01265
3.01265
3.01265
3.01265
3.01263
3.01254
3.01193
3.01265
3.01265
3.01265
3.01265
3.01265
3.01265
3.01265
3.01265
3.01265
3.01265
3.01265
3.01265
3.01265
3.01265
3.01265
3.01265
3.01265
3.01265
3.01265
3.01265
3.01265
3.01265
3.01264
3.01264
3.01237
3.01265
3.01265
3.01265
3.01265
3.01265
3.01265
3.01265
3.01265
3.01265
3.01265
3.01265
3.01265
3.01265
3.01265
3.01265
3.01265
3.01265
3.01265
3.01265
3.01265
3.01265
3.01265
3.01265
3.01261
3.01235
3.01265
3.01265
3.01265
3.01265
3.01265
3.01265
3.01265
3.01265
3.01265
3.01265
3.01265
3.01265
3.01265
3.01265
3.01265
3.01265
3.01265
3.01265
3.01265
3.01265
3.01265
3.01265
3.01265
3.01264
3.01262
3.01265
3.01265
3.01265
3.01265
3.01265
3.01265
3.01265
3.01265
3.01265
3.01265
3.01265
3.01265
3.01265
3.01265
3.01265
3.01265
3.01265
3.01265
3.01265
3.01265
3.01265
3.01265
3.01265
3.01264
3.01262
3.01265
3.01265
3.01265
3.01265
3.01265
3.01265
3.01265
3.01265
3.01265
3.01265
3.01265
3.01265
3.01265
3.01265
3.01265
3.01265
3.01265
3.01265
3.01265
3.01265
3.01265
3.01265
3.01265
3.01264
3.01263
3.01265
3.01265
3.01265
3.01265
3.01265
3.01265
3.01265
3.01265
3.01265
3.01265
3.01265
3.01265
3.01265
3.01265
3.01265
3.01265
3.01265
3.01265
3.01265
3.01265
3.01265
3.01265
3.01265
3.01264
3.01263
3.01265
3.01265
3.01265
3.01265
3.01265
3.01265
3.01265
3.01265
3.01265
3.01265
3.01265
3.01265
3.01265
3.01265
3.01265
3.01265
3.01265
3.01265
3.01265
3.01265
3.01265
3.01265
3.01265
3.01264
3.01263
3.01265
3.01265
3.01265
3.01265
3.01265
3.01265
3.01265
3.01265
3.01265
3.01265
3.01265
3.01265
3.01265
3.01265
3.01265
3.01265
3.01265
3.01265
3.01265
3.01265
3.01265
3.01265
3.01265
3.01264
3.01263
3.01265
3.01265
3.01265
3.01265
3.01265
3.01265
3.01265
3.01265
3.01265
3.01265
3.01265
3.01265
3.01265
3.01265
3.01265
3.01265
3.01265
3.01265
3.01265
3.01265
3.01265
3.01265
3.01265
3.01264
3.01263
1.1303
0.514847
0.365133
0.258831
0.271494
0.159056
0.467673
0.640832
0.741433
0.767885
0.762577
0.759161
0.764198
0.803865
0.847899
0.88317
0.900603
0.905651
0.90505
0.903926
0.90439
0.906155
0.908091
0.912329
0.916032
0.918519
0.919787
0.914479
0.902611
0.884466
0.858666
0.822333
0.783227
0.744379
0.69755
0.647852
0.596037
0.54647
0.500912
0.448837
0.393982
0.340471
0.286502
0.239558
0.20148
0.145844
0.0940361
0.0487031
0.0225953
0.0595505
0.103064
0.142866
0.181746
0.218052
0.252634
0.285624
0.316751
0.345879
0.373453
0.399898
0.425151
0.448963
0.471752
0.493554
0.514578
0.534823
0.55429
0.572993
0.590781
0.607977
0.624351
0.640308
0.655555
0.670529
0.684856
0.698936
0.712373
0.725528
0.738031
0.750254
0.762157
0.773768
0.785292
0.796637
0.807903
0.819115
0.830117
0.841031
0.851624
0.862148
0.872537
0.882876
0.893213
0.903536
0.91398
0.924515
0.935452
0.947305
0.957847
0.967692
1.10351
0.921442
0.600894
0.384266
0.101745
0.193418
0.422847
0.49718
0.554897
0.520544
0.48612
0.473057
0.48668
0.532133
0.574247
0.601202
0.611203
0.612575
0.609377
0.608802
0.608583
0.610491
0.611482
0.619494
0.62609
0.630316
0.632045
0.624265
0.608665
0.589241
0.567076
0.530091
0.492031
0.453031
0.40535
0.352839
0.300157
0.249296
0.211634
0.144755
0.0921795
0.0604589
0.103247
0.165039
0.241305
0.304451
0.350478
0.394641
0.431103
0.463762
0.496228
0.526945
0.554916
0.579488
0.603529
0.625164
0.646472
0.666324
0.685462
0.703941
0.721991
0.739204
0.756001
0.772066
0.787831
0.803274
0.818242
0.832769
0.846848
0.860424
0.873518
0.886234
0.898593
0.910727
0.922552
0.934144
0.945342
0.956261
0.966668
0.976816
0.986718
0.996398
1.00607
1.01566
1.02527
1.03477
1.04413
1.05333
1.06222
1.07103
1.07971
1.08838
1.09707
1.1058
1.11468
1.12374
1.13323
1.14408
1.15355
1.16281
1.06107
1.06098
0.94096
0.768223
0.520342
0.378459
0.398069
0.408758
0.320527
0.215286
0.0720121
0.0183101
0.0906649
0.147302
0.275771
0.326859
0.358578
0.35276
0.343557
0.33939
0.340772
0.347119
0.35204
0.357278
0.359236
0.360719
0.362301
0.357148
0.348507
0.330699
0.304399
0.261293
0.218939
0.178516
0.123085
0.0868951
0.109735
0.186461
0.302501
0.397501
0.476362
0.53761
0.58826
0.619832
0.65148
0.676453
0.692106
0.708414
0.723928
0.739134
0.755328
0.771952
0.788998
0.804999
0.821295
0.836095
0.851022
0.865955
0.880262
0.894566
0.908714
0.92264
0.936108
0.949187
0.962138
0.974979
0.987623
0.999761
1.01148
1.02274
1.03376
1.04461
1.05524
1.06572
1.076
1.08614
1.09614
1.10585
1.1152
1.12425
1.13317
1.1418
1.15039
1.15885
1.16722
1.1756
1.18385
1.19213
1.20022
1.20832
1.21641
1.2245
1.23261
1.2407
1.24887
1.25718
1.26589
1.27604
1.28519
1.29464
1.05323
1.15216
1.14168
1.06121
0.913908
0.737398
0.646296
0.655548
0.608479
0.530439
0.424436
0.304482
0.256751
0.236148
0.249535
0.210142
0.145176
0.0972557
0.0406386
0.00875293
0.0311392
0.061793
0.0836279
0.116573
0.137703
0.150718
0.154181
0.140972
0.124666
0.101989
0.0783963
0.0791526
0.132369
0.25059
0.36211
0.481591
0.579995
0.670128
0.73486
0.783389
0.819965
0.839205
0.85832
0.870931
0.884627
0.897004
0.903758
0.910449
0.918619
0.925594
0.935046
0.945516
0.956612
0.967218
0.978585
0.989175
0.999789
1.01078
1.02155
1.03233
1.04287
1.05349
1.06426
1.0749
1.08555
1.09614
1.1067
1.11696
1.12686
1.13653
1.14607
1.15539
1.16447
1.1734
1.18228
1.19115
1.20006
1.20886
1.21751
1.22588
1.23404
1.24204
1.24995
1.25781
1.26569
1.27352
1.28128
1.2889
1.29639
1.30372
1.31107
1.31847
1.32597
1.3336
1.34137
1.34936
1.35776
1.36748
1.37714
1.38717
1.07102
1.15899
1.22202
1.22691
1.14921
1.07122
0.98152
0.9762
0.93102
0.844423
0.732242
0.611289
0.534133
0.473152
0.451607
0.43264
0.400323
0.354812
0.295943
0.243282
0.198979
0.16624
0.135798
0.117007
0.0937811
0.0697328
0.0558607
0.0772573
0.113124
0.184428
0.2832
0.393722
0.523616
0.648028
0.770225
0.852868
0.917597
0.96365
1.00264
1.0296
1.04685
1.05564
1.06223
1.06773
1.07038
1.07108
1.06958
1.06738
1.06825
1.06821
1.07035
1.07317
1.07816
1.08379
1.09015
1.09666
1.10324
1.11018
1.11672
1.12377
1.13131
1.13956
1.1482
1.15696
1.16602
1.17504
1.18381
1.19268
1.20131
1.20984
1.21795
1.22583
1.2338
1.24188
1.25014
1.25842
1.2667
1.27502
1.28276
1.29032
1.29797
1.30573
1.31347
1.32121
1.32893
1.33651
1.34394
1.35118
1.35838
1.36548
1.37263
1.37984
1.38711
1.39448
1.40199
1.40972
1.41791
1.42724
1.4375
1.44807
1.07907
1.15906
1.22812
1.28323
1.26718
1.23451
1.22092
1.23156
1.23598
1.17603
1.08681
0.976038
0.877973
0.797031
0.755169
0.712672
0.6622
0.604116
0.542155
0.484508
0.434875
0.384142
0.344007
0.301727
0.278599
0.252442
0.252336
0.278341
0.342652
0.446935
0.585877
0.735967
0.874041
0.965806
1.05643
1.10989
1.16035
1.19408
1.2153
1.22504
1.23258
1.23285
1.22992
1.22378
1.21374
1.20091
1.19177
1.182
1.17098
1.16418
1.1588
1.1516
1.15412
1.1565
1.15932
1.16227
1.16503
1.16841
1.17254
1.17774
1.18424
1.19132
1.1986
1.20627
1.21364
1.22101
1.22892
1.23677
1.24462
1.25222
1.25941
1.26676
1.27432
1.28195
1.28966
1.29744
1.30523
1.31293
1.32054
1.32815
1.33578
1.34347
1.35113
1.35861
1.36607
1.3734
1.3807
1.38797
1.39515
1.40234
1.40955
1.41679
1.42403
1.43133
1.43875
1.44638
1.4545
1.46351
1.47427
1.48537
1.07801
1.16073
1.22357
1.2872
1.30582
1.31913
1.32979
1.34557
1.36866
1.38205
1.33928
1.28122
1.21114
1.1451
1.08018
1.0359
0.980832
0.917809
0.850711
0.778297
0.717876
0.653779
0.604932
0.547706
0.507556
0.454464
0.452368
0.499392
0.597352
0.741554
0.887301
1.02617
1.12757
1.21342
1.28089
1.32655
1.36446
1.38921
1.3976
1.39732
1.39299
1.38051
1.36221
1.34082
1.31555
1.28818
1.27342
1.25652
1.24096
1.22529
1.21196
1.20317
1.19671
1.19816
1.19949
1.20072
1.20209
1.20364
1.2061
1.20996
1.21533
1.22104
1.22734
1.23339
1.23985
1.24705
1.25449
1.26187
1.26892
1.27581
1.28278
1.28986
1.29706
1.30436
1.31177
1.31933
1.32711
1.33471
1.34232
1.34981
1.35731
1.36473
1.37215
1.37961
1.38702
1.39445
1.40182
1.40916
1.41651
1.42378
1.43102
1.43825
1.44554
1.4529
1.46042
1.46815
1.47637
1.48545
1.49637
1.50785
1.06958
1.15513
1.22177
1.27546
1.31057
1.34603
1.36716
1.39463
1.42511
1.45504
1.47512
1.4459
1.41058
1.36944
1.33313
1.30955
1.28225
1.2358
1.17642
1.10605
1.03615
0.961271
0.902196
0.826822
0.779809
0.702435
0.692022
0.747429
0.856946
0.995134
1.1122
1.22984
1.31792
1.38983
1.43785
1.47725
1.50677
1.52317
1.52734
1.52527
1.51664
1.49956
1.47644
1.44514
1.40456
1.36716
1.32691
1.29688
1.28128
1.26636
1.25132
1.23615
1.22747
1.22181
1.22354
1.2257
1.22732
1.22829
1.22901
1.23105
1.23438
1.23894
1.2439
1.24965
1.25591
1.26266
1.26979
1.27669
1.28343
1.29007
1.29679
1.30366
1.3107
1.31796
1.32525
1.33255
1.33992
1.34733
1.35481
1.36229
1.36964
1.37701
1.38441
1.39179
1.39922
1.40671
1.41412
1.42149
1.42883
1.43619
1.44358
1.45103
1.45853
1.4661
1.4738
1.4817
1.49004
1.49921
1.51026
1.52198
1.0686
1.14679
1.21612
1.26495
1.30367
1.34195
1.37284
1.41053
1.44978
1.48918
1.52913
1.53592
1.52149
1.50377
1.48932
1.47737
1.4709
1.45001
1.41822
1.37726
1.3327
1.27844
1.22038
1.14532
1.07965
0.97743
0.954868
0.987766
1.06371
1.16488
1.25839
1.35362
1.43431
1.49802
1.54039
1.57558
1.59375
1.60816
1.61079
1.6103
1.60016
1.58594
1.56694
1.53842
1.50632
1.46689
1.4134
1.36653
1.31428
1.299
1.2828
1.26895
1.25862
1.24711
1.24523
1.24355
1.24508
1.24602
1.24747
1.24918
1.25155
1.25391
1.25737
1.26206
1.26813
1.27455
1.28121
1.28809
1.29435
1.3005
1.30695
1.31376
1.32063
1.32767
1.3349
1.34209
1.34931
1.3566
1.36399
1.37142
1.37891
1.38632
1.39377
1.40129
1.40873
1.41611
1.42348
1.43087
1.4383
1.44578
1.4533
1.46087
1.4685
1.4762
1.484
1.49197
1.50035
1.50956
1.52078
1.53263
1.07154
1.13881
1.20424
1.25714
1.30154
1.33201
1.36333
1.39931
1.44502
1.48688
1.52865
1.56734
1.57068
1.57003
1.57019
1.5692
1.56854
1.56912
1.56348
1.54298
1.51613
1.48219
1.43734
1.38191
1.29948
1.19383
1.11545
1.13861
1.19096
1.26176
1.34777
1.42367
1.49366
1.55579
1.59973
1.63016
1.6437
1.65222
1.6531
1.65319
1.64538
1.64143
1.63097
1.6139
1.59557
1.5647
1.52275
1.47243
1.40608
1.35235
1.29251
1.2898
1.28533
1.27935
1.27098
1.26376
1.25979
1.262
1.26533
1.26913
1.27054
1.27198
1.27403
1.27824
1.28444
1.29087
1.29762
1.30346
1.30937
1.31561
1.32221
1.32886
1.3356
1.34239
1.34902
1.35575
1.36267
1.36985
1.37735
1.38502
1.39275
1.40039
1.40769
1.41472
1.42173
1.42875
1.43581
1.44292
1.45012
1.45742
1.46481
1.47229
1.47986
1.48749
1.49523
1.50313
1.51142
1.52056
1.53173
1.54351
1.07908
1.13793
1.19631
1.24711
1.29484
1.32452
1.35683
1.39181
1.43256
1.47868
1.51765
1.55938
1.5831
1.59594
1.60247
1.60855
1.61485
1.62274
1.62907
1.63595
1.62234
1.59963
1.56678
1.5088
1.41967
1.29435
1.17952
1.20667
1.25222
1.31658
1.38369
1.45077
1.50959
1.54836
1.57741
1.60293
1.62574
1.64311
1.66028
1.66658
1.66801
1.67214
1.67041
1.66626
1.65807
1.63765
1.61503
1.58063
1.53036
1.46
1.39425
1.33297
1.29747
1.2985
1.29707
1.29408
1.28892
1.28514
1.28425
1.28605
1.28813
1.29057
1.29331
1.29697
1.30169
1.30673
1.31205
1.31747
1.32338
1.33
1.33672
1.34365
1.35037
1.35661
1.36285
1.36933
1.37614
1.38333
1.39096
1.39861
1.40637
1.41368
1.4207
1.42766
1.43461
1.44156
1.44854
1.45558
1.46271
1.46993
1.47729
1.48479
1.49242
1.50018
1.50806
1.51607
1.52445
1.53362
1.54483
1.55661
1.0918
1.1422
1.19408
1.2414
1.28683
1.31749
1.34963
1.38182
1.41817
1.45883
1.50201
1.53949
1.57465
1.59974
1.61214
1.6248
1.63511
1.64808
1.66258
1.6824
1.67589
1.65657
1.61858
1.54261
1.39553
1.29074
1.19157
1.21929
1.26059
1.31626
1.36852
1.42017
1.46556
1.50728
1.54155
1.57307
1.59955
1.62054
1.64135
1.65903
1.67733
1.69355
1.69295
1.69185
1.69275
1.68677
1.68332
1.66357
1.63211
1.58936
1.53069
1.44615
1.38033
1.30596
1.31113
1.31542
1.3142
1.31169
1.30773
1.30491
1.30577
1.30773
1.31072
1.31346
1.31702
1.32053
1.32557
1.33098
1.33706
1.34344
1.34996
1.35623
1.36231
1.36847
1.37487
1.38153
1.38842
1.39556
1.40292
1.41053
1.41816
1.42556
1.43248
1.4394
1.44636
1.45334
1.46037
1.46748
1.47468
1.48196
1.48934
1.49686
1.50451
1.51226
1.52014
1.5282
1.53668
1.54599
1.55733
1.5694
1.10834
1.15063
1.19709
1.23995
1.28162
1.31377
1.342
1.37144
1.40524
1.4435
1.48377
1.52625
1.5588
1.58998
1.61041
1.62377
1.63686
1.65577
1.67341
1.69594
1.69331
1.67091
1.61255
1.50624
1.34266
1.1769
1.19266
1.21746
1.25567
1.29719
1.34195
1.38708
1.43187
1.47236
1.50722
1.53836
1.56471
1.58981
1.61557
1.63854
1.65885
1.67422
1.68741
1.69954
1.70988
1.71551
1.7207
1.71448
1.70512
1.68521
1.64823
1.59465
1.51696
1.43448
1.35632
1.32125
1.3308
1.33803
1.33631
1.33377
1.33076
1.33233
1.33447
1.33683
1.33949
1.3427
1.34662
1.35155
1.35755
1.36385
1.37016
1.3759
1.38161
1.38742
1.39353
1.40001
1.40697
1.41417
1.42146
1.42865
1.43561
1.44236
1.44911
1.45573
1.46238
1.46908
1.4759
1.48284
1.48993
1.49709
1.50437
1.51175
1.51923
1.52681
1.53458
1.54257
1.55099
1.56019
1.57135
1.58317
1.12788
1.16351
1.20365
1.24216
1.27799
1.31242
1.33785
1.36459
1.39474
1.42976
1.46666
1.51002
1.54712
1.57611
1.60516
1.61627
1.63065
1.65057
1.66801
1.68652
1.67205
1.63205
1.54456
1.38582
1.24861
1.16592
1.1818
1.20571
1.23913
1.27528
1.31367
1.35323
1.3921
1.42912
1.46379
1.49637
1.52476
1.55333
1.5797
1.60757
1.62556
1.64646
1.67174
1.69319
1.71559
1.73201
1.73937
1.7425
1.74549
1.7426
1.72687
1.7038
1.66085
1.59781
1.50097
1.42786
1.34583
1.35197
1.36151
1.36769
1.36558
1.36305
1.36267
1.36385
1.36576
1.36841
1.37134
1.375
1.37961
1.38512
1.39103
1.39668
1.40254
1.40811
1.41393
1.4201
1.42649
1.43304
1.43988
1.44687
1.45359
1.4605
1.46753
1.47461
1.48155
1.48833
1.49501
1.50172
1.50849
1.51539
1.52242
1.52962
1.53701
1.54456
1.55229
1.56023
1.56854
1.57757
1.58851
1.59999
1.14689
1.17861
1.21409
1.24836
1.28059
1.31299
1.33653
1.36225
1.38972
1.42049
1.45439
1.49098
1.53133
1.56284
1.59332
1.61213
1.62602
1.64477
1.6636
1.65486
1.62559
1.55326
1.40906
1.28565
1.15925
1.16689
1.17971
1.19882
1.22337
1.2524
1.28438
1.31977
1.35551
1.39228
1.42771
1.46109
1.4913
1.52043
1.55086
1.57315
1.5984
1.62501
1.65107
1.67531
1.6936
1.71268
1.73216
1.7498
1.76901
1.76975
1.77272
1.77246
1.75586
1.72538
1.67475
1.60063
1.50101
1.41351
1.37021
1.38239
1.39355
1.39755
1.3975
1.39379
1.3953
1.39728
1.39986
1.40327
1.407
1.4113
1.41611
1.42122
1.42677
1.43271
1.43871
1.44436
1.45015
1.45624
1.46247
1.46908
1.47582
1.48259
1.48902
1.49554
1.50216
1.50873
1.5153
1.52185
1.52844
1.53514
1.54201
1.54908
1.55641
1.56396
1.5717
1.57963
1.58782
1.59663
1.60738
1.61846
1.16645
1.19342
1.22509
1.2581
1.28716
1.31663
1.33873
1.36262
1.38839
1.41642
1.44803
1.48101
1.51825
1.55176
1.58108
1.60439
1.62272
1.64104
1.63479
1.61031
1.54735
1.42554
1.29286
1.16572
1.16316
1.16876
1.17836
1.19268
1.21141
1.2348
1.26232
1.29367
1.32705
1.3616
1.39613
1.42872
1.46069
1.49246
1.51886
1.54756
1.57583
1.60273
1.6262
1.65012
1.67291
1.69944
1.72375
1.74534
1.76777
1.78369
1.80054
1.80797
1.8122
1.80883
1.79243
1.74894
1.68489
1.57994
1.50093
1.40661
1.41267
1.42312
1.43209
1.43613
1.43581
1.43425
1.4347
1.43627
1.43994
1.44351
1.4476
1.45124
1.45467
1.45907
1.46467
1.47036
1.47628
1.48239
1.48848
1.49441
1.50038
1.50684
1.51365
1.52022
1.52675
1.53317
1.53943
1.54578
1.55223
1.5588
1.56557
1.57252
1.57971
1.58711
1.5947
1.60218
1.60978
1.618
1.62825
1.63868
1.18849
1.21087
1.23753
1.26835
1.29665
1.32394
1.34637
1.36695
1.39018
1.41602
1.44512
1.47609
1.50869
1.54168
1.57094
1.59717
1.62069
1.61595
1.59423
1.53663
1.43237
1.29361
1.16669
1.15596
1.16281
1.16989
1.17904
1.19051
1.20534
1.22438
1.24784
1.27489
1.30491
1.33668
1.36967
1.40274
1.43587
1.46514
1.49577
1.52574
1.55679
1.58008
1.60496
1.63185
1.65964
1.68828
1.70795
1.73056
1.75662
1.78127
1.80547
1.82318
1.84309
1.85224
1.85615
1.84224
1.81124
1.76217
1.6904
1.58676
1.51125
1.43278
1.44608
1.46106
1.47218
1.47082
1.46948
1.46857
1.46933
1.47144
1.47428
1.47791
1.48215
1.48676
1.49184
1.4973
1.50301
1.50905
1.5149
1.52079
1.52694
1.53333
1.54017
1.54694
1.55367
1.56011
1.56626
1.57253
1.57893
1.58546
1.59222
1.59925
1.60645
1.6138
1.62126
1.62823
1.63513
1.64273
1.65246
1.66226
1.2124
1.23119
1.2531
1.28119
1.30816
1.33404
1.35712
1.37582
1.39664
1.41991
1.44587
1.47388
1.50254
1.53504
1.56744
1.59685
1.59951
1.57908
1.52573
1.42893
1.28959
1.15695
1.14546
1.15631
1.16545
1.1746
1.18247
1.19214
1.20476
1.2209
1.24084
1.2642
1.2907
1.31971
1.35099
1.38266
1.41464
1.44648
1.47795
1.51022
1.53562
1.56221
1.5901
1.61958
1.64918
1.67228
1.69713
1.72471
1.75114
1.77807
1.80116
1.82577
1.85159
1.87721
1.88661
1.8927
1.88452
1.871
1.83518
1.77838
1.69133
1.5918
1.49276
1.47649
1.48408
1.49692
1.51183
1.50957
1.50578
1.50282
1.504
1.50646
1.51299
1.51874
1.52387
1.52873
1.53305
1.53852
1.54376
1.55003
1.55621
1.56264
1.56927
1.57598
1.5826
1.58919
1.59531
1.60151
1.60778
1.61428
1.62103
1.62783
1.63497
1.64223
1.64954
1.65594
1.66231
1.66933
1.67865
1.68814
1.23796
1.25273
1.27222
1.29719
1.32256
1.34733
1.37096
1.38739
1.40598
1.42691
1.45038
1.47453
1.50019
1.5321
1.55854
1.58091
1.56387
1.51697
1.42569
1.28511
1.14679
1.12741
1.14281
1.15559
1.16947
1.17666
1.18488
1.19454
1.20635
1.22085
1.23844
1.25936
1.28349
1.31011
1.33896
1.36918
1.40093
1.43345
1.46608
1.49328
1.52227
1.55173
1.58225
1.6127
1.63841
1.66545
1.69314
1.7211
1.74706
1.77263
1.79834
1.82386
1.85145
1.8767
1.89777
1.9172
1.92408
1.92992
1.92441
1.90119
1.85375
1.78636
1.6788
1.5989
1.50555
1.51458
1.52644
1.53755
1.55027
1.5481
1.54566
1.54546
1.54632
1.55095
1.55612
1.56198
1.56737
1.57188
1.57663
1.58148
1.58798
1.59457
1.60151
1.6079
1.61422
1.62037
1.62641
1.63252
1.63843
1.64441
1.6508
1.6574
1.66417
1.6713
1.67845
1.6845
1.69078
1.69741
1.70644
1.71574
1.2756
1.28583
1.30024
1.31802
1.34198
1.36328
1.3871
1.4021
1.41765
1.43599
1.4574
1.47899
1.50483
1.52856
1.55328
1.5424
1.50457
1.42193
1.28253
1.14483
1.10952
1.1282
1.14415
1.16162
1.17158
1.18152
1.19156
1.20212
1.21388
1.22739
1.24334
1.26204
1.28333
1.30744
1.33394
1.36282
1.39428
1.42628
1.45467
1.48434
1.51586
1.54687
1.57732
1.60522
1.63494
1.66446
1.6911
1.71792
1.74291
1.76858
1.79548
1.82249
1.85004
1.87585
1.90249
1.92522
1.94407
1.96522
1.9637
1.96679
1.9475
1.92007
1.87192
1.79904
1.6921
1.60725
1.53954
1.54671
1.56619
1.57761
1.5875
1.58338
1.58231
1.58307
1.58661
1.59155
1.59783
1.60423
1.60808
1.61248
1.61762
1.62427
1.63098
1.63813
1.64424
1.64987
1.65571
1.66167
1.66784
1.67435
1.68116
1.68815
1.69504
1.70177
1.7083
1.71425
1.72009
1.72628
1.73495
1.744
1.32522
1.30994
1.32345
1.33914
1.35962
1.38102
1.40262
1.41839
1.43069
1.44694
1.46675
1.48664
1.50996
1.5306
1.52282
1.48905
1.41347
1.27621
1.14788
1.08938
1.11054
1.13022
1.15125
1.16314
1.17552
1.18807
1.19968
1.21147
1.22382
1.2373
1.25241
1.26964
1.28925
1.31168
1.33615
1.3635
1.39214
1.42144
1.45162
1.48384
1.5166
1.54402
1.57262
1.60338
1.63344
1.6639
1.69074
1.71785
1.74312
1.76868
1.79503
1.82135
1.84909
1.87609
1.89932
1.92268
1.94629
1.96668
1.98321
1.99784
1.99819
1.99567
1.98808
1.9488
1.88811
1.78897
1.68904
1.57794
1.57858
1.58669
1.60068
1.61654
1.62283
1.62256
1.62158
1.6236
1.62524
1.62936
1.63435
1.63926
1.64451
1.65061
1.65784
1.66523
1.67178
1.67765
1.68337
1.68944
1.69554
1.70221
1.70944
1.71683
1.72408
1.73026
1.73672
1.74326
1.74906
1.75504
1.76344
1.77229
1.38484
1.34748
1.35149
1.36342
1.37922
1.39891
1.41621
1.43498
1.44484
1.4599
1.4785
1.49884
1.51834
1.51132
1.47868
1.40707
1.27145
1.15475
1.07121
1.09412
1.11679
1.14047
1.1535
1.16748
1.18203
1.19618
1.21023
1.22348
1.23712
1.25148
1.26676
1.28348
1.30193
1.32238
1.34518
1.36997
1.39693
1.42596
1.45584
1.48627
1.51664
1.54547
1.57549
1.60558
1.63459
1.66352
1.69119
1.71859
1.74476
1.7713
1.79643
1.82264
1.85039
1.87653
1.90211
1.92253
1.94153
1.96114
1.98403
2.0058
2.02159
2.03565
2.04035
2.03636
2.00501
1.95682
1.88617
1.77604
1.69553
1.60508
1.61402
1.62695
1.6392
1.65462
1.65963
1.65865
1.65824
1.65789
1.66037
1.6674
1.67409
1.68175
1.68832
1.69475
1.7012
1.70675
1.71161
1.71724
1.72344
1.73008
1.73724
1.74551
1.75286
1.75963
1.76571
1.77179
1.77717
1.78323
1.79129
1.79992
1.46323
1.38773
1.37132
1.38263
1.39662
1.41622
1.43392
1.45582
1.46382
1.47721
1.49262
1.51111
1.50438
1.4739
1.40548
1.27204
1.16217
1.05883
1.08365
1.10878
1.13436
1.14809
1.16314
1.17924
1.19562
1.21195
1.22743
1.24181
1.25644
1.27152
1.28722
1.30382
1.32159
1.34077
1.36174
1.38446
1.40914
1.43536
1.46291
1.49156
1.52106
1.55065
1.58043
1.60935
1.63843
1.66706
1.69544
1.7221
1.74856
1.77459
1.79924
1.82422
1.85051
1.87718
1.90323
1.92361
1.94314
1.96289
1.98271
2.00246
2.02595
2.04595
2.07254
2.06891
2.06637
2.05049
2.02048
1.96598
1.88405
1.77286
1.67427
1.63464
1.64366
1.66473
1.67789
1.69081
1.68911
1.68748
1.68725
1.68826
1.69739
1.70633
1.71634
1.72271
1.72898
1.7348
1.73964
1.74506
1.75139
1.75811
1.76524
1.77275
1.78065
1.78849
1.79399
1.79987
1.80529
1.8115
1.81904
1.82726
1.7301
1.44268
1.40823
1.40083
1.41209
1.42794
1.44691
1.46496
1.48927
1.49761
1.50646
1.50528
1.47476
1.40694
1.2806
1.15838
1.04884
1.07407
1.10282
1.1313
1.1457
1.16108
1.17751
1.1947
1.21239
1.23012
1.24713
1.26321
1.27846
1.29382
1.30963
1.32606
1.3434
1.36177
1.38145
1.40251
1.42513
1.44928
1.47498
1.50204
1.53009
1.55869
1.58735
1.61617
1.64458
1.67254
1.69998
1.72651
1.75251
1.77766
1.80256
1.82701
1.85193
1.87682
1.90111
1.92389
1.94418
1.96274
1.98192
2.00075
2.02009
2.04373
2.06331
2.08058
2.09816
2.0935
2.09207
2.06463
2.02468
1.9624
1.8629
1.77479
1.67782
1.67999
1.6826
1.69618
1.70882
1.71634
1.71618
1.71858
1.72191
1.73132
1.74011
1.75009
1.75765
1.76197
1.76638
1.77069
1.77618
1.78356
1.79155
1.79948
1.80759
1.81596
1.82128
1.82665
1.83181
1.83805
1.84557
1.85357
2.03313
1.60424
1.45896
1.43093
1.43511
1.44872
1.46297
1.48399
1.5033
1.51875
1.50852
1.47701
1.41066
1.28445
1.15964
1.0438
1.06631
1.09764
1.12743
1.14576
1.16206
1.17877
1.19607
1.21384
1.23203
1.25031
1.26846
1.28606
1.30245
1.31866
1.33477
1.35122
1.36819
1.38587
1.40444
1.42411
1.44504
1.46736
1.49094
1.51585
1.54176
1.56871
1.59592
1.62323
1.65037
1.67726
1.70408
1.73039
1.7559
1.78067
1.80504
1.82906
1.85272
1.87549
1.89776
1.91934
1.94038
1.9595
1.97865
1.99704
2.0152
2.03405
2.05602
2.07859
2.10103
2.11379
2.11953
2.11636
2.11139
2.08426
2.03699
1.96906
1.85903
1.78055
1.69983
1.70714
1.71976
1.73142
1.7476
1.75388
1.75703
1.76052
1.76778
1.77496
1.7831
1.78861
1.79219
1.79634
1.80131
1.8073
1.81605
1.82473
1.83354
1.84254
1.84836
1.85295
1.85768
1.86376
1.87216
1.88042
2.29488
1.9459
1.52182
1.46821
1.45333
1.4656
1.47984
1.50085
1.51667
1.51533
1.48151
1.41124
1.28444
1.15536
1.03742
1.06024
1.09389
1.12443
1.14473
1.16142
1.17859
1.19661
1.215
1.23368
1.25245
1.27133
1.28982
1.30816
1.32557
1.34262
1.35908
1.37566
1.39251
1.40971
1.4275
1.44598
1.46539
1.48578
1.50731
1.52996
1.55369
1.57846
1.60391
1.6297
1.65562
1.68143
1.70692
1.73236
1.75734
1.78178
1.80563
1.82883
1.85171
1.87454
1.89687
1.91825
1.93929
1.958
1.97705
1.995
2.0134
2.03325
2.05382
2.07459
2.09449
2.1156
2.13295
2.14146
2.14763
2.15267
2.13339
2.10167
2.04973
1.96859
1.85865
1.75632
1.7402
1.74263
1.76329
1.77888
1.79713
1.79876
1.80049
1.80508
1.81049
1.81492
1.8195
1.82319
1.82751
1.83255
1.84186
1.85038
1.85951
1.8679
1.87355
1.87815
1.88319
1.88853
1.89668
1.90526
2.71274
2.19427
1.78558
1.52583
1.49037
1.47735
1.49657
1.51262
1.51324
1.48189
1.41226
1.28046
1.14696
1.02577
1.05048
1.08925
1.1213
1.14595
1.16094
1.17761
1.19583
1.21464
1.23358
1.25248
1.27144
1.29049
1.30954
1.3283
1.34673
1.36463
1.38191
1.39876
1.4156
1.43258
1.44979
1.46739
1.48551
1.50435
1.52405
1.54469
1.56637
1.58894
1.61243
1.63636
1.66066
1.68508
1.70959
1.73399
1.75835
1.78238
1.80588
1.82863
1.8507
1.87291
1.89526
1.91687
1.93784
1.95719
1.97564
1.99297
2.01082
2.03029
2.04984
2.0696
2.08961
2.10835
2.12846
2.14808
2.16914
2.17933
2.18209
2.18043
2.17159
2.12285
2.05769
1.94473
1.86632
1.77704
1.78434
1.79194
1.80857
1.82322
1.8387
1.84042
1.84217
1.84442
1.84847
1.85166
1.85505
1.85965
1.86988
1.87871
1.88877
1.89436
1.89995
1.90542
1.90898
1.91283
1.92046
1.92866
2.81905
2.49563
2.07326
1.67401
1.53769
1.50157
1.52099
1.5216
1.48526
1.40923
1.2718
1.13736
1.01501
1.04042
1.08287
1.1177
1.14606
1.15975
1.17524
1.19279
1.21213
1.23162
1.25123
1.27086
1.29037
1.30975
1.32897
1.34805
1.36683
1.38508
1.4028
1.41968
1.43639
1.45283
1.46941
1.48621
1.50335
1.52095
1.53916
1.55812
1.57789
1.5985
1.61988
1.64197
1.66466
1.68776
1.71129
1.73482
1.75855
1.78192
1.80493
1.82712
1.84911
1.87079
1.89297
1.91466
1.9356
1.95648
1.97394
1.99199
2.01086
2.03058
2.05275
2.07465
2.09568
2.11646
2.13421
2.15094
2.16758
2.18653
2.20233
2.22283
2.21582
2.20899
2.1768
2.12662
2.04851
1.93764
1.84958
1.80838
1.81629
1.82749
1.84326
1.85823
1.86871
1.87426
1.87721
1.8798
1.88306
1.8867
1.89744
1.90728
1.91572
1.92182
1.92748
1.93172
1.93522
1.93916
1.94626
1.95369
2.92714
2.76958
2.35982
2.02624
1.61239
1.5458
1.53519
1.48841
1.40178
1.24272
1.11327
1.00125
1.02763
1.07029
1.10631
1.13942
1.15376
1.16961
1.18721
1.20592
1.22497
1.24428
1.26407
1.28395
1.30381
1.3235
1.34279
1.36201
1.38097
1.39966
1.41766
1.43514
1.45209
1.46872
1.48517
1.5016
1.51822
1.53516
1.55256
1.57047
1.58905
1.60829
1.62828
1.64893
1.67028
1.69234
1.71496
1.7383
1.76157
1.78496
1.80792
1.83033
1.85249
1.87475
1.89721
1.9198
1.94163
1.96191
1.98175
2.00108
2.02065
2.04057
2.06029
2.07991
2.09842
2.11638
2.13146
2.14528
2.15923
2.17149
2.1876
2.20503
2.2232
2.2249
2.21194
2.19955
2.1525
2.08801
1.98462
1.91047
1.82164
1.82503
1.82765
1.8504
1.86593
1.8844
1.89016
1.89528
1.9003
1.9061
1.91781
1.92823
1.93895
1.94893
1.95542
1.95797
1.96045
1.96268
1.97256
1.9802
3.00719
2.85533
2.80509
2.29355
1.89854
1.63952
1.52488
1.39808
1.20792
1.02538
0.972281
1.00668
1.05351
1.09383
1.12554
1.14033
1.1562
1.17406
1.19309
1.21257
1.23222
1.25242
1.27264
1.29286
1.31277
1.33249
1.35204
1.37157
1.39096
1.41025
1.42919
1.44753
1.46531
1.4825
1.4994
1.51591
1.53247
1.54922
1.56629
1.58384
1.60188
1.62055
1.63978
1.65975
1.68039
1.70184
1.72421
1.74708
1.77073
1.79396
1.81718
1.83997
1.86258
1.88481
1.9079
1.92982
1.9516
1.97066
1.98819
2.0046
2.02114
2.03777
2.05362
2.06902
2.08308
2.09712
2.10781
2.11885
2.13126
2.14393
2.15962
2.17619
2.19244
2.21184
2.21547
2.21389
2.20642
2.18425
2.12813
2.04285
1.94847
1.87241
1.82964
1.84007
1.8521
1.87009
1.88974
1.90181
1.90966
1.91865
1.9281
1.94133
1.95269
1.96389
1.97168
1.97692
1.98092
1.98283
1.99359
1.99987
3.00757
2.98693
2.84052
2.66026
2.17773
1.86273
1.50051
1.24969
0.971316
0.956448
0.990951
1.0378
1.0787
1.10691
1.12425
1.14189
1.1601
1.17864
1.19634
1.21498
1.23468
1.25524
1.27607
1.29695
1.31747
1.33791
1.35832
1.3788
1.39922
1.41972
1.44004
1.46003
1.47959
1.49884
1.51717
1.53516
1.55308
1.5712
1.5896
1.60827
1.6272
1.64643
1.66605
1.68605
1.70654
1.7275
1.74906
1.77128
1.79295
1.81427
1.83465
1.85393
1.87247
1.89039
1.90803
1.92464
1.94055
1.95462
1.96739
1.9805
1.99418
2.00849
2.02351
2.03782
2.05286
2.0655
2.07837
2.09224
2.10607
2.12111
2.13704
2.15445
2.17091
2.18643
2.20269
2.21518
2.22357
2.21573
2.19198
2.16205
2.09703
1.99343
1.91962
1.83389
1.84136
1.84858
1.86948
1.88602
1.89985
1.9124
1.92468
1.94007
1.95577
1.96943
1.97867
1.98853
1.99647
2.00498
2.00931
2.01068
3.01164
3.0054
2.94688
2.82979
2.5356
2.01363
1.53444
1.02291
1.01907
1.05162
1.09348
1.13276
1.1402
1.14881
1.15895
1.17247
1.18729
1.20304
1.21994
1.23842
1.258
1.27809
1.29857
1.31946
1.34065
1.36216
1.384
1.40609
1.42831
1.4504
1.47273
1.49471
1.51671
1.53777
1.55816
1.57669
1.59397
1.61122
1.62799
1.64431
1.66008
1.67534
1.69054
1.70588
1.72137
1.73714
1.7531
1.76904
1.78451
1.80025
1.81576
1.83116
1.84645
1.86176
1.87742
1.89194
1.90697
1.92194
1.9366
1.95069
1.96523
1.98041
1.99613
2.01123
2.02688
2.04046
2.05409
2.06828
2.08272
2.09774
2.11319
2.12801
2.14231
2.15675
2.16595
2.17926
2.18713
2.19526
2.18403
2.16936
2.12898
2.08074
1.99035
1.92551
1.8445
1.82401
1.83733
1.85452
1.87364
1.89195
1.90813
1.92475
1.93701
1.95001
1.96036
1.97131
1.98271
1.99388
1.99503
1.98922
3.01203
3.00757
2.98785
2.83169
2.54991
1.77428
1.16925
0.839132
0.936811
1.04088
1.13181
1.1574
1.17241
1.18546
1.19904
1.21285
1.22781
1.24366
1.26225
1.28187
1.30175
1.32192
1.34195
1.36231
1.38268
1.40281
1.42234
1.44183
1.46077
1.47946
1.49763
1.51514
1.53284
1.54937
1.56543
1.57924
1.59296
1.60665
1.62046
1.63355
1.6463
1.65874
1.67135
1.68437
1.69797
1.71212
1.72653
1.7412
1.7557
1.7705
1.78511
1.80012
1.81481
1.82992
1.84529
1.86077
1.87612
1.89191
1.90567
1.91924
1.93278
1.94682
1.96059
1.97477
1.98645
1.99821
2.0093
2.01811
2.02728
2.03723
2.04753
2.05797
2.0674
2.07512
2.08285
2.09108
2.1016
2.11291
2.12396
2.11767
2.10202
2.07716
2.03363
1.96714
1.89065
1.82819
1.78502
1.79843
1.81666
1.84156
1.86574
1.88937
1.91258
1.9291
1.94472
1.95285
1.9579
1.95716
1.94661
1.92099
3.0121
3.0099
2.97557
2.82879
2.30868
1.35605
0.43335
0.532006
0.691124
0.829977
0.92371
0.989975
1.0324
1.07361
1.10785
1.13586
1.16119
1.18563
1.21048
1.23473
1.25818
1.28073
1.30252
1.32381
1.3448
1.3657
1.3859
1.40571
1.42526
1.44416
1.46301
1.48109
1.49929
1.51668
1.53364
1.54875
1.5635
1.57784
1.59211
1.60514
1.61826
1.63044
1.64282
1.65559
1.66864
1.68171
1.69492
1.70734
1.72001
1.73228
1.74484
1.75704
1.7689
1.78117
1.7927
1.80419
1.81578
1.82604
1.83551
1.84493
1.85465
1.86478
1.87469
1.88428
1.89362
1.90185
1.91047
1.91956
1.92938
1.9406
1.95247
1.96468
1.9758
1.98715
1.99753
2.00871
2.02088
2.03611
2.05232
2.06785
2.06622
2.05907
2.03632
1.99551
1.95
1.86525
1.80454
1.74551
1.75629
1.77321
1.79827
1.8267
1.85611
1.88643
1.90378
1.90909
1.91381
1.89443
1.8558
1.79828
3.01221
3.00998
2.98055
2.84811
2.34822
1.35644
0.324982
0.387653
0.457839
0.534232
0.616737
0.703097
0.783417
0.856821
0.917621
0.96969
1.01338
1.0538
1.08934
1.12344
1.15472
1.18314
1.20998
1.2349
1.25894
1.28196
1.30445
1.3258
1.34609
1.36552
1.38438
1.40242
1.41979
1.43664
1.45205
1.46643
1.47966
1.49285
1.50495
1.51687
1.52753
1.53776
1.54808
1.55845
1.56879
1.57877
1.58886
1.59837
1.60782
1.61749
1.62711
1.63703
1.64724
1.65775
1.66861
1.67981
1.69134
1.70295
1.71481
1.72707
1.73977
1.75284
1.7664
1.78005
1.79372
1.80753
1.82128
1.83538
1.84998
1.86558
1.88176
1.89788
1.9131
1.92789
1.94259
1.9579
1.97374
1.99006
2.00605
2.02462
2.03789
2.04663
2.04639
2.02343
1.99329
1.94778
1.85579
1.79115
1.72451
1.72969
1.74293
1.76497
1.78884
1.81833
1.83036
1.83355
1.82529
1.78222
1.70523
1.61766
3.01218
3.00986
2.97871
2.84121
2.32293
1.31432
0.310695
0.417143
0.464718
0.490859
0.522202
0.559792
0.601181
0.644653
0.689143
0.73571
0.782769
0.829318
0.873611
0.915803
0.954698
0.991145
1.02405
1.05554
1.08378
1.11142
1.1366
1.16123
1.18445
1.20635
1.22738
1.24748
1.26694
1.28553
1.30325
1.31979
1.33586
1.35135
1.36629
1.38028
1.3937
1.40666
1.41947
1.43232
1.44492
1.45748
1.46978
1.48179
1.49403
1.50651
1.51929
1.53238
1.54587
1.5598
1.57419
1.58909
1.60443
1.62007
1.63595
1.65209
1.66859
1.68551
1.70267
1.71995
1.73732
1.75431
1.77147
1.78869
1.8062
1.82437
1.84248
1.86038
1.87825
1.89474
1.91153
1.929
1.94627
1.96384
1.98014
1.99672
2.01614
2.03144
2.04515
2.04649
2.02355
2.00647
1.94611
1.85559
1.78987
1.71959
1.71209
1.72395
1.73692
1.74195
1.73827
1.72674
1.67957
1.59318
1.52574
1.44474
3.0122
3.01
2.98015
2.84711
2.34226
1.33516
0.332944
0.430606
0.457998
0.473165
0.49715
0.528718
0.562089
0.594866
0.62658
0.657814
0.689499
0.722144
0.755643
0.789505
0.822907
0.85563
0.887192
0.917495
0.947082
0.975406
1.00321
1.02988
1.05584
1.08098
1.10544
1.12906
1.1522
1.17444
1.19604
1.21657
1.23659
1.25584
1.27434
1.2918
1.30856
1.32471
1.34043
1.35601
1.37111
1.38594
1.40018
1.41421
1.4284
1.44283
1.45761
1.47274
1.48834
1.5044
1.52098
1.53805
1.55561
1.57359
1.59192
1.61053
1.62947
1.64866
1.66807
1.68746
1.70656
1.72571
1.7444
1.76323
1.78235
1.80154
1.8207
1.83989
1.85814
1.87643
1.89438
1.91287
1.93122
1.9494
1.96786
1.98385
1.9997
2.02098
2.03791
2.05585
2.05529
2.03959
2.0146
1.97119
1.87803
1.80777
1.7247
1.71579
1.70658
1.69158
1.65944
1.60032
1.50107
1.42508
1.3506
1.35636
3.01219
3.00995
2.97964
2.84482
2.33512
1.32233
0.319848
0.435021
0.469878
0.479124
0.498015
0.523711
0.550356
0.577174
0.60466
0.633194
0.662744
0.693091
0.723903
0.754854
0.785655
0.816126
0.846131
0.875595
0.904542
0.932875
0.96079
0.988207
1.01508
1.0414
1.06692
1.09188
1.11604
1.13971
1.16242
1.1845
1.20578
1.22654
1.24602
1.2648
1.28253
1.29984
1.31633
1.33267
1.34821
1.36354
1.37829
1.39274
1.40736
1.42222
1.43736
1.45291
1.46887
1.48537
1.50236
1.51996
1.53807
1.55668
1.57576
1.59515
1.61487
1.63493
1.65504
1.67509
1.6952
1.71463
1.73418
1.75391
1.77365
1.79336
1.8129
1.8322
1.85149
1.8699
1.88859
1.90817
1.92723
1.94627
1.96347
1.98035
1.99605
2.01234
2.0346
2.05253
2.07206
2.07191
2.05789
2.03107
1.99094
1.90008
1.82429
1.73781
1.68838
1.63462
1.56274
1.46128
1.37471
1.32103
1.32517
1.33134
3.0122
3.01001
2.98024
2.84727
2.34333
1.33258
0.333138
0.441388
0.471993
0.4774
0.494912
0.520915
0.548342
0.575618
0.602907
0.630516
0.658682
0.687514
0.717016
0.747028
0.777313
0.807456
0.837272
0.866641
0.895578
0.924037
0.952114
0.979654
1.00678
1.03321
1.05902
1.08414
1.10861
1.13237
1.15541
1.17775
1.1994
1.22027
1.24012
1.25901
1.27713
1.29452
1.31137
1.32761
1.34338
1.35858
1.37336
1.38773
1.40222
1.41692
1.43195
1.44735
1.46324
1.47962
1.49662
1.51416
1.53234
1.55105
1.57024
1.58988
1.60989
1.63012
1.65059
1.67105
1.69116
1.71111
1.73089
1.75079
1.77064
1.79049
1.81025
1.82934
1.84849
1.86724
1.8862
1.90589
1.92499
1.94458
1.96094
1.97662
1.9928
2.0094
2.02636
2.0497
2.06905
2.09139
2.08814
2.07635
2.04923
2.00917
1.92704
1.80925
1.70169
1.57683
1.46558
1.35552
1.34009
1.34263
1.34201
1.3401
3.0122
3.01
2.98013
2.84675
2.34174
1.3295
0.32908
0.441411
0.475565
0.479554
0.496179
0.521286
0.547451
0.573481
0.600003
0.627427
0.655779
0.684856
0.714459
0.744411
0.774527
0.804543
0.834276
0.863603
0.892505
0.920954
0.94903
0.976608
1.0038
1.03036
1.05627
1.08154
1.10606
1.13003
1.15309
1.1757
1.19738
1.21861
1.23839
1.25758
1.27565
1.29333
1.3101
1.32647
1.3421
1.35723
1.37197
1.38625
1.40068
1.41533
1.43029
1.44564
1.46145
1.47779
1.49472
1.51224
1.53037
1.54906
1.56831
1.58803
1.60813
1.62849
1.64904
1.66955
1.68973
1.70993
1.72963
1.74942
1.7695
1.7894
1.80937
1.82843
1.8474
1.86638
1.88542
1.90512
1.92434
1.94327
1.96117
1.97728
1.99313
2.00955
2.02674
2.04437
2.06793
2.08974
2.10418
2.1031
2.07881
2.03791
1.96222
1.83025
1.63563
1.49989
1.3441
1.34207
1.34198
1.34497
1.34757
1.34692
)
;

boundaryField
{
    inlet
    {
        type            calculated;
        value           uniform 3.01265;
    }
    outlet
    {
        type            calculated;
        value           nonuniform List<scalar> 
40
(
0.967692
1.16281
1.29464
1.38717
1.44807
1.48537
1.50785
1.52198
1.53263
1.54351
1.55661
1.5694
1.58317
1.59999
1.61846
1.63868
1.66226
1.68814
1.71574
1.744
1.77229
1.79992
1.82726
1.85357
1.88042
1.90526
1.92866
1.95369
1.9802
1.99987
2.01068
1.98922
1.92099
1.79828
1.61766
1.44474
1.35636
1.33134
1.3401
1.34692
)
;
    }
    bottom
    {
        type            symmetryPlane;
    }
    top
    {
        type            symmetryPlane;
    }
    obstacle
    {
        type            calculated;
        value           nonuniform List<scalar> 
110
(
0.0260716
0.0682839
0.113464
0.157985
0.206143
0.256335
0.314244
0.388133
0.477311
0.651235
0.838495
0.319358
0.361409
0.192129
0.248414
0.158878
0.449728
0.631214
0.736331
0.76569
0.762231
0.758876
0.764079
0.803859
0.847839
0.883098
0.900549
0.905604
0.905024
0.903907
0.904384
0.906152
0.908091
0.912326
0.916027
0.918515
0.919783
0.914478
0.902608
0.884452
0.858647
0.822327
0.783227
0.744344
0.697403
0.647511
0.595472
0.545577
0.500318
0.448397
0.393719
0.340438
0.286502
0.239463
0.201446
0.145502
0.0933731
0.0451651
0.0119482
0.0573297
0.101849
0.142105
0.1811
0.217511
0.252164
0.285229
0.316426
0.345619
0.373244
0.399724
0.42501
0.448847
0.471655
0.493472
0.514509
0.534765
0.55424
0.572953
0.590747
0.607949
0.624327
0.640287
0.655538
0.670514
0.684843
0.698925
0.712363
0.72552
0.738024
0.750248
0.762152
0.773764
0.785288
0.796634
0.807901
0.819113
0.830115
0.841029
0.851622
0.862146
0.872536
0.882875
0.893213
0.903535
0.913979
0.924515
0.935452
0.947305
0.957847
0.967691
)
;
    }
    defaultFaces
    {
        type            empty;
    }
}


// ************************************************************************* //
