/*--------------------------------*- C++ -*----------------------------------*\
| =========                 |                                                 |
| \\      /  F ield         | OpenFOAM: The Open Source CFD Toolbox           |
|  \\    /   O peration     | Version:  v2106                                 |
|   \\  /    A nd           | Website:  www.openfoam.com                      |
|    \\/     M anipulation  |                                                 |
\*---------------------------------------------------------------------------*/
FoamFile
{
    version     2.0;
    format      ascii;
    arch        "LSB;label=32;scalar=64";
    class       volScalarField;
    location    "6";
    object      psi;
}
// * * * * * * * * * * * * * * * * * * * * * * * * * * * * * * * * * * * * * //

dimensions      [0 -2 2 0 0 0 0];

internalField   nonuniform List<scalar> 
5250
(
1.40845
1.40845
1.40845
1.40845
1.40845
1.40845
1.40845
1.40845
1.40843
1.40823
1.40642
1.38975
1.27289
0.944707
0.510112
0.526843
0.55669
0.559435
0.549947
0.551807
0.550941
0.549017
0.549137
0.549884
0.551323
1.40845
1.40845
1.40845
1.40845
1.40845
1.40845
1.40845
1.40845
1.40843
1.40823
1.40647
1.39026
1.27596
0.950205
0.512935
0.526669
0.557697
0.560958
0.551357
0.553037
0.552081
0.549957
0.550037
0.550766
0.552178
1.40845
1.40845
1.40845
1.40845
1.40845
1.40845
1.40845
1.40845
1.40843
1.40824
1.40658
1.39123
1.28176
0.962654
0.518824
0.525403
0.559511
0.564132
0.554086
0.555658
0.55453
0.552144
0.552221
0.55298
0.554469
1.40845
1.40845
1.40845
1.40845
1.40845
1.40845
1.40845
1.40845
1.40843
1.40824
1.40663
1.3923
1.29316
0.982438
0.535598
0.522446
0.56465
0.569682
0.558409
0.559698
0.558167
0.555047
0.554977
0.555725
0.557202
1.40845
1.40845
1.40845
1.40845
1.40845
1.40845
1.40845
1.40845
1.40843
1.40828
1.40694
1.39515
1.30892
1.01033
0.577357
0.518887
0.577958
0.580343
0.566428
0.565945
0.56329
0.55898
0.558492
0.559136
0.560585
1.40845
1.40845
1.40845
1.40845
1.40845
1.40845
1.40845
1.40845
1.40844
1.40831
1.40721
1.39779
1.32619
1.05064
0.656164
0.513264
0.598025
0.596951
0.579382
0.575441
0.569964
0.56347
0.56263
0.56328
0.565364
1.40845
1.40845
1.40845
1.40845
1.40845
1.40845
1.40845
1.40845
1.40844
1.40834
1.40747
1.40017
1.34309
1.0941
0.718354
0.49433
0.620766
0.623495
0.60496
0.592463
0.57995
0.570411
0.568174
0.56895
0.571066
1.40845
1.40845
1.40845
1.40845
1.40845
1.40845
1.40845
1.40845
1.40844
1.40838
1.40778
1.40271
1.35782
1.13822
0.76008
0.467742
0.60171
0.622598
0.614756
0.609707
0.596591
0.580542
0.575212
0.575247
0.5818
1.40845
1.40845
1.40845
1.40845
1.40845
1.40845
1.40845
1.40845
1.40844
1.4084
1.40799
1.40438
1.36905
1.17772
0.80725
0.452554
0.574982
0.611946
0.611073
0.615724
0.611475
0.596887
0.587269
0.58446
0.597519
1.40845
1.40845
1.40845
1.40845
1.40845
1.40845
1.40845
1.40845
1.40845
1.40841
1.40808
1.40513
1.37842
1.21739
0.857537
0.460464
0.559294
0.592564
0.601462
0.615096
0.619577
0.612271
0.602251
0.597747
0.637373
1.40845
1.40845
1.40845
1.40845
1.40845
1.40845
1.40845
1.40845
1.40845
1.40842
1.40817
1.406
1.38609
1.25434
0.916125
0.485162
0.556217
0.574066
0.586655
0.606016
0.621941
0.630379
0.628539
0.636729
0.716972
1.40845
1.40845
1.40845
1.40845
1.40845
1.40845
1.40845
1.40845
1.40845
1.40843
1.40824
1.40664
1.39246
1.29473
0.982868
0.521811
0.544616
0.583065
0.590516
0.600232
0.617198
0.637917
0.642443
0.651318
0.769106
1.40845
1.40845
1.40845
1.40845
1.40845
1.40845
1.40845
1.40845
1.40845
1.40844
1.40834
1.40737
1.39885
1.33403
1.06029
0.614205
0.529667
0.602013
0.603468
0.603569
0.611549
0.631366
0.65723
0.667553
0.768222
1.40845
1.40845
1.40845
1.40845
1.40845
1.40845
1.40845
1.40845
1.40845
1.40844
1.40838
1.40781
1.40283
1.36043
1.14687
0.763664
0.493177
0.615661
0.617085
0.611761
0.614934
0.629729
0.65458
0.680893
0.764351
1.40845
1.40845
1.40845
1.40845
1.40845
1.40845
1.40845
1.40845
1.40845
1.40845
1.40841
1.40814
1.40548
1.37672
1.20815
0.84784
0.481932
0.615148
0.625196
0.620328
0.621425
0.632988
0.654094
0.682274
0.749577
1.40845
1.40845
1.40845
1.40845
1.40845
1.40845
1.40845
1.40845
1.40845
1.40845
1.40843
1.40821
1.40634
1.38892
1.26992
0.937257
0.496476
0.592006
0.636102
0.636156
0.633754
0.639627
0.654431
0.679618
0.728861
1.40845
1.40845
1.40845
1.40845
1.40845
1.40845
1.40845
1.40845
1.40845
1.40845
1.40843
1.4083
1.40715
1.3971
1.32203
1.03728
0.541827
0.554696
0.634454
0.655586
0.650686
0.649394
0.657586
0.677109
0.714292
1.40845
1.40845
1.40845
1.40845
1.40845
1.40845
1.40845
1.40845
1.40845
1.40845
1.40844
1.40839
1.40787
1.40334
1.36407
1.15636
0.750672
0.499386
0.627463
0.654728
0.655658
0.657874
0.664907
0.679799
0.708146
1.40845
1.40845
1.40845
1.40845
1.40845
1.40845
1.40845
1.40845
1.40845
1.40845
1.40845
1.40841
1.40811
1.40547
1.38218
1.23569
0.887327
0.504006
0.611901
0.647728
0.666606
0.668679
0.674259
0.685605
0.708248
1.40845
1.40845
1.40845
1.40845
1.40845
1.40845
1.40845
1.40845
1.40845
1.40845
1.40845
1.40843
1.40827
1.4069
1.39535
1.3111
1.01095
0.535185
0.572644
0.652097
0.683688
0.684045
0.686254
0.693487
0.710284
1.40845
1.40845
1.40845
1.40845
1.40845
1.40845
1.40845
1.40845
1.40845
1.40845
1.40845
1.40844
1.40838
1.40783
1.40311
1.36258
1.14982
0.734156
0.512167
0.644479
0.665935
0.686617
0.693897
0.702623
0.715972
1.40845
1.40845
1.40845
1.40845
1.40845
1.40845
1.40845
1.40845
1.40845
1.40845
1.40845
1.40845
1.40841
1.4081
1.4055
1.38417
1.25003
0.902834
0.521091
0.614688
0.663257
0.692797
0.703022
0.71238
0.724198
1.40845
1.40845
1.40845
1.40845
1.40845
1.40845
1.40845
1.40845
1.40845
1.40845
1.40845
1.40845
1.40844
1.40833
1.40738
1.39931
1.33377
1.05219
0.562151
0.568029
0.660545
0.69195
0.706854
0.717602
0.729668
1.40845
1.40845
1.40845
1.40845
1.40845
1.40845
1.40845
1.40845
1.40845
1.40845
1.40845
1.40845
1.40844
1.40839
1.40791
1.40414
1.37406
1.20475
0.8001
0.520611
0.640366
0.677156
0.709682
0.722728
0.735715
1.40845
1.40845
1.40845
1.40845
1.40845
1.40845
1.40845
1.40845
1.40845
1.40845
1.40845
1.40845
1.40845
1.40843
1.40829
1.40698
1.39592
1.31106
0.988904
0.550734
0.590933
0.676738
0.705959
0.722232
0.736602
1.40845
1.40845
1.40845
1.40845
1.40845
1.40845
1.40845
1.40845
1.40845
1.40845
1.40845
1.40845
1.40845
1.40844
1.40837
1.40779
1.40335
1.36851
1.17992
0.759821
0.53107
0.657429
0.688454
0.723114
0.735971
1.40845
1.40845
1.40845
1.40845
1.40845
1.40845
1.40845
1.40845
1.40845
1.40845
1.40845
1.40845
1.40845
1.40845
1.40843
1.40827
1.40679
1.39399
1.30053
0.965946
0.556968
0.605323
0.691765
0.719325
0.734358
1.40845
1.40845
1.40845
1.40845
1.40845
1.40845
1.40845
1.40845
1.40845
1.40845
1.40845
1.40845
1.40845
1.40845
1.40844
1.40836
1.40774
1.40315
1.36671
1.1709
0.754901
0.541945
0.666783
0.703365
0.734236
1.40845
1.40845
1.40845
1.40845
1.40845
1.40845
1.40845
1.40845
1.40845
1.40845
1.40845
1.40845
1.40845
1.40845
1.40845
1.40841
1.40847
1.40732
1.39569
1.30728
0.974877
0.563787
0.606808
0.698796
0.725281
1.40845
1.40845
1.40845
1.40845
1.40845
1.40845
1.40845
1.40845
1.40845
1.40845
1.40845
1.40845
1.40845
1.40845
1.40845
1.40844
1.40837
1.40777
1.40319
1.36797
1.17054
0.754124
0.55298
0.667038
0.710052
1.40845
1.40845
1.40845
1.40845
1.40845
1.40845
1.40845
1.40845
1.40845
1.40845
1.40845
1.40845
1.40845
1.40845
1.40845
1.40845
1.40843
1.4083
1.40714
1.39758
1.32425
1.04215
0.588247
0.615928
0.71849
1.40845
1.40845
1.40845
1.40845
1.40845
1.40845
1.40845
1.40845
1.40845
1.40845
1.40845
1.40845
1.40845
1.40845
1.40845
1.40845
1.40844
1.40835
1.40853
1.40599
1.38973
1.28478
0.810269
0.550367
0.65587
1.40845
1.40845
1.40845
1.40845
1.40845
1.40845
1.40845
1.40845
1.40845
1.40845
1.40845
1.40845
1.40845
1.40845
1.40845
1.40845
1.40845
1.40844
1.40833
1.40738
1.3999
1.34512
1.08902
0.613515
0.592249
1.40845
1.40845
1.40845
1.40845
1.40845
1.40845
1.40845
1.40845
1.40845
1.40845
1.40845
1.40845
1.40845
1.40845
1.40845
1.40845
1.40845
1.40845
1.40842
1.40822
1.4063
1.39342
1.29281
0.896467
0.573263
1.40845
1.40845
1.40845
1.40845
1.40845
1.40845
1.40845
1.40845
1.40845
1.40845
1.40845
1.40845
1.40845
1.40845
1.40845
1.40845
1.40845
1.40845
1.40844
1.40833
1.40752
1.4018
1.35905
1.14134
0.718138
1.40845
1.40845
1.40845
1.40845
1.40845
1.40845
1.40845
1.40845
1.40845
1.40845
1.40845
1.40845
1.40845
1.40845
1.40845
1.40845
1.40845
1.40845
1.40845
1.40843
1.40829
1.40723
1.39817
1.32702
1.04457
1.40845
1.40845
1.40845
1.40845
1.40845
1.40845
1.40845
1.40845
1.40845
1.40845
1.40845
1.40845
1.40845
1.40845
1.40845
1.40845
1.40845
1.40845
1.40845
1.40844
1.40832
1.40839
1.40588
1.39423
1.30969
1.40845
1.40845
1.40845
1.40845
1.40845
1.40845
1.40845
1.40845
1.40845
1.40845
1.40845
1.40845
1.40845
1.40845
1.40845
1.40845
1.40845
1.40845
1.40845
1.40845
1.40843
1.40833
1.40753
1.40128
1.35607
1.40845
1.40845
1.40845
1.40845
1.40845
1.40845
1.40845
1.40845
1.40845
1.40845
1.40845
1.40845
1.40845
1.40845
1.40845
1.40845
1.40845
1.40845
1.40845
1.40845
1.40844
1.40841
1.40819
1.40667
1.39786
1.40845
1.40845
1.40845
1.40845
1.40845
1.40845
1.40845
1.40845
1.40845
1.40845
1.40845
1.40845
1.40845
1.40845
1.40845
1.40845
1.40845
1.40845
1.40845
1.40845
1.40845
1.40844
1.40835
1.40786
1.40436
1.40845
1.40845
1.40845
1.40845
1.40845
1.40845
1.40845
1.40845
1.40845
1.40845
1.40845
1.40845
1.40845
1.40845
1.40845
1.40845
1.40845
1.40845
1.40845
1.40845
1.40845
1.40845
1.40844
1.40833
1.40764
1.40845
1.40845
1.40845
1.40845
1.40845
1.40845
1.40845
1.40845
1.40845
1.40845
1.40845
1.40845
1.40845
1.40845
1.40845
1.40845
1.40845
1.40845
1.40845
1.40845
1.40845
1.40845
1.40845
1.40842
1.40823
1.40845
1.40845
1.40845
1.40845
1.40845
1.40845
1.40845
1.40845
1.40845
1.40845
1.40845
1.40845
1.40845
1.40845
1.40845
1.40845
1.40845
1.40845
1.40845
1.40845
1.40845
1.40845
1.40845
1.40842
1.40808
1.40845
1.40845
1.40845
1.40845
1.40845
1.40845
1.40845
1.40845
1.40845
1.40845
1.40845
1.40845
1.40845
1.40845
1.40845
1.40845
1.40845
1.40845
1.40845
1.40845
1.40845
1.40845
1.40845
1.40844
1.4084
1.40845
1.40845
1.40845
1.40845
1.40845
1.40845
1.40845
1.40845
1.40845
1.40845
1.40845
1.40845
1.40845
1.40845
1.40845
1.40845
1.40845
1.40845
1.40845
1.40845
1.40845
1.40845
1.40845
1.40845
1.40841
1.40845
1.40845
1.40845
1.40845
1.40845
1.40845
1.40845
1.40845
1.40845
1.40845
1.40845
1.40845
1.40845
1.40845
1.40845
1.40845
1.40845
1.40845
1.40845
1.40845
1.40845
1.40845
1.40845
1.40845
1.40841
1.40845
1.40845
1.40845
1.40845
1.40845
1.40845
1.40845
1.40845
1.40845
1.40845
1.40845
1.40845
1.40845
1.40845
1.40845
1.40845
1.40845
1.40845
1.40845
1.40845
1.40845
1.40845
1.40845
1.40845
1.40841
1.40845
1.40845
1.40845
1.40845
1.40845
1.40845
1.40845
1.40845
1.40845
1.40845
1.40845
1.40845
1.40845
1.40845
1.40845
1.40845
1.40845
1.40845
1.40845
1.40845
1.40845
1.40845
1.40845
1.40845
1.40841
1.40845
1.40845
1.40845
1.40845
1.40845
1.40845
1.40845
1.40845
1.40845
1.40845
1.40845
1.40845
1.40845
1.40845
1.40845
1.40845
1.40845
1.40845
1.40845
1.40845
1.40845
1.40845
1.40845
1.40845
1.40841
1.40845
1.40845
1.40845
1.40845
1.40845
1.40845
1.40845
1.40845
1.40845
1.40845
1.40845
1.40845
1.40845
1.40845
1.40845
1.40845
1.40845
1.40845
1.40845
1.40845
1.40845
1.40845
1.40845
1.40845
1.40841
0.642844
0.5716
0.537706
0.539819
0.542347
0.524309
0.516103
0.543968
0.569353
0.573346
0.573014
0.570913
0.569456
0.565121
0.574818
0.587727
0.593787
0.594976
0.595063
0.593984
0.59375
0.593768
0.594281
0.594311
0.595574
0.59658
0.59733
0.598266
0.598889
0.598221
0.595591
0.593096
0.585696
0.579105
0.573609
0.567332
0.55836
0.549713
0.54446
0.541341
0.533018
0.526737
0.520598
0.515761
0.513353
0.511515
0.508754
0.507569
0.504017
0.505209
0.506709
0.508566
0.510763
0.512655
0.514723
0.517172
0.519605
0.522105
0.524528
0.527045
0.529508
0.531933
0.534353
0.53687
0.539302
0.541733
0.544216
0.546592
0.54893
0.551193
0.553478
0.555701
0.557953
0.560134
0.562338
0.564448
0.566585
0.568617
0.5707
0.572734
0.574804
0.57691
0.579041
0.581216
0.583427
0.585646
0.587902
0.590112
0.592381
0.59462
0.596908
0.599198
0.601519
0.603895
0.606301
0.608839
0.61144
0.615194
0.616322
0.614756
0.643564
0.581249
0.556778
0.532093
0.531038
0.50999
0.491355
0.505825
0.532988
0.53389
0.528509
0.522385
0.519165
0.517171
0.528445
0.534418
0.538228
0.538292
0.537831
0.537702
0.537887
0.538398
0.538725
0.537842
0.539974
0.540772
0.541228
0.542593
0.54342
0.542493
0.540096
0.539222
0.533645
0.529089
0.525738
0.520317
0.513312
0.508204
0.504989
0.502967
0.501284
0.496545
0.490216
0.49201
0.49381
0.494299
0.497277
0.500017
0.503763
0.508448
0.513256
0.518131
0.523451
0.527774
0.532161
0.53684
0.541608
0.546216
0.54998
0.553716
0.557639
0.561348
0.564661
0.568021
0.571522
0.574798
0.578117
0.581235
0.584286
0.587136
0.589998
0.592724
0.595489
0.598108
0.600755
0.603157
0.605535
0.607587
0.60966
0.611581
0.613525
0.615499
0.617501
0.619543
0.621646
0.623623
0.625618
0.627434
0.629279
0.631047
0.632844
0.634654
0.636505
0.638425
0.640409
0.642527
0.644815
0.64847
0.64901
0.646707
0.720313
0.652281
0.601409
0.55689
0.548689
0.544489
0.535985
0.507996
0.501895
0.496953
0.504609
0.517419
0.51282
0.504706
0.496788
0.511449
0.518923
0.519895
0.518964
0.517293
0.516939
0.517437
0.518159
0.51925
0.519682
0.519692
0.520149
0.520587
0.520805
0.520572
0.517949
0.516016
0.510914
0.507163
0.504345
0.503065
0.488946
0.489459
0.490366
0.488957
0.490385
0.493593
0.499819
0.509006
0.518764
0.526559
0.535375
0.542869
0.552003
0.559517
0.567076
0.574349
0.580501
0.585181
0.589911
0.595388
0.60016
0.605255
0.609459
0.613454
0.61774
0.62198
0.625586
0.629041
0.632577
0.63602
0.639363
0.642477
0.645348
0.648173
0.651042
0.653803
0.656547
0.659234
0.661948
0.664622
0.667367
0.669854
0.672385
0.674568
0.676635
0.678647
0.680638
0.682645
0.684683
0.686736
0.688835
0.69097
0.693182
0.695431
0.697724
0.700004
0.702296
0.704524
0.706776
0.70907
0.711535
0.715372
0.716154
0.713188
0.784188
0.745358
0.691635
0.624497
0.583149
0.580536
0.588467
0.562987
0.537842
0.519969
0.51049
0.513354
0.518146
0.523437
0.51085
0.506099
0.506408
0.507669
0.517134
0.5209
0.516406
0.516552
0.51719
0.517042
0.519525
0.521667
0.522258
0.52233
0.520599
0.517297
0.51256
0.505256
0.498889
0.498429
0.495646
0.496521
0.500327
0.509584
0.521318
0.532421
0.541126
0.551573
0.560994
0.573338
0.582704
0.589811
0.596373
0.604747
0.610174
0.616235
0.624567
0.629256
0.634126
0.638027
0.642199
0.647359
0.651297
0.655345
0.65912
0.662259
0.665715
0.6695
0.673346
0.676824
0.680125
0.683092
0.685994
0.688868
0.691772
0.694544
0.69719
0.699704
0.702207
0.7047
0.707219
0.709744
0.712339
0.714791
0.717275
0.719656
0.721976
0.724212
0.726347
0.728431
0.73053
0.732528
0.734497
0.736452
0.738452
0.740518
0.742671
0.744923
0.747295
0.749778
0.752385
0.75509
0.757997
0.762064
0.763953
0.760733
0.796543
0.786378
0.755375
0.705607
0.647767
0.628288
0.651365
0.631978
0.602039
0.574506
0.54679
0.533448
0.533562
0.537341
0.536505
0.5301
0.521696
0.515639
0.514771
0.516046
0.51752
0.519246
0.519567
0.518685
0.518194
0.518431
0.520042
0.520176
0.518809
0.515246
0.509453
0.508557
0.51216
0.519187
0.527026
0.53815
0.549715
0.565059
0.5814
0.590737
0.601256
0.613161
0.623222
0.635147
0.641325
0.647342
0.651947
0.657966
0.661527
0.665751
0.669858
0.674718
0.679303
0.682078
0.68517
0.688926
0.692278
0.694617
0.69748
0.70035
0.703582
0.707326
0.710791
0.713526
0.71608
0.718683
0.72145
0.72451
0.727124
0.729443
0.731792
0.734223
0.736793
0.739419
0.742061
0.744452
0.746513
0.748577
0.750744
0.753034
0.755449
0.757935
0.760296
0.76256
0.764667
0.766685
0.768675
0.770655
0.772667
0.774738
0.776879
0.779092
0.781398
0.7838
0.786338
0.789035
0.792024
0.795982
0.798899
0.795468
0.788693
0.804895
0.793914
0.763632
0.730461
0.693671
0.703867
0.687375
0.656197
0.62418
0.601938
0.579419
0.569754
0.570275
0.566564
0.558742
0.549131
0.539995
0.533134
0.528449
0.525915
0.524819
0.524681
0.525372
0.52488
0.52432
0.523559
0.521145
0.521152
0.521612
0.52464
0.529447
0.535258
0.547229
0.562773
0.585076
0.60305
0.626278
0.644064
0.655843
0.670874
0.679
0.68569
0.689739
0.691903
0.69554
0.696419
0.698122
0.701554
0.704088
0.705608
0.711107
0.713283
0.715652
0.718051
0.719941
0.72227
0.724242
0.726646
0.729566
0.732844
0.735616
0.737699
0.739573
0.741725
0.744444
0.747637
0.750319
0.752393
0.7545
0.756778
0.759285
0.761897
0.764355
0.766631
0.768779
0.770931
0.773125
0.775384
0.777693
0.779966
0.78218
0.784403
0.786645
0.788854
0.791095
0.793396
0.795706
0.79791
0.80009
0.802268
0.804463
0.806699
0.808999
0.811411
0.813992
0.816897
0.820541
0.824129
0.820573
0.769526
0.799053
0.805553
0.796397
0.78501
0.765771
0.766483
0.761523
0.736127
0.700259
0.672718
0.648407
0.626307
0.615463
0.610072
0.597926
0.587175
0.575536
0.566749
0.558117
0.550135
0.545325
0.540911
0.537379
0.534343
0.533446
0.530236
0.53238
0.53274
0.533069
0.541926
0.559729
0.586342
0.617287
0.642054
0.669467
0.686333
0.7069
0.711819
0.718287
0.726766
0.73072
0.731512
0.731313
0.730631
0.733267
0.733554
0.734359
0.732916
0.732697
0.732961
0.734879
0.737947
0.739861
0.741105
0.742028
0.742976
0.744576
0.746156
0.748468
0.751738
0.753113
0.754593
0.756589
0.759188
0.762253
0.764894
0.76685
0.768873
0.770974
0.773167
0.775464
0.777822
0.780158
0.782535
0.78501
0.78753
0.789664
0.791707
0.793783
0.795909
0.798104
0.80037
0.802691
0.805083
0.807516
0.809887
0.812167
0.814428
0.816699
0.818987
0.821306
0.823679
0.82612
0.828655
0.831323
0.834261
0.837859
0.841566
0.8378
0.746472
0.787145
0.799603
0.805523
0.806021
0.802659
0.808225
0.813999
0.805875
0.782155
0.750502
0.726489
0.703406
0.679553
0.67332
0.662588
0.645189
0.627135
0.61415
0.600606
0.59086
0.580912
0.57269
0.563439
0.557198
0.550587
0.534389
0.540511
0.547651
0.561697
0.590848
0.62834
0.669316
0.698927
0.727493
0.747532
0.761017
0.777405
0.779432
0.782838
0.784586
0.782064
0.774883
0.769166
0.759741
0.758918
0.760644
0.759304
0.757228
0.754224
0.749333
0.750448
0.751916
0.754218
0.75525
0.756565
0.756581
0.756777
0.757698
0.759057
0.761348
0.764196
0.765898
0.767781
0.77004
0.772424
0.775137
0.777272
0.779064
0.780911
0.782863
0.784991
0.787319
0.789825
0.792206
0.794433
0.796674
0.798906
0.801112
0.803365
0.805703
0.808129
0.810552
0.812835
0.815083
0.817342
0.819636
0.821969
0.824351
0.826787
0.829281
0.831826
0.834384
0.836949
0.839544
0.842226
0.845154
0.848769
0.852625
0.848806
0.736453
0.770911
0.786874
0.804703
0.807056
0.812991
0.825071
0.843096
0.85066
0.841848
0.821738
0.800742
0.78181
0.761703
0.751253
0.741157
0.721993
0.699142
0.679999
0.661576
0.6474
0.633482
0.620331
0.60521
0.589265
0.572877
0.552064
0.564082
0.580478
0.611145
0.665325
0.713641
0.744397
0.766057
0.789204
0.803672
0.819259
0.83064
0.835154
0.839756
0.839776
0.835045
0.826308
0.81767
0.803172
0.786899
0.767784
0.765436
0.768474
0.764708
0.766501
0.765261
0.759263
0.761766
0.761791
0.762785
0.764168
0.764718
0.765456
0.766302
0.767175
0.768906
0.771003
0.773459
0.776744
0.779031
0.780511
0.781956
0.783562
0.785462
0.787752
0.79034
0.792628
0.794712
0.796819
0.799005
0.80129
0.803629
0.805986
0.808429
0.810971
0.81334
0.815591
0.817846
0.82013
0.822456
0.824837
0.827279
0.829775
0.832323
0.834875
0.837444
0.840032
0.842647
0.84532
0.848119
0.851196
0.854993
0.859193
0.855429
0.732416
0.757283
0.773069
0.79531
0.801694
0.8114
0.825532
0.84353
0.864773
0.867775
0.86153
0.84804
0.838152
0.828159
0.819225
0.811218
0.799894
0.782761
0.765008
0.746782
0.727949
0.708355
0.68873
0.661078
0.631096
0.58184
0.591958
0.610743
0.638648
0.686275
0.741997
0.773766
0.79629
0.814156
0.831616
0.844698
0.858616
0.869553
0.875402
0.880156
0.881364
0.876758
0.87143
0.863399
0.847241
0.831205
0.812293
0.786503
0.760717
0.76457
0.775994
0.774488
0.772715
0.769821
0.765244
0.765982
0.767695
0.769656
0.771455
0.770541
0.770588
0.771236
0.773324
0.775675
0.779382
0.780964
0.782331
0.783984
0.786039
0.78841
0.790968
0.793198
0.794948
0.79677
0.798725
0.800866
0.803187
0.805644
0.808343
0.81089
0.813157
0.815434
0.817753
0.820137
0.82258
0.825058
0.827534
0.830031
0.832545
0.835091
0.837659
0.840257
0.842891
0.845564
0.848305
0.851189
0.854356
0.858239
0.862582
0.858795
0.733879
0.753095
0.76597
0.782762
0.792555
0.805357
0.820567
0.838831
0.858963
0.875478
0.875737
0.871098
0.866476
0.861801
0.8571
0.854347
0.851397
0.843945
0.833062
0.817415
0.801205
0.783025
0.758215
0.723986
0.673908
0.615696
0.639954
0.66247
0.696154
0.750922
0.780856
0.804194
0.825026
0.845464
0.864308
0.878043
0.88745
0.89386
0.897842
0.903308
0.90623
0.904149
0.90172
0.896498
0.886846
0.876791
0.857158
0.832221
0.808412
0.771937
0.757872
0.766225
0.778172
0.778193
0.777346
0.77492
0.771746
0.772149
0.77302
0.774574
0.774816
0.775632
0.777578
0.778663
0.780136
0.782558
0.78439
0.786509
0.788957
0.791783
0.793962
0.795523
0.797154
0.798917
0.800891
0.803129
0.805631
0.808294
0.811103
0.813476
0.815793
0.818178
0.820645
0.823201
0.825745
0.828231
0.830714
0.833216
0.835747
0.838333
0.840935
0.843546
0.846176
0.84884
0.851568
0.854447
0.857613
0.86151
0.865895
0.862075
0.738671
0.753387
0.766965
0.775716
0.784463
0.796008
0.810689
0.829091
0.849952
0.868763
0.880562
0.884789
0.882658
0.878745
0.878026
0.878252
0.879929
0.882043
0.879674
0.868413
0.855835
0.837533
0.808225
0.757572
0.663364
0.663028
0.682685
0.70791
0.740646
0.777377
0.798554
0.820472
0.841258
0.85756
0.873819
0.888166
0.897138
0.906076
0.91371
0.916724
0.916559
0.91615
0.918025
0.917701
0.914337
0.909266
0.895423
0.879991
0.860048
0.829606
0.798863
0.75867
0.762199
0.778539
0.783808
0.784712
0.784706
0.780731
0.779939
0.780691
0.781827
0.7828
0.785009
0.785221
0.785955
0.788116
0.79176
0.793456
0.795098
0.796811
0.798556
0.800245
0.802036
0.804032
0.806239
0.808571
0.81088
0.81319
0.815661
0.818355
0.820555
0.822822
0.825225
0.827757
0.830289
0.832793
0.835322
0.837887
0.840473
0.843021
0.845543
0.848061
0.850606
0.85321
0.855903
0.858769
0.861916
0.865776
0.870022
0.866071
0.744082
0.755545
0.768394
0.775206
0.782042
0.78976
0.80081
0.816695
0.836006
0.857301
0.871815
0.886164
0.888811
0.88834
0.886944
0.888857
0.89355
0.902044
0.901578
0.894674
0.88513
0.86258
0.817185
0.746781
0.659407
0.700919
0.715114
0.737665
0.766243
0.784106
0.802989
0.821946
0.841855
0.85713
0.871582
0.88371
0.895002
0.906157
0.916654
0.920252
0.923991
0.924276
0.926226
0.927261
0.926332
0.924703
0.920477
0.9149
0.902954
0.884077
0.860809
0.829314
0.785118
0.763806
0.774586
0.784405
0.794992
0.793083
0.792013
0.788956
0.789799
0.790469
0.793
0.793559
0.794344
0.795504
0.797514
0.799849
0.802503
0.804675
0.806097
0.807656
0.809332
0.811216
0.813298
0.815591
0.81813
0.820609
0.822757
0.824934
0.827165
0.829507
0.831958
0.834481
0.837
0.839499
0.842024
0.844528
0.847034
0.849431
0.851844
0.854271
0.856767
0.8594
0.86215
0.865036
0.868162
0.871963
0.876044
0.871972
0.750072
0.759514
0.770331
0.776889
0.782898
0.788423
0.796919
0.809301
0.824911
0.842362
0.859989
0.87534
0.886966
0.88867
0.887941
0.890826
0.896358
0.909641
0.906717
0.899654
0.885929
0.849678
0.786056
0.686429
0.700152
0.721347
0.734715
0.752726
0.771773
0.786049
0.801332
0.817691
0.831851
0.846241
0.857978
0.868526
0.879235
0.891292
0.897261
0.903615
0.912212
0.921531
0.931582
0.931451
0.930294
0.930337
0.933254
0.936335
0.932659
0.924696
0.912874
0.889983
0.860291
0.824255
0.768103
0.772857
0.793024
0.795927
0.801839
0.800859
0.799162
0.79887
0.799376
0.800173
0.801136
0.80208
0.803733
0.806032
0.808328
0.810846
0.813299
0.814886
0.816558
0.818483
0.820693
0.823102
0.825488
0.827558
0.829524
0.831644
0.834024
0.836627
0.839427
0.842215
0.844741
0.847195
0.849622
0.852052
0.854497
0.856963
0.859501
0.8621
0.86473
0.867458
0.870279
0.873212
0.876385
0.880204
0.884324
0.880163
0.7532
0.763882
0.773966
0.780291
0.784977
0.789611
0.796965
0.806472
0.818752
0.832689
0.849201
0.862693
0.87809
0.885977
0.887395
0.890353
0.896854
0.904477
0.899821
0.892508
0.865729
0.810304
0.715319
0.703737
0.729807
0.735717
0.744892
0.755884
0.767549
0.779765
0.793533
0.808662
0.821342
0.834421
0.845447
0.855168
0.866562
0.874445
0.882728
0.893243
0.904291
0.913467
0.918695
0.925058
0.932406
0.939978
0.945917
0.947578
0.945672
0.948116
0.946491
0.937595
0.921115
0.89292
0.854846
0.811654
0.769046
0.780925
0.79382
0.812239
0.810316
0.808961
0.804269
0.805546
0.806929
0.807941
0.809479
0.812142
0.813709
0.815268
0.81714
0.819541
0.82169
0.823916
0.826455
0.828255
0.829991
0.831891
0.834173
0.836825
0.839201
0.841568
0.844088
0.846759
0.849486
0.852052
0.854618
0.857212
0.85983
0.862461
0.865144
0.867941
0.870811
0.873821
0.876912
0.880052
0.883407
0.887387
0.891887
0.887907
0.752417
0.764671
0.775439
0.784612
0.788349
0.792422
0.798548
0.806808
0.817352
0.829688
0.842768
0.854809
0.867058
0.8786
0.883882
0.89025
0.891799
0.889762
0.886065
0.866056
0.819935
0.742174
0.708903
0.735355
0.739068
0.743972
0.749418
0.755785
0.763797
0.773371
0.784906
0.797649
0.809217
0.820447
0.830771
0.841891
0.851696
0.861147
0.872252
0.884415
0.891821
0.90054
0.910203
0.919849
0.930394
0.942656
0.948641
0.952088
0.955475
0.960376
0.962686
0.964079
0.957979
0.943991
0.918408
0.885185
0.842546
0.779887
0.781727
0.802046
0.805649
0.816879
0.815163
0.813258
0.809974
0.810176
0.810728
0.812795
0.816537
0.817951
0.818855
0.820148
0.822369
0.825305
0.828829
0.831078
0.833104
0.835171
0.83733
0.839762
0.842647
0.845858
0.849111
0.851849
0.854312
0.856765
0.859282
0.861822
0.864418
0.867104
0.869843
0.872704
0.875704
0.878889
0.881902
0.88505
0.88847
0.892497
0.897255
0.893323
0.750851
0.765181
0.77541
0.785992
0.791962
0.796571
0.801586
0.808571
0.817871
0.829109
0.841673
0.853151
0.861096
0.869793
0.884205
0.882846
0.880111
0.87519
0.858185
0.818112
0.755507
0.707034
0.731459
0.736959
0.744499
0.746853
0.749131
0.752539
0.758221
0.766067
0.775419
0.785942
0.797194
0.808328
0.81974
0.830836
0.840702
0.851788
0.864217
0.872908
0.881448
0.892009
0.902986
0.915573
0.924693
0.931205
0.940319
0.950845
0.962255
0.968492
0.969606
0.974829
0.973465
0.970781
0.96028
0.943034
0.915966
0.878132
0.835577
0.776183
0.786499
0.801872
0.815677
0.822965
0.820783
0.818891
0.818854
0.819254
0.820312
0.822193
0.826164
0.828028
0.829915
0.831966
0.834152
0.836637
0.838558
0.840496
0.842659
0.845095
0.847831
0.850914
0.854258
0.856943
0.859305
0.861706
0.864215
0.866712
0.869324
0.872127
0.875117
0.878231
0.881256
0.884324
0.887194
0.890299
0.893757
0.897835
0.902733
0.89874
0.74891
0.765836
0.776293
0.787088
0.793775
0.798914
0.804409
0.811397
0.819461
0.829051
0.839615
0.852112
0.861122
0.871551
0.878279
0.873226
0.866813
0.852011
0.815052
0.755728
0.698128
0.722953
0.73002
0.742478
0.74259
0.743366
0.745117
0.748414
0.753625
0.760502
0.768484
0.777732
0.78809
0.799405
0.811252
0.822053
0.833203
0.845914
0.855253
0.864117
0.87483
0.885921
0.896746
0.908005
0.914931
0.924371
0.934864
0.946068
0.953019
0.95997
0.969165
0.977153
0.982494
0.981785
0.980376
0.976215
0.96718
0.945363
0.912384
0.868877
0.818311
0.788179
0.803374
0.813465
0.835138
0.83413
0.8314
0.828023
0.826607
0.82703
0.828796
0.83412
0.838682
0.839457
0.84056
0.841873
0.843659
0.845594
0.848537
0.852075
0.854523
0.856929
0.859379
0.862001
0.864277
0.866568
0.869003
0.871571
0.874315
0.877141
0.880127
0.883426
0.886853
0.890124
0.892835
0.89585
0.899227
0.903343
0.908394
0.904278
0.746785
0.761798
0.77762
0.789854
0.797115
0.801622
0.806328
0.813018
0.820853
0.829651
0.838419
0.848888
0.860417
0.87354
0.869529
0.861848
0.848951
0.814583
0.756932
0.688707
0.712567
0.722599
0.740631
0.740436
0.74077
0.742378
0.744889
0.748468
0.753048
0.758788
0.765924
0.77449
0.784125
0.794534
0.80522
0.816162
0.828018
0.838497
0.847555
0.857767
0.869847
0.879986
0.890825
0.898699
0.908638
0.919612
0.928746
0.936815
0.945644
0.955122
0.964491
0.973591
0.985503
0.987975
0.991758
0.991439
0.990847
0.983955
0.968433
0.940783
0.905078
0.862139
0.79841
0.800625
0.81996
0.824244
0.841512
0.840573
0.838142
0.834831
0.835423
0.836484
0.839545
0.843255
0.845053
0.846138
0.847381
0.849211
0.851757
0.855398
0.859476
0.861912
0.864335
0.866832
0.869428
0.871671
0.874012
0.876491
0.87923
0.882309
0.885452
0.888753
0.892264
0.895745
0.898723
0.901926
0.905388
0.909641
0.91484
0.910482
0.748155
0.762525
0.777148
0.78902
0.801513
0.805977
0.809129
0.814428
0.821706
0.830065
0.838144
0.847234
0.86172
0.86412
0.857562
0.84853
0.818046
0.76178
0.682102
0.703238
0.716355
0.738004
0.739266
0.740278
0.742512
0.745202
0.748229
0.751671
0.755689
0.760761
0.766985
0.774431
0.783016
0.792254
0.802421
0.813105
0.824816
0.83291
0.842739
0.853862
0.865429
0.87438
0.883774
0.894399
0.90614
0.913543
0.921861
0.930796
0.940492
0.950755
0.961776
0.970886
0.979156
0.986874
0.9951
0.997486
1.00045
0.997969
0.998052
0.987546
0.972723
0.942748
0.900785
0.853484
0.790668
0.803016
0.820572
0.834076
0.848738
0.847121
0.842991
0.840395
0.840883
0.842614
0.845167
0.848791
0.851617
0.853348
0.855699
0.858691
0.862384
0.86673
0.86947
0.871398
0.873686
0.876194
0.878786
0.88148
0.884434
0.887705
0.891346
0.894519
0.897827
0.901298
0.904522
0.907578
0.910909
0.915049
0.920472
0.916101
0.736715
0.76246
0.775666
0.788173
0.800084
0.810201
0.812241
0.815678
0.822127
0.830259
0.837698
0.846729
0.85602
0.851784
0.844206
0.81965
0.768696
0.684615
0.696055
0.711341
0.73586
0.739287
0.740327
0.742932
0.745788
0.748771
0.751941
0.755346
0.759177
0.763647
0.768925
0.775103
0.782374
0.790681
0.800405
0.810568
0.820209
0.830389
0.841478
0.852434
0.860224
0.869826
0.880329
0.892568
0.900305
0.908588
0.917543
0.926595
0.936125
0.94602
0.956529
0.966339
0.976613
0.983394
0.991651
0.998929
1.00475
1.0066
1.01082
1.00993
1.00858
0.996683
0.970363
0.932618
0.883389
0.8258
0.806137
0.825825
0.83307
0.852668
0.853691
0.851464
0.848487
0.848446
0.850042
0.851938
0.85572
0.859007
0.861729
0.86481
0.867974
0.871142
0.87462
0.876548
0.878857
0.881582
0.884612
0.887752
0.891255
0.894819
0.898707
0.901879
0.904681
0.907714
0.910903
0.913396
0.916331
0.920124
0.925864
0.921544
0.725153
0.75768
0.770711
0.782906
0.794635
0.808468
0.811725
0.814369
0.82101
0.830371
0.838206
0.845305
0.843447
0.836645
0.815871
0.769833
0.688395
0.692143
0.707381
0.733546
0.737682
0.738614
0.741434
0.74514
0.748456
0.751858
0.75513
0.758709
0.762552
0.766623
0.771263
0.776538
0.782806
0.790109
0.798313
0.807503
0.817151
0.827909
0.837673
0.847546
0.856768
0.866576
0.877395
0.886079
0.895608
0.905059
0.915034
0.923662
0.932845
0.941615
0.951101
0.961517
0.971603
0.977134
0.983486
0.990905
0.99906
1.00755
1.01868
1.01865
1.02172
1.01728
1.00866
0.989253
0.959448
0.920063
0.876268
0.809466
0.813728
0.833165
0.840631
0.860026
0.860509
0.858286
0.855815
0.855995
0.856797
0.860101
0.864869
0.87093
0.873656
0.876019
0.87857
0.881267
0.883035
0.885527
0.888839
0.89243
0.895877
0.899577
0.903769
0.909087
0.91172
0.914321
0.917053
0.919397
0.922056
0.92541
0.931073
0.926641
0.697576
0.732004
0.769779
0.781028
0.791928
0.804448
0.812342
0.814339
0.820365
0.831763
0.837842
0.835285
0.829205
0.811624
0.768677
0.689371
0.684164
0.700529
0.728657
0.734112
0.735187
0.738282
0.742185
0.746544
0.750366
0.753748
0.757316
0.761233
0.765286
0.769392
0.773776
0.778578
0.783989
0.790257
0.797474
0.805705
0.814562
0.824086
0.833572
0.843464
0.853297
0.862791
0.871826
0.881223
0.890897
0.899967
0.9087
0.9177
0.926668
0.935497
0.945182
0.954409
0.964378
0.973013
0.977816
0.983974
0.990987
0.998176
1.0056
1.01349
1.02467
1.0251
1.02054
1.01699
1.00636
0.986898
0.952269
0.905585
0.861979
0.810503
0.82405
0.838343
0.852211
0.867167
0.865539
0.860624
0.860442
0.861584
0.864624
0.870737
0.879227
0.881994
0.883421
0.88542
0.886974
0.889171
0.892205
0.89599
0.899773
0.903954
0.908558
0.912771
0.915471
0.918236
0.921628
0.925377
0.928046
0.931223
0.936662
0.932042
0.631646
0.724048
0.752564
0.776674
0.788642
0.802941
0.815844
0.818856
0.82112
0.830132
0.82969
0.822467
0.80389
0.764693
0.696327
0.676948
0.694549
0.721588
0.730534
0.731362
0.734541
0.738712
0.743395
0.747774
0.75206
0.755847
0.759582
0.763383
0.767371
0.771544
0.775863
0.780499
0.785535
0.791188
0.797474
0.804597
0.812397
0.820935
0.830012
0.839651
0.849016
0.858306
0.867672
0.877184
0.886194
0.895252
0.904089
0.912828
0.921494
0.930414
0.939002
0.947797
0.956841
0.965479
0.972221
0.978582
0.985095
0.992097
0.999093
1.00655
1.01466
1.02572
1.02718
1.02671
1.02422
1.02023
1.00278
0.978137
0.940404
0.897859
0.837878
0.826536
0.843822
0.849478
0.864546
0.870433
0.867817
0.866801
0.867756
0.870242
0.877711
0.88522
0.88678
0.888082
0.889581
0.891817
0.894743
0.898799
0.903839
0.909112
0.91331
0.91659
0.919651
0.922235
0.925465
0.929511
0.932497
0.935826
0.941584
0.937218
0.574906
0.676709
0.725747
0.767306
0.787062
0.799053
0.812473
0.828409
0.825985
0.822627
0.817656
0.800818
0.758583
0.690218
0.67026
0.688195
0.712076
0.726269
0.727214
0.730146
0.734098
0.738592
0.743165
0.747893
0.752587
0.756882
0.760709
0.764604
0.76867
0.772865
0.777281
0.781904
0.786766
0.791997
0.797712
0.804063
0.811143
0.818874
0.827292
0.836098
0.845323
0.854735
0.863794
0.872866
0.882001
0.891037
0.900246
0.90875
0.917106
0.925653
0.933829
0.942257
0.950038
0.958042
0.966593
0.973727
0.980644
0.987915
0.9947
1.00171
1.0093
1.01736
1.027
1.03175
1.02911
1.02839
1.0256
1.01898
0.998505
0.96859
0.927161
0.882125
0.821433
0.826779
0.844799
0.85551
0.875856
0.876079
0.872415
0.872601
0.874649
0.880036
0.886339
0.888354
0.890653
0.893377
0.896796
0.900672
0.904921
0.910425
0.917214
0.921368
0.924596
0.92707
0.929741
0.93302
0.93694
0.940899
0.946582
0.942324
0.621047
0.635608
0.725738
0.751392
0.783144
0.795744
0.809761
0.824519
0.820744
0.810737
0.7917
0.75271
0.685701
0.660497
0.679979
0.703941
0.721089
0.721657
0.724249
0.728041
0.732642
0.737864
0.742579
0.747278
0.752174
0.757185
0.761583
0.765798
0.769983
0.774251
0.778718
0.783364
0.78818
0.79329
0.798712
0.804597
0.810981
0.817967
0.825503
0.833566
0.842094
0.851005
0.859731
0.868375
0.877017
0.885695
0.894188
0.9028
0.910938
0.918966
0.926811
0.934886
0.942501
0.950572
0.957329
0.963853
0.969961
0.976407
0.982725
0.989553
0.996942
1.00615
1.01364
1.01916
1.0241
1.02891
1.02836
1.02993
1.02421
1.00873
0.987596
0.955365
0.908907
0.858619
0.819672
0.835522
0.847114
0.860491
0.879517
0.877426
0.87501
0.877587
0.883131
0.886653
0.889731
0.893561
0.896436
0.899875
0.904357
0.911184
0.919863
0.924092
0.926747
0.929425
0.932506
0.936093
0.939823
0.944165
0.949788
0.945604
0.874154
0.581749
0.651816
0.745542
0.765771
0.787877
0.807649
0.810206
0.805215
0.786817
0.743023
0.67501
0.64958
0.670249
0.694386
0.716164
0.716423
0.717982
0.721568
0.726118
0.731971
0.736732
0.741602
0.746577
0.751565
0.756648
0.761743
0.766399
0.771005
0.775476
0.780036
0.784714
0.789522
0.794459
0.799596
0.804999
0.810765
0.816987
0.823737
0.831021
0.838731
0.846859
0.855186
0.863343
0.871649
0.880021
0.888405
0.896777
0.905077
0.912989
0.920578
0.928138
0.935735
0.943262
0.950541
0.956827
0.96239
0.968093
0.974122
0.98066
0.987747
0.996293
1.00272
1.00867
1.01468
1.01929
1.02463
1.02557
1.02478
1.02289
1.0172
1.00152
0.968754
0.929001
0.881461
0.81401
0.815439
0.834484
0.846384
0.869648
0.876071
0.875482
0.876086
0.878891
0.8829
0.887847
0.890954
0.895101
0.901134
0.910082
0.919249
0.922545
0.925452
0.929125
0.933863
0.935907
0.938793
0.942956
0.950166
0.946657
1.13131
0.711979
0.591112
0.684532
0.737069
0.773845
0.79542
0.791388
0.775916
0.733991
0.664939
0.642547
0.662684
0.686951
0.711339
0.71147
0.712091
0.715144
0.719814
0.725359
0.731375
0.736658
0.741857
0.747115
0.752267
0.757363
0.762523
0.767627
0.772343
0.776746
0.781139
0.785645
0.790285
0.795108
0.800111
0.805285
0.81069
0.816414
0.822516
0.829053
0.835998
0.84331
0.850933
0.858762
0.866728
0.87479
0.883021
0.891039
0.899082
0.906687
0.914038
0.921311
0.928747
0.935787
0.943246
0.949606
0.955152
0.960124
0.965702
0.971412
0.977515
0.983847
0.990658
0.993656
0.997597
0.999304
1.00184
1.0051
1.00951
1.01336
1.01238
1.00555
0.995788
0.970158
0.934342
0.887052
0.84074
0.798878
0.813536
0.831375
0.844857
0.863091
0.869249
0.869807
0.872043
0.87486
0.87876
0.884182
0.891578
0.903371
0.913218
0.916678
0.920756
0.925407
0.929497
0.93306
0.936493
0.940958
0.948621
0.945483
1.32547
1.02856
0.622137
0.645067
0.73819
0.772224
0.781882
0.767156
0.717138
0.636959
0.635529
0.653856
0.678113
0.700657
0.703464
0.704081
0.707174
0.711979
0.717665
0.722864
0.728135
0.733617
0.739087
0.744287
0.749473
0.754732
0.760004
0.765272
0.770384
0.775249
0.779889
0.784524
0.789212
0.793986
0.798878
0.803913
0.809111
0.814511
0.820173
0.826186
0.832483
0.839119
0.846003
0.853194
0.860625
0.868279
0.875909
0.883711
0.890941
0.898142
0.904736
0.911462
0.918003
0.924668
0.930873
0.936596
0.940699
0.944861
0.948944
0.953144
0.957401
0.961832
0.965209
0.967703
0.970245
0.971946
0.974084
0.975579
0.977262
0.979869
0.984772
0.980415
0.972918
0.964946
0.952848
0.922507
0.887392
0.842776
0.772039
0.780655
0.803402
0.814088
0.830683
0.849463
0.851799
0.855016
0.860006
0.866706
0.875618
0.886225
0.898914
0.904353
0.91021
0.91419
0.917501
0.922326
0.928056
0.93524
0.943789
0.940865
1.39274
1.31603
0.917582
0.613151
0.67725
0.756029
0.749621
0.701012
0.610933
0.627282
0.647454
0.678704
0.696197
0.696945
0.6969
0.699379
0.704096
0.710041
0.715187
0.720206
0.725577
0.731128
0.736285
0.741522
0.746875
0.752325
0.757815
0.763349
0.76872
0.773982
0.778913
0.783658
0.78839
0.793151
0.797935
0.802814
0.807807
0.812962
0.818299
0.823787
0.829475
0.835311
0.841419
0.847709
0.854316
0.861139
0.868183
0.87475
0.881421
0.887029
0.892459
0.897821
0.903046
0.907932
0.913357
0.916481
0.918826
0.921505
0.924314
0.927062
0.929909
0.932348
0.933391
0.933816
0.933714
0.933358
0.933792
0.934896
0.936721
0.939896
0.944554
0.946555
0.948433
0.943459
0.942191
0.935456
0.918657
0.887671
0.847482
0.790429
0.758881
0.773556
0.791562
0.807543
0.829817
0.837188
0.839692
0.844421
0.851338
0.860015
0.871898
0.883399
0.888783
0.894448
0.899557
0.905166
0.912227
0.920805
0.931077
0.930071
1.40287
1.37609
1.22632
0.789007
0.595719
0.653807
0.647697
0.594387
0.626028
0.639747
0.669535
0.686973
0.689559
0.691663
0.694789
0.698663
0.703114
0.707365
0.712153
0.717367
0.723338
0.728933
0.734288
0.739713
0.745289
0.750903
0.756412
0.761875
0.767179
0.772472
0.777585
0.782552
0.7871
0.791348
0.795345
0.799366
0.803484
0.80764
0.811828
0.816026
0.820354
0.824797
0.829325
0.834029
0.83886
0.843868
0.84899
0.853959
0.857984
0.862013
0.865238
0.868522
0.871176
0.873702
0.875762
0.87687
0.877373
0.877947
0.878815
0.880115
0.881847
0.883714
0.885474
0.887414
0.889414
0.892172
0.895603
0.899614
0.904376
0.909982
0.91506
0.919647
0.925368
0.928673
0.932576
0.931573
0.928582
0.920084
0.902548
0.86283
0.813962
0.755054
0.764288
0.788517
0.797294
0.81046
0.824238
0.826961
0.830981
0.836309
0.843452
0.851757
0.857629
0.864242
0.871918
0.87969
0.888443
0.89587
0.901792
0.90894
1.40695
1.40052
1.34453
1.09549
0.729293
0.541471
0.46193
0.543494
0.57016
0.622055
0.6418
0.647577
0.655828
0.665395
0.674207
0.683327
0.689851
0.69565
0.701593
0.707809
0.713597
0.719084
0.724588
0.730117
0.735596
0.740955
0.746132
0.75113
0.755908
0.760265
0.764668
0.768708
0.772807
0.775897
0.778114
0.780435
0.782802
0.785229
0.787152
0.789031
0.790961
0.79304
0.795285
0.79763
0.800131
0.802858
0.805415
0.80759
0.809943
0.812335
0.814832
0.817469
0.820226
0.823139
0.825871
0.828972
0.83209
0.835306
0.838779
0.842652
0.846936
0.851249
0.855533
0.859952
0.864447
0.869533
0.875131
0.88099
0.887254
0.893865
0.900583
0.906873
0.912788
0.918885
0.925862
0.934789
0.935465
0.933252
0.928844
0.912808
0.887523
0.843987
0.767848
0.767773
0.781778
0.796029
0.810158
0.819747
0.826119
0.831123
0.836003
0.838557
0.842144
0.846217
0.851447
0.85645
0.861487
0.867898
0.86745
0.873555
1.40801
1.40575
1.38122
1.23228
0.85331
0.506759
0.413978
0.463237
0.531323
0.564574
0.572587
0.582836
0.594591
0.60641
0.618835
0.630806
0.64224
0.651874
0.661816
0.669941
0.676857
0.683416
0.689206
0.694861
0.700347
0.705466
0.709793
0.713956
0.717542
0.72099
0.72392
0.726544
0.729292
0.730932
0.732195
0.733652
0.735226
0.736797
0.738373
0.740092
0.742124
0.744508
0.747313
0.750563
0.754067
0.757629
0.761283
0.765032
0.768951
0.772988
0.777232
0.781623
0.786341
0.79118
0.796182
0.801368
0.806276
0.811275
0.816648
0.822405
0.828479
0.834813
0.840776
0.846709
0.852975
0.859098
0.865583
0.872659
0.88016
0.88824
0.895689
0.902225
0.908914
0.915988
0.923481
0.931746
0.940527
0.946069
0.94311
0.940497
0.930773
0.908407
0.864204
0.804805
0.774644
0.786505
0.805347
0.812081
0.819585
0.82903
0.831841
0.835214
0.838494
0.843517
0.844115
0.847253
0.847523
0.843154
0.825588
0.834813
1.408
1.4048
1.37626
1.20238
0.839146
0.457813
0.531594
0.536371
0.543859
0.54101
0.542488
0.546606
0.555584
0.565134
0.572404
0.580442
0.588907
0.597233
0.605811
0.613354
0.620187
0.626657
0.632553
0.638035
0.643221
0.648472
0.653594
0.658508
0.663284
0.668022
0.67275
0.67736
0.682054
0.686207
0.689892
0.6937
0.697554
0.701408
0.705004
0.70868
0.712487
0.716572
0.720917
0.725411
0.729934
0.734487
0.739056
0.743824
0.748741
0.753859
0.759113
0.764613
0.770329
0.776204
0.782513
0.788557
0.794463
0.800686
0.807281
0.814202
0.821307
0.828661
0.83551
0.842264
0.849155
0.856313
0.863702
0.871439
0.879504
0.887868
0.895664
0.902443
0.909489
0.916809
0.924717
0.933144
0.94212
0.952213
0.958844
0.957646
0.955097
0.946342
0.927216
0.889763
0.833793
0.790652
0.798854
0.816069
0.819516
0.825831
0.835316
0.840172
0.840787
0.837583
0.838241
0.837941
0.829688
0.813685
0.772446
0.793139
1.40808
1.40526
1.37967
1.22212
0.867363
0.477799
0.54009
0.565051
0.563591
0.559607
0.560633
0.561842
0.563577
0.565789
0.569023
0.573041
0.578148
0.584089
0.590813
0.596676
0.602263
0.607742
0.613127
0.618518
0.623945
0.629275
0.634502
0.639798
0.645211
0.650677
0.656188
0.661686
0.667297
0.672373
0.677261
0.682129
0.687009
0.691786
0.696298
0.700684
0.705208
0.709904
0.714567
0.719327
0.724014
0.728737
0.733437
0.738366
0.743488
0.748813
0.754387
0.760192
0.766253
0.772576
0.779141
0.785859
0.792687
0.799717
0.806966
0.814383
0.822004
0.829629
0.837441
0.845016
0.852762
0.860575
0.868632
0.876943
0.885562
0.894306
0.902847
0.910325
0.918049
0.926028
0.934299
0.942977
0.951594
0.959682
0.966961
0.976408
0.97728
0.974028
0.966475
0.951958
0.915898
0.859103
0.802505
0.809293
0.824117
0.829195
0.836083
0.846981
0.844828
0.841176
0.836441
0.823907
0.800856
0.768808
0.717608
0.748888
1.40808
1.40508
1.37802
1.21443
0.856769
0.471305
0.533777
0.571173
0.56888
0.56978
0.572458
0.575372
0.577824
0.579422
0.581658
0.584384
0.587554
0.591266
0.595704
0.600499
0.605468
0.610579
0.61578
0.621078
0.626494
0.632008
0.637688
0.643147
0.648707
0.654355
0.660108
0.665836
0.671593
0.677058
0.682374
0.687718
0.693127
0.69829
0.703291
0.708184
0.713105
0.718058
0.72303
0.728009
0.732816
0.737628
0.74256
0.747692
0.753002
0.758507
0.764237
0.77023
0.77647
0.783002
0.789819
0.796829
0.803929
0.811064
0.818371
0.825856
0.833475
0.841235
0.848902
0.856517
0.864059
0.871803
0.879638
0.887779
0.895879
0.904266
0.9119
0.91948
0.926881
0.934636
0.942544
0.950797
0.958249
0.965286
0.972655
0.98003
0.991509
0.991352
0.987456
0.981196
0.969577
0.925465
0.872165
0.816124
0.81997
0.835245
0.841683
0.851328
0.848636
0.844092
0.829285
0.79938
0.761229
0.706426
0.70732
0.723959
1.40809
1.40523
1.37938
1.2207
0.86571
0.474941
0.538418
0.567718
0.565656
0.566902
0.571867
0.578688
0.582797
0.586256
0.589608
0.593152
0.597098
0.601569
0.606539
0.611855
0.616819
0.621879
0.627096
0.632483
0.638011
0.643661
0.649378
0.655172
0.660989
0.666826
0.672676
0.678521
0.684288
0.689931
0.695464
0.70096
0.70649
0.711693
0.716688
0.72158
0.72638
0.731207
0.735943
0.74074
0.745232
0.749713
0.754321
0.759093
0.764036
0.76916
0.774477
0.780072
0.785876
0.791964
0.79829
0.804863
0.81158
0.818446
0.825463
0.832667
0.840016
0.847418
0.854924
0.86218
0.869591
0.876984
0.884643
0.892309
0.90023
0.907887
0.915352
0.922562
0.929966
0.937458
0.945116
0.953123
0.960422
0.967509
0.973611
0.9806
0.988382
1.00112
1.00111
0.997129
0.991335
0.978545
0.944208
0.88978
0.821836
0.823664
0.844098
0.847158
0.844056
0.830842
0.800217
0.76042
0.704733
0.710212
0.72769
0.730513
1.40809
1.40518
1.37889
1.21838
0.862541
0.473962
0.535967
0.571761
0.566924
0.567631
0.572379
0.578486
0.581886
0.585512
0.589538
0.594071
0.598985
0.604107
0.609431
0.614924
0.62041
0.625954
0.631575
0.637269
0.643068
0.648956
0.654953
0.660957
0.666923
0.672792
0.678661
0.68448
0.690341
0.695969
0.701633
0.707103
0.712625
0.717653
0.722653
0.7274
0.732183
0.736793
0.741408
0.745868
0.750234
0.754517
0.758913
0.763483
0.768195
0.773068
0.778157
0.783454
0.789032
0.794837
0.800975
0.807322
0.813925
0.820707
0.827606
0.834738
0.841926
0.849341
0.856487
0.863796
0.870952
0.878371
0.885861
0.893539
0.901134
0.908578
0.915907
0.923258
0.93064
0.938289
0.946103
0.954467
0.961225
0.967389
0.9739
0.980566
0.987875
0.996084
1.00991
1.00955
1.00496
0.998914
0.986611
0.953416
0.89759
0.827909
0.820431
0.827207
0.819832
0.796123
0.757388
0.710674
0.720201
0.730329
0.741898
0.7401
1.40809
1.40524
1.37945
1.22099
0.866238
0.475162
0.536548
0.570879
0.566132
0.566649
0.571084
0.57802
0.581477
0.585206
0.589202
0.593554
0.598235
0.603262
0.60861
0.614238
0.620049
0.625745
0.63148
0.637265
0.643138
0.649101
0.655115
0.661134
0.667073
0.673009
0.678893
0.684798
0.690585
0.696349
0.701946
0.707597
0.712958
0.718142
0.723036
0.727941
0.732629
0.737305
0.741808
0.746247
0.750555
0.754746
0.759028
0.763457
0.768049
0.772811
0.777761
0.782974
0.788428
0.794192
0.800201
0.806537
0.813069
0.819831
0.826804
0.833832
0.841124
0.848359
0.855677
0.8628
0.870028
0.877379
0.88479
0.892425
0.899832
0.907287
0.914514
0.921882
0.929279
0.936878
0.944654
0.952664
0.959438
0.965304
0.971782
0.978791
0.985911
0.993595
1.00243
1.01682
1.01547
1.0103
1.00552
0.993188
0.961119
0.899929
0.835163
0.771499
0.745721
0.715694
0.708803
0.723963
0.726076
0.727444
0.727848
0.728155
1.40809
1.40523
1.37935
1.22048
0.86554
0.475034
0.53573
0.572298
0.56688
0.567259
0.571509
0.578162
0.581344
0.584845
0.588778
0.593249
0.598089
0.603183
0.608484
0.614007
0.619695
0.625388
0.631115
0.636895
0.642765
0.648716
0.654724
0.660745
0.666713
0.672677
0.67858
0.684493
0.690308
0.696062
0.701719
0.707342
0.712847
0.717916
0.722953
0.727763
0.732597
0.737147
0.741726
0.746024
0.750336
0.754505
0.758758
0.763168
0.767733
0.772457
0.777378
0.782538
0.787954
0.793656
0.799637
0.805906
0.812444
0.819224
0.826173
0.83327
0.840502
0.847776
0.855124
0.862259
0.869524
0.876766
0.884273
0.891797
0.899423
0.906721
0.91391
0.921283
0.928793
0.936438
0.944121
0.952069
0.959065
0.965258
0.971703
0.978536
0.985859
0.993099
1.00094
1.01012
1.02413
1.02074
1.01566
1.0075
0.989212
0.940723
0.858869
0.773814
0.674949
0.674193
0.701502
0.703554
0.708747
0.707511
0.706494
0.706793
)
;

boundaryField
{
    inlet
    {
        type            calculated;
        value           uniform 1.40845;
    }
    outlet
    {
        type            calculated;
        value           nonuniform List<scalar> 
40
(
0.614756
0.646707
0.713188
0.760733
0.795468
0.820573
0.8378
0.848806
0.855429
0.858795
0.862075
0.866071
0.871972
0.880163
0.887907
0.893323
0.89874
0.904278
0.910482
0.916101
0.921544
0.926641
0.932042
0.937218
0.942324
0.945604
0.946657
0.945483
0.940865
0.930071
0.90894
0.873555
0.834813
0.793139
0.748888
0.723959
0.730513
0.7401
0.728155
0.706793
)
;
    }
    bottom
    {
        type            symmetryPlane;
    }
    top
    {
        type            symmetryPlane;
    }
    obstacle
    {
        type            calculated;
        value           nonuniform List<scalar> 
110
(
0.551323
0.552178
0.554469
0.557202
0.560585
0.565364
0.571066
0.5818
0.597519
0.637373
0.642844
0.5716
0.537706
0.539819
0.542347
0.524309
0.516103
0.543968
0.569353
0.573346
0.573014
0.570913
0.569456
0.565121
0.574818
0.587727
0.593787
0.594976
0.595063
0.593984
0.59375
0.593768
0.594281
0.594311
0.595574
0.59658
0.59733
0.598266
0.598889
0.598221
0.595591
0.593096
0.585696
0.579105
0.573609
0.567332
0.55836
0.549713
0.54446
0.541341
0.533018
0.526737
0.520598
0.515761
0.513353
0.511515
0.508754
0.507569
0.504017
0.505209
0.506709
0.508566
0.510763
0.512655
0.514723
0.517172
0.519605
0.522105
0.524528
0.527045
0.529508
0.531933
0.534353
0.53687
0.539302
0.541733
0.544216
0.546592
0.54893
0.551193
0.553478
0.555701
0.557953
0.560134
0.562338
0.564448
0.566585
0.568617
0.5707
0.572734
0.574804
0.57691
0.579041
0.581216
0.583427
0.585646
0.587902
0.590112
0.592381
0.59462
0.596908
0.599198
0.601519
0.603895
0.606301
0.608839
0.61144
0.615194
0.616322
0.614756
)
;
    }
    defaultFaces
    {
        type            empty;
    }
}


// ************************************************************************* //
