/*--------------------------------*- C++ -*----------------------------------*\
| =========                 |                                                 |
| \\      /  F ield         | OpenFOAM: The Open Source CFD Toolbox           |
|  \\    /   O peration     | Version:  v2106                                 |
|   \\  /    A nd           | Website:  www.openfoam.com                      |
|    \\/     M anipulation  |                                                 |
\*---------------------------------------------------------------------------*/
FoamFile
{
    version     2.0;
    format      ascii;
    arch        "LSB;label=32;scalar=64";
    class       volScalarField;
    location    "6";
    object      rho;
}
// * * * * * * * * * * * * * * * * * * * * * * * * * * * * * * * * * * * * * //

dimensions      [1 -3 0 0 0 0 0];

internalField   nonuniform List<scalar> 
5250
(
1.40845
1.40845
1.40845
1.40845
1.40845
1.40845
1.40845
1.40845
1.40845
1.40835
1.40822
1.40258
1.39951
1.58155
2.07089
5.53695
6.41328
6.16918
6.23684
6.40107
6.44577
6.51827
6.58495
6.64417
6.6893
1.40845
1.40845
1.40845
1.40845
1.40845
1.40845
1.40845
1.40845
1.40845
1.40836
1.40822
1.40276
1.39922
1.57582
2.05235
5.48247
6.44979
6.17485
6.24778
6.40655
6.44857
6.52083
6.58692
6.64608
6.69048
1.40845
1.40845
1.40845
1.40845
1.40845
1.40845
1.40845
1.40845
1.40845
1.40836
1.40827
1.40289
1.39971
1.56407
2.00866
5.33643
6.51177
6.17067
6.25197
6.41107
6.44748
6.51305
6.57919
6.63376
6.67697
1.40845
1.40845
1.40845
1.40845
1.40845
1.40845
1.40845
1.40845
1.40845
1.4084
1.40809
1.40458
1.39865
1.54366
1.96819
5.10566
6.65016
6.17794
6.26466
6.4198
6.44095
6.5003
6.55697
6.61075
6.64976
1.40845
1.40845
1.40845
1.40845
1.40845
1.40845
1.40845
1.40845
1.40845
1.40841
1.40812
1.40557
1.39527
1.51715
1.96838
4.79759
6.88765
6.22036
6.2971
6.42806
6.43467
6.46913
6.52924
6.56979
6.61403
1.40845
1.40845
1.40845
1.40845
1.40845
1.40845
1.40845
1.40845
1.40845
1.40842
1.40816
1.40641
1.39492
1.48834
2.00671
4.39937
7.26957
6.32523
6.39334
6.48012
6.43777
6.44706
6.48365
6.52361
6.5523
1.40845
1.40845
1.40845
1.40845
1.40845
1.40845
1.40845
1.40845
1.40845
1.40843
1.40817
1.40726
1.39527
1.46056
1.9606
3.80266
7.66287
6.54137
6.6134
6.59888
6.47699
6.41182
6.42732
6.43971
6.48666
1.40845
1.40845
1.40845
1.40845
1.40845
1.40845
1.40845
1.40845
1.40845
1.40844
1.4083
1.40734
1.39567
1.43849
1.84521
3.18852
7.44499
6.47552
6.63944
6.70118
6.55193
6.41778
6.36016
6.36297
6.36503
1.40845
1.40845
1.40845
1.40845
1.40845
1.40845
1.40845
1.40845
1.40845
1.40844
1.40836
1.4075
1.39689
1.42338
1.76322
2.71169
6.81538
6.415
6.51571
6.70034
6.5728
6.43423
6.27981
6.20273
6.20294
1.40845
1.40845
1.40845
1.40845
1.40845
1.40845
1.40845
1.40845
1.40845
1.40845
1.4083
1.40806
1.3993
1.4121
1.67918
2.3949
6.16892
6.17986
6.32861
6.56168
6.5275
6.41528
6.17836
6.13875
5.9508
1.40845
1.40845
1.40845
1.40845
1.40845
1.40845
1.40845
1.40845
1.40845
1.40846
1.40832
1.4083
1.40086
1.40651
1.60465
2.13372
5.59312
6.01262
6.06196
6.2623
6.38703
6.35889
6.06894
5.92383
4.89551
1.40845
1.40845
1.40845
1.40845
1.40845
1.40845
1.40845
1.40845
1.40845
1.40845
1.4084
1.4081
1.40466
1.39904
1.53487
1.90727
4.83934
6.14764
6.00854
6.01657
6.1
6.16023
5.82403
5.54119
5.05515
1.40845
1.40845
1.40845
1.40845
1.40845
1.40845
1.40845
1.40845
1.40845
1.40844
1.40846
1.40799
1.40739
1.39237
1.47276
1.82255
4.00796
6.37886
5.92278
5.86551
5.85306
5.87473
5.73907
5.35761
5.13371
1.40845
1.40845
1.40845
1.40845
1.40845
1.40845
1.40845
1.40845
1.40845
1.40845
1.40844
1.40825
1.40756
1.39657
1.43265
1.804
3.09422
6.52229
5.91382
5.80161
5.74578
5.67789
5.54853
5.31076
5.09282
1.40845
1.40845
1.40845
1.40845
1.40845
1.40845
1.40845
1.40845
1.40845
1.40845
1.40844
1.40841
1.40751
1.39829
1.41262
1.70166
2.49934
6.04115
5.94463
5.75516
5.66985
5.55246
5.40379
5.18618
4.9767
1.40845
1.40845
1.40845
1.40845
1.40845
1.40845
1.40845
1.40845
1.40845
1.40845
1.40845
1.40835
1.40824
1.40213
1.40274
1.57041
2.0425
5.057
6.01858
5.79513
5.6142
5.43778
5.2624
5.06033
4.83358
1.40845
1.40845
1.40845
1.40845
1.40845
1.40845
1.40845
1.40845
1.40845
1.40845
1.40845
1.40842
1.40818
1.40596
1.39649
1.48304
1.70123
3.91736
5.942
5.84002
5.6028
5.38478
5.18114
4.98093
4.73051
1.40845
1.40845
1.40845
1.40845
1.40845
1.40845
1.40845
1.40845
1.40845
1.40845
1.40845
1.40845
1.40825
1.40776
1.39642
1.42582
1.71898
2.80994
5.69156
5.73929
5.55683
5.37731
5.16923
4.95501
4.69686
1.40845
1.40845
1.40845
1.40845
1.40845
1.40845
1.40845
1.40845
1.40845
1.40845
1.40845
1.40845
1.40832
1.40814
1.40082
1.40663
1.64357
2.22265
4.99214
5.67783
5.61662
5.39471
5.16662
4.93496
4.68501
1.40845
1.40845
1.40845
1.40845
1.40845
1.40845
1.40845
1.40845
1.40845
1.40845
1.40845
1.40845
1.40841
1.40816
1.4058
1.39556
1.50106
1.75198
3.85982
5.62708
5.64237
5.41927
5.18188
4.94012
4.68646
1.40845
1.40845
1.40845
1.40845
1.40845
1.40845
1.40845
1.40845
1.40845
1.40845
1.40845
1.40845
1.40845
1.40822
1.4079
1.39552
1.42863
1.68688
2.70212
5.29448
5.42486
5.38971
5.20015
4.97346
4.71998
1.40845
1.40845
1.40845
1.40845
1.40845
1.40845
1.40845
1.40845
1.40845
1.40845
1.40845
1.40845
1.40844
1.40838
1.40793
1.40376
1.3994
1.61626
2.07746
4.42717
5.41649
5.43405
5.23961
5.01453
4.76695
1.40845
1.40845
1.40845
1.40845
1.40845
1.40845
1.40845
1.40845
1.40845
1.40845
1.40845
1.40845
1.40844
1.40846
1.40804
1.4076
1.38858
1.4711
1.60539
3.30127
5.25077
5.33458
5.21633
5.01725
4.79085
1.40845
1.40845
1.40845
1.40845
1.40845
1.40845
1.40845
1.40845
1.40845
1.40845
1.40845
1.40845
1.40845
1.40844
1.40835
1.4078
1.40202
1.4092
1.60621
2.26085
4.57619
5.1727
5.20869
5.04589
4.83916
1.40845
1.40845
1.40845
1.40845
1.40845
1.40845
1.40845
1.40845
1.40845
1.40845
1.40845
1.40845
1.40845
1.40844
1.40848
1.40775
1.40799
1.38168
1.51514
1.74027
3.48517
5.08278
5.13914
5.03081
4.86018
1.40845
1.40845
1.40845
1.40845
1.40845
1.40845
1.40845
1.40845
1.40845
1.40845
1.40845
1.40845
1.40845
1.40845
1.40844
1.40832
1.40785
1.40077
1.4137
1.60231
2.35676
4.51555
4.99898
5.03004
4.87461
1.40845
1.40845
1.40845
1.40845
1.40845
1.40845
1.40845
1.40845
1.40845
1.40845
1.40845
1.40845
1.40845
1.40845
1.40843
1.40852
1.40752
1.40828
1.3795
1.53494
1.7808
3.45304
4.94183
4.99298
4.88732
1.40845
1.40845
1.40845
1.40845
1.40845
1.40845
1.40845
1.40845
1.40845
1.40845
1.40845
1.40845
1.40845
1.40845
1.40845
1.40844
1.40832
1.40798
1.39948
1.41683
1.59819
2.336
4.35209
4.88745
4.90293
1.40845
1.40845
1.40845
1.40845
1.40845
1.40845
1.40845
1.40845
1.40845
1.40845
1.40845
1.40845
1.40845
1.40845
1.40845
1.40844
1.40866
1.40699
1.40788
1.37677
1.51902
1.7272
3.29265
4.78834
4.85909
1.40845
1.40845
1.40845
1.40845
1.40845
1.40845
1.40845
1.40845
1.40845
1.40845
1.40845
1.40845
1.40845
1.40845
1.40845
1.40845
1.40844
1.40832
1.40788
1.40098
1.40404
1.61334
2.28172
4.10806
4.78862
1.40845
1.40845
1.40845
1.40845
1.40845
1.40845
1.40845
1.40845
1.40845
1.40845
1.40845
1.40845
1.40845
1.40845
1.40845
1.40845
1.40845
1.40844
1.40808
1.40709
1.39082
1.48257
1.61665
3.00034
4.58838
1.40845
1.40845
1.40845
1.40845
1.40845
1.40845
1.40845
1.40845
1.40845
1.40845
1.40845
1.40845
1.40845
1.40845
1.40845
1.40845
1.40845
1.40842
1.40895
1.40497
1.41662
1.34264
1.46478
1.97921
3.67191
1.40845
1.40845
1.40845
1.40845
1.40845
1.40845
1.40845
1.40845
1.40845
1.40845
1.40845
1.40845
1.40845
1.40845
1.40845
1.40845
1.40845
1.40843
1.40846
1.40803
1.40819
1.3943
1.44364
1.50132
2.60028
1.40845
1.40845
1.40845
1.40845
1.40845
1.40845
1.40845
1.40845
1.40845
1.40845
1.40845
1.40845
1.40845
1.40845
1.40845
1.40845
1.40845
1.40845
1.40844
1.40846
1.4076
1.41011
1.36707
1.48849
1.77058
1.40845
1.40845
1.40845
1.40845
1.40845
1.40845
1.40845
1.40845
1.40845
1.40845
1.40845
1.40845
1.40845
1.40845
1.40845
1.40845
1.40845
1.40845
1.40845
1.40843
1.4083
1.40801
1.39934
1.42001
1.57539
1.40845
1.40845
1.40845
1.40845
1.40845
1.40845
1.40845
1.40845
1.40845
1.40845
1.40845
1.40845
1.40845
1.40845
1.40845
1.40845
1.40845
1.40845
1.40845
1.40844
1.40848
1.40802
1.40755
1.38824
1.47387
1.40845
1.40845
1.40845
1.40845
1.40845
1.40845
1.40845
1.40845
1.40845
1.40845
1.40845
1.40845
1.40845
1.40845
1.40845
1.40845
1.40845
1.40845
1.40845
1.40845
1.40843
1.40898
1.40548
1.42094
1.35298
1.40845
1.40845
1.40845
1.40845
1.40845
1.40845
1.40845
1.40845
1.40845
1.40845
1.40845
1.40845
1.40845
1.40845
1.40845
1.40845
1.40845
1.40845
1.40845
1.40845
1.40844
1.40847
1.40815
1.40819
1.3981
1.40845
1.40845
1.40845
1.40845
1.40845
1.40845
1.40845
1.40845
1.40845
1.40845
1.40845
1.40845
1.40845
1.40845
1.40845
1.40845
1.40845
1.40845
1.40845
1.40845
1.40845
1.40845
1.40839
1.40843
1.40825
1.40845
1.40845
1.40845
1.40845
1.40845
1.40845
1.40845
1.40845
1.40845
1.40845
1.40845
1.40845
1.40845
1.40845
1.40845
1.40845
1.40845
1.40845
1.40845
1.40845
1.40845
1.40845
1.40842
1.40858
1.40611
1.40845
1.40845
1.40845
1.40845
1.40845
1.40845
1.40845
1.40845
1.40845
1.40845
1.40845
1.40845
1.40845
1.40845
1.40845
1.40845
1.40845
1.40845
1.40845
1.40845
1.40845
1.40845
1.40845
1.40843
1.40835
1.40845
1.40845
1.40845
1.40845
1.40845
1.40845
1.40845
1.40845
1.40845
1.40845
1.40845
1.40845
1.40845
1.40845
1.40845
1.40845
1.40845
1.40845
1.40845
1.40845
1.40845
1.40845
1.40845
1.40846
1.40837
1.40845
1.40845
1.40845
1.40845
1.40845
1.40845
1.40845
1.40845
1.40845
1.40845
1.40845
1.40845
1.40845
1.40845
1.40845
1.40845
1.40845
1.40845
1.40845
1.40845
1.40845
1.40845
1.40845
1.40844
1.40838
1.40845
1.40845
1.40845
1.40845
1.40845
1.40845
1.40845
1.40845
1.40845
1.40845
1.40845
1.40845
1.40845
1.40845
1.40845
1.40845
1.40845
1.40845
1.40845
1.40845
1.40845
1.40845
1.40845
1.40845
1.40846
1.40845
1.40845
1.40845
1.40845
1.40845
1.40845
1.40845
1.40845
1.40845
1.40845
1.40845
1.40845
1.40845
1.40845
1.40845
1.40845
1.40845
1.40845
1.40845
1.40845
1.40845
1.40845
1.40845
1.40845
1.40845
1.40845
1.40845
1.40845
1.40845
1.40845
1.40845
1.40845
1.40845
1.40845
1.40845
1.40845
1.40845
1.40845
1.40845
1.40845
1.40845
1.40845
1.40845
1.40845
1.40845
1.40845
1.40845
1.40845
1.40845
1.40845
1.40845
1.40845
1.40845
1.40845
1.40845
1.40845
1.40845
1.40845
1.40845
1.40845
1.40845
1.40845
1.40845
1.40845
1.40845
1.40845
1.40845
1.40845
1.40845
1.40845
1.40845
1.40845
1.40845
1.40845
1.40845
1.40845
1.40845
1.40845
1.40845
1.40845
1.40845
1.40845
1.40845
1.40845
1.40845
1.40845
1.40845
1.40845
1.40845
1.40845
1.40845
1.40845
1.40845
1.40845
1.40845
1.40845
1.40845
1.40845
1.40845
1.40845
1.40845
1.40845
1.40845
1.40845
1.40845
1.40845
1.40845
1.40845
1.40845
1.40845
1.40845
1.40845
1.40845
1.40845
1.40845
1.40845
1.40845
1.40845
1.40845
1.40845
1.40845
1.40845
1.40845
1.40845
1.40845
1.40845
1.40845
1.40845
1.40845
1.40845
1.40845
1.40845
1.40845
1.40845
1.40845
1.40845
1.40845
1.40845
1.40845
1.40845
1.40845
1.40845
1.40845
1.40845
1.40845
1.40845
1.40845
1.40845
1.40845
1.40845
1.75181
1.79225
2.11376
1.86824
2.06757
1.93953
1.72936
1.54812
1.49912
1.5066
1.51592
1.5143
1.50389
1.44623
1.38846
1.36285
1.3559
1.35621
1.35924
1.35864
1.35715
1.35513
1.35347
1.34653
1.34264
1.33986
1.3395
1.34667
1.36284
1.38711
1.41937
1.46893
1.5145
1.56134
1.62
1.68854
1.74997
1.81083
1.86369
1.94554
2.01017
2.07641
2.1508
2.21117
2.26306
2.32105
2.36791
2.40588
2.43364
2.47103
2.49668
2.51722
2.53295
2.54128
2.5483
2.55174
2.5521
2.54904
2.54394
2.53763
2.52905
2.51821
2.5061
2.49336
2.47968
2.46555
2.45123
2.43601
2.42045
2.40447
2.38867
2.37272
2.35703
2.34116
2.32554
2.30969
2.29418
2.27849
2.26335
2.24788
2.23266
2.21727
2.20185
2.1863
2.17072
2.15501
2.13947
2.12383
2.10861
2.09314
2.07795
2.06248
2.04714
2.03147
2.01581
1.99961
1.98326
1.96853
1.94518
1.92404
2.67248
2.33499
2.0081
1.91818
2.15886
1.96658
1.68352
1.38651
1.32113
1.33051
1.37363
1.37683
1.34848
1.29207
1.2633
1.24212
1.23196
1.2323
1.23247
1.23301
1.23382
1.23147
1.23157
1.22089
1.21706
1.21369
1.21251
1.22269
1.24136
1.26301
1.28522
1.32752
1.36566
1.40763
1.46622
1.53358
1.59745
1.67715
1.74013
1.81395
1.89805
1.95834
2.01967
2.09641
2.15771
2.22887
2.30498
2.36298
2.4253
2.48112
2.52443
2.55988
2.5921
2.61225
2.63073
2.64482
2.65646
2.66363
2.66407
2.66279
2.6603
2.65435
2.64523
2.63532
2.62516
2.61349
2.60151
2.58812
2.57422
2.5593
2.54446
2.5291
2.51397
2.49834
2.48293
2.46667
2.45056
2.43341
2.41672
2.39932
2.38213
2.36475
2.34732
2.32974
2.31219
2.29404
2.27601
2.25749
2.23933
2.22083
2.20253
2.18405
2.16572
2.14726
2.12878
2.11003
2.09103
2.07425
2.04614
2.02117
3.60343
2.85691
2.43929
2.15194
2.13749
1.97995
1.6482
1.32025
1.27341
1.28901
1.3484
1.38203
1.36732
1.31888
1.22667
1.17688
1.16768
1.1719
1.18161
1.18161
1.17922
1.17593
1.1729
1.17143
1.1705
1.16813
1.16606
1.17208
1.1839
1.20331
1.22717
1.27103
1.31874
1.36444
1.41461
1.48314
1.51631
1.592
1.65531
1.73149
1.82986
1.92656
2.04609
2.16326
2.26409
2.36011
2.46581
2.54732
2.63741
2.70832
2.76899
2.82123
2.85798
2.87961
2.9018
2.92031
2.93237
2.94101
2.9424
2.94172
2.93973
2.93446
2.92425
2.91225
2.89974
2.88631
2.87198
2.85596
2.83856
2.82107
2.8039
2.78642
2.76898
2.75122
2.73351
2.71562
2.69813
2.68015
2.66282
2.64404
2.62495
2.60535
2.58539
2.56518
2.54486
2.52444
2.50432
2.4845
2.46525
2.44606
2.42697
2.40768
2.38827
2.36838
2.34815
2.32743
2.30613
2.2866
2.25443
2.22411
4.22021
3.37064
2.85045
2.42093
2.24755
2.13081
1.91897
1.57733
1.41149
1.33754
1.33481
1.35423
1.34646
1.29471
1.18752
1.15594
1.15288
1.15921
1.19006
1.19566
1.18867
1.18191
1.18475
1.17297
1.1686
1.16519
1.1652
1.17208
1.18623
1.20174
1.20947
1.23086
1.26186
1.30748
1.3636
1.44018
1.52921
1.64977
1.7575
1.87444
1.99577
2.12729
2.2505
2.39184
2.49788
2.60038
2.70412
2.80811
2.88075
2.95471
3.03012
3.06634
3.10016
3.12188
3.14077
3.15744
3.16618
3.17129
3.16974
3.16403
3.15692
3.148
3.13733
3.12415
3.10916
3.09174
3.07336
3.05446
3.03577
3.01658
2.997
2.9769
2.95675
2.93643
2.91609
2.8957
2.8758
2.8558
2.8365
2.81693
2.79709
2.77667
2.75562
2.73405
2.71223
2.68993
2.66766
2.64557
2.62388
2.60244
2.58116
2.56007
2.53916
2.51839
2.49757
2.47648
2.45472
2.43361
2.40127
2.36693
4.41151
3.74056
3.19579
2.79945
2.52867
2.3518
2.14896
1.78126
1.57137
1.47537
1.43998
1.41535
1.39664
1.36868
1.30563
1.23949
1.18928
1.16841
1.17389
1.17972
1.18103
1.17885
1.17379
1.16504
1.16313
1.16273
1.16506
1.16935
1.17281
1.18068
1.19759
1.23502
1.29707
1.36151
1.4435
1.54119
1.65117
1.78041
1.89868
2.01352
2.1557
2.30149
2.43607
2.58305
2.69227
2.80662
2.90658
3.00738
3.07798
3.14893
3.20386
3.25086
3.28851
3.30319
3.31819
3.33294
3.33803
3.33803
3.33361
3.32669
3.31904
3.31073
3.29851
3.281
3.26139
3.24122
3.22139
3.2026
3.18167
3.15976
3.13841
3.11739
3.09688
3.07634
3.05533
3.03266
3.00864
2.98548
2.96369
2.94263
2.92207
2.90155
2.88017
2.85796
2.83496
2.81163
2.78829
2.76505
2.74208
2.71936
2.69669
2.67412
2.65162
2.62922
2.60685
2.58441
2.56162
2.53855
2.50674
2.46905
4.49214
3.99413
3.52773
3.13995
2.90334
2.63272
2.40858
2.06138
1.794
1.6544
1.59871
1.54002
1.48858
1.43191
1.35014
1.28983
1.25159
1.23151
1.22512
1.21209
1.2081
1.19716
1.19823
1.18842
1.18363
1.17027
1.1709
1.17323
1.18506
1.20298
1.22824
1.26372
1.31853
1.38864
1.48114
1.59627
1.72467
1.8761
2.02508
2.16831
2.33279
2.46154
2.58651
2.70294
2.81259
2.92593
3.01386
3.10648
3.19975
3.26953
3.32141
3.39201
3.40646
3.42475
3.43894
3.44764
3.4513
3.45139
3.45064
3.44644
3.4392
3.42594
3.40588
3.38395
3.36327
3.34421
3.32638
3.30547
3.28147
3.25839
3.23656
3.21575
3.19509
3.17302
3.1494
3.12497
3.10074
3.07726
3.05478
3.03292
3.01092
2.98845
2.96574
2.94273
2.91941
2.8962
2.87325
2.85041
2.82721
2.80389
2.7804
2.75679
2.7331
2.70936
2.68561
2.66182
2.6378
2.61259
2.58104
2.54107
4.47871
4.08836
3.71502
3.40753
3.20395
2.9536
2.72093
2.4494
2.13408
1.9098
1.80204
1.72618
1.64674
1.57811
1.49802
1.40703
1.35479
1.31493
1.29638
1.27587
1.25761
1.24104
1.22753
1.21218
1.21052
1.19963
1.20987
1.22615
1.22621
1.23978
1.27412
1.32557
1.4047
1.50716
1.61611
1.7376
1.85336
1.97246
2.08025
2.20865
2.34246
2.47002
2.59326
2.72972
2.85687
2.98885
3.08067
3.17019
3.24175
3.32355
3.39241
3.45183
3.48434
3.49514
3.5023
3.50683
3.51272
3.51129
3.51142
3.51045
3.50185
3.48186
3.46366
3.44655
3.4287
3.41009
3.38786
3.36359
3.34108
3.3192
3.29741
3.27542
3.25294
3.23004
3.20699
3.18392
3.16077
3.13637
3.11236
3.08895
3.06572
3.04252
3.01929
2.99615
2.97327
2.95047
2.92736
2.90378
2.88006
2.85631
2.83245
2.80853
2.7846
2.76066
2.73667
2.7125
2.68795
2.66188
2.6294
2.58757
4.4094
4.13726
3.79399
3.55934
3.36199
3.18655
2.98819
2.75889
2.4941
2.23234
2.051
1.95997
1.87083
1.7775
1.69824
1.59211
1.4904
1.43053
1.40207
1.37679
1.35845
1.32669
1.30957
1.27733
1.2883
1.24629
1.27264
1.32363
1.33678
1.37973
1.43421
1.49724
1.58789
1.67072
1.76377
1.84615
1.92651
2.01726
2.09928
2.1941
2.29098
2.38238
2.49177
2.62513
2.75548
2.93181
3.09091
3.18348
3.25227
3.31033
3.37152
3.44998
3.4973
3.52703
3.53042
3.53341
3.53251
3.53419
3.53251
3.52869
3.52242
3.50921
3.49234
3.47598
3.4582
3.43884
3.41904
3.39591
3.37228
3.34952
3.32703
3.30491
3.28297
3.26094
3.23782
3.21398
3.19016
3.16623
3.14216
3.11849
3.09538
3.0727
3.04997
3.02653
3.00289
2.97925
2.95569
2.93208
2.90848
2.88489
2.86136
2.83779
2.81404
2.79004
2.76577
2.74115
2.7161
2.68956
2.65675
2.61398
4.38929
4.13187
3.83616
3.65573
3.44051
3.30904
3.15834
2.99267
2.77426
2.52932
2.32711
2.2033
2.11265
2.01668
1.93125
1.82979
1.71075
1.61738
1.56306
1.51797
1.48826
1.45535
1.42889
1.40165
1.39538
1.39279
1.42127
1.52044
1.56443
1.64002
1.73009
1.78623
1.81313
1.84791
1.90347
1.9532
2.01071
2.07086
2.12342
2.18472
2.23623
2.29715
2.38464
2.47359
2.57766
2.71531
2.85104
3.05175
3.22451
3.28745
3.36579
3.40158
3.42897
3.50216
3.51764
3.53318
3.5261
3.52492
3.52345
3.51798
3.51333
3.50521
3.49379
3.48147
3.46796
3.44833
3.42429
3.40045
3.37765
3.35588
3.33517
3.31502
3.29306
3.26995
3.24682
3.22373
3.20039
3.17666
3.15254
3.12899
3.10612
3.08283
3.05925
3.03577
3.01244
2.98916
2.96593
2.94272
2.91952
2.89621
2.87266
2.84888
2.82485
2.80063
2.77627
2.7517
2.72683
2.7006
2.66839
2.6253
4.39635
4.12679
3.85748
3.69344
3.49498
3.38057
3.25316
3.10242
2.94419
2.72896
2.53564
2.3914
2.31192
2.23156
2.15242
2.05757
1.96312
1.85567
1.77959
1.7199
1.66933
1.63448
1.59523
1.57932
1.57665
1.64012
1.80461
1.90616
1.98756
2.06446
2.1028
2.07687
2.04606
2.03218
2.04339
2.06155
2.09413
2.12847
2.15791
2.19241
2.21805
2.25777
2.30403
2.34116
2.4104
2.50467
2.6073
2.75295
2.92601
3.17899
3.36794
3.38364
3.40252
3.42475
3.45203
3.49105
3.51217
3.51447
3.50837
3.49346
3.49055
3.4897
3.48238
3.47238
3.46023
3.43543
3.41271
3.39258
3.37342
3.3548
3.33597
3.31464
3.29083
3.2678
3.2451
3.22245
3.19951
3.17643
3.15345
3.12954
3.10481
3.08083
3.05759
3.03484
3.01229
2.98976
2.96703
2.94404
2.92078
2.89726
2.87353
2.84963
2.82555
2.80131
2.77697
2.7524
2.7275
2.70119
2.66901
2.62541
4.4358
4.16399
3.89753
3.70581
3.53096
3.42468
3.31291
3.18021
3.03803
2.87566
2.68592
2.53943
2.44278
2.36547
2.29808
2.23034
2.1531
2.06437
1.97774
1.90003
1.85376
1.82074
1.799
1.79937
1.87068
2.01013
2.34119
2.43401
2.49782
2.51632
2.43154
2.35409
2.30639
2.28354
2.26737
2.24714
2.22837
2.21416
2.20707
2.21913
2.2306
2.24032
2.25184
2.26548
2.30664
2.33834
2.39348
2.50209
2.63761
2.77132
3.03276
3.29826
3.43495
3.41434
3.41685
3.42689
3.4515
3.47613
3.49026
3.4867
3.47453
3.47332
3.4676
3.45478
3.44099
3.423
3.40303
3.38656
3.37052
3.35395
3.33283
3.30896
3.28599
3.26375
3.24199
3.22056
3.19883
3.17609
3.15257
3.12712
3.10246
3.07913
3.05659
3.03457
3.0125
2.99007
2.96739
2.94446
2.92134
2.898
2.8743
2.85025
2.82586
2.80116
2.7763
2.75121
2.72586
2.69919
2.66677
2.62281
4.49058
4.21636
3.9679
3.73461
3.56496
3.44665
3.34765
3.23818
3.11816
2.97868
2.8168
2.67528
2.55296
2.46204
2.39927
2.34356
2.28291
2.21566
2.13224
2.04699
2.00609
1.9854
1.98755
2.04044
2.13245
2.61803
2.89729
2.93713
2.92299
2.8563
2.74418
2.66183
2.59529
2.53036
2.47937
2.43354
2.38538
2.34929
2.3165
2.28396
2.25424
2.23789
2.24236
2.24682
2.25351
2.25595
2.28184
2.32577
2.38226
2.49911
2.67504
2.83964
3.182
3.42592
3.44164
3.42481
3.42419
3.42792
3.46308
3.475
3.47093
3.46871
3.46501
3.44875
3.44047
3.43303
3.42075
3.39867
3.37765
3.35731
3.33626
3.31469
3.29366
3.27286
3.25178
3.22978
3.2066
3.18306
3.15968
3.13599
3.11041
3.08633
3.06357
3.04141
3.01896
2.99626
2.97342
2.95048
2.92733
2.9037
2.87947
2.85473
2.82961
2.80419
2.77867
2.75294
2.72693
2.69956
2.66625
2.62179
4.54161
4.27241
4.03315
3.79801
3.61944
3.48085
3.37683
3.27224
3.15857
3.04706
2.89855
2.77225
2.64694
2.54595
2.46619
2.41924
2.36655
2.31707
2.22741
2.16082
2.12516
2.12067
2.1587
2.32522
2.58488
3.26961
3.30682
3.29176
3.23755
3.12161
3.02154
2.92361
2.8331
2.74215
2.66748
2.60229
2.54797
2.49977
2.45516
2.39793
2.35111
2.30544
2.27664
2.25563
2.23794
2.23122
2.23093
2.23843
2.2654
2.32409
2.40982
2.5387
2.71156
3.01704
3.32953
3.46251
3.46335
3.42624
3.42405
3.43796
3.46064
3.46645
3.46366
3.45187
3.44528
3.43836
3.42665
3.41097
3.39446
3.374
3.35157
3.33142
3.31136
3.29056
3.26868
3.24583
3.22311
3.19966
3.17474
3.14983
3.12476
3.10043
3.07689
3.05404
3.03121
3.00825
2.98506
2.96144
2.93736
2.91261
2.88749
2.86209
2.83659
2.8108
2.78469
2.75823
2.73147
2.70343
2.66939
2.62459
4.6071
4.34226
4.10299
3.87486
3.6888
3.53553
3.426
3.31915
3.20135
3.0832
2.96526
2.83188
2.72276
2.61175
2.52164
2.46841
2.4208
2.37884
2.29018
2.23896
2.22359
2.24857
2.38544
2.60181
3.24662
3.55368
3.56979
3.52486
3.44676
3.34205
3.23795
3.13578
3.02604
2.93194
2.84033
2.75866
2.68732
2.6267
2.54864
2.48755
2.44465
2.40331
2.36479
2.30353
2.25721
2.22892
2.22482
2.22786
2.22596
2.23828
2.26349
2.32715
2.43775
2.60503
2.77728
3.19647
3.48429
3.4892
3.4485
3.42103
3.42299
3.44618
3.45323
3.45162
3.44504
3.43753
3.4288
3.41661
3.40159
3.38538
3.36702
3.34538
3.32527
3.30495
3.28412
3.26273
3.23948
3.21396
3.18801
3.16333
3.14014
3.11744
3.09475
3.07148
3.04716
3.02279
2.9984
2.97396
2.94931
2.92451
2.8994
2.87378
2.84784
2.82153
2.79492
2.76811
2.74105
2.71284
2.67879
2.63357
4.66374
4.4196
4.18427
3.95762
3.76262
3.60493
3.48657
3.37189
3.256
3.13145
3.01665
2.88635
2.77659
2.67557
2.58122
2.51076
2.46048
2.40593
2.34721
2.3319
2.34698
2.45376
2.64656
3.23433
3.69868
3.71039
3.6922
3.64313
3.5725
3.49081
3.39873
3.30198
3.19294
3.08969
2.9869
2.89065
2.81365
2.7282
2.65685
2.60513
2.5538
2.49623
2.43144
2.38172
2.34104
2.30699
2.27656
2.24191
2.21135
2.21963
2.22238
2.23575
2.27166
2.34664
2.47891
2.67762
2.93911
3.31752
3.49005
3.49598
3.41951
3.39841
3.40207
3.43606
3.43332
3.42683
3.42024
3.41258
3.39721
3.3843
3.37095
3.35355
3.33211
3.31114
3.29075
3.26695
3.24289
3.21959
3.19634
3.17273
3.14705
3.12184
3.09751
3.07336
3.04905
3.02407
2.99934
2.97496
2.95076
2.92633
2.90159
2.87623
2.85046
2.82431
2.79777
2.77115
2.74441
2.71677
2.684
2.63914
4.69855
4.48158
4.25833
4.04793
3.84284
3.68012
3.5522
3.43597
3.32007
3.19952
3.07218
2.94465
2.8203
2.72173
2.63259
2.55645
2.48281
2.43231
2.41784
2.43616
2.53242
2.74463
3.2464
3.7456
3.7849
3.78348
3.76294
3.72792
3.67667
3.61074
3.52783
3.43304
3.32819
3.22098
3.116
3.02472
2.93305
2.85058
2.78531
2.72365
2.64816
2.58787
2.53433
2.48451
2.44479
2.40601
2.35175
2.30179
2.26386
2.24552
2.22212
2.21049
2.21229
2.22263
2.27176
2.36105
2.52372
2.69404
3.14379
3.4588
3.48961
3.45814
3.40272
3.38192
3.3863
3.39278
3.39627
3.39486
3.38987
3.37241
3.35454
3.33984
3.32472
3.30744
3.28858
3.26323
3.23925
3.21651
3.19414
3.17199
3.14917
3.12589
3.10194
3.07634
3.05006
3.02427
2.99912
2.97395
2.949
2.92376
2.89839
2.87282
2.84701
2.82071
2.79333
2.76688
2.74048
2.71343
2.68185
2.63696
4.73519
4.54614
4.32499
4.12207
3.92433
3.75729
3.61671
3.49815
3.3835
3.26616
3.1463
3.02068
2.88419
2.77121
2.69806
2.57358
2.51679
2.49207
2.50585
2.59102
2.82639
3.25441
3.78491
3.86015
3.86227
3.8348
3.80815
3.77828
3.73768
3.68131
3.60985
3.52568
3.43476
3.33679
3.2407
3.14581
3.0524
2.9741
2.90405
2.82111
2.7496
2.6969
2.64041
2.59331
2.5313
2.47065
2.43082
2.39444
2.35818
2.31254
2.25995
2.2355
2.19591
2.17861
2.18365
2.21506
2.28299
2.41145
2.6021
2.80629
3.24436
3.47594
3.49118
3.40779
3.3637
3.3631
3.37954
3.38317
3.38141
3.37646
3.36468
3.34271
3.32344
3.30542
3.28717
3.26636
3.24161
3.21775
3.19381
3.17121
3.1494
3.12671
3.10259
3.07515
3.04752
3.0212
2.99597
2.97041
2.94567
2.92089
2.89552
2.86937
2.84227
2.81509
2.78727
2.76139
2.73549
2.70867
2.67764
2.63228
4.77427
4.61423
4.40197
4.19469
3.99268
3.81997
3.67623
3.55778
3.43948
3.32188
3.20175
3.0927
2.96722
2.84941
2.72897
2.62558
2.57773
2.58222
2.65241
2.88234
3.26048
3.84474
3.94092
3.94401
3.88383
3.85267
3.83422
3.81369
3.78296
3.73754
3.6798
3.61099
3.53362
3.44827
3.35961
3.26487
3.17672
3.10018
3.00923
2.92707
2.86479
2.80448
2.7432
2.68551
2.61447
2.57024
2.52119
2.47282
2.41374
2.36202
2.32306
2.2784
2.23308
2.19173
2.1658
2.17514
2.18847
2.23004
2.30826
2.45291
2.65408
2.99339
3.35821
3.48073
3.48535
3.39036
3.34264
3.34209
3.35752
3.36142
3.36458
3.35876
3.33778
3.30797
3.28637
3.26725
3.24572
3.2244
3.20298
3.18011
3.15357
3.12744
3.10086
3.07389
3.04561
3.01845
2.99274
2.96733
2.94165
2.91577
2.89002
2.86391
2.83669
2.80932
2.7806
2.75466
2.72926
2.70296
2.67258
2.6267
4.78187
4.64309
4.47667
4.28
4.07381
3.88401
3.72856
3.60828
3.49499
3.37733
3.25513
3.14527
3.04307
2.92706
2.78079
2.70713
2.69023
2.73468
2.93726
3.26202
3.90298
4.05108
4.06125
3.96808
3.92118
3.90063
3.88205
3.86017
3.83177
3.79501
3.74832
3.69089
3.62336
3.54692
3.46735
3.38099
3.30006
3.20643
3.11559
3.04294
2.97991
2.90308
2.83547
2.76138
2.70986
2.6539
2.5907
2.52943
2.47714
2.42825
2.38181
2.33502
2.29911
2.24303
2.20722
2.17354
2.16263
2.162
2.17279
2.23017
2.34125
2.52152
2.7034
3.15738
3.45295
3.46667
3.44245
3.36355
3.32329
3.32001
3.33106
3.33308
3.32402
3.30664
3.28038
3.25276
3.22949
3.21124
3.19478
3.17466
3.15133
3.12171
3.0941
3.06773
3.04126
3.0135
2.98688
2.96061
2.9347
2.90788
2.88093
2.85455
2.82768
2.80041
2.77256
2.74737
2.72335
2.698
2.66791
2.62105
4.82789
4.67906
4.51823
4.3315
4.15515
3.96088
3.78655
3.6555
3.5473
3.43532
3.31455
3.20186
3.11098
2.9729
2.87173
2.83613
2.85516
3.02105
3.28795
3.97504
4.192
4.20783
4.09487
4.03157
3.99999
3.97183
3.94668
3.92133
3.89432
3.8617
3.82051
3.76961
3.70822
3.63984
3.56437
3.48355
3.40001
3.30181
3.22862
3.15271
3.07624
2.99036
2.91688
2.85458
2.79266
2.71896
2.65962
2.60489
2.55352
2.50294
2.45471
2.40125
2.34814
2.29814
2.25497
2.20747
2.17625
2.14375
2.13862
2.15959
2.19003
2.25452
2.37635
2.5598
2.77451
3.22053
3.45351
3.45003
3.39571
3.31902
3.2735
3.28171
3.28809
3.28375
3.27222
3.25125
3.2253
3.19902
3.18084
3.16323
3.14272
3.12056
3.08992
3.05899
3.03271
3.00653
2.97997
2.95336
2.92666
2.90056
2.87302
2.84408
2.81642
2.78958
2.7629
2.73677
2.71268
2.6879
2.65865
2.61177
4.69127
4.66696
4.53464
4.37308
4.20166
4.04353
3.85713
3.70946
3.60184
3.49606
3.37087
3.26503
3.15203
3.04034
2.99142
3.00405
3.14296
3.36917
4.06612
4.3708
4.38468
4.25424
4.1692
4.12668
4.08556
4.04964
4.0178
3.98781
3.95731
3.92369
3.88452
3.83841
3.78417
3.72305
3.65133
3.57632
3.48799
3.41125
3.32953
3.24444
3.15254
3.08084
3.01046
2.94349
2.85943
2.7905
2.73088
2.67474
2.62291
2.57205
2.52096
2.46798
2.41647
2.36092
2.31804
2.27399
2.23123
2.19002
2.16799
2.14604
2.1447
2.14377
2.17277
2.24118
2.39619
2.5985
3.00392
3.36308
3.4283
3.41931
3.32677
3.26179
3.23769
3.24765
3.24236
3.23528
3.21981
3.19732
3.17322
3.15438
3.13382
3.10953
3.08199
3.04886
3.02108
2.99644
2.97087
2.94672
2.92135
2.89469
2.86606
2.83495
2.80545
2.77913
2.75229
2.72379
2.69867
2.67455
2.64689
2.60028
4.63655
4.67528
4.55292
4.40898
4.24692
4.11095
3.93304
3.77163
3.66364
3.5644
3.43729
3.3171
3.20339
3.14021
3.1468
3.27632
3.48298
4.19413
4.57661
4.58225
4.42554
4.3227
4.27318
4.22639
4.17663
4.13223
4.09135
4.056
4.0203
3.98369
3.94383
3.89966
3.84953
3.79277
3.72973
3.65958
3.58471
3.50646
3.41687
3.33268
3.2498
3.17379
3.09938
3.01592
2.94461
2.87585
2.81408
2.75004
2.69313
2.63679
2.58379
2.53194
2.47808
2.41669
2.37074
2.3306
2.29265
2.25631
2.22816
2.17399
2.14591
2.1069
2.09863
2.11592
2.17689
2.29656
2.47077
2.6536
3.10246
3.3749
3.38764
3.35976
3.27083
3.2094
3.18729
3.18792
3.19139
3.18762
3.17331
3.15467
3.12296
3.09216
3.06454
3.03598
3.00429
2.98054
2.95668
2.93113
2.90445
2.87747
2.85183
2.82861
2.79663
2.76773
2.73989
2.71112
2.68463
2.66034
2.63311
2.58622
4.19499
4.56671
4.61377
4.48161
4.32415
4.17256
4.01599
3.84029
3.71472
3.62756
3.48867
3.36721
3.30682
3.30209
3.41332
3.60712
4.31416
4.76817
4.77486
4.5999
4.48103
4.42456
4.3715
4.31635
4.26023
4.2057
4.15933
4.11942
4.08038
4.04129
4.00018
3.9559
3.90767
3.85427
3.79573
3.73044
3.65981
3.58286
3.50466
3.4225
3.33962
3.25712
3.1754
3.09956
3.0268
2.95486
2.88596
2.8224
2.76137
2.70202
2.64913
2.59272
2.53879
2.48253
2.42404
2.3813
2.34236
2.30201
2.26366
2.22551
2.19451
2.13886
2.09107
2.0897
2.098
2.11779
2.17524
2.31995
2.52233
2.78147
3.17832
3.33864
3.33601
3.27952
3.19805
3.14656
3.15008
3.14974
3.1488
3.13851
3.11966
3.07829
3.04033
3.01172
2.98151
2.95846
2.93588
2.9101
2.88411
2.85945
2.83465
2.80709
2.774
2.74451
2.72075
2.69621
2.66881
2.64471
2.6182
2.57129
3.18923
4.42121
4.52711
4.50196
4.39251
4.25621
4.12868
3.93783
3.75551
3.66522
3.54323
3.45439
3.45929
3.57646
3.80429
4.47398
4.99067
4.98828
4.81324
4.66713
4.59761
4.53503
4.47435
4.41128
4.35037
4.2901
4.23501
4.18527
4.13991
4.09643
4.05285
4.0077
3.95995
3.90816
3.85223
3.79114
3.72522
3.65438
3.57928
3.5005
3.41835
3.33597
3.25621
3.17841
3.10102
3.02729
2.95629
2.88904
2.82486
2.76441
2.70499
2.64819
2.59272
2.53676
2.47776
2.42599
2.37999
2.3386
2.29797
2.26005
2.22139
2.18655
2.13423
2.09429
2.06761
2.05618
2.07391
2.11444
2.21305
2.37173
2.54737
2.95021
3.24128
3.27292
3.25977
3.19557
3.12779
3.1034
3.09694
3.09778
3.08756
3.06158
3.01531
2.97802
2.94931
2.92805
2.90929
2.8906
2.86794
2.84202
2.81269
2.78093
2.74971
2.71984
2.69672
2.67451
2.64621
2.62201
2.59793
2.55254
2.25181
3.76097
4.42479
4.51742
4.43303
4.28391
4.1645
4.05293
3.81557
3.68427
3.64042
3.61775
3.7238
3.96617
4.6695
5.22115
5.19957
5.04333
4.86515
4.77405
4.70049
4.63251
4.56402
4.49855
4.43432
4.36973
4.30668
4.25012
4.19882
4.14977
4.10295
4.05562
4.00687
3.95559
3.90111
3.84289
3.78039
3.71385
3.64279
3.56852
3.4909
3.41178
3.33046
3.25086
3.17339
3.09779
3.02533
2.9537
2.8859
2.82204
2.7593
2.69978
2.64113
2.58562
2.5343
2.48106
2.4325
2.38932
2.34724
2.30755
2.26971
2.23146
2.19301
2.14383
2.09207
2.06597
2.04754
2.04157
2.05821
2.10867
2.21712
2.40194
2.57485
2.96988
3.19422
3.2095
3.19311
3.11117
3.04561
3.02513
3.01479
3.00304
2.97955
2.94241
2.91326
2.89051
2.87539
2.85876
2.83992
2.81728
2.79352
2.76026
2.72726
2.69589
2.66908
2.64727
2.62329
2.59823
2.57453
2.53056
1.57891
2.74273
4.10744
4.38851
4.41923
4.31766
4.18908
4.05664
3.88199
3.76015
3.76924
3.89311
4.15413
4.88291
5.50025
5.46952
5.30749
5.08985
4.97934
4.89478
4.82016
4.74379
4.66536
4.58963
4.51873
4.45122
4.38316
4.31891
4.25969
4.20466
4.15268
4.10135
4.04998
3.9976
3.94369
3.88724
3.82788
3.76491
3.69815
3.62767
3.55364
3.4769
3.39762
3.31805
3.23981
3.16373
3.089
3.01674
2.94579
2.87816
2.81368
2.75291
2.69247
2.63664
2.5793
2.52607
2.47665
2.432
2.38838
2.348
2.30788
2.26736
2.21861
2.16944
2.12468
2.08484
2.04568
2.02891
1.99006
1.99946
2.03183
2.0901
2.21379
2.40605
2.69651
3.01917
3.11642
3.11684
3.08545
2.98465
2.93288
2.92806
2.91969
2.89779
2.87869
2.85694
2.83316
2.81411
2.79937
2.78265
2.76235
2.72614
2.68876
2.65703
2.63214
2.6116
2.59143
2.56883
2.54461
2.50164
1.45028
1.78185
3.14593
4.25219
4.33096
4.31398
4.24691
4.06862
3.97173
3.9419
4.05877
4.33448
5.10407
5.77964
5.74619
5.58617
5.31897
5.17889
5.09259
5.01181
4.93174
4.84121
4.75879
4.68064
4.60432
4.53084
4.46025
4.39032
4.32471
4.26281
4.20498
4.14927
4.09426
4.03904
3.98304
3.92579
3.8667
3.80533
3.74115
3.67362
3.60298
3.52905
3.45291
3.3747
3.29697
3.21998
3.144
3.06973
2.99721
2.92649
2.85895
2.79533
2.73474
2.67572
2.61811
2.56141
2.50801
2.46013
2.41613
2.37466
2.33353
2.29382
2.2476
2.20335
2.16073
2.11734
2.07717
2.03092
1.994
1.96695
1.94857
1.93424
1.96662
2.05219
2.21266
2.35249
2.73224
2.96818
3.00428
3.0057
2.92848
2.85762
2.82396
2.81645
2.80899
2.79442
2.77414
2.76252
2.75207
2.73838
2.71542
2.67457
2.63815
2.61186
2.5926
2.56523
2.54569
2.5273
2.50768
2.46649
1.42898
1.55776
2.24179
3.60977
4.27044
4.33633
4.23567
4.12022
4.11779
4.26876
4.55792
5.40482
6.10089
6.0509
5.88557
5.57558
5.40771
5.31657
5.22862
5.14048
5.047
4.9543
4.86451
4.77841
4.69496
4.61479
4.5382
4.46434
4.39117
4.32046
4.25408
4.19139
4.13097
4.0721
4.01361
3.95475
3.89526
3.83443
3.77176
3.70664
3.63883
3.56836
3.4955
3.42095
3.34526
3.26922
3.19387
3.11887
3.04602
2.97486
2.90696
2.84263
2.7817
2.72173
2.66535
2.60806
2.55304
2.50202
2.4576
2.41317
2.3705
2.32463
2.27952
2.22491
2.17773
2.1268
2.08373
2.04312
2.00451
1.96231
1.91841
1.87532
1.85936
1.86402
1.89715
1.99919
2.17717
2.40623
2.70327
2.83912
2.85372
2.83786
2.78574
2.73468
2.71157
2.69478
2.68648
2.68029
2.67556
2.66943
2.64412
2.60382
2.57456
2.55267
2.53276
2.51568
2.50062
2.48322
2.46575
2.42586
1.38623
1.46456
1.59031
2.64148
3.93556
4.24292
4.23531
4.20854
4.40615
4.70046
5.7354
6.39382
6.32039
6.1223
5.81242
5.62254
5.52657
5.43285
5.33769
5.23668
5.14208
5.05018
4.957
4.86329
4.77348
4.6879
4.60573
4.52573
4.44724
4.37064
4.29701
4.22753
4.16126
4.09759
4.03574
3.9749
3.91436
3.85331
3.79147
3.72801
3.66281
3.59544
3.52621
3.4551
3.38256
3.30871
3.23381
3.15955
3.0848
3.01313
2.94306
2.87743
2.814
2.75306
2.69185
2.63205
2.57213
2.51793
2.46664
2.41717
2.36767
2.31818
2.26514
2.21223
2.16214
2.11322
2.06867
2.02198
1.97769
1.93168
1.88665
1.81853
1.77447
1.75226
1.73544
1.76112
1.82323
1.93401
2.07644
2.39878
2.62672
2.67037
2.67939
2.66291
2.60682
2.5799
2.57047
2.57154
2.571
2.56805
2.55752
2.52468
2.5011
2.47623
2.4546
2.44703
2.44215
2.4309
2.41388
2.3767
1.42388
1.36796
1.46277
1.74371
2.9786
3.92063
4.15376
4.50018
4.95891
6.24729
6.78253
6.70935
6.40838
6.0629
5.8679
5.76492
5.66541
5.55918
5.44722
5.3398
5.23957
5.13708
5.03344
4.93518
4.84191
4.75228
4.6653
4.58057
4.49684
4.41516
4.33552
4.25947
4.18772
4.11946
4.05387
3.99052
3.92822
3.86647
3.804
3.74066
3.67607
3.61043
3.54322
3.47471
3.40442
3.33264
3.25938
3.18366
3.10984
3.03494
2.96369
2.89597
2.83032
2.76549
2.70358
2.63653
2.57344
2.51689
2.46231
2.40848
2.35416
2.29848
2.23998
2.18224
2.12603
2.07249
2.02493
1.97776
1.93263
1.88732
1.84356
1.79075
1.7455
1.69473
1.67537
1.65441
1.64948
1.68675
1.78074
1.9058
2.12477
2.3881
2.51086
2.53937
2.54049
2.49496
2.45187
2.43665
2.4341
2.43598
2.43534
2.42411
2.39704
2.37999
2.36641
2.35763
2.35679
2.35517
2.34988
2.32662
1.40773
1.41091
1.37492
1.51336
2.00476
3.25097
4.12747
5.19597
6.77899
7.11596
7.01044
6.66684
6.31751
6.13587
6.0148
5.8982
5.77729
5.6606
5.55737
5.4568
5.35248
5.24183
5.13136
5.02642
4.92746
4.8322
4.73863
4.64688
4.55638
4.46832
4.38246
4.29974
4.21858
4.14076
4.06648
3.99597
3.92785
3.86002
3.79239
3.72462
3.65747
3.58983
3.52161
3.45225
3.38169
3.30949
3.23567
3.16053
3.08342
3.0092
2.93528
2.86441
2.79333
2.72394
2.65447
2.5849
2.51825
2.45628
2.39743
2.33996
2.28317
2.22695
2.17163
2.1192
2.06913
2.02396
1.97941
1.93604
1.89299
1.85052
1.80591
1.7619
1.72238
1.67857
1.64362
1.60954
1.59054
1.59537
1.60309
1.65878
1.7732
1.9136
2.17876
2.38087
2.41163
2.4097
2.39367
2.35055
2.32928
2.31652
2.30468
2.29017
2.27071
2.25979
2.25628
2.25198
2.25349
2.25012
2.25656
2.27713
1.40864
1.40784
1.39314
1.4479
1.636
2.32824
3.84646
6.61409
6.9826
7.00274
6.55127
6.194
6.09556
6.05608
5.99453
5.91342
5.80239
5.69259
5.58704
5.48158
5.36998
5.25908
5.15089
5.04482
4.9422
4.84157
4.74215
4.64405
4.54711
4.45014
4.35619
4.26383
4.17551
4.08625
3.99954
3.9205
3.84401
3.76825
3.69109
3.61609
3.54283
3.4711
3.39906
3.32715
3.25505
3.18237
3.10873
3.03443
2.96249
2.89094
2.82123
2.75345
2.68713
2.62274
2.55936
2.49984
2.44032
2.38304
2.32867
2.2767
2.2261
2.17536
2.12607
2.07889
2.03358
1.99214
1.95068
1.90921
1.86843
1.82817
1.7886
1.7492
1.71114
1.67648
1.64689
1.61675
1.5799
1.55722
1.54775
1.56103
1.5981
1.674
1.76181
2.01474
2.23266
2.32206
2.33069
2.31162
2.28529
2.26174
2.24261
2.21711
2.19995
2.18254
2.1719
2.16123
2.15624
2.16343
2.18157
2.23477
1.40982
1.40768
1.4057
1.38483
1.6449
2.17353
4.36065
6.4395
6.59201
6.12425
5.71639
5.62305
5.61404
5.60641
5.60148
5.5857
5.55126
5.48664
5.41059
5.31451
5.21209
5.11153
5.00768
4.9044
4.8017
4.69865
4.59231
4.48757
4.38238
4.27999
4.17784
4.0778
3.98165
3.88483
3.79448
3.71124
3.63032
3.55119
3.47524
3.40362
3.33635
3.2717
3.20933
3.14718
3.08495
3.02228
2.96071
2.90031
2.84142
2.78317
2.72626
2.6698
2.61502
2.55964
2.50537
2.45202
2.39812
2.34656
2.29831
2.25163
2.20554
2.1597
2.1134
2.06915
2.02766
1.98656
1.94881
1.91336
1.8779
1.84191
1.80416
1.766
1.73056
1.69761
1.66557
1.63437
1.60145
1.5662
1.53023
1.52067
1.52604
1.54723
1.61995
1.71936
1.88538
2.11117
2.23974
2.24409
2.23423
2.22043
2.18947
2.16672
2.14686
2.13694
2.11689
2.11634
2.11053
2.12178
2.1497
2.27783
1.40829
1.40822
1.39832
1.41068
1.72392
2.4133
6.39879
6.16914
5.82764
5.58394
5.53584
5.53526
5.50123
5.42516
5.34277
5.27781
5.21093
5.13467
5.04911
4.95652
4.86225
4.76917
4.67437
4.57809
4.48035
4.38456
4.2901
4.19572
4.10249
4.01139
3.9229
3.83668
3.75339
3.67115
3.59268
3.52083
3.45198
3.38585
3.32187
3.26205
3.20561
3.15215
3.0997
3.04688
2.99395
2.94176
2.89062
2.84118
2.79189
2.74312
2.69414
2.64585
2.59737
2.54863
2.50115
2.45131
2.40304
2.35784
2.31392
2.27019
2.22556
2.18127
2.1358
2.09167
2.04945
2.00904
1.96936
1.93067
1.89214
1.8534
1.81401
1.77467
1.739
1.70579
1.67501
1.64477
1.61426
1.58437
1.55029
1.51568
1.50195
1.50683
1.52894
1.58442
1.69034
1.80828
2.02835
2.17006
2.18365
2.18338
2.17544
2.14951
2.11506
2.0816
2.08341
2.07959
2.09684
2.13165
2.19245
2.4524
1.40833
1.40808
1.39986
1.40811
1.68176
2.37081
6.38165
6.37138
6.17265
6.00872
5.86925
5.72444
5.5712
5.44735
5.36168
5.28645
5.20849
5.12267
5.02994
4.92472
4.81989
4.71617
4.61356
4.51265
4.41291
4.31351
4.21615
4.12297
4.03336
3.94605
3.86137
3.77926
3.69995
3.62149
3.54768
3.47853
3.41278
3.3493
3.28817
3.23075
3.17749
3.12668
3.07624
3.02746
2.97958
2.93283
2.88657
2.84194
2.79667
2.75177
2.70637
2.66105
2.61512
2.56951
2.52311
2.47658
2.43003
2.38418
2.33884
2.29349
2.2486
2.20365
2.1597
2.11593
2.07396
2.03311
1.99391
1.95562
1.91818
1.88039
1.843
1.80516
1.77049
1.73758
1.70564
1.6743
1.64259
1.6099
1.57747
1.55091
1.51677
1.49413
1.49923
1.51094
1.55174
1.64523
1.75267
1.97825
2.12377
2.15734
2.15818
2.14825
2.10154
2.07722
2.07377
2.08433
2.13139
2.23221
2.36682
2.74402
1.4083
1.40802
1.39936
1.41025
1.69851
2.4238
6.54703
6.25644
6.04969
6.00294
5.93559
5.85944
5.76367
5.65431
5.54558
5.43671
5.327
5.21876
5.11153
5.00382
4.89681
4.79114
4.68642
4.58332
4.48188
4.38176
4.28373
4.1858
4.09222
4.00209
3.91519
3.8309
3.74922
3.66955
3.59372
3.52239
3.45472
3.38962
3.32839
3.27113
3.21751
3.16636
3.11693
3.06877
3.02127
2.97543
2.93125
2.88822
2.8452
2.80212
2.75884
2.71519
2.67113
2.62653
2.5812
2.5349
2.48804
2.44083
2.39414
2.34784
2.30155
2.25542
2.20908
2.16341
2.11865
2.07573
2.03359
1.99291
1.95201
1.91203
1.87107
1.83196
1.79444
1.75942
1.72481
1.69109
1.65663
1.62312
1.59226
1.56184
1.53891
1.49642
1.47113
1.47385
1.46957
1.51593
1.61394
1.7104
1.92746
2.08775
2.13347
2.13813
2.10904
2.09986
2.10175
2.14723
2.25989
2.40084
2.74768
2.99314
1.4083
1.40805
1.39969
1.40879
1.68531
2.37801
6.48694
6.15072
6.0198
6.01767
5.97903
5.91372
5.81163
5.71207
5.61765
5.52785
5.43688
5.34183
5.23997
5.13299
5.02033
4.90881
4.79985
4.69297
4.58766
4.48416
4.3826
4.28369
4.1877
4.09483
4.00496
3.91797
3.8334
3.7516
3.67348
3.5994
3.52899
3.46119
3.39717
3.33714
3.28043
3.22674
3.17484
3.1249
3.0759
3.02935
2.9849
2.94143
2.89816
2.85458
2.81071
2.7661
2.72085
2.67472
2.62775
2.57988
2.5312
2.48213
2.43283
2.38364
2.33443
2.28534
2.23701
2.18881
2.14242
2.09707
2.05364
2.01063
1.96892
1.92713
1.88621
1.84632
1.80876
1.77242
1.73716
1.7029
1.66803
1.63476
1.60156
1.57309
1.54464
1.52253
1.47688
1.45007
1.45089
1.45815
1.49141
1.56308
1.64329
1.86214
2.04975
2.09169
2.10856
2.12828
2.19191
2.3243
2.47453
2.84731
3.07399
3.05317
1.4083
1.40803
1.39957
1.40927
1.69091
2.39694
6.54349
6.1559
5.95835
5.97373
5.94173
5.88527
5.80114
5.72393
5.64442
5.55994
5.46957
5.37419
5.27448
5.17152
5.06607
4.95958
4.85337
4.74801
4.64406
4.54145
4.44054
4.3411
4.24351
4.14812
4.0559
3.96648
3.88027
3.79625
3.7164
3.63946
3.56639
3.49542
3.42956
3.36695
3.30849
3.25261
3.19965
3.14854
3.09952
3.05246
3.0076
2.96395
2.92028
2.87657
2.83241
2.78779
2.74232
2.69619
2.64892
2.60081
2.55153
2.50186
2.45128
2.40119
2.35061
2.30086
2.25067
2.20215
2.15438
2.10882
2.06387
2.0201
1.97692
1.93449
1.89315
1.8533
1.81478
1.77796
1.74171
1.70678
1.66947
1.63409
1.60258
1.57261
1.54518
1.51721
1.49504
1.44714
1.41865
1.41862
1.4254
1.45662
1.5198
1.59853
1.80608
1.99729
2.09364
2.19415
2.35512
2.55811
2.90289
3.04899
3.06132
3.02202
1.4083
1.40805
1.39971
1.40866
1.68531
2.37574
6.49021
6.12562
5.93898
5.97459
5.94873
5.89549
5.8043
5.7226
5.64059
5.55625
5.46879
5.37752
5.28177
5.18139
5.07769
4.97129
4.86487
4.75927
4.65499
4.55215
4.45074
4.35087
4.25258
4.1571
4.06435
3.97475
3.88773
3.80411
3.72323
3.6462
3.57161
3.50093
3.43387
3.37144
3.31195
3.25594
3.20237
3.15135
3.10242
3.05546
3.01083
2.96755
2.92464
2.88145
2.83794
2.79372
2.74878
2.70275
2.65583
2.60766
2.55867
2.50849
2.45821
2.40696
2.35637
2.30523
2.25487
2.20512
2.15707
2.11053
2.06511
2.02111
1.97733
1.93493
1.89355
1.85395
1.81546
1.77828
1.74187
1.706
1.66926
1.63388
1.60323
1.57458
1.54592
1.51919
1.49116
1.46792
1.41753
1.39002
1.38802
1.3953
1.42099
1.48084
1.5928
1.75412
2.02106
2.28546
2.64959
2.95311
3.00066
2.98042
2.98085
2.98491
1.4083
1.40804
1.39968
1.40876
1.68658
2.38037
6.50162
6.13406
5.92591
5.96774
5.94163
5.88743
5.79935
5.72245
5.64442
5.56172
5.47371
5.38082
5.28383
5.18312
5.0795
4.97402
4.868
4.76261
4.65851
4.55581
4.45452
4.35465
4.25635
4.16064
4.06761
3.97774
3.89057
3.80649
3.72553
3.64792
3.57344
3.5016
3.43492
3.37164
3.3124
3.25557
3.20222
3.15079
3.10234
3.05562
3.0112
2.96824
2.9255
2.88254
2.83919
2.79518
2.75038
2.70459
2.65773
2.60977
2.56076
2.51082
2.46008
2.40888
2.35758
2.30642
2.25597
2.20602
2.15787
2.11098
2.06605
2.02164
1.97815
1.93521
1.89372
1.85424
1.8159
1.77847
1.74164
1.70562
1.66921
1.634
1.60241
1.57313
1.54513
1.51638
1.48933
1.46105
1.43483
1.38504
1.36158
1.36447
1.37671
1.41284
1.51943
1.72122
1.94828
2.49853
2.92335
2.95558
2.94174
2.90366
2.88741
2.88809
)
;

boundaryField
{
    inlet
    {
        type            calculated;
        value           uniform 1.40845;
    }
    outlet
    {
        type            calculated;
        value           nonuniform List<scalar> 
40
(
1.92404
2.02117
2.22411
2.36693
2.46905
2.54107
2.58757
2.61398
2.6253
2.62541
2.62281
2.62179
2.62459
2.63357
2.63914
2.63696
2.63228
2.6267
2.62105
2.61177
2.60028
2.58622
2.57129
2.55254
2.53056
2.50164
2.46649
2.42586
2.3767
2.32662
2.27713
2.23477
2.27783
2.4524
2.74402
2.99314
3.05317
3.02202
2.98491
2.88809
)
;
    }
    bottom
    {
        type            symmetryPlane;
    }
    top
    {
        type            symmetryPlane;
    }
    obstacle
    {
        type            calculated;
        value           nonuniform List<scalar> 
110
(
6.6893
6.69048
6.67697
6.64976
6.61403
6.5523
6.48666
6.36503
6.20294
5.9508
1.75181
1.79225
2.11376
1.86824
2.06757
1.93953
1.72936
1.54812
1.49912
1.5066
1.51592
1.5143
1.50389
1.44623
1.38846
1.36285
1.3559
1.35621
1.35924
1.35864
1.35715
1.35513
1.35347
1.34653
1.34264
1.33986
1.3395
1.34667
1.36284
1.38711
1.41937
1.46893
1.5145
1.56134
1.62
1.68854
1.74997
1.81083
1.86369
1.94554
2.01017
2.07641
2.1508
2.21117
2.26306
2.32105
2.36791
2.40588
2.43364
2.47103
2.49668
2.51722
2.53295
2.54128
2.5483
2.55174
2.5521
2.54904
2.54394
2.53763
2.52905
2.51821
2.5061
2.49336
2.47968
2.46555
2.45123
2.43601
2.42045
2.40447
2.38867
2.37272
2.35703
2.34116
2.32554
2.30969
2.29418
2.27849
2.26335
2.24788
2.23266
2.21727
2.20185
2.1863
2.17072
2.15501
2.13947
2.12383
2.10861
2.09314
2.07795
2.06248
2.04714
2.03147
2.01581
1.99961
1.98326
1.96853
1.94518
1.92404
)
;
    }
    defaultFaces
    {
        type            empty;
    }
}


// ************************************************************************* //
