/*--------------------------------*- C++ -*----------------------------------*\
| =========                 |                                                 |
| \\      /  F ield         | OpenFOAM: The Open Source CFD Toolbox           |
|  \\    /   O peration     | Version:  v2106                                 |
|   \\  /    A nd           | Website:  www.openfoam.com                      |
|    \\/     M anipulation  |                                                 |
\*---------------------------------------------------------------------------*/
FoamFile
{
    version     2.0;
    format      ascii;
    arch        "LSB;label=32;scalar=64";
    class       volScalarField;
    location    "18";
    object      Mo;
}
// * * * * * * * * * * * * * * * * * * * * * * * * * * * * * * * * * * * * * //

dimensions      [0 0 0 0 0 0 0];

internalField   nonuniform List<scalar> 
5250
(
3.01265
3.01265
3.01265
3.01265
3.01265
3.01265
3.01265
3.01265
3.01263
3.01251
3.0114
3.00172
2.92756
2.65235
1.8522
0.655382
0.205737
0.354495
0.293292
0.248956
0.215933
0.171088
0.128918
0.081316
0.0385672
3.01265
3.01265
3.01265
3.01265
3.01265
3.01265
3.01265
3.01265
3.01263
3.01251
3.01144
3.00208
2.92946
2.65907
1.86558
0.67239
0.19993
0.354875
0.291366
0.248558
0.218016
0.176168
0.137205
0.0967994
0.0707862
3.01265
3.01265
3.01265
3.01265
3.01265
3.01265
3.01265
3.01265
3.01263
3.01252
3.01151
3.00285
2.93365
2.67414
1.89744
0.71989
0.194416
0.35928
0.293454
0.252395
0.224318
0.186986
0.155482
0.125879
0.111405
3.01265
3.01265
3.01265
3.01265
3.01265
3.01265
3.01265
3.01265
3.01264
3.01254
3.0116
3.00392
2.93965
2.69595
1.94477
0.796712
0.198005
0.370666
0.304292
0.262881
0.237767
0.206597
0.182838
0.162053
0.153399
3.01265
3.01265
3.01265
3.01265
3.01265
3.01265
3.01265
3.01265
3.01264
3.01255
3.01171
3.00523
2.94734
2.72469
2.00591
0.897415
0.218223
0.386867
0.323652
0.280192
0.258557
0.23216
0.214039
0.202667
0.198786
3.01265
3.01265
3.01265
3.01265
3.01265
3.01265
3.01265
3.01265
3.01264
3.01257
3.01191
3.00658
2.95604
2.75709
2.07772
1.02802
0.256624
0.407803
0.352677
0.304572
0.284671
0.263693
0.252102
0.247073
0.248263
3.01265
3.01265
3.01265
3.01265
3.01265
3.01265
3.01265
3.01265
3.01264
3.0126
3.01207
3.00812
2.9652
2.79279
2.16113
1.18643
0.323574
0.441866
0.396595
0.342892
0.320756
0.30198
0.297147
0.295402
0.30568
3.01265
3.01265
3.01265
3.01265
3.01265
3.01265
3.01265
3.01265
3.01264
3.01262
3.01209
3.00915
2.97209
2.81902
2.24298
1.26574
0.399069
0.478722
0.445305
0.393795
0.365543
0.348066
0.350617
0.355567
0.377729
3.01265
3.01265
3.01265
3.01265
3.01265
3.01265
3.01265
3.01265
3.01264
3.01263
3.01219
3.01003
2.97993
2.84875
2.33428
1.3538
0.466565
0.507592
0.487538
0.450829
0.422725
0.402815
0.414611
0.420719
0.47402
3.01265
3.01265
3.01265
3.01265
3.01265
3.01265
3.01265
3.01265
3.01264
3.01264
3.01223
3.01082
2.98412
2.88083
2.42786
1.4632
0.537828
0.528062
0.525282
0.50826
0.48607
0.467351
0.485913
0.515503
0.646113
3.01265
3.01265
3.01265
3.01265
3.01265
3.01265
3.01265
3.01265
3.01265
3.01263
3.01241
3.01094
2.99435
2.89801
2.52028
1.57785
0.639512
0.514689
0.546893
0.563888
0.553155
0.542579
0.569601
0.650967
0.874892
3.01265
3.01265
3.01265
3.01265
3.01265
3.01265
3.01265
3.01265
3.01265
3.01263
3.01256
3.01121
3.00374
2.92002
2.62743
1.71666
0.798741
0.48753
0.551078
0.585218
0.615999
0.623381
0.651983
0.760153
0.932365
3.01265
3.01265
3.01265
3.01265
3.01265
3.01265
3.01265
3.01265
3.01265
3.01264
3.01256
3.01178
3.00569
2.9503
2.73999
2.05385
1.05679
0.502886
0.564906
0.595881
0.632898
0.686744
0.727389
0.828377
0.958357
3.01265
3.01265
3.01265
3.01265
3.01265
3.01265
3.01265
3.01265
3.01265
3.01264
3.01261
3.01211
3.00869
2.96934
2.80847
2.23554
1.35006
0.58837
0.604692
0.618428
0.649077
0.706082
0.769755
0.866175
0.975691
3.01265
3.01265
3.01265
3.01265
3.01265
3.01265
3.01265
3.01265
3.01265
3.01264
3.01264
3.01214
3.01063
2.98007
2.87191
2.39049
1.53099
0.752912
0.660169
0.659596
0.679505
0.729204
0.794128
0.8886
0.984274
3.01265
3.01265
3.01265
3.01265
3.01265
3.01265
3.01265
3.01265
3.01265
3.01265
3.01263
3.01243
3.01082
2.99567
2.9034
2.54078
1.68039
0.952266
0.701548
0.715184
0.728205
0.759833
0.812527
0.891882
0.982324
3.01265
3.01265
3.01265
3.01265
3.01265
3.01265
3.01265
3.01265
3.01265
3.01265
3.01263
3.01265
3.01136
3.0086
2.93872
2.71407
1.93037
1.22728
0.725459
0.753071
0.767923
0.791679
0.832954
0.898475
0.979355
3.01265
3.01265
3.01265
3.01265
3.01265
3.01265
3.01265
3.01265
3.01265
3.01265
3.01264
3.01262
3.01197
3.00925
2.96912
2.8251
2.29567
1.51055
0.837563
0.793204
0.804191
0.823311
0.857679
0.911493
0.982336
3.01265
3.01265
3.01265
3.01265
3.01265
3.01265
3.01265
3.01265
3.01265
3.01265
3.01265
3.01262
3.01235
3.01023
2.99068
2.87695
2.49217
1.69643
1.03546
0.843644
0.849786
0.865706
0.892659
0.934357
0.991318
3.01265
3.01265
3.01265
3.01265
3.01265
3.01265
3.01265
3.01265
3.01265
3.01265
3.01265
3.01262
3.01264
3.01098
3.00688
2.91879
2.70323
1.90828
1.34095
0.88392
0.89595
0.908879
0.929063
0.960011
1.00519
3.01265
3.01265
3.01265
3.01265
3.01265
3.01265
3.01265
3.01265
3.01265
3.01265
3.01265
3.01264
3.01258
3.01208
3.00797
2.97496
2.81017
2.31449
1.62394
1.01485
0.939076
0.941818
0.958103
0.985191
1.02261
3.01265
3.01265
3.01265
3.01265
3.01265
3.01265
3.01265
3.01265
3.01265
3.01265
3.01265
3.01264
3.01258
3.01255
3.00891
3.00812
2.84826
2.62251
1.87598
1.26495
0.995788
0.983083
0.993724
1.0142
1.045
3.01265
3.01265
3.01265
3.01265
3.01265
3.01265
3.01265
3.01265
3.01265
3.01265
3.01265
3.01265
3.01264
3.01255
3.01175
3.00574
2.95901
2.76486
2.14967
1.58575
1.05264
1.02035
1.02224
1.04044
1.06845
3.01265
3.01265
3.01265
3.01265
3.01265
3.01265
3.01265
3.01265
3.01265
3.01265
3.01265
3.01265
3.01264
3.01258
3.01252
3.00809
3.00978
2.80962
2.58829
1.88876
1.2759
1.07212
1.05963
1.07399
1.09646
3.01265
3.01265
3.01265
3.01265
3.01265
3.01265
3.01265
3.01265
3.01265
3.01265
3.01265
3.01265
3.01265
3.01263
3.01251
3.01142
3.00368
2.94054
2.71637
2.03555
1.61908
1.12274
1.09875
1.10635
1.12492
3.01265
3.01265
3.01265
3.01265
3.01265
3.01265
3.01265
3.01265
3.01265
3.01265
3.01265
3.01265
3.01265
3.01263
3.01255
3.01245
3.00796
3.00905
2.7979
2.51892
1.89529
1.32746
1.15608
1.14326
1.15742
3.01265
3.01265
3.01265
3.01265
3.01265
3.01265
3.01265
3.01265
3.01265
3.01265
3.01265
3.01265
3.01265
3.01265
3.01263
3.01249
3.01125
3.00269
2.93313
2.71501
2.06708
1.66585
1.20669
1.182
1.18631
3.01265
3.01265
3.01265
3.01265
3.01265
3.01265
3.01265
3.01265
3.01265
3.01265
3.01265
3.01265
3.01265
3.01265
3.01263
3.01256
3.01256
3.00776
3.0116
2.80067
2.54434
1.93961
1.40491
1.23341
1.21688
3.01265
3.01265
3.01265
3.01265
3.01265
3.01265
3.01265
3.01265
3.01265
3.01265
3.01265
3.01265
3.01265
3.01265
3.01265
3.01263
3.01249
3.01125
3.00355
2.93459
2.73108
2.13462
1.75126
1.28416
1.25374
3.01265
3.01265
3.01265
3.01265
3.01265
3.01265
3.01265
3.01265
3.01265
3.01265
3.01265
3.01265
3.01265
3.01265
3.01265
3.01264
3.01259
3.01278
3.00871
3.00835
2.82643
2.57832
2.00089
1.50029
1.30851
3.01265
3.01265
3.01265
3.01265
3.01265
3.01265
3.01265
3.01265
3.01265
3.01265
3.01265
3.01265
3.01265
3.01265
3.01265
3.01265
3.01263
3.01256
3.01144
3.0057
2.94541
2.76375
2.22596
1.84051
1.3775
3.01265
3.01265
3.01265
3.01265
3.01265
3.01265
3.01265
3.01265
3.01265
3.01265
3.01265
3.01265
3.01265
3.01265
3.01265
3.01265
3.01265
3.01264
3.01291
3.01004
3.00459
2.86267
2.65251
2.06817
1.61687
3.01265
3.01265
3.01265
3.01265
3.01265
3.01265
3.01265
3.01265
3.01265
3.01265
3.01265
3.01265
3.01265
3.01265
3.01265
3.01265
3.01265
3.01263
3.01253
3.01164
3.00526
2.9556
2.76712
2.36895
1.97135
3.01265
3.01265
3.01265
3.01265
3.01265
3.01265
3.01265
3.01265
3.01265
3.01265
3.01265
3.01265
3.01265
3.01265
3.01265
3.01265
3.01265
3.01265
3.01264
3.01248
3.01096
3.00252
2.91686
2.79952
2.20607
3.01265
3.01265
3.01265
3.01265
3.01265
3.01265
3.01265
3.01265
3.01265
3.01265
3.01265
3.01265
3.01265
3.01265
3.01265
3.01265
3.01265
3.01265
3.01265
3.01255
3.0126
3.00654
3.00736
2.82467
2.68794
3.01265
3.01265
3.01265
3.01265
3.01265
3.01265
3.01265
3.01265
3.01265
3.01265
3.01265
3.01265
3.01265
3.01265
3.01265
3.01265
3.01265
3.01265
3.01265
3.01262
3.01268
3.01129
3.0081
2.9473
2.79312
3.01265
3.01265
3.01265
3.01265
3.01265
3.01265
3.01265
3.01265
3.01265
3.01265
3.01265
3.01265
3.01265
3.01265
3.01265
3.01265
3.01265
3.01265
3.01265
3.01264
3.01262
3.01249
3.01073
3.00764
2.88704
3.01265
3.01265
3.01265
3.01265
3.01265
3.01265
3.01265
3.01265
3.01265
3.01265
3.01265
3.01265
3.01265
3.01265
3.01265
3.01265
3.01265
3.01265
3.01265
3.01265
3.01264
3.01256
3.01206
3.00897
2.98658
3.01265
3.01265
3.01265
3.01265
3.01265
3.01265
3.01265
3.01265
3.01265
3.01265
3.01265
3.01265
3.01265
3.01265
3.01265
3.01265
3.01265
3.01265
3.01265
3.01265
3.01265
3.01263
3.01253
3.01164
3.00556
3.01265
3.01265
3.01265
3.01265
3.01265
3.01265
3.01265
3.01265
3.01265
3.01265
3.01265
3.01265
3.01265
3.01265
3.01265
3.01265
3.01265
3.01265
3.01265
3.01265
3.01265
3.01265
3.01261
3.01256
3.01031
3.01265
3.01265
3.01265
3.01265
3.01265
3.01265
3.01265
3.01265
3.01265
3.01265
3.01265
3.01265
3.01265
3.01265
3.01265
3.01265
3.01265
3.01265
3.01265
3.01265
3.01265
3.01265
3.01265
3.01255
3.01241
3.01265
3.01265
3.01265
3.01265
3.01265
3.01265
3.01265
3.01265
3.01265
3.01265
3.01265
3.01265
3.01265
3.01265
3.01265
3.01265
3.01265
3.01265
3.01265
3.01265
3.01265
3.01265
3.01265
3.01263
3.01274
3.01265
3.01265
3.01265
3.01265
3.01265
3.01265
3.01265
3.01265
3.01265
3.01265
3.01265
3.01265
3.01265
3.01265
3.01265
3.01265
3.01265
3.01265
3.01265
3.01265
3.01265
3.01265
3.01265
3.01264
3.01262
3.01265
3.01265
3.01265
3.01265
3.01265
3.01265
3.01265
3.01265
3.01265
3.01265
3.01265
3.01265
3.01265
3.01265
3.01265
3.01265
3.01265
3.01265
3.01265
3.01265
3.01265
3.01265
3.01265
3.01265
3.01265
3.01265
3.01265
3.01265
3.01265
3.01265
3.01265
3.01265
3.01265
3.01265
3.01265
3.01265
3.01265
3.01265
3.01265
3.01265
3.01265
3.01265
3.01265
3.01265
3.01265
3.01265
3.01265
3.01265
3.01265
3.01265
3.01265
3.01265
3.01265
3.01265
3.01265
3.01265
3.01265
3.01265
3.01265
3.01265
3.01265
3.01265
3.01265
3.01265
3.01265
3.01265
3.01265
3.01265
3.01265
3.01265
3.01265
3.01265
3.01265
3.01265
3.01265
3.01265
3.01265
3.01265
3.01265
3.01265
3.01265
3.01265
3.01265
3.01265
3.01265
3.01265
3.01265
3.01265
3.01265
3.01265
3.01265
3.01265
3.01265
3.01265
3.01265
3.01265
3.01265
3.01265
3.01265
3.01265
3.01265
3.01265
3.01265
3.01265
3.01265
3.01265
3.01265
3.01265
3.01265
3.01265
3.01265
3.01265
3.01265
3.01265
3.01265
3.01265
3.01265
3.01265
3.01265
3.01265
3.01265
3.01265
3.01265
3.01265
3.01265
3.01265
3.01265
3.01265
3.01265
3.01265
3.01265
3.01265
3.01265
3.01265
3.01265
3.01265
3.01265
3.01265
3.01265
3.01265
3.01265
3.01265
3.01265
3.01265
3.01265
3.01265
3.01265
3.01265
3.01265
3.01265
3.01265
3.01265
3.01265
3.01265
3.01265
3.01265
3.01265
3.01265
3.01265
3.01265
3.01265
3.01265
3.01265
3.01265
3.01265
3.01265
3.01265
3.01265
3.01265
3.01265
3.01265
3.01265
3.01265
3.01265
3.01265
1.13472
0.570571
0.355103
0.282491
0.373892
0.284047
0.414169
0.604885
0.740247
0.797974
0.809622
0.802204
0.799293
0.809878
0.860268
0.916404
0.958434
0.979533
0.986184
0.980918
0.976426
0.97448
0.974461
0.978071
0.981611
0.986805
0.992192
0.996188
0.998628
0.999716
0.998803
0.986096
0.972499
0.939142
0.896179
0.845754
0.793994
0.733286
0.669574
0.604799
0.542262
0.477406
0.412779
0.34728
0.285505
0.233468
0.197482
0.13782
0.0812922
0.0407452
0.0359805
0.074702
0.122154
0.165612
0.207982
0.24718
0.283616
0.318384
0.351041
0.381601
0.41056
0.43804
0.464179
0.489004
0.512787
0.535441
0.5571
0.577806
0.597488
0.616459
0.634579
0.652297
0.66927
0.685835
0.701568
0.716901
0.731464
0.745771
0.759578
0.773203
0.786412
0.799436
0.811903
0.824177
0.835766
0.847192
0.858033
0.86872
0.878918
0.888955
0.898519
0.907934
0.91682
0.925565
0.934012
0.942401
0.950996
0.960384
0.968174
0.975847
1.10548
0.950108
0.61363
0.442695
0.135364
0.119032
0.247603
0.450582
0.533302
0.567251
0.530172
0.506707
0.500353
0.530449
0.581789
0.63527
0.670343
0.684405
0.685996
0.678579
0.674639
0.67239
0.672009
0.674444
0.676108
0.682113
0.687759
0.694714
0.699577
0.701364
0.699336
0.683529
0.667269
0.637647
0.595528
0.549179
0.495416
0.432401
0.366225
0.303984
0.247339
0.166699
0.108104
0.072864
0.113712
0.182835
0.260156
0.330738
0.377198
0.423715
0.463886
0.497657
0.533058
0.563713
0.592551
0.618166
0.641754
0.664974
0.687119
0.70813
0.728556
0.748119
0.767228
0.785213
0.802548
0.819214
0.835517
0.851367
0.86648
0.881013
0.894983
0.908674
0.922023
0.935165
0.947862
0.960289
0.972187
0.983814
0.995092
1.0062
1.0171
1.02786
1.03833
1.04858
1.05834
1.06789
1.07699
1.08593
1.09456
1.10307
1.11132
1.11949
1.12737
1.13504
1.14255
1.15002
1.15769
1.16644
1.17367
1.18102
1.06436
1.08586
0.972298
0.828191
0.597118
0.424841
0.343606
0.393078
0.34535
0.251175
0.144201
0.0376925
0.0334049
0.109067
0.169245
0.311669
0.368488
0.40183
0.398636
0.383163
0.372736
0.367266
0.370027
0.373841
0.380031
0.387106
0.393662
0.398979
0.400184
0.398459
0.397489
0.386977
0.371644
0.340397
0.292246
0.238759
0.187003
0.121608
0.101454
0.173677
0.304875
0.410648
0.481153
0.554994
0.59917
0.638159
0.672843
0.707107
0.723688
0.740966
0.758337
0.77485
0.793
0.810822
0.828638
0.845278
0.860547
0.876221
0.891878
0.907469
0.922496
0.937385
0.951923
0.966101
0.979896
0.993244
1.00643
1.01916
1.03165
1.04376
1.05552
1.06696
1.07815
1.08914
1.09991
1.11048
1.12071
1.13071
1.1406
1.15035
1.16003
1.16958
1.17887
1.18795
1.19661
1.20507
1.21324
1.22127
1.22909
1.23674
1.24428
1.25158
1.25876
1.26558
1.27221
1.27892
1.28586
1.29374
1.3014
1.30896
1.07591
1.16845
1.18182
1.129
0.996335
0.831004
0.654033
0.633233
0.61793
0.571658
0.492585
0.387752
0.28806
0.259141
0.251648
0.275105
0.246262
0.196376
0.157454
0.0963608
0.0627375
0.0257811
0.0122689
0.0302815
0.0520461
0.0776992
0.0963366
0.13094
0.145356
0.154756
0.160349
0.143112
0.123507
0.0933563
0.0844475
0.153398
0.302054
0.458388
0.583727
0.686557
0.760772
0.811746
0.837898
0.866556
0.882318
0.90066
0.915967
0.933677
0.941317
0.948244
0.956448
0.964284
0.972921
0.981963
0.992142
1.00275
1.01261
1.02256
1.03292
1.04359
1.05397
1.06477
1.07559
1.08637
1.09717
1.10766
1.11808
1.12861
1.13932
1.14985
1.1603
1.17029
1.17997
1.18954
1.1991
1.20853
1.21786
1.22718
1.23643
1.24559
1.25463
1.26337
1.2719
1.28015
1.28832
1.29622
1.30409
1.31163
1.31914
1.32627
1.33342
1.34048
1.34737
1.35378
1.36003
1.3663
1.3728
1.38007
1.38774
1.39561
1.0943
1.17931
1.24443
1.28759
1.23536
1.15669
1.05252
0.974995
0.964784
0.908254
0.816075
0.708637
0.603678
0.537313
0.491065
0.483883
0.479336
0.461846
0.428691
0.378483
0.320444
0.271513
0.230489
0.200735
0.171959
0.153133
0.130928
0.122028
0.103491
0.0790092
0.0837659
0.107214
0.178325
0.28098
0.419004
0.583236
0.744316
0.868748
0.957132
1.01381
1.0685
1.08798
1.09411
1.09969
1.10138
1.10448
1.10509
1.1085
1.10753
1.10363
1.10076
1.09754
1.09445
1.09809
1.10241
1.10665
1.11072
1.11495
1.1205
1.12689
1.13348
1.14034
1.14779
1.15581
1.16443
1.17323
1.18218
1.1914
1.20072
1.21004
1.21937
1.22869
1.23786
1.24698
1.25595
1.26476
1.2735
1.28231
1.29113
1.29988
1.30862
1.31727
1.32579
1.33407
1.34224
1.35002
1.35769
1.36504
1.3724
1.37942
1.38647
1.39355
1.40044
1.40695
1.41321
1.41952
1.42606
1.43324
1.44118
1.4494
1.09223
1.18469
1.25355
1.31929
1.32833
1.30501
1.27175
1.25393
1.26821
1.25521
1.18607
1.09424
0.990036
0.896501
0.828395
0.797675
0.774169
0.740342
0.695655
0.641586
0.586149
0.530552
0.482189
0.436055
0.400096
0.364162
0.332588
0.307178
0.286249
0.27284
0.276492
0.31956
0.419505
0.572851
0.763791
0.925747
1.0604
1.16267
1.23754
1.28252
1.32191
1.32777
1.32137
1.30783
1.28776
1.26331
1.23397
1.22389
1.21417
1.20077
1.19107
1.18067
1.1678
1.16225
1.16262
1.16159
1.16383
1.1663
1.16852
1.17097
1.17386
1.17857
1.1847
1.1916
1.19919
1.20723
1.21569
1.2243
1.23278
1.24128
1.24968
1.25819
1.26689
1.2756
1.28433
1.29306
1.30188
1.31076
1.31962
1.3284
1.33705
1.3456
1.35393
1.36189
1.36966
1.37732
1.38504
1.39262
1.40011
1.40752
1.41469
1.42174
1.42863
1.43525
1.44149
1.44781
1.4544
1.46155
1.46994
1.47861
1.07188
1.17467
1.25037
1.30951
1.36131
1.36618
1.37457
1.37719
1.39009
1.41542
1.43216
1.38625
1.32792
1.25863
1.19739
1.13756
1.1091
1.07373
1.02863
0.971735
0.90811
0.840069
0.781502
0.722467
0.678002
0.630197
0.59179
0.55009
0.515196
0.474196
0.477694
0.543842
0.686952
0.867993
1.04774
1.18191
1.29715
1.38356
1.44238
1.48133
1.51172
1.5164
1.50939
1.49179
1.46112
1.41826
1.36166
1.30965
1.25952
1.2506
1.2414
1.22924
1.21724
1.20522
1.19379
1.18984
1.1911
1.19289
1.19388
1.19463
1.19645
1.20037
1.20632
1.21251
1.21936
1.22658
1.23412
1.24194
1.25014
1.25828
1.26654
1.27493
1.28315
1.29143
1.29989
1.30853
1.31732
1.32622
1.33511
1.34384
1.35231
1.36049
1.36848
1.37636
1.38427
1.39209
1.39983
1.40744
1.41495
1.42201
1.42893
1.43588
1.44269
1.44947
1.45577
1.46217
1.46884
1.47607
1.48468
1.49365
1.0628
1.15114
1.23783
1.29854
1.35436
1.37681
1.40468
1.42595
1.45625
1.48457
1.51525
1.53673
1.50888
1.47595
1.43713
1.40518
1.39552
1.39184
1.36835
1.3243
1.26632
1.19644
1.12866
1.05978
1.00485
0.946538
0.895014
0.830284
0.795748
0.73144
0.722225
0.799316
0.938989
1.10303
1.23671
1.35934
1.45487
1.52411
1.56891
1.60369
1.62617
1.63597
1.63275
1.62006
1.59759
1.56379
1.51557
1.45382
1.3772
1.31391
1.24742
1.247
1.24329
1.2364
1.2263
1.21714
1.20693
1.20682
1.20954
1.21273
1.2157
1.21917
1.22359
1.22807
1.23369
1.24062
1.24845
1.25625
1.26429
1.27246
1.28024
1.28801
1.29584
1.30383
1.31202
1.32046
1.32916
1.33786
1.34663
1.35507
1.36326
1.37115
1.37893
1.38667
1.39438
1.40204
1.40967
1.41715
1.42444
1.43146
1.43831
1.44513
1.45174
1.45834
1.46457
1.47092
1.47758
1.48484
1.49359
1.50272
1.061
1.13534
1.21325
1.28163
1.33543
1.36977
1.40469
1.4308
1.46205
1.50464
1.54134
1.58117
1.59687
1.5863
1.57324
1.55891
1.55341
1.55964
1.56827
1.55729
1.52571
1.48468
1.44075
1.39473
1.34759
1.2973
1.24445
1.18523
1.1116
1.04368
0.998716
1.04097
1.13182
1.24374
1.35069
1.44847
1.52914
1.60111
1.63944
1.6715
1.68894
1.69654
1.69972
1.6932
1.68488
1.66455
1.63174
1.58795
1.53007
1.45163
1.3657
1.28801
1.24745
1.25293
1.25049
1.24493
1.23664
1.22699
1.22795
1.2306
1.23337
1.23552
1.23802
1.24177
1.24729
1.25437
1.26154
1.2692
1.27667
1.28425
1.29181
1.29956
1.30734
1.31514
1.32299
1.33097
1.3392
1.34768
1.35614
1.36442
1.37236
1.38015
1.38788
1.39555
1.40318
1.41081
1.41838
1.42576
1.43296
1.43986
1.44648
1.45295
1.45941
1.46588
1.47223
1.47866
1.48538
1.49271
1.50151
1.51078
1.06321
1.12762
1.19616
1.26225
1.31049
1.35449
1.39095
1.42251
1.45696
1.4971
1.54295
1.5822
1.61836
1.63483
1.63659
1.6389
1.64042
1.64508
1.65316
1.6643
1.66983
1.64782
1.62103
1.59258
1.56395
1.53362
1.49573
1.45228
1.36869
1.25226
1.17134
1.18552
1.24454
1.32154
1.4121
1.48805
1.5617
1.61571
1.65888
1.68702
1.70585
1.72438
1.72936
1.72766
1.72729
1.71781
1.7062
1.68575
1.65101
1.60046
1.53003
1.42636
1.3465
1.25641
1.25822
1.261
1.25841
1.25484
1.25064
1.2454
1.24646
1.24849
1.25141
1.25554
1.26082
1.26745
1.27446
1.28201
1.28889
1.29568
1.30251
1.30944
1.31638
1.32347
1.33099
1.33899
1.34725
1.35568
1.36422
1.3726
1.38065
1.38838
1.39603
1.40361
1.41114
1.41863
1.42604
1.43331
1.44048
1.4474
1.45414
1.46087
1.46753
1.4741
1.48059
1.48714
1.49396
1.50138
1.51024
1.51965
1.07186
1.12836
1.18847
1.24712
1.29466
1.33988
1.37224
1.40773
1.44454
1.48475
1.5284
1.57173
1.60962
1.6455
1.65574
1.66494
1.67467
1.68105
1.69235
1.70533
1.72178
1.72966
1.71697
1.70217
1.68554
1.66161
1.6351
1.57812
1.48652
1.34538
1.20176
1.23468
1.28096
1.34307
1.40798
1.47083
1.52839
1.57354
1.61205
1.64001
1.66513
1.68879
1.70856
1.73404
1.74028
1.74105
1.74186
1.73707
1.72475
1.70249
1.66234
1.60153
1.51762
1.40796
1.31323
1.25504
1.26767
1.2777
1.27573
1.27281
1.26792
1.26928
1.27185
1.27631
1.28075
1.28589
1.29104
1.29657
1.30301
1.31017
1.31735
1.32414
1.331
1.3381
1.34558
1.35365
1.36168
1.36988
1.37777
1.38536
1.39291
1.40028
1.40758
1.41465
1.42166
1.42869
1.43576
1.44287
1.44994
1.45681
1.46352
1.4702
1.47689
1.48352
1.49015
1.49686
1.50386
1.51147
1.52053
1.5301
1.08623
1.13424
1.18754
1.23841
1.2883
1.32433
1.36068
1.39418
1.42811
1.46652
1.50668
1.55212
1.59134
1.63128
1.65876
1.671
1.68246
1.69204
1.70747
1.72466
1.74088
1.75909
1.76086
1.76358
1.75216
1.73445
1.69754
1.61906
1.47781
1.34287
1.21055
1.23783
1.27786
1.33353
1.38653
1.44133
1.48707
1.52881
1.56687
1.59865
1.62683
1.65157
1.67415
1.69823
1.71588
1.73526
1.7571
1.76148
1.75835
1.75675
1.7427
1.71809
1.67171
1.60031
1.48344
1.39329
1.28555
1.2886
1.29671
1.30304
1.30041
1.29704
1.29777
1.29954
1.30255
1.30662
1.31141
1.31672
1.32263
1.32894
1.33583
1.34262
1.34956
1.35652
1.36365
1.371
1.37859
1.38614
1.39343
1.40055
1.40751
1.41434
1.4211
1.42774
1.43443
1.44121
1.44814
1.4551
1.46203
1.46889
1.47559
1.48214
1.48863
1.49503
1.5014
1.50787
1.51462
1.522
1.53097
1.5404
1.10524
1.14696
1.19381
1.23991
1.28582
1.32001
1.35431
1.38321
1.41373
1.44811
1.48546
1.52773
1.5676
1.60437
1.64446
1.66264
1.67653
1.69145
1.70848
1.72521
1.7424
1.76112
1.77805
1.7942
1.78295
1.75617
1.69187
1.57624
1.39849
1.22719
1.212
1.23526
1.27037
1.30904
1.35141
1.3943
1.43636
1.47583
1.51222
1.54457
1.57505
1.60249
1.62893
1.65482
1.68123
1.71122
1.73478
1.75615
1.77094
1.78409
1.78058
1.78059
1.7644
1.73103
1.67479
1.59095
1.47079
1.37852
1.28939
1.30747
1.31871
1.33022
1.32807
1.32567
1.3273
1.33045
1.33487
1.34052
1.34588
1.35054
1.35551
1.36108
1.36715
1.37381
1.38069
1.38781
1.39509
1.40258
1.40987
1.41724
1.42394
1.43025
1.43663
1.4432
1.45003
1.45711
1.46416
1.47116
1.47804
1.48477
1.49134
1.49767
1.50377
1.50971
1.51561
1.52169
1.52815
1.53537
1.54437
1.5538
1.1274
1.16342
1.20447
1.24659
1.28549
1.32207
1.35199
1.37867
1.40775
1.43838
1.47117
1.50824
1.54668
1.5816
1.61733
1.64831
1.6632
1.6804
1.69784
1.71759
1.73406
1.75546
1.77645
1.78875
1.77362
1.72826
1.62991
1.44926
1.3173
1.18094
1.19926
1.22211
1.24948
1.28137
1.31633
1.3548
1.39323
1.43121
1.46693
1.5012
1.5336
1.56281
1.59153
1.61974
1.64994
1.6789
1.70221
1.72611
1.75291
1.77308
1.79369
1.80858
1.80673
1.80089
1.78516
1.74356
1.67715
1.57186
1.45924
1.34327
1.33212
1.34732
1.35995
1.36476
1.36368
1.36524
1.36679
1.37012
1.37475
1.37939
1.3831
1.38713
1.39191
1.39779
1.40485
1.41177
1.41888
1.42546
1.43224
1.43914
1.44561
1.45162
1.45749
1.46353
1.46973
1.47618
1.48287
1.48957
1.49623
1.50252
1.50861
1.51447
1.52019
1.52585
1.53157
1.53747
1.54375
1.55085
1.55985
1.56939
1.15161
1.18282
1.21889
1.25715
1.2919
1.3273
1.35254
1.37883
1.4055
1.4328
1.4619
1.49334
1.52733
1.56195
1.59685
1.62969
1.64759
1.66783
1.68556
1.70663
1.72714
1.74703
1.77119
1.76132
1.73019
1.64999
1.48678
1.34063
1.18885
1.18513
1.19369
1.20911
1.23091
1.25778
1.2884
1.32217
1.3571
1.39319
1.42889
1.46371
1.49676
1.52848
1.55925
1.58976
1.61997
1.6478
1.67441
1.70446
1.73259
1.75343
1.77481
1.79738
1.81952
1.83294
1.83925
1.83001
1.80741
1.7565
1.67682
1.55108
1.45975
1.359
1.37107
1.39081
1.40607
1.4064
1.40548
1.40578
1.4074
1.4091
1.41321
1.41763
1.42228
1.42758
1.43357
1.44013
1.44717
1.45383
1.46022
1.46599
1.47146
1.47675
1.48223
1.48785
1.49356
1.4995
1.50565
1.51176
1.51797
1.52412
1.52995
1.5355
1.54094
1.54636
1.55186
1.55754
1.56366
1.57067
1.57976
1.58947
1.17828
1.20431
1.2359
1.27075
1.30255
1.33568
1.35762
1.3802
1.40469
1.43122
1.4569
1.48381
1.51371
1.54754
1.58024
1.61539
1.63586
1.65476
1.67412
1.69544
1.72065
1.74208
1.74362
1.71951
1.6532
1.53011
1.35701
1.21051
1.17747
1.18305
1.19179
1.20471
1.22189
1.24338
1.26915
1.29864
1.33085
1.36502
1.39941
1.43384
1.46801
1.50077
1.53298
1.56521
1.59517
1.62421
1.65479
1.68724
1.70821
1.73295
1.75932
1.7868
1.81494
1.83878
1.86411
1.87002
1.87112
1.86371
1.82697
1.7643
1.67268
1.54955
1.4385
1.40086
1.41288
1.42822
1.44669
1.44511
1.44354
1.44307
1.4432
1.44674
1.45161
1.45692
1.46236
1.46824
1.47426
1.47985
1.48573
1.49157
1.4968
1.50174
1.50681
1.51213
1.51774
1.52367
1.52988
1.53612
1.54242
1.54836
1.5539
1.55915
1.56427
1.56948
1.57483
1.58046
1.5866
1.59374
1.60311
1.61322
1.20401
1.22576
1.25289
1.28517
1.31615
1.34714
1.36823
1.38538
1.40665
1.4307
1.45543
1.48012
1.50711
1.53777
1.56958
1.60402
1.6329
1.64651
1.66641
1.68732
1.71361
1.71605
1.69941
1.64554
1.53709
1.3685
1.2222
1.17609
1.18072
1.18679
1.19448
1.20488
1.21881
1.23715
1.25971
1.28602
1.31504
1.34641
1.37918
1.41276
1.44681
1.48037
1.51413
1.5459
1.575
1.60727
1.63957
1.66521
1.69394
1.72178
1.75095
1.77438
1.79903
1.82762
1.85401
1.88097
1.90683
1.9136
1.90755
1.88693
1.83675
1.761
1.63769
1.54363
1.43271
1.44496
1.45887
1.47284
1.48743
1.4836
1.4799
1.47868
1.48026
1.48539
1.49063
1.49671
1.50226
1.50771
1.51379
1.51942
1.52522
1.52961
1.53403
1.53872
1.54374
1.54928
1.55535
1.56163
1.56781
1.57349
1.57871
1.58379
1.58891
1.59415
1.59961
1.6054
1.61174
1.61911
1.62875
1.63925
1.23117
1.24928
1.27138
1.30023
1.33085
1.35887
1.38345
1.39512
1.41281
1.43441
1.45671
1.47895
1.50273
1.53115
1.5628
1.5965
1.62639
1.64468
1.66686
1.68575
1.69615
1.68084
1.63398
1.53645
1.37335
1.22517
1.17069
1.17966
1.18605
1.193
1.20084
1.21045
1.22285
1.23879
1.25842
1.28157
1.30811
1.33733
1.36833
1.40058
1.43374
1.46752
1.50122
1.53054
1.56374
1.59732
1.62549
1.65539
1.68553
1.71458
1.74307
1.76829
1.79369
1.82005
1.8474
1.87736
1.90622
1.93987
1.94299
1.94362
1.92588
1.89521
1.84268
1.76264
1.64359
1.55368
1.47024
1.48296
1.50246
1.52
1.52054
1.51738
1.51588
1.51647
1.52062
1.52662
1.53285
1.53829
1.54325
1.54848
1.55363
1.55869
1.5633
1.56731
1.57135
1.57606
1.58149
1.58774
1.59374
1.59971
1.60497
1.61006
1.61522
1.62055
1.62616
1.63215
1.63871
1.64631
1.65622
1.66699
1.24937
1.266
1.28752
1.31333
1.34451
1.37166
1.40222
1.41053
1.42406
1.44254
1.46482
1.48327
1.50339
1.52813
1.55842
1.59058
1.61615
1.64489
1.66453
1.68017
1.66631
1.62546
1.53674
1.37668
1.23307
1.15625
1.17155
1.18324
1.19513
1.20315
1.21197
1.22217
1.23442
1.24913
1.2669
1.28756
1.3113
1.33745
1.36574
1.39607
1.42831
1.46087
1.49108
1.52335
1.55552
1.58872
1.61965
1.65124
1.6789
1.70755
1.73638
1.76389
1.78979
1.81593
1.84503
1.87367
1.90472
1.93101
1.95148
1.97079
1.96928
1.96756
1.95594
1.91517
1.85229
1.75932
1.64424
1.52729
1.52455
1.52968
1.54057
1.55328
1.5521
1.55146
1.55162
1.55534
1.56109
1.56833
1.57476
1.58006
1.58375
1.58716
1.5907
1.59349
1.59696
1.60135
1.60677
1.61321
1.61948
1.62551
1.63122
1.63662
1.64209
1.64767
1.65348
1.65959
1.66621
1.6738
1.68373
1.69444
1.27881
1.29008
1.3071
1.3282
1.35702
1.38429
1.41446
1.4307
1.43929
1.45538
1.47613
1.49594
1.51099
1.53069
1.55748
1.58356
1.61432
1.64335
1.66302
1.65195
1.61736
1.53741
1.3799
1.25726
1.14299
1.15898
1.17535
1.19036
1.20368
1.21472
1.22579
1.23742
1.25008
1.26409
1.27992
1.29794
1.31846
1.34174
1.36764
1.39592
1.42562
1.45626
1.48941
1.52258
1.55431
1.58491
1.61603
1.64756
1.6761
1.70426
1.73253
1.75935
1.78613
1.813
1.84132
1.86976
1.89662
1.91889
1.94258
1.96572
1.98619
2.00793
2.0017
1.99458
1.96972
1.92931
1.85968
1.73817
1.64802
1.54764
1.5557
1.56699
1.57741
1.5897
1.58998
1.59075
1.59318
1.59676
1.60326
1.60856
1.61277
1.61427
1.61651
1.6193
1.62309
1.62788
1.63356
1.64027
1.64678
1.65327
1.65908
1.66459
1.6701
1.67572
1.68157
1.68767
1.69418
1.70165
1.71149
1.72209
1.31884
1.30643
1.3232
1.34376
1.36931
1.39774
1.42239
1.45087
1.45782
1.47179
1.49028
1.51257
1.52635
1.54077
1.56127
1.58594
1.61415
1.6434
1.63967
1.60826
1.53398
1.3874
1.25939
1.13715
1.14749
1.16291
1.17933
1.19655
1.21225
1.22728
1.23999
1.25283
1.26614
1.28026
1.29571
1.31286
1.33222
1.35381
1.37784
1.40389
1.43212
1.46196
1.49362
1.52557
1.55601
1.58723
1.61859
1.64962
1.67799
1.70594
1.73352
1.76136
1.78791
1.81447
1.84185
1.86874
1.89494
1.92052
1.9426
1.9639
1.98449
2.00319
2.01804
2.02768
2.02808
2.02695
1.99119
1.9424
1.85731
1.73327
1.61793
1.5778
1.58306
1.60034
1.61286
1.625
1.62439
1.62457
1.62569
1.63016
1.63469
1.63964
1.64263
1.646
1.64936
1.65278
1.65749
1.66408
1.67072
1.67763
1.68376
1.68926
1.69483
1.70057
1.70664
1.71302
1.71986
1.72769
1.73792
1.74918
1.37812
1.34188
1.34381
1.35945
1.37991
1.40855
1.43407
1.46461
1.47699
1.48924
1.50654
1.52826
1.544
1.55529
1.57314
1.59476
1.62102
1.62196
1.59538
1.52968
1.39707
1.2622
1.13481
1.1421
1.1535
1.16862
1.18671
1.20509
1.22363
1.24172
1.2588
1.27492
1.2894
1.30436
1.32014
1.33708
1.35552
1.37566
1.39756
1.42139
1.44682
1.47393
1.50234
1.53204
1.56222
1.59269
1.62275
1.65228
1.68092
1.708
1.73456
1.7613
1.78769
1.81453
1.84052
1.86707
1.89288
1.91921
1.94061
1.95918
1.97811
1.99688
2.01957
2.04214
2.05306
2.06249
2.06188
2.05475
2.02137
1.94946
1.82117
1.72545
1.60988
1.61672
1.62678
1.63865
1.65306
1.65688
1.6571
1.65712
1.66055
1.66479
1.66911
1.67212
1.67502
1.6782
1.68272
1.68906
1.69584
1.70233
1.70884
1.71403
1.71952
1.72514
1.73135
1.73808
1.74528
1.75357
1.76442
1.77659
1.51208
1.41618
1.38389
1.39035
1.40468
1.42517
1.45069
1.47429
1.50008
1.50786
1.5224
1.5407
1.56207
1.57168
1.58757
1.60111
1.61572
1.58885
1.52631
1.40846
1.2668
1.13535
1.14164
1.15211
1.16632
1.1835
1.20231
1.22181
1.24197
1.26277
1.28226
1.3007
1.31662
1.33208
1.34792
1.36433
1.38164
1.40001
1.41984
1.44099
1.46382
1.48803
1.51385
1.54089
1.56882
1.59755
1.62604
1.65472
1.68262
1.70963
1.73613
1.76078
1.78526
1.81038
1.83648
1.86446
1.89063
1.91664
1.93633
1.95488
1.9746
1.99425
2.01381
2.03174
2.05293
2.07701
2.09437
2.10511
2.10484
2.07546
2.01523
1.92844
1.80327
1.70412
1.63703
1.64177
1.66109
1.67295
1.68705
1.68958
1.69008
1.69207
1.69444
1.6967
1.70013
1.70415
1.70954
1.71525
1.72149
1.7281
1.73463
1.73993
1.74541
1.7509
1.75704
1.76388
1.77135
1.77986
1.79108
1.80353
1.83903
1.44689
1.42795
1.41205
1.42608
1.44179
1.46332
1.48473
1.51142
1.52254
1.53508
1.5513
1.57235
1.58156
1.59448
1.60144
1.57986
1.52441
1.4162
1.27182
1.13553
1.1416
1.15217
1.16853
1.18513
1.203
1.22121
1.24047
1.26101
1.28293
1.30383
1.32375
1.34203
1.35854
1.37451
1.39074
1.40728
1.42447
1.44251
1.46162
1.48195
1.50365
1.52678
1.55129
1.57701
1.60378
1.63103
1.6584
1.68534
1.71226
1.7376
1.76295
1.78787
1.81323
1.8403
1.86621
1.89242
1.91676
1.93772
1.95748
1.97682
1.99669
2.01421
2.03194
2.0526
2.07934
2.10288
2.13321
2.13523
2.13308
2.11308
2.07238
2.00846
1.8994
1.78569
1.67411
1.67463
1.67926
1.69673
1.70983
1.72394
1.72373
1.72255
1.72302
1.7244
1.72665
1.73254
1.73924
1.7465
1.75336
1.75976
1.76572
1.77195
1.77767
1.78424
1.79151
1.79988
1.80819
1.81948
1.8317
2.13652
1.66506
1.47969
1.4463
1.44822
1.46024
1.47591
1.49672
1.51751
1.53778
1.54699
1.56287
1.58186
1.59335
1.59488
1.57279
1.51706
1.41349
1.2693
1.13324
1.13901
1.14999
1.1692
1.18719
1.20467
1.22249
1.24097
1.26048
1.28113
1.30242
1.32408
1.34479
1.36442
1.38292
1.39998
1.41646
1.433
1.44969
1.46685
1.48467
1.50341
1.52325
1.54424
1.56649
1.58991
1.6144
1.63948
1.66484
1.69021
1.71526
1.7398
1.76434
1.78917
1.81506
1.84034
1.86536
1.89125
1.91662
1.93695
1.95691
1.97497
1.99243
2.01112
2.03078
2.05177
2.07401
2.10157
2.12374
2.14613
2.16047
2.15705
2.15122
2.11721
2.07274
1.99778
1.87494
1.7874
1.69584
1.70141
1.71899
1.73162
1.746
1.75235
1.75141
1.75127
1.75097
1.75509
1.76353
1.77112
1.77969
1.78646
1.79327
1.80076
1.80673
1.81327
1.82009
1.82731
1.83467
1.84499
1.85627
2.36361
2.00009
1.57729
1.47972
1.46273
1.4742
1.48773
1.50799
1.52799
1.5535
1.55949
1.57366
1.58603
1.5962
1.57004
1.51222
1.40726
1.26223
1.12403
1.13088
1.14408
1.16606
1.18685
1.2039
1.22167
1.24036
1.25985
1.27983
1.30013
1.32067
1.34174
1.36333
1.38447
1.4047
1.42368
1.44105
1.45773
1.47413
1.49057
1.50738
1.52473
1.54284
1.56189
1.58193
1.60292
1.62479
1.64739
1.67053
1.69397
1.7174
1.741
1.76438
1.78818
1.81285
1.8381
1.86439
1.88992
1.91495
1.93465
1.95481
1.97304
1.99165
2.01051
2.03018
2.0508
2.07365
2.09515
2.11715
2.14125
2.16005
2.18011
2.17781
2.17164
2.16224
2.13025
2.06619
1.96847
1.85768
1.75438
1.73951
1.73721
1.75489
1.76547
1.77813
1.7799
1.78069
1.78179
1.78733
1.79562
1.80334
1.81171
1.8195
1.82566
1.83191
1.83812
1.84463
1.85181
1.85945
1.86952
1.88016
2.79903
2.25631
1.89699
1.5325
1.49648
1.48216
1.49508
1.51175
1.53396
1.55509
1.58122
1.58707
1.5891
1.56817
1.51236
1.40448
1.25423
1.10779
1.11509
1.13044
1.15596
1.18063
1.19838
1.21682
1.23622
1.25674
1.27731
1.29804
1.31858
1.33941
1.36051
1.38184
1.40325
1.42412
1.4442
1.46318
1.48074
1.49765
1.51359
1.52961
1.54592
1.56271
1.58019
1.59845
1.61763
1.63756
1.65827
1.67957
1.70133
1.72337
1.74571
1.76832
1.79153
1.81561
1.84127
1.86694
1.89206
1.91399
1.93539
1.95425
1.97371
1.99342
2.01112
2.02976
2.05024
2.0726
2.09387
2.11645
2.13693
2.15539
2.17357
2.18867
2.20285
2.20103
2.19571
2.17546
2.12629
2.05853
1.94305
1.85736
1.76228
1.76887
1.77606
1.79156
1.80401
1.81227
1.81326
1.81621
1.8215
1.82969
1.83818
1.84574
1.85241
1.85722
1.86324
1.87035
1.87717
1.88545
1.89496
1.90514
2.86253
2.65047
2.14851
1.73751
1.54791
1.51388
1.50806
1.52065
1.53756
1.56202
1.58635
1.59745
1.57084
1.51014
1.39979
1.24532
1.09513
1.10353
1.11967
1.14699
1.17257
1.19124
1.21035
1.23042
1.25164
1.27305
1.29454
1.31526
1.33604
1.35683
1.3777
1.39871
1.41977
1.44075
1.46143
1.48158
1.50038
1.51789
1.53411
1.54978
1.56567
1.58191
1.59858
1.61577
1.63346
1.65162
1.67022
1.68926
1.70875
1.72878
1.74947
1.771
1.79347
1.81774
1.84258
1.86725
1.89119
1.91308
1.93364
1.95361
1.97274
1.99148
2.01058
2.02998
2.0508
2.07354
2.09525
2.11832
2.13427
2.15055
2.16652
2.18424
2.20127
2.21577
2.22707
2.23013
2.22167
2.18609
2.1312
2.05338
1.94222
1.85262
1.80629
1.80982
1.81963
1.83073
1.84417
1.8493
1.85415
1.86041
1.86789
1.87337
1.87911
1.88493
1.89035
1.89602
1.90251
1.91051
1.92064
1.93094
2.95129
2.79194
2.42362
2.10896
1.67766
1.57292
1.5425
1.53892
1.55675
1.5738
1.592
1.56926
1.5111
1.39575
1.23333
1.07619
1.08748
1.10823
1.13711
1.16456
1.18182
1.20065
1.22101
1.24296
1.26526
1.28763
1.30909
1.32998
1.35072
1.37129
1.39195
1.41273
1.43363
1.45457
1.47535
1.49609
1.51636
1.53515
1.55247
1.56859
1.58444
1.60057
1.61701
1.63364
1.65046
1.66752
1.68481
1.70228
1.72014
1.73864
1.75793
1.77824
1.79968
1.82288
1.84696
1.87089
1.89442
1.91641
1.9371
1.95707
1.97631
1.99578
2.01512
2.03478
2.05489
2.07655
2.09794
2.11817
2.13792
2.15515
2.17121
2.18846
2.2062
2.22738
2.24501
2.26721
2.263
2.2529
2.24432
2.20712
2.13998
2.02782
1.9469
1.85436
1.85271
1.85022
1.86251
1.87493
1.89232
1.89623
1.90033
1.90412
1.90792
1.91218
1.91784
1.9235
1.92971
1.93678
1.94695
1.95712
3.0013
2.9173
2.80432
2.33911
2.01567
1.63437
1.57978
1.55968
1.5749
1.58306
1.56208
1.50131
1.38196
1.21365
1.05322
1.06728
1.09448
1.12617
1.15764
1.17308
1.19037
1.20941
1.2305
1.2532
1.27582
1.29847
1.32057
1.34204
1.36323
1.38402
1.40478
1.4256
1.4465
1.46751
1.48847
1.50947
1.53045
1.55028
1.5691
1.58591
1.60204
1.61863
1.6355
1.6521
1.66883
1.68475
1.7006
1.71663
1.73309
1.75019
1.76814
1.78719
1.80746
1.82959
1.8526
1.87555
1.89842
1.91995
1.94082
1.96067
1.98038
2.00025
2.02016
2.0401
2.0604
2.08056
2.10183
2.12291
2.14181
2.16109
2.17768
2.1945
2.21129
2.22843
2.24431
2.26256
2.27874
2.29734
2.29373
2.28607
2.25645
2.22028
2.14805
2.03732
1.95904
1.87959
1.886
1.89522
1.91144
1.92556
1.93972
1.94146
1.94282
1.94547
1.9486
1.95525
1.96168
1.96885
1.97852
1.98695
3.00726
3.01084
2.86094
2.79084
2.2941
1.90566
1.6423
1.59724
1.59328
1.56256
1.49498
1.36489
1.18786
1.02071
1.03984
1.07695
1.11114
1.14552
1.15966
1.17552
1.19348
1.2137
1.23623
1.25923
1.28252
1.30575
1.32866
1.35079
1.37239
1.39363
1.41484
1.43612
1.45752
1.47902
1.50059
1.52213
1.54397
1.56482
1.58496
1.60313
1.62066
1.63854
1.65675
1.67433
1.6916
1.70694
1.72226
1.73784
1.75376
1.77028
1.78763
1.80607
1.82587
1.84743
1.86927
1.89137
1.91341
1.93464
1.95517
1.97562
1.99596
2.01686
2.03731
2.05743
2.07724
2.09694
2.11635
2.13547
2.1541
2.17185
2.1881
2.20382
2.21857
2.23213
2.24529
2.25791
2.27223
2.28531
2.29715
2.30956
2.30151
2.28742
2.2644
2.20036
2.09254
2.01491
1.91676
1.91077
1.91381
1.92979
1.94246
1.95521
1.96509
1.97051
1.97663
1.98269
1.99084
1.99885
2.00948
2.01826
3.01149
3.01007
2.96622
2.85767
2.60203
2.16741
1.7979
1.64743
1.59773
1.51123
1.36327
1.1719
0.998692
1.02359
1.06755
1.10519
1.14083
1.15351
1.16784
1.18439
1.20338
1.22466
1.24723
1.27072
1.29474
1.31878
1.34265
1.366
1.38865
1.41089
1.43301
1.45503
1.47703
1.49905
1.52117
1.54318
1.56556
1.58742
1.60868
1.62866
1.64723
1.66599
1.68599
1.70502
1.72419
1.7399
1.75463
1.76962
1.78515
1.80146
1.81865
1.83685
1.85652
1.87689
1.89749
1.91837
1.93882
1.95881
1.97863
1.99805
2.01702
2.03573
2.05431
2.07235
2.08783
2.10294
2.11795
2.13269
2.147
2.15947
2.17255
2.18504
2.1971
2.20811
2.21918
2.22976
2.2414
2.25365
2.26873
2.28723
2.2945
2.29989
2.29313
2.28006
2.22633
2.15873
2.05489
1.98126
1.90716
1.91803
1.92858
1.94823
1.96539
1.98331
1.9931
2.00215
2.01178
2.02088
2.03364
2.04414
3.01242
3.01169
3.00546
2.94601
2.80935
2.46707
2.16402
1.79165
1.57396
1.37523
1.15612
0.96198
0.996152
1.05343
1.09714
1.13701
1.14914
1.16273
1.17838
1.19621
1.21605
1.23746
1.25998
1.2835
1.30762
1.33208
1.35639
1.38057
1.40431
1.42796
1.45152
1.47487
1.49817
1.52135
1.54473
1.56812
1.59177
1.61535
1.63829
1.66014
1.68095
1.70167
1.72343
1.74463
1.76518
1.78208
1.79652
1.81098
1.82547
1.84025
1.85494
1.87066
1.8871
1.90357
1.91998
1.93586
1.95103
1.96618
1.98068
1.99506
2.00954
2.02412
2.03814
2.05124
2.06322
2.07553
2.08823
2.10169
2.11393
2.12555
2.13835
2.1517
2.16632
2.17896
2.19095
2.20327
2.2155
2.22899
2.24336
2.25832
2.2759
2.29071
2.30882
2.29979
2.28291
2.24344
2.18877
2.0904
2.01915
1.93416
1.92817
1.93567
1.95181
1.97096
1.98838
2.00755
2.01937
2.03152
2.04806
2.06321
3.01262
3.01246
3.0102
3.00104
2.91253
2.81117
2.43119
2.06468
1.62976
1.21078
0.999653
1.04977
1.09431
1.13844
1.15746
1.17372
1.18304
1.19461
1.20914
1.22641
1.24576
1.267
1.28982
1.31392
1.33907
1.36456
1.39056
1.41655
1.44264
1.46857
1.4943
1.51969
1.5446
1.56892
1.59227
1.61446
1.63656
1.6579
1.67825
1.69721
1.71437
1.73141
1.74933
1.76678
1.78328
1.79781
1.80769
1.81717
1.82729
1.83765
1.84899
1.86192
1.87509
1.88885
1.90178
1.91361
1.92578
1.93809
1.95054
1.96329
1.97662
1.99016
2.00356
2.01744
2.02918
2.04189
2.05489
2.06864
2.08212
2.09458
2.10816
2.12216
2.13806
2.15126
2.1626
2.17441
2.18642
2.19983
2.21329
2.22642
2.24041
2.25608
2.26755
2.28173
2.27127
2.25873
2.23229
2.18466
2.11018
2.04441
1.96783
1.91655
1.92553
1.93976
1.95896
1.97781
1.99448
2.01397
2.0345
2.03941
3.01265
3.01267
3.01378
3.00831
3.01173
2.81888
2.60358
1.93241
1.32233
0.887822
0.958216
1.06505
1.14761
1.19342
1.20388
1.21555
1.22919
1.2445
1.26101
1.27908
1.29926
1.32031
1.34255
1.36535
1.38846
1.41133
1.43374
1.45581
1.47735
1.49851
1.51897
1.5384
1.55721
1.5757
1.59383
1.61156
1.62908
1.64628
1.66337
1.67933
1.69438
1.70967
1.72565
1.74288
1.7585
1.77342
1.78349
1.79291
1.80295
1.81361
1.82526
1.8376
1.85024
1.86209
1.87304
1.88391
1.89489
1.90618
1.9176
1.92924
1.94115
1.953
1.96503
1.97749
1.98837
1.99968
2.01107
2.02361
2.03546
2.04502
2.05654
2.0678
2.08026
2.09052
2.09938
2.10837
2.11757
2.1279
2.1381
2.14924
2.15763
2.16638
2.17631
2.188
2.19531
2.20452
2.19535
2.16989
2.14052
2.09472
2.0066
1.93886
1.87592
1.89083
1.90803
1.93183
1.95623
1.98096
1.98868
1.99313
3.01264
3.01259
3.01213
3.00865
2.97422
2.81735
2.29969
1.3807
0.500635
0.565971
0.700774
0.832415
0.921433
0.989041
1.03546
1.07364
1.10589
1.13809
1.16832
1.19611
1.22262
1.24849
1.2738
1.2989
1.32378
1.34873
1.37354
1.39773
1.4212
1.44425
1.46667
1.48833
1.50921
1.52922
1.54862
1.56707
1.58498
1.60254
1.61905
1.63526
1.65008
1.66466
1.67965
1.6956
1.70979
1.72376
1.7329
1.74127
1.75004
1.75937
1.76993
1.78011
1.79084
1.79924
1.80692
1.81464
1.8227
1.83069
1.83856
1.84674
1.85493
1.86237
1.8704
1.87969
1.88797
1.89677
1.9055
1.91454
1.92324
1.93212
1.94194
1.9529
1.96378
1.97499
1.98565
1.99616
2.00728
2.01948
2.0318
2.04348
2.05542
2.06614
2.07755
2.09003
2.10687
2.12086
2.13396
2.13336
2.10731
2.08408
2.04554
1.9533
1.89139
1.83122
1.84451
1.86469
1.88785
1.9058
1.91625
1.90414
3.01264
3.01262
3.0123
3.00977
2.98048
2.84553
2.33751
1.35021
0.336611
0.388363
0.444848
0.512832
0.591039
0.669632
0.742691
0.807713
0.864989
0.916659
0.964627
1.00546
1.04374
1.08102
1.11453
1.14601
1.1756
1.20409
1.23131
1.25807
1.28328
1.307
1.32963
1.35086
1.37107
1.39003
1.40828
1.42555
1.44223
1.45805
1.47302
1.48695
1.50041
1.51393
1.5278
1.54227
1.55569
1.56854
1.57874
1.58821
1.59789
1.60828
1.61963
1.63031
1.64089
1.64906
1.65699
1.66515
1.67356
1.68211
1.69076
1.70007
1.7095
1.71906
1.72951
1.74084
1.7519
1.76384
1.7765
1.7896
1.80302
1.81684
1.83103
1.84607
1.8615
1.87736
1.89246
1.90774
1.92341
1.93897
1.9546
1.97049
1.98457
1.99936
2.01419
2.02966
2.04618
2.068
2.08556
2.10296
2.10358
2.08401
2.05965
2.02028
1.92881
1.86576
1.79091
1.79524
1.80718
1.79793
1.78338
1.73583
3.01264
3.01262
3.01215
3.0096
2.9766
2.83259
2.29694
1.28605
0.278755
0.40656
0.438078
0.466341
0.499313
0.536116
0.573421
0.611369
0.650484
0.690798
0.731592
0.771997
0.811207
0.849288
0.886052
0.920834
0.954555
0.986626
1.01838
1.04858
1.07841
1.10709
1.13456
1.16074
1.18599
1.21011
1.23345
1.25576
1.27728
1.29796
1.3177
1.33678
1.35527
1.37361
1.39213
1.41085
1.42878
1.4458
1.46087
1.4748
1.48874
1.50329
1.51774
1.53164
1.54373
1.55397
1.56424
1.57435
1.58459
1.59496
1.60561
1.61691
1.62817
1.63998
1.65256
1.66577
1.67962
1.69422
1.7095
1.72519
1.7413
1.75782
1.77484
1.7927
1.81065
1.82881
1.84687
1.86472
1.8827
1.90044
1.9181
1.93514
1.95156
1.96815
1.98437
2.00115
2.01861
2.03685
2.06004
2.07909
2.09792
2.09811
2.08138
2.05508
2.01456
1.9196
1.84256
1.78367
1.7493
1.69784
1.61981
1.52558
3.01264
3.01263
3.01218
3.00982
2.97851
2.84047
2.32104
1.31232
0.316784
0.427856
0.442076
0.457564
0.482613
0.515218
0.548502
0.580846
0.612775
0.645065
0.678194
0.711904
0.745444
0.778648
0.81167
0.844631
0.877325
0.909609
0.941328
0.972661
1.00334
1.03352
1.06275
1.09113
1.11834
1.14446
1.16964
1.19385
1.21729
1.24002
1.26171
1.28289
1.30334
1.3235
1.34366
1.36378
1.38327
1.40166
1.41844
1.43421
1.44979
1.46589
1.48126
1.49623
1.50836
1.5196
1.53022
1.54064
1.55118
1.56188
1.57288
1.58436
1.5962
1.60863
1.62183
1.63573
1.65037
1.66575
1.682
1.69876
1.71595
1.73341
1.75123
1.7697
1.78861
1.80772
1.82687
1.84597
1.865
1.88348
1.902
1.91902
1.93645
1.95287
1.96993
1.98771
2.00586
2.02415
2.04265
2.06666
2.08648
2.10907
2.10478
2.09222
2.06422
2.02007
1.93462
1.82413
1.71716
1.6007
1.50373
1.39549
3.01264
3.01262
3.01216
3.00973
2.97759
2.83663
2.30935
1.29524
0.295051
0.427195
0.442932
0.456974
0.479719
0.509151
0.539441
0.569361
0.59956
0.630857
0.663463
0.696815
0.730003
0.762854
0.795481
0.828037
0.86044
0.892563
0.924362
0.955935
0.987096
1.01766
1.04747
1.07626
1.10397
1.13055
1.15615
1.18079
1.20459
1.22762
1.24956
1.27101
1.29172
1.31212
1.33253
1.35288
1.37265
1.39129
1.40859
1.42483
1.44089
1.45742
1.47299
1.48808
1.50021
1.51142
1.52225
1.53254
1.54302
1.55373
1.56475
1.57623
1.58811
1.60062
1.61388
1.62789
1.64264
1.65819
1.67455
1.6915
1.70896
1.72672
1.74492
1.76385
1.78309
1.80248
1.82178
1.84111
1.86038
1.87944
1.89733
1.91529
1.93239
1.94971
1.967
1.9847
2.00329
2.02198
2.04024
2.05934
2.08267
2.10255
2.12181
2.11592
2.09099
2.05805
1.96542
1.83556
1.65349
1.51238
1.36222
1.36458
)
;

boundaryField
{
    inlet
    {
        type            calculated;
        value           uniform 3.01265;
    }
    outlet
    {
        type            calculated;
        value           nonuniform List<scalar> 
40
(
0.975847
1.18102
1.30896
1.39561
1.4494
1.47861
1.49365
1.50272
1.51078
1.51965
1.5301
1.5404
1.5538
1.56939
1.58947
1.61322
1.63925
1.66699
1.69444
1.72209
1.74918
1.77659
1.80353
1.8317
1.85627
1.88016
1.90514
1.93094
1.95712
1.98695
2.01826
2.04414
2.06321
2.03941
1.99313
1.90414
1.73583
1.52558
1.39549
1.36458
)
;
    }
    bottom
    {
        type            symmetryPlane;
    }
    top
    {
        type            symmetryPlane;
    }
    obstacle
    {
        type            calculated;
        value           nonuniform List<scalar> 
110
(
0.0244828
0.0658684
0.108265
0.150984
0.196869
0.246157
0.302099
0.374656
0.463542
0.642464
0.8428
0.376447
0.354254
0.263722
0.359444
0.278927
0.411041
0.599006
0.735138
0.795654
0.808745
0.802008
0.799105
0.809798
0.860267
0.916302
0.958341
0.979466
0.986131
0.980893
0.976404
0.974459
0.974447
0.978059
0.981602
0.986802
0.992192
0.996186
0.998624
0.999713
0.998802
0.986093
0.972494
0.939132
0.896177
0.84575
0.79389
0.732965
0.668996
0.603873
0.541473
0.476873
0.412535
0.347234
0.2855
0.23327
0.197356
0.137582
0.0806767
0.0359765
0.0300727
0.0730563
0.120888
0.164649
0.207192
0.246565
0.283124
0.317979
0.350725
0.381352
0.410356
0.437871
0.464041
0.48889
0.512694
0.535365
0.557039
0.577756
0.597446
0.616424
0.634549
0.652272
0.669248
0.685817
0.701552
0.716888
0.731453
0.745762
0.759571
0.773197
0.786407
0.799432
0.811899
0.824174
0.835764
0.84719
0.858032
0.868718
0.878917
0.888954
0.898518
0.907933
0.91682
0.925564
0.934012
0.942401
0.950996
0.960384
0.968174
0.975847
)
;
    }
    defaultFaces
    {
        type            empty;
    }
}


// ************************************************************************* //
