/*--------------------------------*- C++ -*----------------------------------*\
| =========                 |                                                 |
| \\      /  F ield         | OpenFOAM: The Open Source CFD Toolbox           |
|  \\    /   O peration     | Version:  v2106                                 |
|   \\  /    A nd           | Website:  www.openfoam.com                      |
|    \\/     M anipulation  |                                                 |
\*---------------------------------------------------------------------------*/
FoamFile
{
    version     2.0;
    format      ascii;
    arch        "LSB;label=32;scalar=64";
    class       volScalarField;
    location    "18";
    object      psi;
}
// * * * * * * * * * * * * * * * * * * * * * * * * * * * * * * * * * * * * * //

dimensions      [0 -2 2 0 0 0 0];

internalField   nonuniform List<scalar> 
5250
(
1.40845
1.40845
1.40845
1.40845
1.40845
1.40845
1.40845
1.40845
1.40844
1.40831
1.40721
1.39761
1.32398
1.04656
0.678919
0.491517
0.587972
0.607719
0.596424
0.597472
0.596403
0.594249
0.594321
0.595279
0.596716
1.40845
1.40845
1.40845
1.40845
1.40845
1.40845
1.40845
1.40845
1.40844
1.40832
1.40725
1.39794
1.3261
1.05141
0.683244
0.489672
0.59068
0.610567
0.598691
0.59956
0.598233
0.59554
0.595473
0.596266
0.597564
1.40845
1.40845
1.40845
1.40845
1.40845
1.40845
1.40845
1.40845
1.40844
1.40832
1.40733
1.39865
1.33073
1.06236
0.692947
0.483564
0.595141
0.615742
0.603183
0.60348
0.601792
0.598661
0.598136
0.598751
0.599928
1.40845
1.40845
1.40845
1.40845
1.40845
1.40845
1.40845
1.40845
1.40844
1.40834
1.40743
1.39962
1.33733
1.07881
0.70809
0.469374
0.596283
0.620894
0.609002
0.609089
0.606784
0.60289
0.601351
0.601659
0.602522
1.40845
1.40845
1.40845
1.40845
1.40845
1.40845
1.40845
1.40845
1.40844
1.40835
1.40755
1.40076
1.34567
1.10153
0.728672
0.461572
0.587603
0.617849
0.608491
0.611738
0.611453
0.609133
0.606122
0.60567
0.606144
1.40845
1.40845
1.40845
1.40845
1.40845
1.40845
1.40845
1.40845
1.40844
1.40837
1.40773
1.40226
1.35489
1.1288
0.753785
0.456774
0.574173
0.609792
0.604201
0.609521
0.611879
0.611759
0.610741
0.610348
0.610943
1.40845
1.40845
1.40845
1.40845
1.40845
1.40845
1.40845
1.40845
1.40844
1.40839
1.40791
1.40362
1.36449
1.16117
0.786747
0.448312
0.553472
0.595906
0.595774
0.60451
0.610648
0.616203
0.61663
0.616133
0.61753
1.40845
1.40845
1.40845
1.40845
1.40845
1.40845
1.40845
1.40845
1.40845
1.4084
1.40799
1.40434
1.37168
1.18845
0.822634
0.452582
0.546313
0.580785
0.584816
0.596198
0.607845
0.616027
0.62257
0.623597
0.628135
1.40845
1.40845
1.40845
1.40845
1.40845
1.40845
1.40845
1.40845
1.40845
1.40841
1.40809
1.40523
1.37933
1.22089
0.864161
0.467292
0.549932
0.567905
0.572087
0.583935
0.601604
0.615995
0.631115
0.63289
0.646176
1.40845
1.40845
1.40845
1.40845
1.40845
1.40845
1.40845
1.40845
1.40845
1.40842
1.40816
1.40587
1.38458
1.24738
0.911503
0.492325
0.565453
0.566075
0.56904
0.576626
0.591163
0.611172
0.635415
0.64477
0.689706
1.40845
1.40845
1.40845
1.40845
1.40845
1.40845
1.40845
1.40845
1.40845
1.40843
1.40824
1.40655
1.39123
1.28534
0.965929
0.520296
0.558139
0.57841
0.57789
0.578679
0.587857
0.607885
0.641706
0.682681
0.790426
1.40845
1.40845
1.40845
1.40845
1.40845
1.40845
1.40845
1.40845
1.40845
1.40844
1.40832
1.40725
1.39794
1.32348
1.02598
0.558221
0.544698
0.594155
0.592836
0.586735
0.589781
0.604012
0.635828
0.677225
0.827324
1.40845
1.40845
1.40845
1.40845
1.40845
1.40845
1.40845
1.40845
1.40845
1.40844
1.40836
1.40761
1.40127
1.34876
1.10957
0.721659
0.522072
0.623422
0.615004
0.600072
0.597044
0.60609
0.632558
0.668946
0.809682
1.40845
1.40845
1.40845
1.40845
1.40845
1.40845
1.40845
1.40845
1.40845
1.40844
1.4084
1.40796
1.40409
1.36871
1.17576
0.803998
0.489781
0.620495
0.629587
0.617724
0.607873
0.613721
0.63427
0.665777
0.773602
1.40845
1.40845
1.40845
1.40845
1.40845
1.40845
1.40845
1.40845
1.40845
1.40845
1.40841
1.4081
1.40543
1.38129
1.23213
0.888213
0.488881
0.614164
0.628685
0.632511
0.624206
0.625871
0.638806
0.663508
0.730914
1.40845
1.40845
1.40845
1.40845
1.40845
1.40845
1.40845
1.40845
1.40845
1.40845
1.40843
1.40823
1.40658
1.39201
1.2934
0.978042
0.512292
0.575018
0.63856
0.65768
0.650925
0.642155
0.647698
0.665572
0.710125
1.40845
1.40845
1.40845
1.40845
1.40845
1.40845
1.40845
1.40845
1.40845
1.40845
1.40844
1.40837
1.40766
1.40152
1.34924
1.08282
0.602659
0.532044
0.630185
0.658686
0.657552
0.654407
0.658835
0.671403
0.703129
1.40845
1.40845
1.40845
1.40845
1.40845
1.40845
1.40845
1.40845
1.40845
1.40845
1.40844
1.40839
1.40793
1.40397
1.36986
1.18085
0.806852
0.49684
0.624082
0.643404
0.664789
0.665911
0.671193
0.681441
0.704727
1.40845
1.40845
1.40845
1.40845
1.40845
1.40845
1.40845
1.40845
1.40845
1.40845
1.40845
1.40842
1.40816
1.40595
1.38706
1.26594
0.928473
0.506329
0.597582
0.640438
0.672512
0.679346
0.685966
0.694688
0.711268
1.40845
1.40845
1.40845
1.40845
1.40845
1.40845
1.40845
1.40845
1.40845
1.40845
1.40845
1.40844
1.40834
1.40738
1.39913
1.33158
1.03849
0.554516
0.559143
0.641354
0.681177
0.685604
0.691606
0.701339
0.717667
1.40845
1.40845
1.40845
1.40845
1.40845
1.40845
1.40845
1.40845
1.40845
1.40845
1.40845
1.40844
1.40838
1.40788
1.40368
1.37032
1.19391
0.786512
0.509885
0.636041
0.661145
0.689174
0.696865
0.706403
0.721633
1.40845
1.40845
1.40845
1.40845
1.40845
1.40845
1.40845
1.40845
1.40845
1.40845
1.40845
1.40844
1.40836
1.40838
1.40653
1.39235
1.29042
0.928526
0.537574
0.597466
0.666287
0.694981
0.703186
0.713262
0.727056
1.40845
1.40845
1.40845
1.40845
1.40845
1.40845
1.40845
1.40845
1.40845
1.40845
1.40845
1.40845
1.40844
1.40834
1.40756
1.40121
1.35374
1.13476
0.656686
0.542606
0.662424
0.679994
0.700734
0.715378
0.731503
1.40845
1.40845
1.40845
1.40845
1.40845
1.40845
1.40845
1.40845
1.40845
1.40845
1.40845
1.40845
1.40844
1.40837
1.40813
1.4057
1.39777
1.29538
0.850755
0.523911
0.624275
0.675055
0.704768
0.718566
0.734145
1.40845
1.40845
1.40845
1.40845
1.40845
1.40845
1.40845
1.40845
1.40845
1.40845
1.40845
1.40845
1.40845
1.40843
1.4083
1.40722
1.39885
1.33714
1.07986
0.566799
0.573007
0.67045
0.698369
0.718756
0.735309
1.40845
1.40845
1.40845
1.40845
1.40845
1.40845
1.40845
1.40845
1.40845
1.40845
1.40845
1.40845
1.40845
1.40844
1.40831
1.4083
1.40603
1.38998
1.2663
0.78877
0.521663
0.635583
0.685032
0.72003
0.735454
1.40845
1.40845
1.40845
1.40845
1.40845
1.40845
1.40845
1.40845
1.40845
1.40845
1.40845
1.40845
1.40845
1.40845
1.40843
1.40828
1.40705
1.39768
1.3298
1.06025
0.56476
0.583734
0.681946
0.711388
0.732547
1.40845
1.40845
1.40845
1.40845
1.40845
1.40845
1.40845
1.40845
1.40845
1.40845
1.40845
1.40845
1.40845
1.40845
1.40844
1.40832
1.40838
1.40595
1.38969
1.27193
0.788303
0.5278
0.641227
0.696293
0.731096
1.40845
1.40845
1.40845
1.40845
1.40845
1.40845
1.40845
1.40845
1.40845
1.40845
1.40845
1.40845
1.40845
1.40845
1.40845
1.40843
1.40828
1.40708
1.39823
1.33317
1.06093
0.57352
0.587924
0.690174
0.713481
1.40845
1.40845
1.40845
1.40845
1.40845
1.40845
1.40845
1.40845
1.40845
1.40845
1.40845
1.40845
1.40845
1.40845
1.40845
1.40844
1.40838
1.40853
1.40645
1.39023
1.27601
0.82055
0.539679
0.640992
0.704392
1.40845
1.40845
1.40845
1.40845
1.40845
1.40845
1.40845
1.40845
1.40845
1.40845
1.40845
1.40845
1.40845
1.40845
1.40845
1.40845
1.40844
1.40832
1.40735
1.39991
1.34381
1.08804
0.603336
0.584574
0.687779
1.40845
1.40845
1.40845
1.40845
1.40845
1.40845
1.40845
1.40845
1.40845
1.40845
1.40845
1.40845
1.40845
1.40845
1.40845
1.40845
1.40845
1.40844
1.40861
1.40714
1.3927
1.28557
0.881929
0.556235
0.622393
1.40845
1.40845
1.40845
1.40845
1.40845
1.40845
1.40845
1.40845
1.40845
1.40845
1.40845
1.40845
1.40845
1.40845
1.40845
1.40845
1.40845
1.40844
1.40833
1.40744
1.40053
1.35017
1.10888
0.635141
0.570056
1.40845
1.40845
1.40845
1.40845
1.40845
1.40845
1.40845
1.40845
1.40845
1.40845
1.40845
1.40845
1.40845
1.40845
1.40845
1.40845
1.40845
1.40845
1.40843
1.40829
1.40686
1.39649
1.31484
1.01854
0.613571
1.40845
1.40845
1.40845
1.40845
1.40845
1.40845
1.40845
1.40845
1.40845
1.40845
1.40845
1.40845
1.40845
1.40845
1.40845
1.40845
1.40845
1.40845
1.40844
1.40839
1.40806
1.40369
1.40434
1.3106
0.816434
1.40845
1.40845
1.40845
1.40845
1.40845
1.40845
1.40845
1.40845
1.40845
1.40845
1.40845
1.40845
1.40845
1.40845
1.40845
1.40845
1.40845
1.40845
1.40845
1.40842
1.40847
1.40776
1.40048
1.34939
1.09801
1.40845
1.40845
1.40845
1.40845
1.40845
1.40845
1.40845
1.40845
1.40845
1.40845
1.40845
1.40845
1.40845
1.40845
1.40845
1.40845
1.40845
1.40845
1.40845
1.40845
1.40841
1.40822
1.40668
1.3978
1.3134
1.40845
1.40845
1.40845
1.40845
1.40845
1.40845
1.40845
1.40845
1.40845
1.40845
1.40845
1.40845
1.40845
1.40845
1.40845
1.40845
1.40845
1.40845
1.40845
1.40845
1.40844
1.40837
1.40784
1.40428
1.38039
1.40845
1.40845
1.40845
1.40845
1.40845
1.40845
1.40845
1.40845
1.40845
1.40845
1.40845
1.40845
1.40845
1.40845
1.40845
1.40845
1.40845
1.40845
1.40845
1.40845
1.40845
1.40843
1.40831
1.40742
1.40077
1.40845
1.40845
1.40845
1.40845
1.40845
1.40845
1.40845
1.40845
1.40845
1.40845
1.40845
1.40845
1.40845
1.40845
1.40845
1.40845
1.40845
1.40845
1.40845
1.40845
1.40845
1.40845
1.40842
1.40821
1.40669
1.40845
1.40845
1.40845
1.40845
1.40845
1.40845
1.40845
1.40845
1.40845
1.40845
1.40845
1.40845
1.40845
1.40845
1.40845
1.40845
1.40845
1.40845
1.40845
1.40845
1.40845
1.40845
1.40844
1.40839
1.40799
1.40845
1.40845
1.40845
1.40845
1.40845
1.40845
1.40845
1.40845
1.40845
1.40845
1.40845
1.40845
1.40845
1.40845
1.40845
1.40845
1.40845
1.40845
1.40845
1.40845
1.40845
1.40845
1.40845
1.40844
1.4085
1.40845
1.40845
1.40845
1.40845
1.40845
1.40845
1.40845
1.40845
1.40845
1.40845
1.40845
1.40845
1.40845
1.40845
1.40845
1.40845
1.40845
1.40845
1.40845
1.40845
1.40845
1.40845
1.40845
1.40845
1.40842
1.40845
1.40845
1.40845
1.40845
1.40845
1.40845
1.40845
1.40845
1.40845
1.40845
1.40845
1.40845
1.40845
1.40845
1.40845
1.40845
1.40845
1.40845
1.40845
1.40845
1.40845
1.40845
1.40845
1.40845
1.40845
1.40845
1.40845
1.40845
1.40845
1.40845
1.40845
1.40845
1.40845
1.40845
1.40845
1.40845
1.40845
1.40845
1.40845
1.40845
1.40845
1.40845
1.40845
1.40845
1.40845
1.40845
1.40845
1.40845
1.40845
1.40845
1.40845
1.40845
1.40845
1.40845
1.40845
1.40845
1.40845
1.40845
1.40845
1.40845
1.40845
1.40845
1.40845
1.40845
1.40845
1.40845
1.40845
1.40845
1.40845
1.40845
1.40845
1.40845
1.40845
1.40845
1.40845
1.40845
1.40845
1.40845
1.40845
1.40845
1.40845
1.40845
1.40845
1.40845
1.40845
1.40845
1.40845
1.40845
1.40845
1.40845
1.40845
1.40845
1.40845
1.40845
1.40845
1.40845
1.40845
1.40845
1.40845
1.40845
1.40845
1.40845
1.40845
1.40845
1.40845
1.40845
1.40845
1.40845
1.40845
1.40845
1.40845
1.40845
1.40845
1.40845
1.40845
1.40845
1.40845
1.40845
1.40845
1.40845
1.40845
1.40845
1.40845
1.40845
1.40845
1.40845
1.40845
1.40845
1.40845
1.40845
1.40845
1.40845
1.40845
1.40845
1.40845
1.40845
1.40845
1.40845
1.40845
1.40845
1.40845
1.40845
1.40845
1.40845
1.40845
1.40845
1.40845
1.40845
1.40845
1.40845
1.40845
1.40845
1.40845
1.40845
1.40845
1.40845
1.40845
1.40845
1.40845
1.40845
1.40845
1.40845
1.40845
1.40845
1.40845
1.40845
1.40845
1.40845
1.40845
1.40845
1.40845
1.40845
1.40845
1.40845
1.40845
0.711102
0.630301
0.504399
0.513193
0.518092
0.508328
0.50049
0.49928
0.53955
0.555862
0.558383
0.556867
0.555706
0.55345
0.549054
0.563711
0.57906
0.58719
0.589267
0.590528
0.58767
0.586801
0.586719
0.586548
0.586679
0.587281
0.589109
0.590721
0.591838
0.592455
0.592905
0.594536
0.594735
0.594617
0.592315
0.58244
0.574007
0.56639
0.559126
0.547802
0.540097
0.533825
0.525607
0.518639
0.512016
0.506472
0.505314
0.505159
0.502084
0.501898
0.494642
0.49778
0.499697
0.502214
0.504924
0.507173
0.509685
0.512423
0.515224
0.517849
0.520534
0.523196
0.525767
0.528397
0.530928
0.533506
0.536017
0.538461
0.540866
0.543205
0.545577
0.547944
0.550344
0.55257
0.554807
0.55691
0.559041
0.561125
0.563234
0.565294
0.567368
0.569356
0.571356
0.573238
0.575149
0.57696
0.578811
0.580537
0.582296
0.5839
0.585533
0.586991
0.588491
0.589851
0.591275
0.592763
0.5943
0.596852
0.59683
0.595344
0.695474
0.643085
0.59077
0.537296
0.519638
0.497768
0.478839
0.453705
0.487432
0.500491
0.502186
0.492541
0.489843
0.485488
0.483171
0.495555
0.50311
0.507571
0.50721
0.507033
0.506287
0.505638
0.505608
0.505302
0.505478
0.504995
0.505823
0.506614
0.508178
0.508772
0.508981
0.510375
0.509732
0.509127
0.509199
0.503276
0.499132
0.495471
0.490014
0.485665
0.48284
0.481883
0.482589
0.481507
0.478202
0.483329
0.487808
0.488786
0.493103
0.497173
0.502754
0.510509
0.516908
0.523272
0.530208
0.535769
0.541492
0.547221
0.553512
0.558433
0.562826
0.567456
0.571739
0.575528
0.578996
0.582461
0.58605
0.589623
0.59288
0.595853
0.598802
0.601792
0.60485
0.607785
0.610763
0.61349
0.616191
0.618732
0.62128
0.623774
0.626285
0.628726
0.631209
0.633459
0.635682
0.637742
0.639806
0.641813
0.643839
0.64586
0.647932
0.649914
0.651946
0.653843
0.655766
0.657597
0.659468
0.662463
0.662453
0.660454
0.767178
0.709337
0.658141
0.590526
0.559103
0.534872
0.522156
0.495219
0.470519
0.467524
0.462295
0.464728
0.470073
0.467588
0.458322
0.449645
0.464405
0.471998
0.472929
0.474237
0.469715
0.467779
0.467257
0.46727
0.46736
0.468312
0.469047
0.469885
0.470287
0.470064
0.469954
0.471282
0.471334
0.471085
0.471365
0.467369
0.464788
0.463468
0.456414
0.454162
0.457448
0.462152
0.469379
0.478975
0.491662
0.511071
0.524086
0.535222
0.545871
0.555962
0.565711
0.574586
0.58321
0.58971
0.597003
0.6021
0.607247
0.612139
0.617837
0.623457
0.627796
0.631728
0.635586
0.639413
0.643016
0.646251
0.649311
0.65243
0.655549
0.65834
0.661094
0.663833
0.666568
0.669289
0.672065
0.674748
0.677479
0.680045
0.682599
0.685048
0.687502
0.689838
0.692181
0.694398
0.69664
0.698809
0.701008
0.70309
0.705188
0.707155
0.709157
0.710971
0.712762
0.714604
0.71652
0.718517
0.720704
0.723842
0.725244
0.723427
0.821319
0.79253
0.754783
0.693272
0.632595
0.587901
0.579646
0.563749
0.53427
0.504873
0.489975
0.477563
0.475813
0.478554
0.479559
0.46705
0.463184
0.461115
0.45887
0.45891
0.459567
0.462051
0.470023
0.469758
0.468356
0.468085
0.467718
0.466373
0.467358
0.467762
0.468025
0.469326
0.466506
0.462265
0.457811
0.451033
0.45051
0.452148
0.46132
0.477401
0.504745
0.527352
0.542472
0.55712
0.571366
0.586294
0.597831
0.610416
0.616128
0.626112
0.630641
0.636032
0.640671
0.645422
0.651467
0.654929
0.658603
0.662053
0.666034
0.671228
0.67465
0.677892
0.681373
0.684642
0.687926
0.690967
0.693929
0.696939
0.700016
0.702597
0.705026
0.707485
0.709986
0.712515
0.715074
0.717694
0.72041
0.723125
0.725727
0.728175
0.730474
0.732696
0.734934
0.737155
0.739323
0.741438
0.74351
0.745532
0.747547
0.749611
0.751728
0.753807
0.755655
0.757528
0.759409
0.761318
0.763397
0.766211
0.767955
0.765746
0.808284
0.82018
0.80587
0.770108
0.728303
0.680314
0.654812
0.660236
0.630947
0.592764
0.560555
0.532957
0.511669
0.506267
0.50581
0.503352
0.495691
0.486556
0.479307
0.472155
0.468303
0.467812
0.468303
0.469061
0.470026
0.470082
0.470255
0.468884
0.46833
0.468747
0.47051
0.469221
0.466421
0.461557
0.461611
0.469089
0.483686
0.506833
0.535717
0.560847
0.591776
0.604059
0.615379
0.628851
0.640842
0.650887
0.663752
0.671201
0.670722
0.67494
0.675768
0.678421
0.682314
0.686669
0.68982
0.691759
0.693994
0.696781
0.699628
0.703492
0.706833
0.709241
0.712109
0.71536
0.718808
0.72196
0.724853
0.727809
0.730562
0.733078
0.735505
0.737934
0.740332
0.742712
0.745128
0.74762
0.750225
0.75294
0.755636
0.758169
0.760649
0.763091
0.76544
0.76763
0.769726
0.771775
0.773788
0.775752
0.777726
0.779765
0.781842
0.783959
0.785817
0.787698
0.789608
0.791549
0.793656
0.796383
0.79848
0.795951
0.77853
0.817073
0.81992
0.803488
0.782349
0.75632
0.728995
0.740235
0.71195
0.6709
0.638638
0.61198
0.584471
0.566976
0.562224
0.555185
0.543561
0.530182
0.519692
0.506733
0.500119
0.493065
0.487806
0.483409
0.481082
0.478693
0.477378
0.47668
0.475766
0.47505
0.474076
0.471283
0.473443
0.479416
0.492769
0.516609
0.550255
0.591471
0.625183
0.648077
0.673186
0.680501
0.683273
0.689077
0.695181
0.702049
0.707942
0.708256
0.712604
0.712733
0.707748
0.707717
0.710594
0.71475
0.71624
0.718505
0.721141
0.722924
0.72401
0.725664
0.729086
0.732388
0.735786
0.738863
0.741694
0.744182
0.746432
0.748812
0.751477
0.754306
0.756812
0.759128
0.761423
0.763773
0.766213
0.768801
0.771541
0.77435
0.777076
0.779623
0.78194
0.784176
0.786412
0.788682
0.791009
0.793424
0.795899
0.798125
0.800083
0.802037
0.803977
0.805929
0.807676
0.809473
0.811371
0.813368
0.81558
0.818324
0.820983
0.81835
0.747408
0.797683
0.818503
0.819519
0.812163
0.8042
0.791523
0.805029
0.803087
0.778547
0.742959
0.714296
0.688516
0.664172
0.648122
0.636747
0.620562
0.603552
0.586152
0.570921
0.555458
0.543575
0.532802
0.522279
0.515472
0.508118
0.502648
0.496563
0.492666
0.489699
0.485304
0.487495
0.494293
0.510694
0.543458
0.598679
0.648993
0.691325
0.725234
0.742451
0.759989
0.760018
0.755662
0.752934
0.7455
0.732133
0.718561
0.727607
0.737004
0.735899
0.73697
0.736964
0.734167
0.733855
0.735909
0.737474
0.738867
0.741345
0.741722
0.742785
0.745301
0.748571
0.752159
0.754281
0.755886
0.757874
0.760155
0.762732
0.765707
0.768192
0.770231
0.772318
0.774561
0.777027
0.779673
0.78244
0.785229
0.787971
0.790632
0.793103
0.795525
0.797967
0.800445
0.802991
0.805603
0.808074
0.810354
0.812432
0.814401
0.816411
0.818455
0.820555
0.822477
0.824419
0.826458
0.828578
0.830892
0.833719
0.836622
0.833872
0.734995
0.770797
0.803684
0.816831
0.815612
0.818424
0.822286
0.832758
0.847146
0.841865
0.819011
0.790842
0.767076
0.745837
0.72536
0.724007
0.719787
0.705976
0.684815
0.665549
0.643994
0.622214
0.607953
0.593873
0.580437
0.564955
0.553673
0.540262
0.533405
0.525757
0.503259
0.516894
0.540291
0.578138
0.633614
0.702288
0.742482
0.772282
0.799444
0.814052
0.830145
0.829489
0.828621
0.825926
0.815987
0.798616
0.779461
0.757102
0.731485
0.741217
0.758387
0.757223
0.755956
0.752733
0.74778
0.746487
0.749192
0.751879
0.75455
0.756283
0.756822
0.757784
0.758986
0.761321
0.764131
0.767161
0.770195
0.772353
0.77434
0.776327
0.778394
0.780541
0.782822
0.785303
0.787987
0.790784
0.793632
0.796238
0.798834
0.801475
0.804163
0.806867
0.809455
0.811983
0.814471
0.816916
0.819318
0.821632
0.823794
0.825968
0.828147
0.830344
0.832389
0.834452
0.836611
0.838865
0.841325
0.844316
0.847494
0.844739
0.735006
0.757117
0.782994
0.799986
0.812573
0.818136
0.825239
0.838268
0.855961
0.873723
0.869884
0.854889
0.835997
0.822207
0.810925
0.797922
0.801158
0.792369
0.774918
0.752682
0.73506
0.715255
0.700529
0.685146
0.670404
0.654302
0.637108
0.618332
0.601185
0.565468
0.551345
0.5728
0.608321
0.658797
0.72881
0.781176
0.811304
0.825802
0.843855
0.857027
0.870478
0.879417
0.883993
0.884081
0.876208
0.864213
0.848323
0.824528
0.796703
0.761489
0.737399
0.748156
0.761689
0.766522
0.765659
0.760672
0.757053
0.759472
0.760826
0.762891
0.762807
0.763088
0.764153
0.7664
0.770381
0.774075
0.775842
0.777658
0.779636
0.781831
0.784301
0.786965
0.789469
0.791902
0.794425
0.797143
0.800148
0.803017
0.805595
0.808191
0.810829
0.813504
0.81613
0.818731
0.821341
0.823971
0.826511
0.82884
0.831018
0.833204
0.835414
0.837652
0.839908
0.842193
0.844534
0.846929
0.849467
0.852493
0.855701
0.852817
0.738439
0.756083
0.777005
0.78752
0.804494
0.812003
0.822642
0.837491
0.85565
0.873366
0.888514
0.884445
0.876857
0.868392
0.862029
0.854555
0.855174
0.856439
0.852716
0.839117
0.819684
0.803986
0.788346
0.775395
0.761843
0.747924
0.731698
0.706816
0.672483
0.598451
0.612735
0.641526
0.678362
0.730277
0.791587
0.820014
0.841441
0.860209
0.875006
0.886948
0.89817
0.906007
0.912811
0.917376
0.915144
0.912192
0.902912
0.887275
0.864634
0.830428
0.792262
0.74009
0.745669
0.768453
0.769132
0.770177
0.771137
0.766128
0.766313
0.767822
0.769037
0.77027
0.77233
0.774372
0.776704
0.779793
0.781852
0.783439
0.785471
0.788064
0.790395
0.792615
0.794932
0.797557
0.800576
0.803796
0.806709
0.809198
0.811471
0.813759
0.816116
0.818565
0.821075
0.823623
0.826167
0.828716
0.831197
0.833632
0.836069
0.838554
0.84104
0.843523
0.845892
0.848134
0.850381
0.852653
0.855068
0.857987
0.861092
0.858039
0.742496
0.757194
0.773086
0.783971
0.79547
0.803965
0.816372
0.831366
0.849412
0.869786
0.885952
0.894934
0.892126
0.886496
0.884122
0.880284
0.880928
0.884189
0.890924
0.888777
0.877774
0.862386
0.851788
0.841453
0.830672
0.818517
0.797328
0.766063
0.705726
0.626056
0.660749
0.689085
0.72654
0.779644
0.813351
0.835624
0.856312
0.878855
0.891097
0.90455
0.915856
0.925143
0.928777
0.930899
0.935261
0.93802
0.934292
0.927805
0.914867
0.893272
0.865548
0.8292
0.785457
0.739341
0.753497
0.768712
0.783655
0.78017
0.779576
0.774512
0.776473
0.777614
0.779577
0.782713
0.783967
0.784826
0.7863
0.788593
0.79118
0.79425
0.796297
0.798472
0.800835
0.803489
0.806335
0.809442
0.811703
0.813778
0.815912
0.81812
0.820366
0.822612
0.824863
0.827148
0.829471
0.831854
0.834289
0.83675
0.839188
0.84165
0.844131
0.8466
0.849067
0.851462
0.853834
0.856215
0.85873
0.861738
0.864965
0.861816
0.746232
0.760371
0.775002
0.785681
0.791852
0.800573
0.809699
0.822208
0.839476
0.859642
0.876982
0.896264
0.898182
0.8966
0.893034
0.89387
0.896499
0.902621
0.910527
0.915658
0.91232
0.905199
0.8979
0.888748
0.878559
0.862435
0.836686
0.784636
0.695068
0.666049
0.695347
0.717787
0.751235
0.790568
0.811014
0.832432
0.853903
0.874241
0.890933
0.90639
0.917746
0.92887
0.938156
0.947163
0.94687
0.948065
0.945708
0.944774
0.942423
0.937093
0.926431
0.90245
0.866943
0.822497
0.755582
0.753188
0.775266
0.77938
0.787561
0.786575
0.785248
0.785383
0.785774
0.787012
0.788956
0.790928
0.792818
0.794962
0.79732
0.800121
0.80317
0.804992
0.806966
0.809107
0.811448
0.813999
0.816706
0.819052
0.821342
0.823623
0.82591
0.828188
0.830461
0.832781
0.835171
0.837654
0.8402
0.842604
0.844849
0.84708
0.849323
0.85158
0.853855
0.856167
0.858538
0.860983
0.863627
0.866813
0.870313
0.867081
0.75002
0.763679
0.777484
0.788637
0.793205
0.799503
0.806463
0.816945
0.831173
0.847339
0.86486
0.885974
0.898886
0.898741
0.896996
0.899378
0.90322
0.908662
0.918752
0.922531
0.925904
0.928683
0.926493
0.918611
0.906171
0.882771
0.836129
0.759999
0.658446
0.696597
0.715035
0.738503
0.767588
0.785208
0.804244
0.822489
0.841214
0.85732
0.872013
0.886465
0.898695
0.910239
0.921952
0.932237
0.942567
0.954435
0.952698
0.953419
0.955971
0.958362
0.95793
0.948487
0.932138
0.903695
0.86213
0.814098
0.750204
0.761859
0.779599
0.801084
0.801011
0.799385
0.796075
0.796215
0.796629
0.798484
0.801118
0.803882
0.806184
0.808341
0.810668
0.813032
0.815474
0.818021
0.820292
0.822591
0.824946
0.827433
0.829423
0.831368
0.833438
0.835706
0.838207
0.840943
0.843852
0.846795
0.849411
0.851751
0.853805
0.855712
0.857566
0.859434
0.861354
0.863378
0.865565
0.867974
0.870729
0.874137
0.87804
0.874718
0.751415
0.765049
0.778753
0.792978
0.797242
0.801261
0.807242
0.816059
0.826538
0.839495
0.854797
0.870058
0.890194
0.896584
0.896871
0.898307
0.902891
0.910504
0.915883
0.921
0.928646
0.943229
0.936355
0.928252
0.910889
0.870353
0.798735
0.678043
0.68723
0.715825
0.735641
0.752184
0.766597
0.780824
0.796923
0.814113
0.829017
0.843367
0.858055
0.871167
0.883005
0.895484
0.907184
0.919419
0.93222
0.939268
0.948842
0.960767
0.968085
0.968084
0.968014
0.96902
0.968758
0.960122
0.937787
0.90298
0.853815
0.792405
0.760134
0.781566
0.79055
0.808397
0.805763
0.803975
0.801779
0.801811
0.802848
0.805205
0.810012
0.811734
0.813745
0.816142
0.81918
0.822652
0.82601
0.827742
0.82951
0.831441
0.833445
0.835414
0.837416
0.839524
0.841824
0.844306
0.846774
0.849239
0.851824
0.854227
0.856324
0.858467
0.860652
0.862887
0.865177
0.867536
0.869994
0.872602
0.875496
0.879007
0.883065
0.879563
0.753195
0.766201
0.778641
0.79388
0.800528
0.804181
0.810066
0.817073
0.825965
0.83667
0.848074
0.859456
0.87619
0.888383
0.891627
0.895306
0.903415
0.907877
0.912623
0.919292
0.934927
0.937664
0.930327
0.920015
0.890936
0.827486
0.713995
0.695029
0.726374
0.73198
0.741127
0.751781
0.763641
0.776438
0.790317
0.804778
0.81826
0.832354
0.845438
0.857801
0.869659
0.881926
0.893875
0.905892
0.916367
0.92782
0.940122
0.952409
0.959203
0.969366
0.976818
0.983034
0.984397
0.982661
0.977491
0.964171
0.933581
0.88984
0.836913
0.76293
0.769529
0.791928
0.801577
0.814699
0.811895
0.811912
0.811149
0.811465
0.812475
0.816939
0.819475
0.82097
0.822897
0.825134
0.827648
0.830213
0.832686
0.834778
0.836819
0.838865
0.84094
0.843159
0.845539
0.847892
0.850084
0.852291
0.85459
0.857017
0.859483
0.861798
0.864156
0.866548
0.86895
0.871379
0.873878
0.87651
0.879416
0.882962
0.887198
0.883553
0.752759
0.766077
0.777947
0.79316
0.802708
0.805375
0.811142
0.81874
0.82722
0.836066
0.845836
0.856791
0.869229
0.885456
0.888829
0.891747
0.89833
0.904904
0.911502
0.919038
0.928419
0.924906
0.919046
0.897981
0.844479
0.765671
0.69835
0.723054
0.736609
0.741642
0.747401
0.753997
0.762074
0.771843
0.783153
0.795666
0.808724
0.822035
0.83439
0.846854
0.858631
0.871194
0.883269
0.893944
0.905319
0.920098
0.930668
0.938248
0.949258
0.961329
0.971618
0.981117
0.98887
0.990633
0.988794
0.989513
0.981199
0.95913
0.921784
0.872686
0.819
0.76571
0.780553
0.79621
0.824156
0.82316
0.820113
0.817554
0.817795
0.818422
0.821007
0.82576
0.827831
0.829719
0.831372
0.833075
0.834961
0.83734
0.839426
0.841603
0.843789
0.84601
0.848243
0.850531
0.852897
0.855359
0.858058
0.86053
0.862738
0.864994
0.867322
0.86973
0.872225
0.874796
0.877464
0.880285
0.883379
0.887093
0.891575
0.887713
0.751012
0.765111
0.777227
0.791704
0.804485
0.806356
0.810637
0.819201
0.827589
0.835903
0.844885
0.854997
0.865748
0.879939
0.89027
0.892166
0.894844
0.902703
0.914872
0.917827
0.913847
0.910543
0.897455
0.853644
0.778545
0.693878
0.715932
0.737807
0.742401
0.746737
0.75014
0.754312
0.760468
0.768832
0.778965
0.789797
0.801339
0.813391
0.825229
0.83705
0.849255
0.862597
0.873225
0.884633
0.897807
0.911532
0.918899
0.929563
0.942325
0.950724
0.958069
0.967475
0.978145
0.990565
0.995878
1.00139
0.997392
0.992258
0.977632
0.948659
0.907407
0.857581
0.785368
0.782524
0.807381
0.811287
0.831414
0.830112
0.825641
0.823202
0.824103
0.825977
0.829378
0.833852
0.835113
0.836498
0.838341
0.840696
0.843998
0.845613
0.846977
0.848544
0.850346
0.852449
0.854929
0.857667
0.860888
0.863871
0.866078
0.868386
0.870787
0.87325
0.875783
0.878416
0.881167
0.884047
0.887138
0.890829
0.89543
0.891368
0.74624
0.761945
0.775084
0.788634
0.804894
0.80745
0.809906
0.818021
0.827582
0.834969
0.843571
0.85362
0.865073
0.879479
0.890975
0.892709
0.89622
0.904274
0.912951
0.909911
0.904481
0.89157
0.855122
0.787091
0.691244
0.713134
0.736436
0.746776
0.749029
0.750536
0.752552
0.755991
0.761427
0.768676
0.777412
0.787067
0.797435
0.808843
0.819659
0.830769
0.84305
0.854595
0.865015
0.877656
0.892447
0.900061
0.910255
0.92194
0.931798
0.939891
0.94836
0.958076
0.969257
0.979771
0.990655
1.00302
1.00806
1.00227
0.997587
0.988039
0.972785
0.942856
0.898635
0.846241
0.777797
0.791825
0.809768
0.829352
0.83973
0.835489
0.833701
0.831143
0.832004
0.834468
0.83925
0.842383
0.843211
0.844503
0.846356
0.84818
0.849653
0.851062
0.852661
0.854682
0.857351
0.860445
0.86377
0.867585
0.870195
0.87253
0.874898
0.877288
0.879748
0.882335
0.88508
0.887996
0.891131
0.894852
0.899586
0.895339
0.739778
0.756475
0.774026
0.787039
0.803178
0.809233
0.809242
0.815575
0.82626
0.835226
0.841424
0.850362
0.862163
0.877603
0.893788
0.894507
0.899132
0.906334
0.905858
0.900921
0.889817
0.856578
0.794087
0.69501
0.709393
0.730004
0.747027
0.750424
0.751417
0.753167
0.7556
0.759044
0.763675
0.769582
0.776786
0.785629
0.795438
0.806108
0.816873
0.828165
0.839739
0.849369
0.860563
0.872975
0.883455
0.893638
0.905675
0.913669
0.923311
0.93351
0.94318
0.952476
0.962227
0.973048
0.986452
0.99312
1.00225
1.00437
1.00527
1.00487
1.00548
0.995193
0.971619
0.933082
0.882748
0.832244
0.795191
0.816657
0.824116
0.84289
0.841569
0.836402
0.83604
0.836462
0.838923
0.842212
0.84638
0.848976
0.849489
0.850182
0.851206
0.852546
0.854199
0.856608
0.859813
0.863513
0.867323
0.871461
0.874695
0.876959
0.879249
0.881585
0.883992
0.886545
0.889267
0.892179
0.895308
0.899065
0.904045
0.899704
0.735895
0.750195
0.767609
0.783883
0.79993
0.812977
0.811734
0.81425
0.823821
0.835965
0.84187
0.848418
0.8587
0.872821
0.891096
0.897146
0.906965
0.902535
0.897034
0.889537
0.860565
0.802474
0.702118
0.704162
0.722787
0.740256
0.748506
0.751256
0.753948
0.75678
0.759918
0.76361
0.768028
0.773479
0.779894
0.787348
0.79565
0.804682
0.814653
0.825651
0.835774
0.846731
0.859575
0.867923
0.877565
0.889075
0.898448
0.90762
0.91749
0.928259
0.937523
0.947505
0.957434
0.967401
0.977719
0.987042
0.99407
1.00249
1.01197
1.01752
1.01515
1.00952
1.00446
0.992688
0.969828
0.927896
0.874971
0.802251
0.80403
0.823504
0.829337
0.845614
0.844105
0.839533
0.839641
0.841212
0.844025
0.848232
0.853323
0.853988
0.854754
0.856038
0.85773
0.860208
0.863203
0.86654
0.870305
0.874828
0.878149
0.880514
0.882971
0.885479
0.888049
0.890722
0.893504
0.896459
0.899637
0.90341
0.908632
0.904137
0.713924
0.746711
0.762327
0.779673
0.794577
0.812122
0.815359
0.815486
0.82264
0.834517
0.842882
0.848062
0.855635
0.867364
0.883646
0.897398
0.900921
0.89574
0.886657
0.861054
0.809115
0.717161
0.704532
0.726599
0.736088
0.745457
0.75134
0.756838
0.760072
0.762995
0.766139
0.769522
0.773242
0.777593
0.782729
0.788877
0.795908
0.803853
0.812387
0.821675
0.831311
0.841916
0.852657
0.862243
0.872799
0.882902
0.892827
0.901894
0.911446
0.920564
0.930367
0.938761
0.947606
0.95681
0.966245
0.975443
0.982327
0.988936
0.995836
1.00262
1.01131
1.01294
1.01605
1.01975
1.0163
0.997083
0.963987
0.911548
0.859708
0.797646
0.813363
0.828321
0.846403
0.85577
0.853841
0.848868
0.848827
0.850165
0.853115
0.857515
0.859471
0.860607
0.862211
0.864094
0.866469
0.869726
0.873791
0.87894
0.882211
0.884514
0.886938
0.889532
0.892279
0.895213
0.898225
0.901383
0.904705
0.908538
0.913681
0.908872
0.708307
0.735932
0.758669
0.773292
0.788936
0.807266
0.818455
0.817598
0.82259
0.833115
0.843967
0.848178
0.8541
0.863914
0.878771
0.892071
0.885972
0.879324
0.861263
0.811732
0.728865
0.70397
0.729802
0.73466
0.740537
0.746935
0.754329
0.759685
0.764286
0.767983
0.770568
0.773317
0.776577
0.780404
0.784918
0.790244
0.796373
0.803249
0.810789
0.818959
0.827866
0.83722
0.847031
0.857297
0.866951
0.876861
0.886257
0.895627
0.904297
0.913142
0.92229
0.931524
0.941068
0.95001
0.95923
0.969797
0.976367
0.982308
0.988781
0.996435
1.00479
1.01366
1.02468
1.02393
1.03068
1.02901
1.02223
0.997113
0.951477
0.893226
0.810018
0.809383
0.833158
0.839512
0.859901
0.859694
0.856664
0.854831
0.855517
0.858565
0.861257
0.863411
0.865012
0.867105
0.869801
0.873498
0.87797
0.883244
0.887395
0.889272
0.89123
0.893517
0.896105
0.899148
0.902318
0.905523
0.908916
0.912815
0.918023
0.913129
0.671764
0.711167
0.753948
0.773849
0.789301
0.803886
0.820503
0.821606
0.822872
0.831369
0.842771
0.848621
0.852362
0.85997
0.876162
0.877387
0.868099
0.850362
0.807634
0.739818
0.699611
0.728931
0.732281
0.737477
0.743071
0.748404
0.753849
0.759414
0.765263
0.770625
0.77379
0.776496
0.779608
0.783151
0.787156
0.79176
0.796969
0.802951
0.809554
0.816912
0.824744
0.833305
0.842319
0.851976
0.861456
0.871151
0.880433
0.889954
0.898373
0.906808
0.915519
0.924818
0.934748
0.945084
0.956247
0.96686
0.973138
0.979538
0.98685
0.995024
1.00356
1.01112
1.01835
1.02699
1.03745
1.04273
1.0462
1.03726
1.0132
0.974355
0.927337
0.87633
0.803781
0.818628
0.838917
0.852247
0.867881
0.866835
0.862614
0.862826
0.864108
0.865582
0.867571
0.870451
0.873697
0.877871
0.883295
0.887682
0.890995
0.893462
0.895592
0.89787
0.900384
0.903366
0.906664
0.909869
0.913318
0.917438
0.922854
0.9179
0.642975
0.733609
0.747026
0.771409
0.786443
0.800386
0.815918
0.825078
0.823687
0.828833
0.839005
0.847352
0.85025
0.856392
0.864634
0.860008
0.845726
0.803059
0.739689
0.689318
0.720426
0.725366
0.733203
0.742164
0.744314
0.747245
0.751384
0.757037
0.763972
0.770929
0.775642
0.778901
0.78213
0.78564
0.789477
0.793679
0.798393
0.803628
0.809447
0.815822
0.822797
0.830415
0.838612
0.847341
0.856567
0.865696
0.874672
0.883375
0.892354
0.90083
0.909658
0.918602
0.927816
0.937644
0.94858
0.955757
0.963026
0.970125
0.9775
0.985186
0.993811
1.00032
1.00845
1.01837
1.02886
1.04633
1.04617
1.04347
1.03969
1.0255
1.0034
0.964465
0.91036
0.847187
0.821532
0.841919
0.850767
0.865376
0.874427
0.872984
0.868705
0.869265
0.87118
0.873526
0.876902
0.881282
0.888079
0.892396
0.894724
0.897457
0.899508
0.90162
0.904097
0.90743
0.911028
0.91399
0.917302
0.921731
0.927631
0.922836
0.567999
0.665042
0.738341
0.762422
0.779638
0.789477
0.802059
0.819156
0.820188
0.822454
0.831195
0.842921
0.845714
0.847884
0.845971
0.835754
0.799844
0.739228
0.682302
0.711919
0.715659
0.725101
0.737765
0.740682
0.743935
0.747437
0.751878
0.757252
0.763155
0.769271
0.775613
0.780608
0.784396
0.787949
0.791725
0.795725
0.799965
0.804547
0.809495
0.815033
0.821218
0.828099
0.835629
0.843739
0.852327
0.861246
0.869936
0.878668
0.887331
0.896104
0.90509
0.914362
0.923747
0.933883
0.942521
0.951533
0.960434
0.966954
0.973939
0.981083
0.988788
0.997613
1.00755
1.01643
1.02559
1.03586
1.05044
1.0503
1.04991
1.04682
1.04141
1.02291
0.995905
0.950825
0.898378
0.820475
0.829218
0.851139
0.862884
0.882496
0.882173
0.880342
0.87836
0.879248
0.881262
0.885552
0.891373
0.897846
0.899579
0.901549
0.903926
0.905903
0.908406
0.91181
0.916426
0.919051
0.92229
0.926615
0.933121
0.928467
0.634695
0.606794
0.703459
0.740036
0.774558
0.786056
0.798493
0.812062
0.820634
0.820295
0.826919
0.840701
0.84011
0.833953
0.821737
0.78775
0.732343
0.676763
0.70745
0.709145
0.717457
0.729807
0.733197
0.737599
0.742281
0.747232
0.752438
0.757067
0.762092
0.767672
0.773542
0.779565
0.78468
0.788908
0.792832
0.796908
0.801164
0.805679
0.81049
0.815699
0.821444
0.827804
0.834823
0.842367
0.850306
0.858522
0.866788
0.875098
0.883409
0.891924
0.900742
0.910008
0.919822
0.930023
0.940299
0.950128
0.958483
0.965125
0.972456
0.979825
0.987688
0.99601
1.00474
1.0141
1.02361
1.03464
1.04127
1.04801
1.05507
1.05427
1.05122
1.05015
1.0425
1.01866
0.978234
0.929894
0.87102
0.835012
0.855515
0.866514
0.879106
0.893187
0.893055
0.890283
0.890331
0.891524
0.895322
0.900871
0.906385
0.908101
0.909983
0.911904
0.914374
0.91758
0.922438
0.92565
0.92881
0.932703
0.939223
0.934856
0.94706
0.613725
0.651692
0.740429
0.758057
0.782404
0.794406
0.806432
0.819946
0.823782
0.824107
0.830431
0.82764
0.815807
0.777429
0.718895
0.663756
0.697241
0.701603
0.711232
0.724423
0.726336
0.730078
0.734801
0.740196
0.746146
0.750855
0.755715
0.760877
0.766323
0.77205
0.777895
0.78384
0.789219
0.794419
0.799124
0.803578
0.808107
0.812858
0.817834
0.823145
0.828892
0.83508
0.841757
0.848782
0.856237
0.863922
0.87191
0.8801
0.888572
0.897383
0.906634
0.916451
0.926692
0.937358
0.946358
0.953518
0.960846
0.968254
0.976188
0.984437
0.991658
0.999882
1.009
1.01904
1.02858
1.03483
1.03984
1.0453
1.05238
1.05575
1.05455
1.05482
1.05153
1.0335
1.00371
0.96318
0.912794
0.844011
0.848581
0.868774
0.876424
0.8921
0.899335
0.896832
0.896688
0.898321
0.901971
0.908805
0.914367
0.915933
0.918111
0.920813
0.924553
0.92943
0.934618
0.937374
0.94067
0.946601
0.942224
1.22929
0.8224
0.589413
0.676481
0.749783
0.773832
0.791296
0.803486
0.817657
0.833033
0.826697
0.818672
0.80634
0.771716
0.711496
0.649792
0.683176
0.689521
0.701866
0.716255
0.71842
0.722043
0.726486
0.73174
0.737749
0.74296
0.748326
0.753924
0.759674
0.765572
0.771628
0.777784
0.78397
0.790108
0.796085
0.801683
0.806385
0.811147
0.816116
0.821346
0.826796
0.832469
0.838461
0.844775
0.851367
0.85819
0.865234
0.872564
0.880333
0.888576
0.897263
0.906447
0.916263
0.9269
0.936093
0.944055
0.951213
0.958566
0.965952
0.973467
0.981228
0.989275
0.997293
1.00575
1.01479
1.02333
1.02808
1.03246
1.03782
1.04339
1.04943
1.0581
1.06209
1.06223
1.05653
1.04422
1.02297
0.991032
0.944857
0.888238
0.843914
0.857737
0.874219
0.886122
0.903215
0.902987
0.90351
0.906349
0.911056
0.915547
0.9184
0.922033
0.92639
0.930908
0.935088
0.938917
0.942454
0.946348
0.952539
0.948159
1.34747
1.0921
0.622779
0.616722
0.710137
0.752558
0.782793
0.801302
0.820849
0.828094
0.819756
0.804558
0.763147
0.700849
0.637887
0.671829
0.679938
0.695853
0.70692
0.709122
0.713266
0.718241
0.724132
0.73088
0.736393
0.742021
0.747823
0.753722
0.759722
0.76587
0.772165
0.778593
0.7851
0.791629
0.798115
0.804568
0.810514
0.815619
0.820787
0.826095
0.83159
0.837229
0.843039
0.848806
0.854538
0.860328
0.866306
0.872605
0.879361
0.886615
0.894417
0.902823
0.912028
0.922156
0.931116
0.938729
0.94573
0.952788
0.959961
0.967151
0.974655
0.981838
0.989419
0.996956
1.00447
1.01234
1.01782
1.02425
1.02779
1.03249
1.03819
1.04407
1.0496
1.05671
1.05631
1.05024
1.04629
1.03632
1.00833
0.966451
0.919368
0.846197
0.849691
0.868351
0.876802
0.889357
0.908211
0.909051
0.9093
0.911982
0.915674
0.919848
0.924537
0.93018
0.935028
0.939121
0.943263
0.948014
0.954488
0.950317
1.39436
1.30903
1.00931
0.652496
0.679089
0.762734
0.783118
0.802429
0.818645
0.815398
0.803922
0.76393
0.697013
0.629303
0.662548
0.673626
0.694886
0.702813
0.703135
0.706208
0.710885
0.717195
0.7245
0.731644
0.737566
0.743545
0.749718
0.756141
0.762687
0.769192
0.775694
0.782215
0.78873
0.795317
0.80187
0.808412
0.814748
0.819701
0.824631
0.82981
0.835272
0.840956
0.84649
0.85144
0.856371
0.861468
0.8668
0.872475
0.878571
0.885172
0.892368
0.900275
0.909064
0.918773
0.927205
0.934412
0.941149
0.948015
0.954687
0.961505
0.96824
0.975111
0.981539
0.987912
0.994662
1.00053
1.00727
1.01104
1.01527
1.01919
1.02367
1.02823
1.03272
1.03708
1.04232
1.04712
1.04556
1.0413
1.03473
1.01471
0.984592
0.935245
0.88256
0.828189
0.841589
0.863183
0.877343
0.900078
0.905338
0.905802
0.906723
0.910319
0.915857
0.921988
0.930119
0.935914
0.940818
0.946027
0.953515
0.949915
1.40349
1.40654
1.32866
0.876266
0.607644
0.67603
0.771412
0.787989
0.801258
0.79257
0.752902
0.686728
0.624303
0.656341
0.672475
0.700138
0.701837
0.701299
0.703706
0.707871
0.713786
0.720815
0.728355
0.734615
0.740797
0.746866
0.753003
0.759161
0.765229
0.771357
0.777561
0.783836
0.7902
0.79664
0.803153
0.809646
0.816268
0.821712
0.826817
0.832107
0.837562
0.843284
0.848714
0.852918
0.857218
0.861784
0.866564
0.871569
0.876928
0.882714
0.889126
0.896254
0.904179
0.912506
0.91926
0.925562
0.931703
0.937932
0.944167
0.950264
0.956181
0.962518
0.96732
0.97247
0.977096
0.982123
0.986215
0.990081
0.993991
0.997163
1.00103
1.00319
1.00552
1.00784
1.01023
1.01269
1.0171
1.01645
1.01371
1.00857
1.00103
0.976536
0.935684
0.884904
0.804158
0.811185
0.835877
0.853263
0.870769
0.890223
0.89466
0.897452
0.901689
0.907393
0.914591
0.924321
0.930853
0.937606
0.947893
0.945141
1.40782
1.40199
1.36567
1.16587
0.770861
0.619138
0.707858
0.771814
0.770621
0.738534
0.672112
0.608924
0.640133
0.661423
0.690457
0.69347
0.69299
0.695437
0.699321
0.704678
0.711139
0.718262
0.724813
0.73152
0.738299
0.74487
0.751394
0.757721
0.764051
0.77041
0.776787
0.783219
0.78968
0.796162
0.80271
0.809105
0.815631
0.821331
0.826397
0.831571
0.836993
0.842572
0.848713
0.852604
0.855556
0.858962
0.862763
0.866879
0.871289
0.876068
0.881405
0.887399
0.894159
0.900107
0.905218
0.910393
0.915499
0.92058
0.925842
0.930296
0.935176
0.939457
0.943219
0.945912
0.949106
0.951723
0.954012
0.956024
0.957814
0.960223
0.962825
0.96351
0.964364
0.965366
0.966926
0.969302
0.972379
0.976341
0.982229
0.978827
0.980796
0.973755
0.956832
0.925291
0.883306
0.834081
0.788204
0.801003
0.825681
0.839794
0.861201
0.873513
0.879842
0.886276
0.893973
0.903217
0.911221
0.919784
0.933446
0.932243
1.40822
1.4071
1.40081
1.3437
1.0766
0.642459
0.642593
0.712712
0.704885
0.649835
0.597943
0.629119
0.65785
0.690031
0.690324
0.688678
0.690838
0.694593
0.699566
0.705463
0.711749
0.718145
0.72472
0.731539
0.738279
0.744972
0.751334
0.757673
0.764014
0.770372
0.776728
0.78289
0.789033
0.795053
0.801084
0.806945
0.812792
0.818244
0.822734
0.827257
0.831849
0.836527
0.841713
0.845108
0.846405
0.848121
0.850334
0.852806
0.855472
0.85844
0.861992
0.866301
0.870254
0.873058
0.875932
0.878866
0.881989
0.884791
0.887728
0.890656
0.89338
0.896124
0.89765
0.899316
0.901269
0.903644
0.90565
0.907386
0.909875
0.913242
0.918411
0.92222
0.92465
0.927717
0.931344
0.935721
0.940936
0.946859
0.952608
0.957548
0.963497
0.963699
0.958042
0.948023
0.928435
0.894457
0.845194
0.777237
0.78364
0.807393
0.821385
0.837595
0.855141
0.865246
0.869969
0.875318
0.882581
0.891451
0.903773
0.906587
1.40842
1.4082
1.40617
1.393
1.30477
0.991503
0.68237
0.603474
0.531348
0.550519
0.588943
0.646872
0.658823
0.663889
0.66919
0.672694
0.677328
0.683118
0.689465
0.696354
0.702831
0.709523
0.716511
0.723368
0.730086
0.736201
0.742257
0.747904
0.753508
0.758938
0.764225
0.769252
0.773944
0.778109
0.782181
0.786061
0.789974
0.7932
0.795667
0.79816
0.800818
0.80357
0.806941
0.808753
0.808289
0.808244
0.808763
0.809725
0.811221
0.813489
0.816507
0.820193
0.822485
0.824717
0.827197
0.830047
0.833126
0.836435
0.840024
0.843928
0.847858
0.851781
0.855229
0.858569
0.862458
0.867174
0.871344
0.874631
0.878809
0.884211
0.892282
0.897496
0.90129
0.905867
0.911174
0.91709
0.923652
0.931158
0.936886
0.942944
0.9491
0.959447
0.95935
0.956157
0.952999
0.940913
0.916946
0.872784
0.789836
0.78546
0.7992
0.819969
0.830337
0.843345
0.854271
0.859391
0.865402
0.873258
0.873429
0.878162
1.40845
1.40848
1.40927
1.40636
1.38362
1.26509
0.82879
0.544601
0.395923
0.467608
0.518027
0.572358
0.582542
0.591177
0.60197
0.612647
0.623939
0.63425
0.64303
0.65114
0.659487
0.666954
0.673969
0.680432
0.686798
0.692799
0.698291
0.703462
0.708185
0.712626
0.71647
0.72007
0.723496
0.72675
0.730023
0.733361
0.736795
0.740039
0.743119
0.746401
0.749999
0.753897
0.758168
0.762422
0.763919
0.765525
0.767743
0.770513
0.773721
0.777398
0.781659
0.785479
0.788471
0.791722
0.795264
0.799096
0.803176
0.807443
0.811945
0.816662
0.821431
0.826545
0.831144
0.835758
0.841087
0.847972
0.852875
0.857544
0.863148
0.870071
0.878667
0.88455
0.889834
0.895603
0.901864
0.908573
0.915764
0.923475
0.930019
0.936138
0.942971
0.950361
0.957886
0.965976
0.966214
0.962883
0.957338
0.941438
0.893313
0.820653
0.784635
0.795071
0.81831
0.825508
0.836206
0.849392
0.853598
0.852105
0.852688
0.854151
1.40844
1.40839
1.40795
1.40422
1.37195
1.19127
0.824989
0.450425
0.514107
0.542787
0.544401
0.545016
0.548816
0.553688
0.559448
0.566773
0.575482
0.584816
0.592116
0.599498
0.606421
0.613305
0.619973
0.626567
0.632933
0.639193
0.645308
0.651419
0.657546
0.663701
0.669668
0.675451
0.681135
0.686545
0.691852
0.697173
0.702415
0.707696
0.71271
0.717792
0.723102
0.72862
0.73433
0.740178
0.743581
0.746851
0.750583
0.754687
0.759069
0.76364
0.768548
0.772205
0.775578
0.779271
0.783258
0.787454
0.791781
0.79629
0.800879
0.805491
0.810379
0.815927
0.821138
0.826567
0.832693
0.839597
0.845241
0.851266
0.857746
0.864837
0.872195
0.879897
0.886647
0.893358
0.90024
0.907491
0.91479
0.922411
0.928883
0.935595
0.942195
0.949415
0.957362
0.965602
0.975043
0.978906
0.973881
0.96717
0.955087
0.906832
0.846673
0.791302
0.80133
0.822846
0.828532
0.837567
0.84124
0.839274
0.824578
0.827781
1.40845
1.40841
1.40812
1.40546
1.37935
1.22005
0.862705
0.472305
0.538751
0.557711
0.557667
0.556977
0.56013
0.565125
0.567364
0.570627
0.574817
0.579786
0.585126
0.591102
0.597709
0.603753
0.609972
0.61627
0.6226
0.628986
0.635362
0.641522
0.647789
0.654162
0.660648
0.666938
0.673132
0.6791
0.684926
0.690698
0.696456
0.702063
0.707688
0.713388
0.719181
0.725059
0.731037
0.737052
0.741395
0.745491
0.749812
0.754339
0.759097
0.764029
0.768939
0.772307
0.775702
0.77938
0.783317
0.787369
0.791531
0.795866
0.800394
0.804991
0.809975
0.815529
0.820874
0.826602
0.833257
0.839721
0.846403
0.853077
0.859708
0.866672
0.874118
0.882136
0.889553
0.896536
0.903844
0.91127
0.919093
0.926213
0.93337
0.940162
0.947596
0.954926
0.96281
0.97125
0.980057
0.993844
0.993419
0.989112
0.983577
0.971399
0.927743
0.868475
0.806274
0.810656
0.833685
0.834564
0.83189
0.823958
0.777596
0.79545
1.40845
1.40841
1.40805
1.40484
1.37591
1.20526
0.844762
0.468196
0.536749
0.570811
0.571216
0.572484
0.575104
0.579086
0.581528
0.584188
0.587652
0.592061
0.597023
0.602202
0.607305
0.612602
0.618209
0.624077
0.630193
0.63651
0.643022
0.649724
0.65637
0.663068
0.669623
0.67607
0.682355
0.688482
0.694501
0.700496
0.706347
0.71216
0.717857
0.723581
0.729412
0.735351
0.741372
0.747362
0.752128
0.756696
0.761429
0.76635
0.771406
0.776734
0.781298
0.784524
0.787878
0.791444
0.795129
0.798898
0.802796
0.806909
0.811187
0.815567
0.820435
0.825673
0.831024
0.836684
0.842765
0.849186
0.855933
0.862481
0.869193
0.876231
0.883704
0.891433
0.898642
0.905893
0.913155
0.920652
0.928093
0.935196
0.942042
0.949049
0.956212
0.963526
0.971192
0.979153
0.987359
0.995884
1.0091
1.00805
1.00345
0.997765
0.985036
0.945686
0.885908
0.816455
0.820762
0.819567
0.81089
0.786497
0.729997
0.764451
1.40845
1.40841
1.40807
1.40506
1.37781
1.21353
0.855665
0.470167
0.538151
0.563547
0.563322
0.564802
0.569953
0.577719
0.58165
0.58578
0.590112
0.594971
0.600378
0.606272
0.611897
0.617714
0.623843
0.630209
0.636647
0.643175
0.649875
0.656725
0.663608
0.670256
0.676827
0.68317
0.689499
0.695667
0.701864
0.707911
0.713866
0.719585
0.725147
0.730727
0.736426
0.742217
0.74806
0.753857
0.758876
0.76361
0.76845
0.773415
0.778388
0.783653
0.787704
0.790705
0.793874
0.79715
0.800551
0.804046
0.807671
0.811509
0.815542
0.81977
0.82447
0.829554
0.834804
0.840373
0.846368
0.85279
0.859497
0.866031
0.872676
0.879571
0.886809
0.894368
0.901801
0.909013
0.916251
0.923496
0.930863
0.937675
0.944403
0.951416
0.958369
0.965859
0.973463
0.981703
0.989042
0.996897
1.00542
1.01869
1.01732
1.01292
1.00893
0.994457
0.956363
0.892768
0.83044
0.771368
0.751948
0.709439
0.705815
0.728813
1.40845
1.40841
1.40806
1.40495
1.37692
1.20955
0.85049
0.469312
0.537573
0.567729
0.566169
0.56713
0.571754
0.578412
0.582176
0.586187
0.590556
0.595618
0.601329
0.607426
0.613142
0.619074
0.625243
0.631572
0.637999
0.644578
0.651353
0.65834
0.665288
0.671875
0.678327
0.684749
0.691133
0.697407
0.703557
0.709583
0.715373
0.720993
0.726521
0.732081
0.737759
0.743546
0.749384
0.755171
0.760217
0.764992
0.76985
0.774843
0.779775
0.785033
0.788878
0.791831
0.794955
0.798158
0.801439
0.804876
0.808441
0.812213
0.816161
0.820335
0.824983
0.829988
0.835226
0.840752
0.846677
0.853002
0.859754
0.866342
0.873002
0.879969
0.887277
0.894897
0.902262
0.909442
0.91673
0.924037
0.931397
0.938184
0.945092
0.952069
0.959272
0.966614
0.974379
0.981964
0.990398
0.997277
1.00476
1.01303
1.02706
1.02391
1.01957
1.01269
0.991438
0.93281
0.853771
0.774241
0.686396
0.673929
0.703218
0.705882
)
;

boundaryField
{
    inlet
    {
        type            calculated;
        value           uniform 1.40845;
    }
    outlet
    {
        type            calculated;
        value           nonuniform List<scalar> 
40
(
0.595344
0.660454
0.723427
0.765746
0.795951
0.81835
0.833872
0.844739
0.852817
0.858039
0.861816
0.867081
0.874718
0.879563
0.883553
0.887713
0.891368
0.895339
0.899704
0.904137
0.908872
0.913129
0.9179
0.922836
0.928467
0.934856
0.942224
0.948159
0.950317
0.949915
0.945141
0.932243
0.906587
0.878162
0.854151
0.827781
0.79545
0.764451
0.728813
0.705882
)
;
    }
    bottom
    {
        type            symmetryPlane;
    }
    top
    {
        type            symmetryPlane;
    }
    obstacle
    {
        type            calculated;
        value           nonuniform List<scalar> 
110
(
0.596716
0.597564
0.599928
0.602522
0.606144
0.610943
0.61753
0.628135
0.646176
0.689706
0.711102
0.630301
0.504399
0.513193
0.518092
0.508328
0.50049
0.49928
0.53955
0.555862
0.558383
0.556867
0.555706
0.55345
0.549054
0.563711
0.57906
0.58719
0.589267
0.590528
0.58767
0.586801
0.586719
0.586548
0.586679
0.587281
0.589109
0.590721
0.591838
0.592455
0.592905
0.594536
0.594735
0.594617
0.592315
0.58244
0.574007
0.56639
0.559126
0.547802
0.540097
0.533825
0.525607
0.518639
0.512016
0.506472
0.505314
0.505159
0.502084
0.501898
0.494642
0.49778
0.499697
0.502214
0.504924
0.507173
0.509685
0.512423
0.515224
0.517849
0.520534
0.523196
0.525767
0.528397
0.530928
0.533506
0.536017
0.538461
0.540866
0.543205
0.545577
0.547944
0.550344
0.55257
0.554807
0.55691
0.559041
0.561125
0.563234
0.565294
0.567368
0.569356
0.571356
0.573238
0.575149
0.57696
0.578811
0.580537
0.582296
0.5839
0.585533
0.586991
0.588491
0.589851
0.591275
0.592763
0.5943
0.596852
0.59683
0.595344
)
;
    }
    defaultFaces
    {
        type            empty;
    }
}


// ************************************************************************* //
