/*--------------------------------*- C++ -*----------------------------------*\
| =========                 |                                                 |
| \\      /  F ield         | OpenFOAM: The Open Source CFD Toolbox           |
|  \\    /   O peration     | Version:  v2106                                 |
|   \\  /    A nd           | Website:  www.openfoam.com                      |
|    \\/     M anipulation  |                                                 |
\*---------------------------------------------------------------------------*/
FoamFile
{
    version     2.0;
    format      ascii;
    arch        "LSB;label=32;scalar=64";
    class       volScalarField;
    location    "18";
    object      rho;
}
// * * * * * * * * * * * * * * * * * * * * * * * * * * * * * * * * * * * * * //

dimensions      [1 -3 0 0 0 0 0];

internalField   nonuniform List<scalar> 
5250
(
1.40845
1.40845
1.40845
1.40845
1.40845
1.40845
1.40845
1.40845
1.40845
1.40842
1.40818
1.40613
1.39497
1.49357
2.10262
4.40825
7.6551
6.62192
6.8429
6.98314
7.02701
7.09556
7.1604
7.22157
7.26719
1.40845
1.40845
1.40845
1.40845
1.40845
1.40845
1.40845
1.40845
1.40845
1.40842
1.40819
1.40623
1.39489
1.48987
2.08971
4.33135
7.71443
6.63763
6.86409
7.00342
7.04083
7.10302
7.16657
7.22524
7.26917
1.40845
1.40845
1.40845
1.40845
1.40845
1.40845
1.40845
1.40845
1.40845
1.40842
1.4082
1.40644
1.39479
1.48181
2.05975
4.13646
7.81362
6.64926
6.89061
7.01982
7.05455
7.10541
7.16218
7.21502
7.2539
1.40845
1.40845
1.40845
1.40845
1.40845
1.40845
1.40845
1.40845
1.40845
1.40843
1.40821
1.40675
1.39481
1.47066
2.01627
3.81503
7.89319
6.66056
6.92375
7.05054
7.0764
7.11449
7.15094
7.19657
7.2296
1.40845
1.40845
1.40845
1.40845
1.40845
1.40845
1.40845
1.40845
1.40845
1.40843
1.40822
1.40716
1.39512
1.45726
1.95428
3.51088
7.78411
6.58109
6.85898
7.02494
7.06603
7.11159
7.13227
7.16451
7.19199
1.40845
1.40845
1.40845
1.40845
1.40845
1.40845
1.40845
1.40845
1.40845
1.40843
1.40828
1.4073
1.39546
1.44304
1.88043
3.20653
7.56613
6.47082
6.75346
6.94067
7.01247
7.07267
7.10328
7.11502
7.13664
1.40845
1.40845
1.40845
1.40845
1.40845
1.40845
1.40845
1.40845
1.40845
1.40844
1.4083
1.40751
1.39643
1.42956
1.79872
2.8514
7.16571
6.32906
6.57691
6.80675
6.90561
6.99899
7.04561
7.04819
7.06126
1.40845
1.40845
1.40845
1.40845
1.40845
1.40845
1.40845
1.40845
1.40845
1.40845
1.40828
1.40787
1.39791
1.41961
1.74856
2.59165
6.74983
6.16329
6.36427
6.59946
6.78563
6.8807
6.94531
6.96571
6.94777
1.40845
1.40845
1.40845
1.40845
1.40845
1.40845
1.40845
1.40845
1.40845
1.40845
1.4083
1.40807
1.3996
1.41017
1.67923
2.36834
6.3541
6.0227
6.12374
6.3476
6.57255
6.69912
6.80313
6.77955
6.77649
1.40845
1.40845
1.40845
1.40845
1.40845
1.40845
1.40845
1.40845
1.40845
1.40846
1.4083
1.40832
1.40001
1.41058
1.62141
2.19117
5.99218
6.00051
6.02129
6.09199
6.2943
6.47511
6.55514
6.68462
6.51169
1.40845
1.40845
1.40845
1.40845
1.40845
1.40845
1.40845
1.40845
1.40845
1.40845
1.40838
1.40812
1.40381
1.39946
1.55479
1.99153
5.30708
6.14085
6.00409
5.95206
6.02817
6.19826
6.22523
6.37373
5.43613
1.40845
1.40845
1.40845
1.40845
1.40845
1.40845
1.40845
1.40845
1.40845
1.40844
1.40845
1.40802
1.40706
1.3881
1.49291
1.81695
4.54901
6.35957
5.94512
5.86285
5.83373
5.89307
5.78102
5.73131
5.39476
1.40845
1.40845
1.40845
1.40845
1.40845
1.40845
1.40845
1.40845
1.40845
1.40845
1.40843
1.40825
1.40721
1.39521
1.45099
1.87966
3.67382
6.68791
5.98698
5.83114
5.74126
5.68865
5.54611
5.34323
5.38489
1.40845
1.40845
1.40845
1.40845
1.40845
1.40845
1.40845
1.40845
1.40845
1.40845
1.40844
1.4083
1.40769
1.39727
1.42207
1.76413
2.84456
6.47036
6.06289
5.85896
5.69469
5.57336
5.3924
5.17412
5.14234
1.40845
1.40845
1.40845
1.40845
1.40845
1.40845
1.40845
1.40845
1.40845
1.40845
1.40846
1.40827
1.40838
1.39892
1.4158
1.64187
2.31033
5.76908
6.05027
5.92326
5.69185
5.49598
5.27384
5.05131
4.85718
1.40845
1.40845
1.40845
1.40845
1.40845
1.40845
1.40845
1.40845
1.40845
1.40845
1.40845
1.4084
1.4081
1.40456
1.40064
1.53014
1.8967
4.61291
6.09675
6.006
5.74587
5.4594
5.21411
4.98787
4.72272
1.40845
1.40845
1.40845
1.40845
1.40845
1.40845
1.40845
1.40845
1.40845
1.40845
1.40844
1.40849
1.40795
1.40865
1.38707
1.44649
1.67659
3.51279
5.93825
5.8625
5.66327
5.445
5.20276
4.95395
4.67129
1.40845
1.40845
1.40845
1.40845
1.40845
1.40845
1.40845
1.40845
1.40845
1.40845
1.40845
1.40846
1.40823
1.40811
1.39702
1.42406
1.72011
2.58658
5.55965
5.69719
5.6747
5.46971
5.23119
4.96269
4.67473
1.40845
1.40845
1.40845
1.40845
1.40845
1.40845
1.40845
1.40845
1.40845
1.40845
1.40845
1.40845
1.40838
1.40801
1.40364
1.40201
1.58321
2.04598
4.6728
5.6662
5.68978
5.47436
5.24395
4.98666
4.69674
1.40845
1.40845
1.40845
1.40845
1.40845
1.40845
1.40845
1.40845
1.40845
1.40845
1.40845
1.40843
1.40849
1.40782
1.40848
1.38251
1.48554
1.64983
3.55475
5.54395
5.61485
5.40916
5.20116
4.98337
4.72951
1.40845
1.40845
1.40845
1.40845
1.40845
1.40845
1.40845
1.40845
1.40845
1.40845
1.40845
1.40845
1.40844
1.40834
1.40758
1.40195
1.41763
1.64976
2.46299
5.0726
5.39251
5.39777
5.19973
4.98977
4.75752
1.40845
1.40845
1.40845
1.40845
1.40845
1.40845
1.40845
1.40845
1.40845
1.40845
1.40845
1.40845
1.40842
1.40875
1.40672
1.41174
1.36407
1.59868
1.93889
4.03125
5.40527
5.4074
5.2243
5.02664
4.80182
1.40845
1.40845
1.40845
1.40845
1.40845
1.40845
1.40845
1.40845
1.40845
1.40845
1.40845
1.40845
1.40845
1.40844
1.40826
1.40734
1.40037
1.43604
1.60426
2.84253
5.09499
5.1892
5.1647
5.02418
4.83195
1.40845
1.40845
1.40845
1.40845
1.40845
1.40845
1.40845
1.40845
1.40845
1.40845
1.40845
1.40845
1.40845
1.40842
1.40866
1.40736
1.42237
1.32804
1.53439
2.05519
4.23561
5.1908
5.20461
5.05711
4.86875
1.40845
1.40845
1.40845
1.40845
1.40845
1.40845
1.40845
1.40845
1.40845
1.40845
1.40845
1.40845
1.40845
1.40845
1.40843
1.40821
1.40728
1.39689
1.46398
1.56344
3.11947
5.00712
5.09884
5.03747
4.88334
1.40845
1.40845
1.40845
1.40845
1.40845
1.40845
1.40845
1.40845
1.40845
1.40845
1.40845
1.40845
1.40845
1.40844
1.40841
1.40886
1.40655
1.4141
1.33774
1.51514
2.11618
4.20536
5.01538
5.05872
4.9077
1.40845
1.40845
1.40845
1.40845
1.40845
1.40845
1.40845
1.40845
1.40845
1.40845
1.40845
1.40845
1.40845
1.40845
1.40845
1.40843
1.40818
1.40724
1.396
1.47774
1.59375
3.09251
4.83096
4.93695
4.87694
1.40845
1.40845
1.40845
1.40845
1.40845
1.40845
1.40845
1.40845
1.40845
1.40845
1.40845
1.40845
1.40845
1.40845
1.40845
1.40842
1.40888
1.40593
1.41546
1.33725
1.49342
2.07342
4.02422
4.85436
4.8838
1.40845
1.40845
1.40845
1.40845
1.40845
1.40845
1.40845
1.40845
1.40845
1.40845
1.40845
1.40845
1.40845
1.40845
1.40845
1.40845
1.40844
1.40817
1.40771
1.39434
1.46805
1.55961
2.94406
4.63428
4.74346
1.40845
1.40845
1.40845
1.40845
1.40845
1.40845
1.40845
1.40845
1.40845
1.40845
1.40845
1.40845
1.40845
1.40845
1.40845
1.40845
1.40843
1.4088
1.40561
1.4122
1.35315
1.49206
1.97973
3.75087
4.70237
1.40845
1.40845
1.40845
1.40845
1.40845
1.40845
1.40845
1.40845
1.40845
1.40845
1.40845
1.40845
1.40845
1.40845
1.40845
1.40845
1.40844
1.40844
1.40815
1.40786
1.39497
1.44664
1.50717
2.68625
4.33819
1.40845
1.40845
1.40845
1.40845
1.40845
1.40845
1.40845
1.40845
1.40845
1.40845
1.40845
1.40845
1.40845
1.40845
1.40845
1.40845
1.40845
1.40845
1.40865
1.40599
1.40807
1.36689
1.50019
1.81415
3.34965
1.40845
1.40845
1.40845
1.40845
1.40845
1.40845
1.40845
1.40845
1.40845
1.40845
1.40845
1.40845
1.40845
1.40845
1.40845
1.40845
1.40845
1.40845
1.40843
1.40825
1.40749
1.40034
1.42224
1.54079
2.40561
1.40845
1.40845
1.40845
1.40845
1.40845
1.40845
1.40845
1.40845
1.40845
1.40845
1.40845
1.40845
1.40845
1.40845
1.40845
1.40845
1.40845
1.40845
1.40845
1.40841
1.408
1.40799
1.38368
1.50293
1.68988
1.40845
1.40845
1.40845
1.40845
1.40845
1.40845
1.40845
1.40845
1.40845
1.40845
1.40845
1.40845
1.40845
1.40845
1.40845
1.40845
1.40845
1.40845
1.40845
1.40841
1.40855
1.40471
1.43259
1.30678
1.41233
1.40845
1.40845
1.40845
1.40845
1.40845
1.40845
1.40845
1.40845
1.40845
1.40845
1.40845
1.40845
1.40845
1.40845
1.40845
1.40845
1.40845
1.40845
1.40845
1.40844
1.40859
1.40735
1.40808
1.39379
1.43611
1.40845
1.40845
1.40845
1.40845
1.40845
1.40845
1.40845
1.40845
1.40845
1.40845
1.40845
1.40845
1.40845
1.40845
1.40845
1.40845
1.40845
1.40845
1.40845
1.40845
1.40845
1.40846
1.40801
1.41051
1.36391
1.40845
1.40845
1.40845
1.40845
1.40845
1.40845
1.40845
1.40845
1.40845
1.40845
1.40845
1.40845
1.40845
1.40845
1.40845
1.40845
1.40845
1.40845
1.40845
1.40845
1.40845
1.40845
1.4084
1.40827
1.40587
1.40845
1.40845
1.40845
1.40845
1.40845
1.40845
1.40845
1.40845
1.40845
1.40845
1.40845
1.40845
1.40845
1.40845
1.40845
1.40845
1.40845
1.40845
1.40845
1.40845
1.40845
1.40845
1.40845
1.40831
1.40763
1.40845
1.40845
1.40845
1.40845
1.40845
1.40845
1.40845
1.40845
1.40845
1.40845
1.40845
1.40845
1.40845
1.40845
1.40845
1.40845
1.40845
1.40845
1.40845
1.40845
1.40845
1.40845
1.40843
1.40852
1.40772
1.40845
1.40845
1.40845
1.40845
1.40845
1.40845
1.40845
1.40845
1.40845
1.40845
1.40845
1.40845
1.40845
1.40845
1.40845
1.40845
1.40845
1.40845
1.40845
1.40845
1.40845
1.40845
1.40846
1.40843
1.40846
1.40845
1.40845
1.40845
1.40845
1.40845
1.40845
1.40845
1.40845
1.40845
1.40845
1.40845
1.40845
1.40845
1.40845
1.40845
1.40845
1.40845
1.40845
1.40845
1.40845
1.40845
1.40845
1.40845
1.40845
1.40855
1.40845
1.40845
1.40845
1.40845
1.40845
1.40845
1.40845
1.40845
1.40845
1.40845
1.40845
1.40845
1.40845
1.40845
1.40845
1.40845
1.40845
1.40845
1.40845
1.40845
1.40845
1.40845
1.40845
1.40845
1.40845
1.40845
1.40845
1.40845
1.40845
1.40845
1.40845
1.40845
1.40845
1.40845
1.40845
1.40845
1.40845
1.40845
1.40845
1.40845
1.40845
1.40845
1.40845
1.40845
1.40845
1.40845
1.40845
1.40845
1.40845
1.40845
1.40845
1.40845
1.40845
1.40845
1.40845
1.40845
1.40845
1.40845
1.40845
1.40845
1.40845
1.40845
1.40845
1.40845
1.40845
1.40845
1.40845
1.40845
1.40845
1.40845
1.40845
1.40845
1.40845
1.40845
1.40845
1.40845
1.40845
1.40845
1.40845
1.40845
1.40845
1.40845
1.40845
1.40845
1.40845
1.40845
1.40845
1.40845
1.40845
1.40845
1.40845
1.40845
1.40845
1.40845
1.40845
1.40845
1.40845
1.40845
1.40845
1.40845
1.40845
1.40845
1.40845
1.40845
1.40845
1.40845
1.40845
1.40845
1.40845
1.40845
1.40845
1.40845
1.40845
1.40845
1.40845
1.40845
1.40845
1.40845
1.40845
1.40845
1.40845
1.40845
1.40845
1.40845
1.40845
1.40845
1.40845
1.40845
1.40845
1.40845
1.40845
1.40845
1.40845
1.40845
1.40845
1.40845
1.40845
1.40845
1.40845
1.40845
1.40845
1.40845
1.40845
1.40845
1.40845
1.40845
1.40845
1.40845
1.40845
1.40845
1.40845
1.40845
1.40845
1.40845
1.40845
1.40845
1.40845
1.40845
1.40845
1.40845
1.40845
1.40845
1.40845
1.40845
1.40845
1.40845
1.40845
1.40845
1.40845
1.40845
1.40845
1.40845
1.40845
1.40845
1.40845
1.40845
1.40845
1.40845
1.40845
1.40845
1.40845
1.40845
1.40845
1.40845
1.40845
1.40845
1.40845
1.40845
1.40845
1.40845
1.40845
1.40845
1.40845
1.40845
1.40845
1.40845
1.40845
1.40845
1.40845
1.40845
1.92568
1.92262
1.93341
1.67943
1.81807
1.78982
1.66226
1.43757
1.3784
1.36184
1.37176
1.37897
1.37916
1.36235
1.29609
1.23659
1.207
1.20038
1.20253
1.21415
1.21704
1.2181
1.21758
1.2145
1.20965
1.20366
1.19912
1.19587
1.19469
1.19488
1.19705
1.21186
1.23376
1.27126
1.32845
1.38016
1.44014
1.51228
1.59829
1.67124
1.74852
1.84185
1.92038
2.00987
2.09034
2.15817
2.20433
2.27557
2.32156
2.3578
2.36944
2.41683
2.4386
2.46196
2.48075
2.48972
2.49521
2.49848
2.49732
2.4924
2.48533
2.47568
2.4636
2.45006
2.43494
2.41907
2.40208
2.38407
2.3652
2.34568
2.32627
2.30699
2.288
2.26868
2.24991
2.23109
2.21289
2.19469
2.17674
2.15859
2.14057
2.12244
2.10469
2.08702
2.07008
2.05329
2.03722
2.02112
2.00565
1.99008
1.97514
1.96005
1.94567
1.93106
1.91717
1.90301
1.88901
1.87695
1.85692
1.84061
2.86071
2.55178
2.09076
1.75153
1.89002
1.82267
1.68803
1.32807
1.19652
1.16654
1.19509
1.21108
1.20885
1.17228
1.11075
1.07834
1.05276
1.04147
1.04119
1.04423
1.04868
1.0505
1.05081
1.0479
1.0464
1.03994
1.03599
1.02863
1.02615
1.02532
1.02741
1.04233
1.06016
1.08645
1.13313
1.17396
1.22904
1.30555
1.38963
1.48205
1.57552
1.67331
1.77111
1.86583
1.9474
2.04491
2.1088
2.18597
2.26833
2.32789
2.399
2.4714
2.51789
2.56038
2.60089
2.62686
2.64651
2.66381
2.67895
2.68331
2.68326
2.6816
2.67575
2.66553
2.65246
2.63848
2.62411
2.60873
2.59097
2.57137
2.55163
2.53213
2.51312
2.49398
2.47543
2.45645
2.43793
2.41888
2.39997
2.38077
2.36164
2.34253
2.32395
2.30512
2.28692
2.26868
2.2511
2.23373
2.21694
2.20061
2.18495
2.16949
2.15482
2.1401
2.12576
2.1109
2.09573
2.08265
2.05921
2.03944
3.79611
3.05051
2.57599
2.10792
2.00527
1.89316
1.66279
1.3076
1.13607
1.12236
1.13749
1.15964
1.1729
1.15772
1.10746
1.01365
0.9633
0.950836
0.950732
0.966489
0.969796
0.971203
0.968402
0.9657
0.960618
0.95799
0.952701
0.950404
0.949173
0.949384
0.948636
0.958993
0.974424
1.00018
1.04896
1.10087
1.15776
1.22395
1.29146
1.36318
1.45356
1.56849
1.69068
1.83369
1.98686
2.15705
2.26416
2.37708
2.48871
2.58707
2.67757
2.75758
2.82237
2.86554
2.9066
2.93274
2.95112
2.96502
2.97774
2.9849
2.9829
2.97604
2.96616
2.954
2.93908
2.92113
2.90154
2.88115
2.85986
2.83675
2.81342
2.78993
2.76653
2.74344
2.7211
2.69914
2.67794
2.65622
2.6345
2.61228
2.59017
2.56796
2.54633
2.52498
2.50451
2.48442
2.46502
2.44571
2.42699
2.40834
2.39031
2.37214
2.35473
2.33812
2.32187
2.30573
2.28959
2.2747
2.25234
2.23059
4.40882
3.5498
3.02316
2.53346
2.24633
2.06908
1.8859
1.60871
1.37754
1.23057
1.18495
1.17646
1.17545
1.15552
1.09008
0.986637
0.951412
0.937826
0.937516
0.948236
0.953503
0.960327
0.978563
0.974699
0.971424
0.96474
0.962961
0.948133
0.943313
0.940043
0.938747
0.952684
0.964975
0.974872
1.00345
1.03326
1.0835
1.16459
1.27785
1.41849
1.60037
1.765
1.93206
2.08798
2.25096
2.40194
2.5303
2.6595
2.7625
2.88394
2.94531
3.01788
3.06721
3.11042
3.15349
3.17106
3.18101
3.18623
3.19348
3.19782
3.19111
3.18156
3.16848
3.15194
3.13407
3.11404
3.09272
3.07046
3.0473
3.02124
2.99465
2.96842
2.94245
2.9167
2.89148
2.86716
2.84379
2.82065
2.79699
2.77265
2.74792
2.72349
2.69989
2.67713
2.65511
2.63359
2.61242
2.59151
2.5711
2.55144
2.53227
2.51346
2.4948
2.47705
2.45941
2.4418
2.42406
2.4066
2.3827
2.35728
4.47267
3.88047
3.32907
2.9096
2.65607
2.40892
2.17678
1.91108
1.59976
1.432
1.35967
1.32098
1.26619
1.22773
1.18725
1.11736
1.04928
0.998556
0.973053
0.965461
0.966539
0.97065
0.97051
0.969842
0.966378
0.961922
0.954363
0.945835
0.943233
0.94585
0.948163
0.949626
0.954114
0.968294
1.00651
1.06916
1.15535
1.27618
1.42713
1.59144
1.77379
1.93361
2.11699
2.29819
2.46474
2.60542
2.74876
2.84287
2.93259
3.03701
3.09827
3.17276
3.22942
3.26846
3.29178
3.30077
3.31459
3.323
3.32788
3.32821
3.31972
3.30723
3.29341
3.27715
3.25927
3.23887
3.21676
3.19384
3.16919
3.14305
3.11638
3.0895
3.06226
3.035
3.00823
2.98216
2.95684
2.93207
2.90725
2.88189
2.85674
2.83222
2.80829
2.78466
2.76152
2.73881
2.71639
2.69426
2.67279
2.65215
2.63188
2.61213
2.59237
2.57371
2.55541
2.53707
2.51855
2.4997
2.47502
2.44674
4.43238
4.02481
3.56833
3.1713
2.93655
2.74172
2.52111
2.26858
1.92229
1.68323
1.58129
1.52212
1.45128
1.37738
1.30417
1.21021
1.13269
1.08308
1.05924
1.04258
1.03734
1.02349
1.01518
1.00193
0.99687
0.984368
0.981364
0.968433
0.964497
0.955306
0.955344
0.960403
0.976871
1.00243
1.05864
1.13612
1.24092
1.38255
1.53079
1.67075
1.8373
1.98853
2.14749
2.33584
2.51609
2.70132
2.85607
2.94446
3.03727
3.09071
3.14365
3.22829
3.30813
3.35852
3.37336
3.38972
3.40506
3.40892
3.40712
3.40954
3.40502
3.39482
3.38297
3.36747
3.34797
3.3237
3.29722
3.27101
3.24621
3.2226
3.19718
3.17018
3.1426
3.11491
3.08747
3.06078
3.03479
3.00919
2.98342
2.95733
2.93104
2.90543
2.88083
2.85721
2.83444
2.8126
2.79137
2.76966
2.74753
2.72602
2.70477
2.68377
2.66273
2.64292
2.62391
2.60505
2.58622
2.56662
2.54237
2.51248
4.34173
4.05466
3.70568
3.38876
3.14124
2.98274
2.8022
2.62289
2.36727
2.06295
1.85626
1.76569
1.69766
1.61846
1.53862
1.43656
1.33727
1.25958
1.20259
1.16929
1.14378
1.12461
1.10311
1.08019
1.06109
1.04181
1.02522
1.00845
0.999826
0.997216
0.998899
1.01988
1.04077
1.08743
1.16785
1.28978
1.4167
1.53823
1.65094
1.74444
1.85501
1.94173
2.05193
2.17976
2.31275
2.47024
2.66395
2.9173
3.0875
3.14537
3.19508
3.24653
3.29755
3.36621
3.42163
3.43986
3.44889
3.44864
3.4438
3.44925
3.45072
3.44445
3.43305
3.41145
3.38765
3.36332
3.33901
3.31616
3.29433
3.26942
3.24211
3.21498
3.18817
3.16161
3.1352
3.10888
3.08227
3.05539
3.02855
3.00193
2.97637
2.95191
2.92833
2.90561
2.8836
2.86151
2.83905
2.81629
2.79389
2.77237
2.75119
2.73031
2.70922
2.68921
2.67018
2.65125
2.63228
2.61238
2.58788
2.5567
4.3253
4.02509
3.75926
3.49411
3.26687
3.12766
2.98323
2.81646
2.63734
2.39912
2.15711
2.00376
1.92093
1.85375
1.77256
1.69808
1.58821
1.47902
1.39268
1.34986
1.31724
1.29068
1.27259
1.23725
1.20169
1.16052
1.14055
1.10569
1.11105
1.06625
1.09402
1.17936
1.23812
1.32182
1.43168
1.54753
1.61214
1.67935
1.7513
1.81336
1.87162
1.92462
1.99677
2.07039
2.15069
2.26553
2.41119
2.57725
2.7767
3.0853
3.29961
3.30376
3.31327
3.33639
3.3777
3.41887
3.46166
3.46973
3.47375
3.46808
3.46246
3.45182
3.44017
3.42532
3.40619
3.38609
3.36447
3.33989
3.31545
3.2904
3.26448
3.2382
3.21224
3.18672
3.16109
3.13487
3.10789
3.08007
3.05314
3.0277
3.00371
2.98079
2.95796
2.93526
2.91266
2.8902
2.86796
2.84594
2.82413
2.80306
2.78225
2.76152
2.74053
2.72037
2.70111
2.68206
2.66307
2.64321
2.61885
2.58697
4.37033
4.04263
3.77556
3.53001
3.36706
3.21126
3.09103
2.95755
2.80749
2.64103
2.43393
2.25047
2.13549
2.07085
1.99999
1.92091
1.84134
1.72607
1.62008
1.54263
1.50839
1.47508
1.45773
1.42621
1.39188
1.35378
1.31315
1.28602
1.25507
1.25405
1.30882
1.48065
1.59352
1.69636
1.80022
1.84576
1.84747
1.8341
1.86045
1.88304
1.91947
1.95626
1.99354
2.0182
2.05831
2.11884
2.19258
2.30515
2.46268
2.6357
2.91069
3.22518
3.38284
3.3683
3.35567
3.3701
3.40275
3.45282
3.46858
3.46458
3.45112
3.4408
3.43158
3.42438
3.41367
3.39516
3.36866
3.34444
3.32174
3.29948
3.27697
3.25336
3.22804
3.20218
3.17646
3.15079
3.12495
3.098
3.07095
3.04585
3.02236
2.99967
2.97715
2.95487
2.9329
2.91129
2.88968
2.86779
2.84605
2.82494
2.80416
2.78353
2.76311
2.74318
2.72383
2.70468
2.68543
2.66519
2.64023
2.60736
4.43763
4.11549
3.84704
3.58516
3.43372
3.26869
3.16839
3.05613
2.91802
2.76461
2.60658
2.42243
2.29511
2.21052
2.15105
2.08246
2.01745
1.94684
1.86116
1.76237
1.68911
1.66032
1.63284
1.61988
1.58742
1.56324
1.52416
1.50844
1.49349
1.55572
1.79834
1.96269
2.05253
2.12558
2.16071
2.10398
2.05471
2.02412
2.01021
2.00367
2.00613
2.00735
2.01895
2.02738
2.04288
2.06098
2.09369
2.14527
2.2069
2.31669
2.4936
2.67231
3.08911
3.39188
3.39024
3.37688
3.38135
3.38888
3.42438
3.44799
3.4473
3.44314
3.43477
3.42501
3.41418
3.40047
3.37623
3.35171
3.33142
3.31167
3.28929
3.26475
3.23963
3.21493
3.19099
3.167
3.14137
3.11381
3.08633
3.0606
3.03661
3.01372
2.99124
2.96898
2.94683
2.9249
2.90312
2.88172
2.86095
2.84085
2.82092
2.80098
2.78068
2.76021
2.74002
2.71992
2.69972
2.67857
2.65258
2.61861
4.49864
4.18377
3.90709
3.6625
3.47139
3.31555
3.21467
3.11032
2.99499
2.86518
2.71589
2.56348
2.41089
2.30704
2.24691
2.18705
2.13269
2.07697
2.02052
1.94146
1.85664
1.79949
1.7771
1.75433
1.73837
1.7146
1.70363
1.70163
1.78787
1.9152
2.40852
2.48944
2.5473
2.5657
2.48159
2.38797
2.31692
2.27498
2.22041
2.18559
2.15192
2.1187
2.08203
2.0583
2.05944
2.05843
2.06364
2.06824
2.08318
2.13257
2.2161
2.34734
2.54767
2.81415
3.23675
3.44012
3.45228
3.39152
3.38923
3.3965
3.43144
3.43431
3.43393
3.42983
3.41262
3.3957
3.37884
3.36021
3.34072
3.3201
3.29472
3.2716
3.24933
3.22684
3.20325
3.17874
3.15015
3.12169
3.09466
3.06895
3.04446
3.02097
2.99811
2.97573
2.95357
2.93171
2.91022
2.88915
2.86853
2.84838
2.82839
2.80834
2.78827
2.76804
2.74777
2.72742
2.70689
2.68538
2.65899
2.6241
4.55792
4.2652
3.99383
3.7486
3.52767
3.37619
3.24562
3.14655
3.0461
2.9278
2.79946
2.6815
2.52385
2.40024
2.31413
2.26995
2.23085
2.18117
2.13159
2.06222
1.98728
1.92538
1.88588
1.85303
1.83745
1.83152
1.84333
1.89987
2.05179
2.47511
2.89199
2.95492
2.95736
2.8941
2.7699
2.67242
2.58945
2.51246
2.44162
2.38269
2.32483
2.27701
2.22986
2.18624
2.13087
2.09269
2.05796
2.04882
2.0573
2.07244
2.09088
2.14041
2.23718
2.40737
2.57923
3.04518
3.40207
3.4435
3.42084
3.38613
3.38608
3.41205
3.41425
3.4131
3.40719
3.39567
3.38093
3.36515
3.3498
3.33216
3.31046
3.28339
3.25811
3.23365
3.20917
3.18407
3.15804
3.13098
3.10542
3.08116
3.05769
3.03467
3.01205
2.99006
2.96862
2.94773
2.92705
2.90584
2.88427
2.86302
2.84199
2.82101
2.80005
2.77921
2.7585
2.73787
2.71719
2.69556
2.66911
2.63314
4.60335
4.33033
4.06891
3.83372
3.60363
3.43137
3.29177
3.19301
3.08735
2.97673
2.85809
2.7518
2.63109
2.48765
2.38448
2.33162
2.28898
2.24664
2.20467
2.13536
2.0785
2.02533
1.96761
1.91993
1.91328
1.92495
1.97211
2.14644
2.41408
3.08688
3.24052
3.25639
3.21041
3.09723
2.99577
2.88887
2.7926
2.69916
2.61182
2.53756
2.4678
2.4052
2.34913
2.2924
2.24226
2.20016
2.12952
2.09249
2.07532
2.0676
2.06524
2.07482
2.10083
2.16206
2.28674
2.49077
2.71536
3.20571
3.47951
3.51084
3.42042
3.38521
3.38215
3.41049
3.41356
3.4082
3.3915
3.37564
3.35638
3.34085
3.32252
3.30122
3.27774
3.25376
3.22832
3.20314
3.1778
3.15248
3.1257
3.10028
3.07683
3.05482
3.03396
3.01414
2.99488
2.97559
2.95503
2.93356
2.91122
2.88852
2.86577
2.8431
2.82057
2.79829
2.77637
2.7549
2.73376
2.71194
2.68553
2.64821
4.64701
4.38945
4.13677
3.92568
3.69282
3.49917
3.35662
3.24501
3.13415
3.03193
2.91299
2.79251
2.70461
2.57639
2.45952
2.38258
2.3389
2.29958
2.24415
2.19651
2.15258
2.10735
2.01858
1.98446
1.97839
2.01181
2.15309
2.35868
3.01258
3.46581
3.47835
3.43166
3.35657
3.27329
3.17986
3.0811
2.97138
2.86851
2.77784
2.69074
2.60925
2.54037
2.47423
2.41527
2.35981
2.29285
2.2441
2.21024
2.16328
2.11418
2.07982
2.06594
2.0761
2.08664
2.12568
2.19993
2.35074
2.55777
2.95291
3.37767
3.4815
3.46016
3.38277
3.36205
3.37332
3.37398
3.37166
3.36523
3.35513
3.32997
3.31215
3.29671
3.28023
3.26051
3.23731
3.20785
3.18114
3.15665
3.13206
3.10747
3.0838
3.06154
3.0409
3.02135
3.0017
2.98156
2.96087
2.93862
2.91546
2.89301
2.87098
2.84925
2.82766
2.80615
2.78474
2.76347
2.74211
2.7197
2.69241
2.65335
4.68296
4.43666
4.18698
3.98786
3.77223
3.57356
3.43214
3.30953
3.20114
3.08957
2.97516
2.85459
2.75728
2.64914
2.52457
2.43667
2.38996
2.33217
2.28538
2.24606
2.21241
2.12602
2.06406
2.05449
2.07076
2.17456
2.3769
2.98035
3.51692
3.56687
3.56515
3.53469
3.48037
3.40715
3.31903
3.22148
3.11869
3.02013
2.92111
2.82836
2.74382
2.66815
2.59746
2.53225
2.46396
2.40555
2.35974
2.3063
2.2488
2.21259
2.17143
2.13669
2.10249
2.07496
2.0767
2.08195
2.12885
2.23309
2.42392
2.63201
3.14399
3.47459
3.48125
3.40767
3.34201
3.33776
3.35249
3.3487
3.34629
3.3352
3.31032
3.28498
3.2657
3.24654
3.22551
3.20207
3.17834
3.15463
3.13216
3.11001
3.08812
3.06742
3.04764
3.02787
3.00748
2.98671
2.9655
2.94379
2.92152
2.89901
2.87722
2.85576
2.83425
2.81258
2.79076
2.76877
2.74647
2.7231
2.69492
2.6542
4.71909
4.48625
4.24071
4.04232
3.84602
3.63768
3.49558
3.38242
3.27361
3.15833
3.04766
2.93645
2.82516
2.7343
2.603
2.49255
2.42279
2.37288
2.32515
2.27841
2.21925
2.15942
2.13441
2.13729
2.21396
2.46722
2.90501
3.47257
3.63629
3.6415
3.62758
3.59758
3.55254
3.4932
3.42093
3.33717
3.24459
3.14954
3.05083
2.95833
2.86927
2.78944
2.71636
2.64136
2.57449
2.52414
2.45411
2.38785
2.34952
2.31035
2.26632
2.21738
2.16834
2.11784
2.07572
2.06435
2.06288
2.08389
2.15236
2.28774
2.51122
2.81463
3.26556
3.46602
3.48092
3.36308
3.30381
3.30185
3.30831
3.31112
3.30767
3.29378
3.26774
3.24575
3.22448
3.20214
3.17935
3.15603
3.13111
3.10928
3.0897
3.07146
3.05373
3.03546
3.01618
2.99593
2.97463
2.95172
2.92787
2.90459
2.88196
2.85976
2.83786
2.81605
2.79424
2.77227
2.74979
2.726
2.69713
2.65456
4.7269
4.52573
4.29897
4.09674
3.92191
3.70737
3.54938
3.44827
3.34064
3.22981
3.11908
3.00854
2.89539
2.79919
2.69206
2.5641
2.46753
2.41717
2.36938
2.29512
2.23016
2.21531
2.21412
2.26559
2.48118
2.82601
3.432
3.67533
3.68358
3.67764
3.65942
3.63523
3.60242
3.558
3.49818
3.4266
3.34588
3.26044
3.1688
3.07717
2.98908
2.91246
2.82568
2.75062
2.68866
2.62861
2.54814
2.50118
2.44836
2.38604
2.32816
2.28341
2.23956
2.19765
2.14158
2.10035
2.0506
2.04716
2.04911
2.0865
2.18398
2.36463
2.56031
3.05696
3.43048
3.44926
3.4165
3.31502
3.25378
3.25775
3.26738
3.26869
3.26144
3.2458
3.21692
3.19297
3.1739
3.15537
3.1362
3.11075
3.08818
3.06947
3.05241
3.03558
3.01778
2.99885
2.97894
2.9561
2.93128
2.90812
2.88578
2.86365
2.84172
2.81974
2.79749
2.77469
2.7511
2.72617
2.69617
2.65168
4.73864
4.56272
4.36004
4.15059
3.99378
3.78211
3.60322
3.50339
3.40562
3.29008
3.18318
3.07981
2.97751
2.87798
2.76788
2.6336
2.53491
2.46115
2.39308
2.32088
2.28889
2.28811
2.3325
2.51465
2.79587
3.45547
3.73208
3.75427
3.72959
3.70829
3.69124
3.67342
3.64857
3.61265
3.5641
3.50351
3.43329
3.35289
3.26835
3.18248
3.10406
3.01581
2.92957
2.86388
2.80069
2.71211
2.6509
2.58996
2.51797
2.45253
2.39831
2.35421
2.30862
2.25991
2.21203
2.16827
2.11168
2.05066
2.02446
2.03579
2.06352
2.1278
2.24738
2.4425
2.67103
3.16577
3.41691
3.42274
3.33053
3.24796
3.23136
3.23364
3.24596
3.24301
3.22912
3.20345
3.1723
3.1487
3.12892
3.10908
3.08939
3.07057
3.05327
3.037
3.02065
3.003
2.98383
2.96357
2.93857
2.91416
2.89083
2.86764
2.84462
2.82165
2.79858
2.77502
2.75058
2.72474
2.69382
2.64766
4.71992
4.5952
4.4382
4.23236
4.06197
3.87027
3.66374
3.54591
3.46285
3.35274
3.22938
3.12645
3.03688
2.95134
2.8556
2.70924
2.60501
2.50852
2.42321
2.37394
2.36879
2.40564
2.56236
2.80213
3.49306
3.81528
3.84975
3.80435
3.76804
3.74899
3.73122
3.71199
3.68864
3.65873
3.62116
3.57201
3.51178
3.44063
3.36292
3.28221
3.19652
3.10645
3.0345
2.96412
2.87689
2.79851
2.73251
2.65372
2.5926
2.53303
2.47261
2.41885
2.3689
2.32395
2.27631
2.21124
2.16145
2.10421
2.0656
2.04526
2.04565
2.04907
2.07032
2.13798
2.29332
2.51665
2.88101
3.28756
3.36537
3.35716
3.26294
3.2039
3.20233
3.20757
3.20359
3.19157
3.17194
3.14473
3.11643
3.09644
3.08112
3.06551
3.05034
3.03531
3.02
3.00319
2.98481
2.96621
2.94343
2.91785
2.8935
2.86957
2.84575
2.82194
2.798
2.77346
2.74807
2.72147
2.69008
2.64258
4.72153
4.59406
4.45973
4.29702
4.12217
3.96986
3.74928
3.58644
3.50497
3.41498
3.28596
3.16822
3.07814
3.00015
2.92595
2.79767
2.68932
2.54338
2.48466
2.46914
2.49346
2.63024
2.83553
3.53071
3.92765
3.95469
3.91423
3.86147
3.82593
3.79902
3.77507
3.75216
3.72986
3.70469
3.67345
3.63283
3.5815
3.52034
3.44938
3.37141
3.28481
3.20565
3.13018
3.03426
2.95438
2.8835
2.803
2.73144
2.66941
2.61017
2.54675
2.49298
2.44117
2.39015
2.33758
2.28355
2.23237
2.19286
2.15243
2.10995
2.05994
2.02475
2.02571
2.0476
2.08315
2.1685
2.34431
2.53253
3.01573
3.30959
3.31752
3.28877
3.2068
3.15762
3.16289
3.16154
3.15628
3.14433
3.12785
3.09844
3.07803
3.06433
3.05217
3.03878
3.02274
3.00465
2.98616
2.96784
2.94399
2.91761
2.89318
2.86923
2.8451
2.8206
2.79577
2.77032
2.74397
2.71671
2.68524
2.63629
4.60136
4.61323
4.49181
4.3428
4.16973
4.03353
3.83812
3.642
3.5375
3.45532
3.33967
3.21072
3.10724
3.03281
2.96264
2.86881
2.72773
2.626
2.56596
2.58694
2.71184
2.93052
3.60008
4.07381
4.07138
4.04445
4.00012
3.95657
3.90692
3.86668
3.83442
3.80443
3.77576
3.74677
3.71542
3.67826
3.63319
3.57842
3.51543
3.44448
3.36933
3.28945
3.20317
3.11846
3.044
2.96451
2.88886
2.81496
2.74937
2.68467
2.62552
2.56237
2.50549
2.45149
2.39727
2.34589
2.28944
2.23744
2.1914
2.14947
2.11553
2.07116
2.05035
2.04086
2.02449
2.03749
2.08153
2.21656
2.4209
2.68938
3.13454
3.31004
3.31095
3.24909
3.17525
3.1281
3.13197
3.13083
3.12391
3.11171
3.08872
3.06711
3.05173
3.03724
3.02299
3.00755
2.98988
2.97077
2.94313
2.91452
2.88891
2.86494
2.84109
2.81672
2.79191
2.76632
2.73944
2.71119
2.67809
2.62742
4.51252
4.5693
4.50606
4.37773
4.22401
4.07773
3.91956
3.70722
3.57266
3.49024
3.39268
3.261
3.15139
3.06956
3.00574
2.90456
2.76824
2.71926
2.70434
2.79514
3.02874
3.66334
4.20721
4.20126
4.17232
4.13354
4.09381
4.04091
3.98776
3.93481
3.88463
3.844
3.80998
3.77731
3.74456
3.70911
3.66858
3.62111
3.56565
3.50297
3.43312
3.35839
3.27977
3.2008
3.11763
3.03845
2.9602
2.88614
2.81462
2.74839
2.68582
2.62352
2.56319
2.50122
2.44478
2.39389
2.33199
2.27892
2.23582
2.1996
2.16443
2.13029
2.10039
2.04864
2.03685
2.00819
2.00896
2.02189
2.08848
2.2422
2.4178
2.91753
3.25164
3.27787
3.26252
3.17657
3.11851
3.10133
3.10469
3.09918
3.08396
3.06462
3.04469
3.02994
3.01732
3.00472
2.9894
2.97199
2.94672
2.91462
2.88605
2.86081
2.83669
2.81196
2.78603
2.75917
2.73099
2.70153
2.66743
2.61613
3.93209
4.45825
4.53718
4.42962
4.28275
4.11907
3.98472
3.78321
3.60643
3.52133
3.44041
3.32299
3.19905
3.11736
3.06027
2.94465
2.84973
2.83628
2.91705
3.16109
3.72968
4.34441
4.34483
4.31959
4.27283
4.21806
4.16504
4.11314
4.06018
4.00365
3.94177
3.88956
3.84793
3.8098
3.77275
3.73501
3.69515
3.65077
3.6014
3.54521
3.48344
3.41554
3.34327
3.26628
3.18718
3.1079
3.02855
2.95264
2.87695
2.80815
2.74479
2.68604
2.62891
2.5709
2.51555
2.45769
2.39367
2.34097
2.29882
2.26046
2.22167
2.18234
2.14376
2.10967
2.07778
2.03012
2.00101
1.95203
1.95948
2.0232
2.15683
2.34118
2.5714
3.03399
3.25381
3.25355
3.20832
3.13143
3.07946
3.07309
3.06457
3.05445
3.04381
3.0306
3.01637
3.0021
2.98674
2.96463
2.93717
2.90689
2.87807
2.85186
2.82711
2.80198
2.77541
2.7476
2.71885
2.68863
2.6542
2.60233
2.94374
4.27595
4.38623
4.37262
4.27429
4.13383
4.00776
3.86434
3.66207
3.54397
3.4738
3.38258
3.25592
3.16925
3.09881
3.02615
2.99991
3.05561
3.28891
3.79961
4.45632
4.47747
4.46527
4.4252
4.34564
4.28167
4.22684
4.17431
4.12017
4.06345
3.99865
3.93576
3.8836
3.83912
3.79717
3.75618
3.71491
3.67189
3.62569
3.57506
3.51921
3.45783
3.39137
3.32065
3.24654
3.16988
3.09271
3.0166
2.94545
2.87569
2.81099
2.74885
2.68942
2.63314
2.57442
2.50608
2.44666
2.39418
2.34735
2.30443
2.26517
2.22072
2.18801
2.15265
2.11627
2.08411
2.01396
1.96863
1.94579
1.96091
1.99235
2.06277
2.22494
2.42842
2.82188
3.15506
3.21797
3.20689
3.1487
3.07882
3.03077
3.02963
3.02637
3.02149
3.01245
3.00034
2.98597
2.95781
2.92497
2.89691
2.86714
2.83942
2.81456
2.78948
2.76169
2.73144
2.70275
2.67324
2.63966
2.58825
1.92383
3.42668
4.34269
4.37208
4.29041
4.16417
4.03241
3.93095
3.74836
3.59499
3.51121
3.43527
3.30798
3.21362
3.15758
3.15416
3.22464
3.46776
3.95406
4.63648
4.65366
4.63697
4.59639
4.50549
4.44015
4.37861
4.31564
4.25032
4.18394
4.11957
4.05836
3.99364
3.92998
3.87399
3.82551
3.77956
3.73464
3.68928
3.64279
3.59419
3.54263
3.48715
3.42712
3.36265
3.2943
3.2228
3.14913
3.07604
3.00417
2.93466
2.86802
2.80362
2.73975
2.67829
2.61444
2.55431
2.49462
2.43456
2.38531
2.34114
2.30168
2.26597
2.22823
2.18686
2.14606
2.10603
2.06993
2.0063
1.96877
1.94245
1.93854
1.96883
2.02221
2.12639
2.2935
2.48403
2.93108
3.1897
3.20569
3.17213
3.0856
3.02828
3.0018
3.00086
3.00063
2.99456
2.97807
2.95439
2.91436
2.88081
2.85204
2.82195
2.79698
2.77318
2.74614
2.71259
2.68346
2.65602
2.62515
2.57451
1.50887
2.47675
3.86408
4.30791
4.34265
4.23944
4.11237
3.98501
3.84497
3.67241
3.5715
3.5075
3.37709
3.27572
3.26586
3.3508
3.62407
4.12669
4.87403
4.87161
4.82864
4.75489
4.64768
4.58296
4.52158
4.45668
4.38563
4.31066
4.23957
4.17184
4.10421
4.03801
3.97062
3.90594
3.84783
3.79628
3.74781
3.70116
3.65459
3.60734
3.55843
3.50707
3.45253
3.39413
3.33175
3.26606
3.1977
3.12859
3.05961
2.99279
2.92872
2.86686
2.80598
2.74422
2.68251
2.6187
2.55564
2.49547
2.44718
2.40072
2.35859
2.31841
2.27727
2.23758
2.1943
2.15561
2.10632
2.06416
2.02549
1.98056
1.95231
1.95225
1.95218
1.96736
2.03803
2.17901
2.37
2.7058
3.06477
3.15724
3.15073
3.11065
3.04209
2.99252
2.97882
2.97375
2.96432
2.94451
2.91579
2.87494
2.83956
2.80742
2.78012
2.7557
2.73114
2.6992
2.66919
2.64219
2.61333
2.56439
1.47476
1.70215
2.92996
4.15046
4.28796
4.28275
4.18217
4.05448
3.93713
3.76328
3.59398
3.52031
3.45463
3.41815
3.47568
3.75105
4.29816
5.1165
5.12399
5.07456
4.97145
4.82787
4.74736
4.67775
4.60755
4.5348
4.45391
4.37757
4.30408
4.23115
4.15934
4.08785
4.01844
3.94953
3.88541
3.82569
3.7709
3.72047
3.67272
3.62485
3.57632
3.52622
3.47392
3.41861
3.36079
3.30027
3.23813
3.17481
3.11097
3.04765
2.98502
2.92308
2.86201
2.79912
2.73511
2.66722
2.60109
2.54395
2.49163
2.44436
2.39839
2.35199
2.31141
2.27044
2.23056
2.18869
2.14251
2.09762
2.0591
2.02707
1.99022
1.95742
1.94375
1.92883
1.94043
1.98925
2.0822
2.25499
2.43222
2.83709
3.08571
3.10151
3.08676
3.0246
2.9599
2.93386
2.92463
2.91551
2.89769
2.8662
2.82172
2.78609
2.7571
2.73608
2.71662
2.6936
2.66143
2.63271
2.60406
2.55589
1.3847
1.51694
1.96957
3.35552
4.25679
4.30682
4.23962
4.135
4.02622
3.89899
3.67632
3.5534
3.54869
3.6251
3.90557
4.44727
5.33535
5.35007
5.2881
5.17747
5.0209
4.92861
4.84576
4.76362
4.67945
4.59138
4.51029
4.43392
4.35908
4.28521
4.21166
4.13774
4.06411
3.99175
3.92191
3.85577
3.79266
3.73705
3.68646
3.63807
3.5894
3.5401
3.48953
3.4374
3.38353
3.32798
3.27097
3.21289
3.15399
3.09432
3.03387
2.97268
2.9103
2.8468
2.77834
2.71033
2.64565
2.58822
2.53509
2.48618
2.44009
2.39562
2.35152
2.30986
2.26771
2.22436
2.17573
2.13345
2.10066
2.0664
2.0359
2.01051
1.97524
1.94198
1.90505
1.90543
1.93066
1.99066
2.1027
2.28501
2.56758
2.89054
3.03254
3.0395
3.01725
2.93785
2.894
2.87449
2.85483
2.82493
2.79197
2.76552
2.74131
2.71854
2.69653
2.6717
2.64431
2.61659
2.58824
2.53994
1.3954
1.42304
1.49089
2.41945
3.71398
4.20127
4.2532
4.17884
4.08888
3.92992
3.7737
3.70878
3.76217
4.06735
4.65138
5.62187
5.63886
5.56609
5.39848
5.2324
5.14069
5.05487
4.96603
4.87355
4.77128
4.67769
4.59171
4.50991
4.43092
4.35372
4.27719
4.20087
4.12461
4.04914
3.97529
3.90411
3.83618
3.77234
3.71625
3.66447
3.61438
3.56405
3.51311
3.46083
3.40761
3.35346
3.2993
3.24482
3.18965
3.13348
3.07606
3.01747
2.95719
2.89495
2.82783
2.75923
2.69443
2.63592
2.58204
2.53106
2.48326
2.43533
2.39044
2.3458
2.30157
2.25802
2.21134
2.17171
2.12814
2.09515
2.06175
2.02759
1.99015
1.95761
1.91678
1.87757
1.87715
1.87556
1.89761
1.9769
2.12141
2.2759
2.64394
2.89171
2.93588
2.93336
2.91558
2.83782
2.78613
2.76195
2.73941
2.72048
2.70159
2.68195
2.65795
2.63309
2.60989
2.58394
2.55593
2.50862
1.4081
1.38707
1.4983
1.66746
2.75564
3.90001
4.15485
4.14066
4.05755
3.92738
3.90131
3.96465
4.27557
4.89281
5.92869
5.94488
5.86845
5.63178
5.43471
5.34084
5.25535
5.16776
5.07437
4.97134
4.86413
4.76359
4.67053
4.58361
4.50073
4.41975
4.33949
4.25943
4.1794
4.10021
4.02192
3.9455
3.87155
3.798
3.73421
3.67783
3.62474
3.57204
3.51871
3.46414
3.41123
3.36001
3.30936
3.2586
3.20717
3.15458
3.10046
3.04456
2.98601
2.92506
2.85843
2.79055
2.72636
2.66768
2.61237
2.56058
2.51065
2.46276
2.41497
2.36918
2.32571
2.28001
2.23813
2.1906
2.14992
2.11176
2.07778
2.0437
2.00972
1.97581
1.94161
1.9053
1.86483
1.83683
1.82092
1.82788
1.8501
1.94066
2.09826
2.29174
2.60853
2.79681
2.82124
2.8175
2.7461
2.68864
2.65546
2.64732
2.63767
2.6268
2.61263
2.58533
2.55918
2.53225
2.50857
2.46323
1.40582
1.43193
1.31218
1.39955
1.76041
2.992
4.02424
4.12309
4.07507
4.03189
4.11971
4.50337
5.26071
6.35584
6.35029
6.24952
5.90944
5.69874
5.60609
5.51997
5.4285
5.32703
5.21822
5.10156
4.98941
4.88109
4.77854
4.68173
4.58891
4.49951
4.41211
4.32592
4.24082
4.15686
4.0742
3.9931
3.91466
3.83583
3.76401
3.70018
3.64011
3.58223
3.5239
3.46404
3.41035
3.36086
3.31242
3.26379
3.21454
3.16442
3.11281
3.05886
3.00212
2.94223
2.87679
2.81244
2.75122
2.6937
2.6389
2.58559
2.53366
2.4847
2.43302
2.38632
2.33992
2.2961
2.24992
2.20525
2.16225
2.12006
2.08177
2.03969
2.00004
1.96037
1.92126
1.88095
1.84579
1.7954
1.75705
1.73073
1.71982
1.71924
1.76179
1.85882
1.97799
2.2992
2.557
2.64367
2.66562
2.65395
2.60568
2.5669
2.54573
2.53216
2.52173
2.50962
2.48512
2.46485
2.4488
2.40522
1.40738
1.40833
1.39898
1.41896
1.53783
2.12111
3.3567
4.04618
4.1165
4.2449
4.65958
5.49822
6.66045
6.63754
6.48112
6.11028
5.8842
5.79469
5.71122
5.62168
5.52021
5.4104
5.29314
5.17692
5.06177
4.94762
4.83786
4.73297
4.63387
4.53902
4.44709
4.35747
4.26947
4.18299
4.09816
4.01431
3.93272
3.85108
3.77378
3.70472
3.64122
3.57942
3.51985
3.45353
3.39289
3.34237
3.29521
3.24791
3.19967
3.15023
3.09896
3.04496
2.98892
2.92761
2.86429
2.80349
2.74462
2.68749
2.63281
2.5771
2.52495
2.47197
2.41963
2.36783
2.32124
2.27336
2.22515
2.17759
2.13083
2.08757
2.04371
1.99656
1.95291
1.91123
1.87222
1.83363
1.79599
1.75605
1.72187
1.66802
1.64777
1.61
1.606
1.63383
1.71787
1.85314
2.01852
2.29465
2.48062
2.51396
2.52089
2.47988
2.44036
2.41499
2.4023
2.39338
2.37777
2.36866
2.36343
2.32663
1.40841
1.40863
1.40794
1.3907
1.43103
1.5063
2.41193
3.52635
4.06609
4.76521
5.88722
7.16119
7.11297
6.86582
6.40346
6.13916
6.04424
5.9552
5.86109
5.75738
5.64476
5.52694
5.4073
5.28702
5.16554
5.04599
4.92791
4.81523
4.70761
4.60413
4.50431
4.40653
4.31157
4.21828
4.12701
4.03691
3.94875
3.86208
3.77698
3.69957
3.62691
3.55661
3.48858
3.41547
3.34423
3.28719
3.23649
3.18639
3.13598
3.08484
3.0317
2.97659
2.91756
2.8551
2.79528
2.73738
2.68132
2.62468
2.57027
2.51662
2.46256
2.41023
2.35626
2.3058
2.25779
2.21147
2.16344
2.1164
2.07428
2.03393
1.9953
1.95033
1.90505
1.8649
1.82694
1.79128
1.75604
1.72061
1.68452
1.6461
1.61215
1.57296
1.53768
1.53568
1.55029
1.61034
1.70899
1.82425
2.08473
2.29259
2.34462
2.35692
2.34854
2.32034
2.28473
2.2629
2.25383
2.24685
2.24275
2.22615
1.40843
1.40839
1.40773
1.40951
1.38531
1.49362
1.69513
2.54202
3.79806
5.99687
7.36863
7.44941
6.82958
6.44057
6.25317
6.13692
6.06713
5.98833
5.8971
5.79344
5.67869
5.55879
5.43561
5.30829
5.18164
5.0541
4.93064
4.80915
4.69258
4.5798
4.47054
4.36372
4.25907
4.15618
4.05737
3.96025
3.86512
3.76995
3.67722
3.5915
3.51086
3.4318
3.35581
3.27482
3.19366
3.129
3.07475
3.02326
2.97313
2.92297
2.87137
2.81908
2.76155
2.70701
2.65639
2.6082
2.56035
2.51323
2.46693
2.42024
2.37324
2.32716
2.28087
2.23622
2.19553
2.1564
2.11372
2.07018
2.03209
1.99659
1.96172
1.91706
1.87287
1.83527
1.80054
1.76706
1.73375
1.7008
1.66405
1.63042
1.59733
1.57273
1.52558
1.49757
1.49425
1.50374
1.53592
1.5911
1.67064
1.88442
2.10241
2.23332
2.24616
2.24361
2.2248
2.19525
2.17469
2.16069
2.13563
2.14802
1.40846
1.40846
1.40912
1.40153
1.41305
1.35725
1.53848
2.20569
3.83602
6.57781
6.66037
6.42305
5.91749
5.75814
5.75667
5.75011
5.72795
5.68068
5.60994
5.52527
5.43425
5.32949
5.21686
5.09808
4.97813
4.85642
4.73262
4.60908
4.48598
4.36556
4.24757
4.13453
4.02518
3.91918
3.8178
3.72082
3.62775
3.53758
3.45201
3.37326
3.2993
3.22761
3.1576
3.08823
3.01431
2.95458
2.90647
2.86229
2.81905
2.77581
2.73263
2.68714
2.64067
2.59883
2.55941
2.52124
2.48296
2.44488
2.40677
2.36768
2.32858
2.29067
2.25035
2.211
2.17592
2.14103
2.09852
2.05817
2.0235
1.9895
1.95427
1.91236
1.87225
1.83706
1.80399
1.77156
1.73906
1.70641
1.67167
1.63763
1.60755
1.57719
1.54616
1.51867
1.48462
1.4609
1.462
1.46236
1.49705
1.58879
1.7451
1.97564
2.13984
2.15548
2.15719
2.14679
2.11151
2.08031
2.08565
2.11377
1.40845
1.40844
1.40833
1.40778
1.39947
1.41533
1.74742
2.43053
6.33888
6.35543
5.90989
5.68923
5.64967
5.59963
5.56494
5.52384
5.4597
5.37996
5.28215
5.18693
5.08446
4.97919
4.87057
4.76019
4.64674
4.5317
4.41776
4.30713
4.1995
4.09479
3.99291
3.89487
3.8012
3.71062
3.62448
3.54265
3.46396
3.38906
3.31678
3.2491
3.18575
3.12391
3.06261
3.00212
2.93638
2.8812
2.83649
2.79531
2.7551
2.71482
2.67518
2.63233
2.59283
2.55846
2.52592
2.49331
2.46042
2.42785
2.39436
2.36081
2.32835
2.29497
2.25815
2.22304
2.18855
2.15196
2.1123
2.07499
2.03882
2.00169
1.96419
1.92661
1.88683
1.84849
1.81187
1.77697
1.74199
1.70797
1.67259
1.63997
1.60836
1.57947
1.55
1.52029
1.4912
1.46058
1.42803
1.43047
1.42453
1.4664
1.56179
1.66653
1.90083
2.0609
2.08731
2.09159
2.07376
2.05629
2.06412
2.1551
1.40845
1.40845
1.40836
1.40782
1.39958
1.40828
1.68585
2.38178
6.36317
6.29705
6.17883
6.07531
5.96358
5.8279
5.68706
5.58156
5.4856
5.38917
5.29307
5.19624
5.09248
4.98052
4.8685
4.7549
4.6405
4.52578
4.41094
4.29707
4.18811
4.08347
3.98286
3.88563
3.79257
3.70276
3.61679
3.53495
3.45701
3.38259
3.31251
3.24607
3.18224
3.11999
3.05874
2.99873
2.93575
2.87997
2.83219
2.78835
2.74683
2.70609
2.66607
2.62404
2.588
2.55687
2.52735
2.49751
2.4679
2.43818
2.40724
2.3762
2.34528
2.31172
2.27725
2.24365
2.20846
2.17124
2.13427
2.09644
2.05824
2.0209
1.98373
1.94561
1.90601
1.86654
1.8298
1.79392
1.75977
1.72468
1.69122
1.65847
1.62885
1.59837
1.56984
1.5404
1.51131
1.48724
1.43982
1.41095
1.41213
1.41192
1.45144
1.53079
1.61872
1.84435
2.03105
2.0389
2.05899
2.05063
2.08596
2.3376
1.40845
1.40845
1.4083
1.40796
1.39894
1.41283
1.71933
2.49544
6.75624
6.29865
6.17242
6.10424
6.02903
5.94106
5.8415
5.74771
5.6495
5.54311
5.42869
5.30926
5.18805
5.06909
4.95255
4.83586
4.71918
4.6024
4.48656
4.37231
4.25974
4.15143
4.04712
3.94702
3.85085
3.75871
3.67099
3.58811
3.50901
3.4344
3.36333
3.29589
3.23131
3.16842
3.10646
3.04567
2.98335
2.927
2.87736
2.83175
2.7883
2.74661
2.70418
2.66238
2.62747
2.59658
2.56689
2.53755
2.50855
2.47919
2.44861
2.41829
2.38726
2.35457
2.32071
2.28585
2.24967
2.21265
2.17398
2.13438
2.0948
2.05576
2.01614
1.97626
1.93505
1.89483
1.85557
1.81781
1.78064
1.74413
1.70875
1.67545
1.64351
1.61253
1.58268
1.55287
1.52292
1.49298
1.46779
1.42035
1.39263
1.39268
1.39676
1.43038
1.50115
1.58675
1.81284
1.94955
2.03374
2.12389
2.24003
2.63939
1.40845
1.40845
1.4083
1.40801
1.39934
1.41079
1.70123
2.42705
6.61219
6.15761
6.08665
6.07775
6.03942
5.97397
5.86473
5.76842
5.67314
5.57495
5.47272
5.36521
5.25028
5.1353
5.02064
4.90429
4.78651
4.6684
4.55166
4.43659
4.32429
4.21379
4.10712
4.00364
3.90512
3.81079
3.72159
3.63661
3.55582
3.47856
3.40493
3.33499
3.26805
3.20271
3.1386
3.07593
3.01358
2.95584
2.90384
2.85568
2.80964
2.76615
2.72141
2.67935
2.6445
2.61308
2.5837
2.55493
2.52656
2.49778
2.46817
2.43822
2.4073
2.37458
2.34045
2.30518
2.26874
2.2307
2.19154
2.15079
2.11001
2.06967
2.02969
1.98927
1.94818
1.90688
1.86658
1.82741
1.78976
1.75259
1.71728
1.68434
1.65199
1.6219
1.59115
1.56176
1.53033
1.50114
1.47098
1.44609
1.39724
1.37207
1.36863
1.37314
1.4028
1.46623
1.58272
1.76058
2.00271
2.23518
2.57754
2.87781
1.40845
1.40845
1.4083
1.40799
1.39914
1.41173
1.71042
2.46088
6.7179
6.1739
6.07564
6.06771
6.02776
5.96365
5.8664
5.77749
5.68743
5.59249
5.49016
5.38074
5.26487
5.14997
5.03551
4.91953
4.80201
4.68438
4.56799
4.45331
4.34015
4.2277
4.11896
4.01498
3.91584
3.82123
3.73113
3.64546
3.56344
3.48559
3.41169
3.34151
3.27441
3.20916
3.14509
3.08247
3.02013
2.96202
2.90922
2.86029
2.81319
2.76917
2.72361
2.68176
2.64723
2.61596
2.58667
2.5586
2.53059
2.50207
2.47276
2.44302
2.4122
2.37972
2.34572
2.31047
2.27395
2.23615
2.19695
2.15608
2.11487
2.07432
2.03368
1.99266
1.95084
1.90927
1.86886
1.8294
1.7914
1.75402
1.71881
1.68511
1.65296
1.62149
1.59135
1.56043
1.53135
1.49948
1.47047
1.44122
1.41673
1.36673
1.34564
1.34657
1.35146
1.39746
1.51646
1.73161
1.97848
2.45343
2.87683
2.88726
)
;

boundaryField
{
    inlet
    {
        type            calculated;
        value           uniform 1.40845;
    }
    outlet
    {
        type            calculated;
        value           nonuniform List<scalar> 
40
(
1.84061
2.03944
2.23059
2.35728
2.44674
2.51248
2.5567
2.58697
2.60736
2.61861
2.6241
2.63314
2.64821
2.65335
2.6542
2.65456
2.65168
2.64766
2.64258
2.63629
2.62742
2.61613
2.60233
2.58825
2.57451
2.56439
2.55589
2.53994
2.50862
2.46323
2.40522
2.32663
2.22615
2.14802
2.11377
2.1551
2.3376
2.63939
2.87781
2.88726
)
;
    }
    bottom
    {
        type            symmetryPlane;
    }
    top
    {
        type            symmetryPlane;
    }
    obstacle
    {
        type            calculated;
        value           nonuniform List<scalar> 
110
(
7.26719
7.26917
7.2539
7.2296
7.19199
7.13664
7.06126
6.94777
6.77649
6.51169
1.92568
1.92262
1.93341
1.67943
1.81807
1.78982
1.66226
1.43757
1.3784
1.36184
1.37176
1.37897
1.37916
1.36235
1.29609
1.23659
1.207
1.20038
1.20253
1.21415
1.21704
1.2181
1.21758
1.2145
1.20965
1.20366
1.19912
1.19587
1.19469
1.19488
1.19705
1.21186
1.23376
1.27126
1.32845
1.38016
1.44014
1.51228
1.59829
1.67124
1.74852
1.84185
1.92038
2.00987
2.09034
2.15817
2.20433
2.27557
2.32156
2.3578
2.36944
2.41683
2.4386
2.46196
2.48075
2.48972
2.49521
2.49848
2.49732
2.4924
2.48533
2.47568
2.4636
2.45006
2.43494
2.41907
2.40208
2.38407
2.3652
2.34568
2.32627
2.30699
2.288
2.26868
2.24991
2.23109
2.21289
2.19469
2.17674
2.15859
2.14057
2.12244
2.10469
2.08702
2.07008
2.05329
2.03722
2.02112
2.00565
1.99008
1.97514
1.96005
1.94567
1.93106
1.91717
1.90301
1.88901
1.87695
1.85692
1.84061
)
;
    }
    defaultFaces
    {
        type            empty;
    }
}


// ************************************************************************* //
