/*--------------------------------*- C++ -*----------------------------------*\
| =========                 |                                                 |
| \\      /  F ield         | OpenFOAM: The Open Source CFD Toolbox           |
|  \\    /   O peration     | Version:  v2106                                 |
|   \\  /    A nd           | Website:  www.openfoam.com                      |
|    \\/     M anipulation  |                                                 |
\*---------------------------------------------------------------------------*/
FoamFile
{
    version     2.0;
    format      ascii;
    arch        "LSB;label=32;scalar=64";
    class       volScalarField;
    location    "7";
    object      Mo;
}
// * * * * * * * * * * * * * * * * * * * * * * * * * * * * * * * * * * * * * //

dimensions      [0 0 0 0 0 0 0];

internalField   nonuniform List<scalar> 
5250
(
3.01265
3.01265
3.01265
3.01265
3.01265
3.01265
3.01265
3.01265
3.01264
3.01238
3.01119
2.99306
2.90184
2.51765
1.52938
0.490911
0.304891
0.347298
0.306164
0.258494
0.224334
0.178569
0.13198
0.082502
0.0380592
3.01265
3.01265
3.01265
3.01265
3.01265
3.01265
3.01265
3.01265
3.01263
3.01242
3.01076
2.99481
2.89567
2.52857
1.54622
0.501949
0.296419
0.346234
0.304765
0.258948
0.22859
0.182724
0.140293
0.099858
0.0722304
3.01265
3.01265
3.01265
3.01265
3.01265
3.01265
3.01265
3.01265
3.01263
3.01244
3.01089
2.99665
2.90201
2.55264
1.59174
0.534868
0.284109
0.348279
0.305407
0.261673
0.233621
0.193206
0.160838
0.130294
0.114745
3.01265
3.01265
3.01265
3.01265
3.01265
3.01265
3.01265
3.01265
3.01263
3.01247
3.01109
2.99865
2.91201
2.5903
1.67279
0.597129
0.267383
0.350634
0.306048
0.266246
0.245254
0.215481
0.189646
0.168393
0.159474
3.01265
3.01265
3.01265
3.01265
3.01265
3.01265
3.01265
3.01265
3.01263
3.0125
3.01134
3.00128
2.92508
2.6413
1.80091
0.695945
0.254993
0.360244
0.311685
0.276307
0.262457
0.241129
0.219564
0.209837
0.206743
3.01265
3.01265
3.01265
3.01265
3.01265
3.01265
3.01265
3.01265
3.01264
3.01254
3.01159
3.00399
2.93992
2.69834
1.95599
0.843192
0.265804
0.383696
0.331516
0.292572
0.282068
0.268436
0.256145
0.254537
0.256515
3.01265
3.01265
3.01265
3.01265
3.01265
3.01265
3.01265
3.01265
3.01264
3.01256
3.01185
3.00608
2.95287
2.7458
2.05738
1.0299
0.304741
0.41494
0.365605
0.316656
0.310058
0.299161
0.298822
0.300469
0.315028
3.01265
3.01265
3.01265
3.01265
3.01265
3.01265
3.01265
3.01265
3.01264
3.0126
3.01204
3.00809
2.96468
2.79157
2.15894
1.213
0.387418
0.462723
0.415626
0.358201
0.345925
0.340099
0.346995
0.359471
0.386795
3.01265
3.01265
3.01265
3.01265
3.01265
3.01265
3.01265
3.01265
3.01264
3.01262
3.0121
3.00934
2.97349
2.82585
2.25625
1.30749
0.47874
0.514488
0.477039
0.421016
0.391892
0.391793
0.403673
0.421931
0.481924
3.01265
3.01265
3.01265
3.01265
3.01265
3.01265
3.01265
3.01265
3.01264
3.01263
3.01222
3.01029
2.98249
2.8601
2.3615
1.4056
0.556048
0.556351
0.534614
0.496697
0.456066
0.453474
0.470811
0.512229
0.651158
3.01265
3.01265
3.01265
3.01265
3.01265
3.01265
3.01265
3.01265
3.01264
3.01264
3.01233
3.01099
2.99006
2.89147
2.4718
1.52677
0.647117
0.550745
0.573899
0.564748
0.53292
0.529875
0.55498
0.641987
0.872917
3.01265
3.01265
3.01265
3.01265
3.01265
3.01265
3.01265
3.01265
3.01265
3.01263
3.01246
3.0109
2.99817
2.91181
2.58661
1.66814
0.787142
0.535336
0.583586
0.625417
0.612653
0.608988
0.638415
0.752532
0.924716
3.01265
3.01265
3.01265
3.01265
3.01265
3.01265
3.01265
3.01265
3.01265
3.01264
3.01255
3.01166
3.0048
2.94308
2.71293
1.96892
1.01262
0.523935
0.588389
0.631112
0.665877
0.683217
0.712047
0.805905
0.940703
3.01265
3.01265
3.01265
3.01265
3.01265
3.01265
3.01265
3.01265
3.01265
3.01265
3.01258
3.01223
3.00787
2.96609
2.79647
2.20632
1.32394
0.585804
0.618169
0.644304
0.679646
0.730984
0.772773
0.847835
0.961087
3.01265
3.01265
3.01265
3.01265
3.01265
3.01265
3.01265
3.01265
3.01265
3.01264
3.01262
3.01223
3.01006
2.98049
2.85398
2.35467
1.49892
0.733182
0.670269
0.675418
0.700161
0.749476
0.80748
0.885348
0.980052
3.01265
3.01265
3.01265
3.01265
3.01265
3.01265
3.01265
3.01265
3.01265
3.01265
3.01264
3.01237
3.01115
2.99269
2.90266
2.50688
1.64738
0.918091
0.722434
0.727264
0.738292
0.774756
0.829569
0.90513
0.990895
3.01265
3.01265
3.01265
3.01265
3.01265
3.01265
3.01265
3.01265
3.01265
3.01265
3.01263
3.01252
3.0115
3.00274
2.93539
2.67694
1.84955
1.18144
0.741204
0.765493
0.780148
0.805285
0.848195
0.912855
0.991243
3.01265
3.01265
3.01265
3.01265
3.01265
3.01265
3.01265
3.01265
3.01265
3.01265
3.01264
3.01262
3.01193
3.00905
2.96427
2.81846
2.26124
1.48734
0.830044
0.801216
0.813007
0.833633
0.869405
0.92427
0.993176
3.01265
3.01265
3.01265
3.01265
3.01265
3.01265
3.01265
3.01265
3.01265
3.01265
3.01264
3.01261
3.01232
3.00992
2.98873
2.86906
2.47539
1.69317
1.02219
0.845065
0.853284
0.869484
0.897956
0.942004
1.00073
3.01265
3.01265
3.01265
3.01265
3.01265
3.01265
3.01265
3.01265
3.01265
3.01265
3.01265
3.01262
3.01265
3.01101
3.00731
2.92338
2.67607
1.87623
1.30361
0.881293
0.895017
0.907624
0.929674
0.964182
1.01257
3.01265
3.01265
3.01265
3.01265
3.01265
3.01265
3.01265
3.01265
3.01265
3.01265
3.01265
3.01264
3.01261
3.01195
3.0088
2.96826
2.81567
2.27029
1.58693
0.990149
0.932046
0.937919
0.95654
0.987295
1.02896
3.01265
3.01265
3.01265
3.01265
3.01265
3.01265
3.01265
3.01265
3.01265
3.01265
3.01265
3.01265
3.01262
3.01236
3.01034
2.99267
2.87914
2.56111
1.82035
1.2187
0.97711
0.975965
0.992076
1.01667
1.05096
3.01265
3.01265
3.01265
3.01265
3.01265
3.01265
3.01265
3.01265
3.01265
3.01265
3.01265
3.01265
3.01263
3.01259
3.01155
3.00652
2.9432
2.75186
2.05137
1.54992
1.02381
1.00995
1.02394
1.04348
1.07294
3.01265
3.01265
3.01265
3.01265
3.01265
3.01265
3.01265
3.01265
3.01265
3.01265
3.01265
3.01265
3.01264
3.0126
3.0122
3.00912
2.98305
2.84124
2.46658
1.81597
1.22416
1.05538
1.05461
1.07091
1.0955
3.01265
3.01265
3.01265
3.01265
3.01265
3.01265
3.01265
3.01265
3.01265
3.01265
3.01265
3.01265
3.01265
3.01262
3.01259
3.01101
3.00496
2.91866
2.71799
2.00241
1.55307
1.11249
1.08957
1.09934
1.11797
3.01265
3.01265
3.01265
3.01265
3.01265
3.01265
3.01265
3.01265
3.01265
3.01265
3.01265
3.01265
3.01265
3.01264
3.01258
3.01208
3.00848
2.97718
2.82703
2.42686
1.82506
1.2848
1.13619
1.12756
1.14302
3.01265
3.01265
3.01265
3.01265
3.01265
3.01265
3.01265
3.01265
3.01265
3.01265
3.01265
3.01265
3.01265
3.01265
3.01261
3.01261
3.01075
3.00442
2.90849
2.7182
2.02227
1.5961
1.19282
1.16409
1.1702
3.01265
3.01265
3.01265
3.01265
3.01265
3.01265
3.01265
3.01265
3.01265
3.01265
3.01265
3.01265
3.01265
3.01265
3.01264
3.01257
3.01202
3.00799
2.97493
2.80412
2.48873
1.9061
1.37289
1.23021
1.20899
3.01265
3.01265
3.01265
3.01265
3.01265
3.01265
3.01265
3.01265
3.01265
3.01265
3.01265
3.01265
3.01265
3.01265
3.01265
3.01263
3.01248
3.01123
3.00169
2.92858
2.72544
2.12931
1.71711
1.28245
1.25377
3.01265
3.01265
3.01265
3.01265
3.01265
3.01265
3.01265
3.01265
3.01265
3.01265
3.01265
3.01265
3.01265
3.01265
3.01265
3.01265
3.01255
3.0125
3.00695
3.01084
2.79509
2.57518
1.99442
1.48697
1.31155
3.01265
3.01265
3.01265
3.01265
3.01265
3.01265
3.01265
3.01265
3.01265
3.01265
3.01265
3.01265
3.01265
3.01265
3.01265
3.01265
3.01262
3.01257
3.01112
3.00566
2.93652
2.75028
2.20319
1.83391
1.36968
3.01265
3.01265
3.01265
3.01265
3.01265
3.01265
3.01265
3.01265
3.01265
3.01265
3.01265
3.01265
3.01265
3.01265
3.01265
3.01265
3.01265
3.01259
3.01248
3.00951
3.0045
2.84661
2.62545
2.06739
1.60019
3.01265
3.01265
3.01265
3.01265
3.01265
3.01265
3.01265
3.01265
3.01265
3.01265
3.01265
3.01265
3.01265
3.01265
3.01265
3.01265
3.01265
3.01263
3.01256
3.01155
3.00685
2.95147
2.78859
2.335
1.92399
3.01265
3.01265
3.01265
3.01265
3.01265
3.01265
3.01265
3.01265
3.01265
3.01265
3.01265
3.01265
3.01265
3.01265
3.01265
3.01265
3.01265
3.01265
3.0126
3.01255
3.01022
3.00576
2.8843
2.75779
2.18666
3.01265
3.01265
3.01265
3.01265
3.01265
3.01265
3.01265
3.01265
3.01265
3.01265
3.01265
3.01265
3.01265
3.01265
3.01265
3.01265
3.01265
3.01265
3.01264
3.01256
3.01198
3.00804
2.97917
2.84593
2.58722
3.01265
3.01265
3.01265
3.01265
3.01265
3.01265
3.01265
3.01265
3.01265
3.01265
3.01265
3.01265
3.01265
3.01265
3.01265
3.01265
3.01265
3.01265
3.01265
3.01263
3.01248
3.01152
3.00467
2.94225
2.78396
3.01265
3.01265
3.01265
3.01265
3.01265
3.01265
3.01265
3.01265
3.01265
3.01265
3.01265
3.01265
3.01265
3.01265
3.01265
3.01265
3.01265
3.01265
3.01265
3.01263
3.01255
3.01253
3.00919
3.0078
2.87786
3.01265
3.01265
3.01265
3.01265
3.01265
3.01265
3.01265
3.01265
3.01265
3.01265
3.01265
3.01265
3.01265
3.01265
3.01265
3.01265
3.01265
3.01265
3.01265
3.01265
3.01263
3.01256
3.01187
3.00781
2.98242
3.01265
3.01265
3.01265
3.01265
3.01265
3.01265
3.01265
3.01265
3.01265
3.01265
3.01265
3.01265
3.01265
3.01265
3.01265
3.01265
3.01265
3.01265
3.01265
3.01265
3.01264
3.01263
3.01261
3.01124
3.00555
3.01265
3.01265
3.01265
3.01265
3.01265
3.01265
3.01265
3.01265
3.01265
3.01265
3.01265
3.01265
3.01265
3.01265
3.01265
3.01265
3.01265
3.01265
3.01265
3.01265
3.01265
3.01264
3.01262
3.01283
3.01034
3.01265
3.01265
3.01265
3.01265
3.01265
3.01265
3.01265
3.01265
3.01265
3.01265
3.01265
3.01265
3.01265
3.01265
3.01265
3.01265
3.01265
3.01265
3.01265
3.01265
3.01265
3.01265
3.01265
3.01261
3.01279
3.01265
3.01265
3.01265
3.01265
3.01265
3.01265
3.01265
3.01265
3.01265
3.01265
3.01265
3.01265
3.01265
3.01265
3.01265
3.01265
3.01265
3.01265
3.01265
3.01265
3.01265
3.01265
3.01265
3.01263
3.01255
3.01265
3.01265
3.01265
3.01265
3.01265
3.01265
3.01265
3.01265
3.01265
3.01265
3.01265
3.01265
3.01265
3.01265
3.01265
3.01265
3.01265
3.01265
3.01265
3.01265
3.01265
3.01265
3.01265
3.01265
3.01264
3.01265
3.01265
3.01265
3.01265
3.01265
3.01265
3.01265
3.01265
3.01265
3.01265
3.01265
3.01265
3.01265
3.01265
3.01265
3.01265
3.01265
3.01265
3.01265
3.01265
3.01265
3.01265
3.01265
3.01264
3.01263
3.01265
3.01265
3.01265
3.01265
3.01265
3.01265
3.01265
3.01265
3.01265
3.01265
3.01265
3.01265
3.01265
3.01265
3.01265
3.01265
3.01265
3.01265
3.01265
3.01265
3.01265
3.01265
3.01265
3.01265
3.01263
3.01265
3.01265
3.01265
3.01265
3.01265
3.01265
3.01265
3.01265
3.01265
3.01265
3.01265
3.01265
3.01265
3.01265
3.01265
3.01265
3.01265
3.01265
3.01265
3.01265
3.01265
3.01265
3.01265
3.01265
3.01264
3.01265
3.01265
3.01265
3.01265
3.01265
3.01265
3.01265
3.01265
3.01265
3.01265
3.01265
3.01265
3.01265
3.01265
3.01265
3.01265
3.01265
3.01265
3.01265
3.01265
3.01265
3.01265
3.01265
3.01265
3.01263
3.01265
3.01265
3.01265
3.01265
3.01265
3.01265
3.01265
3.01265
3.01265
3.01265
3.01265
3.01265
3.01265
3.01265
3.01265
3.01265
3.01265
3.01265
3.01265
3.01265
3.01265
3.01265
3.01265
3.01265
3.01263
3.01265
3.01265
3.01265
3.01265
3.01265
3.01265
3.01265
3.01265
3.01265
3.01265
3.01265
3.01265
3.01265
3.01265
3.01265
3.01265
3.01265
3.01265
3.01265
3.01265
3.01265
3.01265
3.01265
3.01265
3.01263
3.01265
3.01265
3.01265
3.01265
3.01265
3.01265
3.01265
3.01265
3.01265
3.01265
3.01265
3.01265
3.01265
3.01265
3.01265
3.01265
3.01265
3.01265
3.01265
3.01265
3.01265
3.01265
3.01265
3.01265
3.01263
1.13931
0.567893
0.356601
0.252219
0.260901
0.117947
0.439446
0.615044
0.726391
0.755934
0.749603
0.745593
0.746806
0.790659
0.837387
0.878849
0.900005
0.906883
0.907182
0.905589
0.905484
0.909393
0.913227
0.919307
0.924547
0.927746
0.929468
0.927878
0.9178
0.907367
0.880824
0.851319
0.812237
0.772271
0.726448
0.676478
0.623711
0.572801
0.526644
0.469944
0.410233
0.354538
0.298381
0.248613
0.209818
0.151573
0.0974941
0.0501495
0.0200537
0.0571058
0.0997921
0.140302
0.179467
0.216747
0.252153
0.285266
0.316796
0.346617
0.374632
0.401133
0.42597
0.449379
0.471743
0.493336
0.513886
0.533654
0.55236
0.570485
0.587681
0.604312
0.620114
0.635478
0.650197
0.664633
0.678595
0.692339
0.70565
0.718742
0.731359
0.743803
0.755896
0.767862
0.77967
0.791372
0.80301
0.814587
0.826146
0.837675
0.849203
0.860717
0.872228
0.883716
0.895213
0.906716
0.918355
0.930111
0.94233
0.955697
0.967298
0.978677
1.11173
0.947032
0.614307
0.401607
0.101044
0.202235
0.408462
0.480777
0.547485
0.513193
0.478525
0.462144
0.473607
0.524032
0.569787
0.600878
0.613245
0.615941
0.612334
0.611508
0.610978
0.614633
0.617332
0.625749
0.633237
0.639353
0.641423
0.637516
0.625361
0.613207
0.588369
0.558468
0.523767
0.479702
0.431892
0.378649
0.324739
0.272833
0.233594
0.16254
0.102705
0.0654131
0.100176
0.160757
0.236922
0.302127
0.348025
0.391193
0.429721
0.463023
0.4952
0.526481
0.553715
0.579333
0.603363
0.625441
0.647135
0.66743
0.687076
0.706063
0.724275
0.741534
0.757912
0.773712
0.789113
0.804169
0.818552
0.832468
0.845776
0.858652
0.871052
0.88314
0.894863
0.906318
0.917569
0.928634
0.939491
0.950184
0.960595
0.970888
0.980915
0.990888
1.00078
1.01066
1.0205
1.03036
1.04019
1.05003
1.05986
1.06966
1.07948
1.08923
1.09901
1.10879
1.11869
1.12874
1.1392
1.15097
1.16165
1.17227
1.06085
1.08892
0.963136
0.78765
0.532606
0.383057
0.39659
0.416596
0.333433
0.233221
0.0759564
0.0198117
0.0896772
0.144747
0.277987
0.329694
0.362064
0.361019
0.345933
0.340936
0.338272
0.345733
0.350027
0.360807
0.365996
0.369316
0.369213
0.368776
0.359402
0.349301
0.320889
0.285596
0.243488
0.203394
0.1426
0.100533
0.0945211
0.163106
0.286651
0.385978
0.46807
0.533426
0.585963
0.618
0.648058
0.675062
0.689923
0.705161
0.721504
0.737326
0.7533
0.770309
0.786898
0.803197
0.81981
0.834921
0.849991
0.865164
0.879934
0.894619
0.909009
0.922976
0.936338
0.949473
0.962485
0.975208
0.987547
0.999231
1.01035
1.02122
1.03168
1.04183
1.0516
1.06132
1.07102
1.08067
1.09028
1.09972
1.10896
1.11799
1.1269
1.13571
1.14449
1.15325
1.162
1.17076
1.17955
1.18835
1.19719
1.20606
1.21498
1.22393
1.23292
1.24196
1.25109
1.26038
1.2701
1.28137
1.29166
1.30251
1.0623
1.16159
1.15516
1.07675
0.931674
0.753647
0.653801
0.65918
0.616604
0.543786
0.437179
0.316251
0.261631
0.245202
0.264577
0.226361
0.168123
0.115861
0.062399
0.0216541
0.00846221
0.0459422
0.0614095
0.0950328
0.120683
0.141725
0.148418
0.141381
0.128499
0.110008
0.0820309
0.0647179
0.11509
0.227402
0.332426
0.453208
0.553643
0.652423
0.727366
0.780395
0.818348
0.839115
0.85932
0.871328
0.883564
0.896089
0.90167
0.908345
0.916495
0.924938
0.934026
0.943629
0.953822
0.964526
0.975814
0.986662
0.997462
1.0087
1.01948
1.03026
1.04104
1.05211
1.0629
1.07368
1.08434
1.09461
1.1049
1.11513
1.12503
1.13481
1.14402
1.15267
1.16113
1.16956
1.17801
1.1865
1.19503
1.20344
1.21175
1.21997
1.22815
1.23628
1.24439
1.25248
1.2606
1.26873
1.27688
1.28509
1.29336
1.30166
1.31001
1.31837
1.32677
1.33525
1.34383
1.35262
1.36186
1.37242
1.38313
1.39441
1.08127
1.16659
1.22935
1.23422
1.16221
1.07804
0.988538
0.977842
0.936961
0.856263
0.744997
0.624691
0.543433
0.484108
0.466975
0.451623
0.424105
0.379853
0.326318
0.260162
0.222838
0.17326
0.157375
0.122953
0.116748
0.0916648
0.0629145
0.0765347
0.100817
0.164608
0.249826
0.354067
0.484612
0.61409
0.739049
0.834908
0.905218
0.962473
1.00575
1.03495
1.05168
1.06088
1.06729
1.06968
1.07045
1.07001
1.06773
1.06591
1.0669
1.06709
1.069
1.07035
1.07487
1.08029
1.08634
1.09258
1.09903
1.10617
1.11313
1.12067
1.129
1.13773
1.14634
1.15495
1.16319
1.17187
1.18108
1.19004
1.19915
1.2076
1.21553
1.22345
1.23136
1.23919
1.24694
1.25473
1.26251
1.27033
1.27813
1.28593
1.29359
1.30118
1.30877
1.31642
1.32414
1.33192
1.33975
1.34762
1.35555
1.36354
1.3716
1.37965
1.38779
1.39602
1.40436
1.41289
1.42185
1.4319
1.44299
1.45478
1.09254
1.17223
1.23848
1.2926
1.27772
1.24396
1.22559
1.23182
1.23656
1.18227
1.09665
0.990309
0.890517
0.808988
0.771904
0.735188
0.689753
0.633845
0.575718
0.510663
0.462517
0.403805
0.370233
0.319728
0.300198
0.268122
0.25288
0.266654
0.313356
0.401143
0.526347
0.678243
0.832106
0.937818
1.0427
1.107
1.16538
1.20631
1.22831
1.23818
1.24374
1.24253
1.23792
1.22675
1.21446
1.20121
1.19027
1.17927
1.16818
1.16227
1.15593
1.14934
1.15021
1.15171
1.15426
1.15804
1.16178
1.16576
1.17027
1.17579
1.18163
1.18828
1.19526
1.20257
1.21024
1.21802
1.22583
1.23391
1.2418
1.24987
1.25769
1.26546
1.27291
1.28001
1.28706
1.29427
1.30176
1.30931
1.31698
1.32455
1.33202
1.3395
1.34703
1.35461
1.36224
1.36982
1.37741
1.38502
1.39272
1.40048
1.40831
1.41622
1.42424
1.43236
1.44062
1.44907
1.45802
1.46795
1.47952
1.49186
1.0865
1.17329
1.23552
1.29795
1.31253
1.3237
1.33321
1.34802
1.37163
1.39055
1.3484
1.29156
1.22162
1.1566
1.09345
1.0574
1.00863
0.949923
0.886157
0.813079
0.750573
0.680511
0.633704
0.573188
0.537003
0.485077
0.453593
0.473349
0.54398
0.669373
0.826054
0.975156
1.09659
1.19098
1.27603
1.33123
1.37651
1.40394
1.41509
1.41651
1.41057
1.39769
1.37685
1.34922
1.31975
1.29127
1.271
1.25086
1.23765
1.22541
1.21186
1.20101
1.19111
1.19299
1.19486
1.1966
1.19867
1.2011
1.20441
1.20831
1.21276
1.21788
1.22358
1.2298
1.23647
1.24354
1.25095
1.25864
1.26638
1.27384
1.2813
1.28825
1.29507
1.30204
1.30928
1.31665
1.32409
1.33151
1.33875
1.34607
1.35353
1.36115
1.36879
1.37643
1.38387
1.39124
1.39863
1.40609
1.41367
1.42138
1.42922
1.43717
1.44526
1.45347
1.46183
1.4704
1.47944
1.48938
1.5013
1.51393
1.07343
1.16339
1.23206
1.2849
1.31812
1.35061
1.37058
1.39853
1.4281
1.45884
1.48139
1.45386
1.4216
1.38212
1.34959
1.32505
1.30555
1.2671
1.21311
1.1446
1.07477
0.996825
0.93729
0.865329
0.81193
0.744851
0.695083
0.716593
0.800761
0.92596
1.06629
1.18962
1.2941
1.37659
1.43872
1.483
1.51668
1.53684
1.54461
1.54477
1.53614
1.52033
1.49555
1.46284
1.42295
1.37503
1.32835
1.2906
1.27816
1.2637
1.24978
1.23626
1.2266
1.2184
1.22066
1.22194
1.22329
1.22482
1.2263
1.22821
1.2307
1.23483
1.2406
1.24683
1.2532
1.25993
1.26645
1.27332
1.28024
1.28721
1.29423
1.30146
1.30884
1.31621
1.32334
1.33014
1.33689
1.34383
1.35106
1.3586
1.36626
1.37402
1.38187
1.38942
1.39677
1.40407
1.41142
1.41888
1.42648
1.43424
1.44215
1.45019
1.45835
1.46661
1.475
1.48359
1.49266
1.50265
1.51478
1.52765
1.06997
1.14979
1.22125
1.2691
1.30704
1.34582
1.37515
1.41026
1.45133
1.48998
1.53111
1.54106
1.52844
1.51486
1.50208
1.49271
1.48873
1.48236
1.45191
1.40995
1.36354
1.30974
1.25312
1.18781
1.11685
1.03651
0.94724
0.954712
1.01567
1.11296
1.22015
1.32752
1.4152
1.4906
1.54061
1.57764
1.60258
1.61911
1.62597
1.62656
1.61994
1.60465
1.58696
1.56245
1.52719
1.48297
1.42358
1.37276
1.31292
1.29523
1.28151
1.26924
1.25706
1.24572
1.23849
1.2391
1.24166
1.24322
1.24359
1.2444
1.2465
1.25006
1.25477
1.26027
1.26626
1.27174
1.27756
1.28404
1.29062
1.29749
1.30455
1.31129
1.31802
1.3249
1.33198
1.33904
1.34609
1.35317
1.36034
1.36766
1.37522
1.38291
1.39065
1.39835
1.40581
1.41318
1.42057
1.42802
1.43558
1.44329
1.45117
1.4592
1.46739
1.47573
1.48424
1.49298
1.50221
1.51236
1.5247
1.53777
1.07221
1.14009
1.20653
1.25925
1.30341
1.33311
1.36475
1.4004
1.44444
1.48852
1.53039
1.57024
1.57454
1.57709
1.57762
1.57913
1.58225
1.5872
1.59172
1.57292
1.54719
1.51356
1.47161
1.42476
1.35166
1.27771
1.18641
1.11783
1.16067
1.22684
1.31116
1.39809
1.47926
1.54882
1.59469
1.62933
1.65178
1.66282
1.66678
1.66648
1.66452
1.65565
1.6505
1.6363
1.61328
1.58259
1.5409
1.48511
1.41386
1.35637
1.29213
1.28661
1.28118
1.27391
1.26586
1.25948
1.2559
1.25694
1.25862
1.26103
1.26433
1.26776
1.27135
1.2754
1.2802
1.28654
1.29299
1.29999
1.30623
1.31174
1.3176
1.32399
1.33068
1.33731
1.34411
1.35096
1.35761
1.36441
1.37151
1.37905
1.38681
1.39446
1.40221
1.40947
1.41652
1.42354
1.43069
1.438
1.44552
1.45324
1.46117
1.46926
1.47748
1.48583
1.49432
1.50301
1.51218
1.52227
1.53465
1.5477
1.08002
1.13831
1.19635
1.24695
1.2946
1.32381
1.35625
1.39054
1.43036
1.47813
1.51882
1.56431
1.58414
1.60204
1.61039
1.61795
1.62695
1.6376
1.64872
1.65733
1.6515
1.63043
1.6018
1.55856
1.48349
1.35063
1.24527
1.19513
1.23081
1.28381
1.35376
1.41854
1.47689
1.52545
1.56698
1.6
1.62571
1.6491
1.67106
1.68078
1.68213
1.68458
1.68712
1.6806
1.67173
1.65725
1.6309
1.5947
1.54665
1.48156
1.40191
1.33481
1.29128
1.2943
1.29284
1.29039
1.28568
1.2822
1.2828
1.28425
1.28579
1.28802
1.28998
1.2935
1.298
1.30306
1.30857
1.31437
1.31941
1.32504
1.33108
1.33735
1.34399
1.35064
1.35684
1.36322
1.3699
1.37691
1.38434
1.39189
1.39948
1.40693
1.41399
1.42094
1.42796
1.43512
1.44245
1.45
1.45776
1.46568
1.47372
1.48185
1.49008
1.49843
1.50696
1.51573
1.52499
1.53516
1.54757
1.56065
1.09342
1.14252
1.19343
1.24037
1.28521
1.31617
1.34819
1.38017
1.41621
1.46003
1.5035
1.54429
1.57589
1.60511
1.62087
1.63304
1.64641
1.66218
1.67706
1.69199
1.70498
1.68783
1.65936
1.60333
1.50464
1.34737
1.1827
1.20352
1.23653
1.28578
1.33986
1.39465
1.44586
1.49268
1.53163
1.56565
1.59665
1.62353
1.64657
1.66466
1.6839
1.70479
1.70534
1.70339
1.70407
1.70126
1.6914
1.68125
1.65181
1.60651
1.54679
1.45792
1.38837
1.30891
1.30715
1.31033
1.31132
1.31068
1.30792
1.30468
1.30548
1.30685
1.30826
1.31077
1.31444
1.31832
1.32297
1.32741
1.33276
1.33818
1.34422
1.35037
1.35607
1.36213
1.36855
1.37499
1.38178
1.38887
1.39581
1.40279
1.40985
1.4168
1.4238
1.43081
1.438
1.44541
1.453
1.46071
1.46851
1.4764
1.4844
1.49255
1.50088
1.5094
1.51811
1.52705
1.53642
1.54665
1.55906
1.57228
1.11081
1.15178
1.19681
1.2386
1.27974
1.31227
1.34066
1.36986
1.4033
1.4427
1.48512
1.52479
1.55923
1.59458
1.6158
1.63361
1.65019
1.66628
1.68727
1.70572
1.72051
1.7057
1.66865
1.58771
1.43849
1.31119
1.17989
1.20031
1.23087
1.27524
1.32066
1.36769
1.4134
1.45445
1.49274
1.52806
1.56018
1.58656
1.61298
1.63839
1.66234
1.6798
1.6969
1.70918
1.72101
1.72546
1.72962
1.73219
1.71761
1.69831
1.66501
1.61131
1.53779
1.44327
1.36135
1.31488
1.32609
1.33373
1.33261
1.33136
1.32951
1.33043
1.3317
1.33351
1.33628
1.33918
1.34244
1.34641
1.35113
1.3563
1.36186
1.36691
1.3724
1.3783
1.38453
1.39111
1.39799
1.40474
1.41161
1.41857
1.42559
1.43249
1.4393
1.44616
1.45313
1.46026
1.46757
1.47507
1.48276
1.49061
1.49857
1.5066
1.51476
1.52307
1.53155
1.54025
1.54938
1.55937
1.57152
1.58462
1.12829
1.1642
1.20431
1.24228
1.27688
1.31166
1.33765
1.36514
1.39552
1.43008
1.46907
1.51214
1.54793
1.58238
1.61199
1.62718
1.64406
1.66396
1.68468
1.70651
1.6996
1.67773
1.61728
1.50518
1.33988
1.17998
1.18099
1.19639
1.22083
1.25339
1.29027
1.33024
1.37149
1.41201
1.45013
1.48658
1.51745
1.54625
1.57484
1.6039
1.6253
1.64706
1.6728
1.69647
1.71816
1.74003
1.75335
1.75345
1.7512
1.75119
1.73911
1.71617
1.67596
1.61397
1.51283
1.43591
1.34413
1.34876
1.35712
1.36512
1.36454
1.36433
1.36355
1.36286
1.36417
1.36652
1.36903
1.37159
1.37476
1.3788
1.38433
1.38993
1.39559
1.40125
1.40676
1.41262
1.41908
1.42594
1.43281
1.43939
1.44569
1.45222
1.45892
1.46575
1.47275
1.47981
1.48692
1.49406
1.50129
1.50861
1.51609
1.5238
1.53177
1.54001
1.54838
1.55691
1.56587
1.57565
1.58754
1.60036
1.14663
1.1784
1.21482
1.25035
1.28267
1.31506
1.33898
1.36535
1.39357
1.42485
1.45915
1.49844
1.53665
1.56975
1.60281
1.62126
1.63916
1.65924
1.67699
1.68571
1.66884
1.62208
1.5267
1.36748
1.22121
1.15692
1.1717
1.18765
1.2085
1.23377
1.26372
1.29859
1.33683
1.37528
1.41278
1.4483
1.48046
1.51199
1.54368
1.56931
1.5951
1.62375
1.65025
1.6792
1.701
1.72056
1.73603
1.75267
1.7667
1.776
1.78108
1.78055
1.7719
1.73841
1.68597
1.60978
1.50623
1.41717
1.36561
1.38015
1.39278
1.39832
1.39638
1.39298
1.39357
1.39455
1.39578
1.39889
1.40257
1.40639
1.41102
1.41556
1.42044
1.42596
1.43206
1.43783
1.44356
1.44915
1.45481
1.46085
1.46729
1.47383
1.4805
1.48741
1.49423
1.50111
1.50803
1.51503
1.52188
1.52879
1.53592
1.54335
1.55114
1.55925
1.5675
1.576
1.58489
1.59455
1.60633
1.61881
1.16604
1.19496
1.22794
1.26201
1.29297
1.32302
1.34536
1.36903
1.39504
1.42355
1.45451
1.48846
1.52568
1.55747
1.59042
1.61105
1.63376
1.65202
1.66182
1.64939
1.61213
1.53097
1.38133
1.26473
1.15572
1.16153
1.17081
1.18361
1.20046
1.22162
1.2474
1.27731
1.31066
1.34597
1.38184
1.41637
1.45022
1.48317
1.51267
1.54176
1.57217
1.60169
1.63028
1.65259
1.67496
1.69677
1.72185
1.74848
1.77041
1.79256
1.80578
1.81394
1.82268
1.8122
1.79431
1.75287
1.69007
1.58932
1.50595
1.4099
1.41079
1.41905
1.42799
1.4336
1.43013
1.42563
1.42683
1.42898
1.43235
1.4361
1.44009
1.44383
1.44814
1.45331
1.459
1.46487
1.46999
1.47479
1.47986
1.48534
1.49136
1.49791
1.50456
1.51138
1.51801
1.52457
1.53122
1.53794
1.54456
1.55133
1.55835
1.5657
1.57339
1.58143
1.58964
1.59798
1.6066
1.6159
1.62732
1.6393
1.18819
1.21348
1.24211
1.27519
1.30545
1.3333
1.35657
1.3771
1.39987
1.42504
1.45256
1.48217
1.51724
1.54935
1.57759
1.60547
1.62635
1.6398
1.6293
1.59635
1.52349
1.38188
1.27167
1.15928
1.16414
1.16879
1.17537
1.18459
1.19764
1.21496
1.23688
1.26275
1.29202
1.3237
1.35689
1.39073
1.42434
1.4568
1.48843
1.51961
1.55082
1.57749
1.60377
1.63033
1.65505
1.68372
1.70978
1.73636
1.75727
1.78257
1.8043
1.82515
1.84855
1.84921
1.85372
1.83891
1.81331
1.76768
1.69907
1.59379
1.51606
1.43057
1.43994
1.4555
1.46559
1.46457
1.46366
1.46371
1.46463
1.46603
1.46854
1.4728
1.47702
1.48162
1.4861
1.49111
1.49633
1.50176
1.50723
1.51283
1.51871
1.52487
1.53107
1.53756
1.54417
1.55077
1.55737
1.56397
1.57064
1.57743
1.58444
1.59172
1.59932
1.60719
1.61524
1.62323
1.63144
1.64031
1.65131
1.66282
1.22193
1.24031
1.26287
1.29291
1.32095
1.34748
1.36947
1.38793
1.40785
1.42971
1.45416
1.48146
1.51009
1.53992
1.57223
1.60161
1.61702
1.60788
1.57929
1.51243
1.37988
1.26664
1.15119
1.15922
1.16449
1.16933
1.17547
1.18395
1.19578
1.21144
1.23102
1.25393
1.27996
1.30843
1.33927
1.37127
1.40388
1.43725
1.46969
1.50134
1.52965
1.55808
1.58664
1.61549
1.64356
1.67115
1.69705
1.72299
1.74894
1.77457
1.79882
1.82546
1.85023
1.86733
1.88355
1.88525
1.88374
1.87529
1.8398
1.78287
1.69735
1.59378
1.49474
1.46621
1.4776
1.49121
1.50577
1.50539
1.50265
1.5
1.50053
1.5014
1.5075
1.51195
1.51604
1.52004
1.52451
1.52945
1.53539
1.54219
1.54886
1.55514
1.56068
1.56637
1.57262
1.57935
1.58575
1.59234
1.59906
1.6057
1.6126
1.61986
1.62745
1.63515
1.64292
1.65045
1.6582
1.66664
1.67724
1.68835
1.25001
1.26703
1.28547
1.31044
1.33574
1.36128
1.38185
1.40026
1.41856
1.43765
1.45852
1.48178
1.50689
1.53767
1.56692
1.59755
1.59073
1.56413
1.50124
1.37982
1.26122
1.14253
1.1479
1.15564
1.16284
1.1706
1.17899
1.18838
1.19974
1.21374
1.23085
1.2513
1.27481
1.30105
1.32935
1.35933
1.39127
1.42342
1.45599
1.48519
1.51557
1.54652
1.57728
1.60623
1.63576
1.66237
1.69047
1.71789
1.74553
1.77094
1.79678
1.82262
1.84575
1.87014
1.89382
1.90831
1.92112
1.92935
1.92209
1.89704
1.85371
1.78842
1.67889
1.59881
1.50554
1.51513
1.52601
1.53477
1.54371
1.5405
1.53707
1.53664
1.53741
1.54236
1.54689
1.55261
1.55738
1.56181
1.56705
1.57299
1.57923
1.58521
1.59092
1.5966
1.60278
1.60952
1.616
1.62301
1.62993
1.6361
1.6426
1.64953
1.65673
1.66413
1.67154
1.67863
1.68591
1.69397
1.7043
1.71522
1.28411
1.29737
1.31289
1.33227
1.35336
1.37521
1.39408
1.41186
1.43067
1.44757
1.46535
1.48512
1.50838
1.53861
1.56519
1.57457
1.55044
1.49289
1.38189
1.25723
1.13614
1.13978
1.14603
1.15557
1.16548
1.17587
1.18643
1.19734
1.20921
1.22268
1.23838
1.25664
1.27748
1.30087
1.32666
1.35471
1.38523
1.41628
1.44635
1.47709
1.50892
1.54056
1.57072
1.60008
1.62979
1.65861
1.68758
1.71417
1.74125
1.76775
1.79378
1.81978
1.84636
1.87092
1.89517
1.91688
1.93884
1.96007
1.95984
1.96104
1.9481
1.92157
1.87034
1.79745
1.69022
1.60998
1.53008
1.53696
1.55555
1.56671
1.57802
1.57526
1.57302
1.57436
1.5763
1.58128
1.58678
1.59282
1.59765
1.6029
1.60746
1.61262
1.6184
1.62475
1.63131
1.63799
1.64483
1.65167
1.65854
1.66487
1.67127
1.67812
1.68529
1.69266
1.70008
1.70685
1.71387
1.72182
1.73222
1.74338
1.33102
1.3138
1.32847
1.34752
1.37002
1.39306
1.41111
1.42569
1.44331
1.46041
1.47529
1.49248
1.51554
1.53647
1.55348
1.53281
1.48123
1.38317
1.25268
1.12934
1.13192
1.13803
1.14792
1.1588
1.17028
1.18224
1.19485
1.2075
1.2205
1.23411
1.24882
1.26535
1.28419
1.30581
1.3298
1.35633
1.38452
1.41379
1.44445
1.47538
1.50675
1.5385
1.56765
1.59685
1.62658
1.65698
1.68445
1.71197
1.73851
1.76467
1.79079
1.81594
1.84213
1.86841
1.89098
1.91327
1.93876
1.95975
1.97869
1.99506
1.99531
1.99187
1.98048
1.93792
1.87588
1.78179
1.68276
1.57653
1.57429
1.58108
1.59328
1.60961
1.61057
1.61
1.60989
1.60942
1.61296
1.61862
1.62364
1.62898
1.63391
1.63909
1.6458
1.65258
1.65996
1.66685
1.67406
1.67987
1.68591
1.69252
1.69876
1.70557
1.71274
1.72018
1.72772
1.73469
1.74187
1.7499
1.76044
1.77199
1.39357
1.35348
1.35114
1.36674
1.38672
1.40703
1.43114
1.44233
1.45753
1.47542
1.48902
1.50411
1.52015
1.53521
1.51653
1.4684
1.37579
1.24707
1.1233
1.12544
1.13147
1.14232
1.15408
1.16586
1.17857
1.19241
1.20734
1.22177
1.23594
1.25016
1.26503
1.2812
1.29905
1.31895
1.341
1.36512
1.39125
1.41936
1.44863
1.4785
1.50868
1.53808
1.56781
1.59808
1.62774
1.65642
1.68422
1.71175
1.7397
1.76642
1.79222
1.81777
1.84197
1.86527
1.88902
1.91282
1.9371
1.96034
1.98412
2.00305
2.0228
2.02796
2.03334
2.01637
1.99637
1.94858
1.87928
1.77
1.69059
1.60126
1.60931
1.62173
1.63263
1.64708
1.64632
1.64556
1.64543
1.64685
1.65125
1.65631
1.66253
1.66912
1.67636
1.68313
1.69015
1.69719
1.7034
1.70929
1.71524
1.72071
1.72657
1.73337
1.7404
1.74796
1.7558
1.76261
1.76978
1.77781
1.78873
1.80073
1.49071
1.39709
1.37524
1.38864
1.40523
1.42314
1.44475
1.46184
1.47377
1.49107
1.51
1.51816
1.52446
1.50579
1.45824
1.36788
1.24066
1.11674
1.11885
1.12568
1.13888
1.15167
1.16345
1.1763
1.19074
1.20679
1.22338
1.23973
1.25507
1.27021
1.28573
1.30196
1.31932
1.33808
1.35857
1.38075
1.40474
1.43024
1.45708
1.48517
1.514
1.54329
1.57236
1.60096
1.62909
1.65718
1.68511
1.71279
1.7407
1.76729
1.79309
1.81805
1.84106
1.8634
1.8863
1.91002
1.93282
1.95596
1.97568
1.9969
2.0197
2.03962
2.06055
2.05791
2.05643
2.04089
2.01229
1.96014
1.88039
1.76993
1.66789
1.63551
1.63684
1.65395
1.66595
1.67733
1.67623
1.67678
1.67792
1.68242
1.68865
1.6967
1.70483
1.71087
1.71761
1.72408
1.73083
1.7359
1.741
1.74703
1.75363
1.76076
1.76814
1.77589
1.78382
1.79061
1.798
1.80594
1.81697
1.82903
1.80364
1.44563
1.41549
1.40238
1.41652
1.43466
1.45446
1.48015
1.49113
1.50811
1.5245
1.53026
1.50645
1.45472
1.36237
1.23347
1.10789
1.11144
1.12065
1.13783
1.15388
1.16569
1.1787
1.19323
1.20933
1.22682
1.24443
1.2617
1.27828
1.29427
1.31012
1.32637
1.34326
1.36107
1.38001
1.40022
1.42181
1.44475
1.46919
1.49476
1.52145
1.54885
1.57655
1.60428
1.63197
1.65983
1.68751
1.715
1.74243
1.76914
1.79559
1.81935
1.84313
1.86615
1.88849
1.91066
1.9335
1.95514
1.97709
1.99944
2.02037
2.04204
2.05992
2.07357
2.0851
2.08528
2.08679
2.06274
2.01428
1.95928
1.86125
1.7686
1.6681
1.67207
1.67936
1.69177
1.70257
1.71247
1.71267
1.71205
1.71574
1.7217
1.72989
1.73694
1.74424
1.75141
1.75629
1.76169
1.76642
1.77358
1.78054
1.78827
1.79662
1.80435
1.81123
1.81837
1.82612
1.83383
1.84442
1.85575
2.07231
1.63446
1.47378
1.43558
1.43526
1.44824
1.46634
1.48537
1.50783
1.52242
1.53438
1.51206
1.46085
1.365
1.23081
1.09696
1.10133
1.11296
1.13482
1.15543
1.16723
1.18051
1.19527
1.21164
1.22937
1.2473
1.26522
1.28285
1.30004
1.31721
1.33363
1.35004
1.36673
1.38384
1.40168
1.42044
1.44032
1.46146
1.48377
1.50745
1.53222
1.55794
1.58435
1.61103
1.63784
1.66485
1.69174
1.71869
1.74522
1.77122
1.79663
1.82065
1.84502
1.86778
1.8906
1.91026
1.93119
1.9535
1.97571
1.99813
2.01921
2.03897
2.05485
2.07439
2.09124
2.1036
2.11426
2.11036
2.10477
2.08394
2.04514
1.97419
1.85961
1.77006
1.69998
1.70219
1.71688
1.72775
1.73834
1.74854
1.74942
1.75139
1.7548
1.76198
1.76957
1.77777
1.78303
1.7879
1.79229
1.79813
1.80681
1.81534
1.82449
1.83181
1.83806
1.84458
1.85147
1.85948
1.87017
1.88159
2.35142
2.00109
1.55352
1.47399
1.45535
1.46602
1.47971
1.49954
1.5172
1.53423
1.51341
1.46301
1.36688
1.22834
1.08949
1.09386
1.10644
1.13158
1.15484
1.16973
1.18294
1.1976
1.21408
1.23229
1.25067
1.2689
1.28673
1.3044
1.32189
1.33897
1.35598
1.37243
1.38879
1.40541
1.42245
1.44008
1.45855
1.47801
1.49866
1.52037
1.54313
1.56678
1.59129
1.6165
1.64227
1.6683
1.69441
1.72083
1.74674
1.77167
1.79542
1.81942
1.84278
1.86574
1.88821
1.91025
1.93158
1.95297
1.97423
1.99584
2.01705
2.03563
2.05407
2.07184
2.08655
2.10512
2.12361
2.13588
2.14583
2.14898
2.15287
2.10822
2.04794
1.95041
1.84534
1.73952
1.73889
1.74033
1.75941
1.7716
1.78673
1.78803
1.78922
1.79323
1.79855
1.80487
1.81082
1.81641
1.82155
1.82703
1.83422
1.8434
1.85215
1.85946
1.8645
1.86971
1.87636
1.88428
1.89515
1.90699
2.77942
2.25175
1.867
1.53407
1.49966
1.48075
1.49258
1.51152
1.52882
1.51056
1.46073
1.3616
1.21736
1.07408
1.07996
1.09499
1.12399
1.14954
1.16993
1.18249
1.19677
1.21322
1.23194
1.25085
1.26922
1.2869
1.30473
1.32255
1.34028
1.35782
1.37511
1.39235
1.40909
1.42565
1.44239
1.45947
1.47706
1.49536
1.51449
1.53459
1.55562
1.57759
1.60046
1.62415
1.64868
1.6737
1.69923
1.72473
1.74998
1.77455
1.79837
1.82164
1.84463
1.86762
1.89075
1.9132
1.93419
1.95506
1.97602
1.99683
2.01712
2.03681
2.05626
2.07241
2.08892
2.10622
2.12436
2.14749
2.16872
2.19292
2.19228
2.18589
2.16634
2.13424
2.0611
1.94445
1.85933
1.76982
1.77703
1.78716
1.80481
1.81948
1.83453
1.83512
1.83468
1.83832
1.84123
1.84625
1.85221
1.85841
1.86566
1.87307
1.88017
1.8868
1.89091
1.89572
1.90128
1.9086
1.91999
1.9321
2.83774
2.61863
2.1197
1.71346
1.55582
1.51669
1.51706
1.52557
1.50944
1.45782
1.35392
1.20266
1.05242
1.06069
1.07943
1.11319
1.14217
1.16475
1.1773
1.19166
1.20832
1.22753
1.24678
1.26628
1.28427
1.30245
1.32068
1.33884
1.3569
1.37463
1.39213
1.40951
1.42665
1.44342
1.46002
1.47679
1.49388
1.51142
1.52954
1.54832
1.56787
1.58822
1.60942
1.63151
1.65442
1.67853
1.70298
1.72778
1.75242
1.77666
1.80034
1.82335
1.8461
1.86896
1.89108
1.91286
1.93415
1.95515
1.97662
1.99838
2.01986
2.04125
2.05892
2.07674
2.09454
2.11245
2.13075
2.15047
2.17214
2.19306
2.2173
2.23119
2.23115
2.22827
2.18817
2.12569
2.0291
1.92857
1.83289
1.81978
1.82271
1.83711
1.84982
1.86417
1.8688
1.87119
1.87364
1.87679
1.88079
1.88801
1.8967
1.90572
1.91121
1.91521
1.9195
1.924
1.92907
1.93521
1.94661
1.95783
2.94266
2.78792
2.41425
2.08628
1.66082
1.56073
1.545
1.52672
1.46776
1.3514
1.18714
1.02677
1.03896
1.06289
1.10126
1.13354
1.15571
1.16794
1.18208
1.19881
1.21826
1.23815
1.25785
1.2771
1.29626
1.31528
1.3341
1.35294
1.37153
1.38947
1.40706
1.42452
1.44187
1.45916
1.47616
1.49302
1.50996
1.52715
1.54473
1.56283
1.58152
1.60092
1.62106
1.64206
1.664
1.68673
1.71028
1.73385
1.75766
1.78139
1.8047
1.82822
1.85123
1.87452
1.89718
1.9195
1.94135
1.96348
1.98521
2.00769
2.03006
2.05188
2.07165
2.09085
2.10699
2.12267
2.13859
2.15382
2.16845
2.18572
2.20327
2.22233
2.24344
2.23975
2.23456
2.20135
2.1611
2.09864
1.9916
1.91573
1.82453
1.83339
1.83928
1.85844
1.87375
1.89025
1.89527
1.90019
1.90487
1.91328
1.92345
1.93409
1.94077
1.94519
1.94931
1.95361
1.95852
1.96386
1.97546
1.98577
3.0074
2.90043
2.84295
2.34491
2.00187
1.63015
1.57371
1.48767
1.35263
1.16846
0.993741
1.01202
1.04635
1.08926
1.12611
1.14916
1.15994
1.17291
1.18872
1.20797
1.22861
1.24956
1.26922
1.28911
1.30887
1.32782
1.34653
1.36517
1.3839
1.40243
1.42044
1.43821
1.45598
1.47352
1.49103
1.50837
1.52573
1.54316
1.56071
1.57842
1.59656
1.61534
1.63492
1.65541
1.67684
1.69922
1.7221
1.74529
1.769
1.79268
1.81656
1.84086
1.86538
1.88909
1.91272
1.93537
1.95737
1.97892
1.99936
2.01932
2.03874
2.0571
2.07286
2.08726
2.09941
2.11095
2.12269
2.13481
2.14729
2.16047
2.17687
2.19388
2.2112
2.22713
2.23744
2.22718
2.22117
2.18594
2.13232
2.0446
1.96122
1.87963
1.838
1.84796
1.85951
1.87699
1.89634
1.90793
1.91692
1.92709
1.93844
1.95166
1.95859
1.96522
1.97118
1.97671
1.98245
1.98808
1.99933
2.0077
3.00853
3.00961
2.84498
2.75565
2.26406
1.88472
1.62931
1.38781
1.16247
0.942591
0.970433
1.02011
1.07157
1.11503
1.1385
1.14946
1.16261
1.17802
1.19583
1.21576
1.23585
1.25652
1.27687
1.2969
1.31692
1.33692
1.35641
1.37577
1.39515
1.41467
1.43422
1.45331
1.47229
1.49133
1.51016
1.52906
1.5481
1.56709
1.58615
1.60526
1.62464
1.64459
1.66518
1.68662
1.7087
1.73105
1.75371
1.77632
1.79917
1.82127
1.84345
1.86465
1.88517
1.90497
1.9238
1.94098
1.9575
1.97247
1.98639
2.00105
2.01669
2.0321
2.04793
2.06043
2.07246
2.0841
2.09619
2.10944
2.12297
2.13859
2.15448
2.17174
2.18949
2.20788
2.22331
2.23297
2.23276
2.22218
2.20809
2.16507
2.10039
1.99948
1.92743
1.84804
1.85612
1.86326
1.88055
1.89709
1.9114
1.92573
1.93982
1.94984
1.96166
1.97364
1.98351
1.99309
2.00134
2.01292
2.01977
2.0215
3.01161
3.00776
2.9592
2.85613
2.62317
2.12702
1.72126
1.32266
0.999414
1.01987
1.06487
1.10571
1.13651
1.15747
1.1664
1.17246
1.18282
1.1987
1.21692
1.23712
1.25705
1.27732
1.29777
1.31896
1.34019
1.36127
1.38232
1.4037
1.42513
1.44671
1.46806
1.48958
1.51137
1.53283
1.55417
1.57536
1.59606
1.61575
1.63536
1.6529
1.67025
1.68755
1.70478
1.72216
1.73911
1.75587
1.77181
1.7875
1.80327
1.81917
1.83536
1.85143
1.86748
1.88379
1.89922
1.9151
1.92903
1.94303
1.95736
1.97272
1.98873
2.00455
2.02063
2.03439
2.0468
2.05946
2.07265
2.08673
2.10115
2.1168
2.13278
2.14789
2.16447
2.17425
2.18428
2.19627
2.20329
2.20709
2.19917
2.17319
2.15254
2.09285
1.99741
1.93334
1.86221
1.83985
1.84978
1.86526
1.88594
1.90459
1.92372
1.93505
1.94736
1.95857
1.96789
1.97623
1.98779
2.00073
2.00116
1.99729
3.01267
3.01024
3.00173
2.88982
2.74529
2.111
1.42174
0.948687
0.98965
1.0583
1.13371
1.20006
1.21191
1.22137
1.22866
1.23882
1.25131
1.26545
1.28122
1.29854
1.31745
1.33772
1.3582
1.3783
1.39903
1.41891
1.43843
1.45719
1.47587
1.49437
1.51239
1.52997
1.54696
1.56404
1.58011
1.59616
1.61253
1.62826
1.64342
1.65729
1.6703
1.68353
1.69715
1.71109
1.72488
1.73839
1.75214
1.76609
1.78039
1.79478
1.80964
1.82443
1.83948
1.85468
1.86996
1.88547
1.89972
1.91375
1.9281
1.94275
1.95724
1.97159
1.98558
1.99896
2.00907
2.01884
2.02912
2.03965
2.04994
2.06093
2.07176
2.08202
2.08976
2.09689
2.10325
2.10903
2.11426
2.12431
2.13337
2.12269
2.11475
2.08185
2.03868
1.97555
1.89749
1.83291
1.79154
1.80735
1.82848
1.8571
1.8831
1.90387
1.92409
1.93571
1.94687
1.95699
1.96401
1.96305
1.95299
1.92872
3.01238
3.0105
2.99307
2.8853
2.52919
1.641
0.692071
0.530193
0.672709
0.837971
0.954573
1.03717
1.0774
1.10739
1.13614
1.16472
1.19061
1.21245
1.2347
1.25784
1.28107
1.30389
1.32684
1.34886
1.37007
1.39136
1.4108
1.43002
1.44885
1.46753
1.48584
1.50388
1.5214
1.53875
1.55554
1.57218
1.58896
1.60502
1.62003
1.63359
1.64626
1.65915
1.67236
1.68557
1.69831
1.71102
1.72291
1.73498
1.74702
1.75929
1.77135
1.78362
1.79552
1.80701
1.81905
1.82953
1.84042
1.84993
1.85893
1.8684
1.87807
1.88771
1.89718
1.90569
1.91382
1.92144
1.92911
1.93735
1.94671
1.95771
1.96879
1.97993
1.99067
2.00023
2.00929
2.0191
2.02829
2.03907
2.0538
2.06604
2.06936
2.06385
2.04149
2.00088
1.95299
1.86666
1.80493
1.74736
1.76292
1.78587
1.81333
1.84122
1.8669
1.89127
1.90346
1.91072
1.91757
1.90063
1.86408
1.80671
3.01247
3.01101
2.99852
2.90996
2.59707
1.74255
0.723965
0.341644
0.452587
0.545174
0.638462
0.728863
0.811336
0.885324
0.951794
1.0018
1.04575
1.08458
1.11834
1.15059
1.18158
1.21063
1.239
1.26492
1.28937
1.31235
1.33484
1.35573
1.37513
1.39429
1.41271
1.43056
1.44742
1.46342
1.47873
1.49343
1.50789
1.52146
1.53413
1.545
1.5553
1.56551
1.57577
1.5857
1.59525
1.60412
1.61218
1.62038
1.6288
1.63743
1.64636
1.65567
1.66524
1.67515
1.68525
1.69567
1.70624
1.71689
1.72789
1.73947
1.75164
1.76416
1.77676
1.78937
1.80219
1.81458
1.82716
1.84055
1.85497
1.87057
1.88613
1.90189
1.91616
1.93053
1.94388
1.95761
1.97161
1.98615
2.00134
2.02111
2.03813
2.04573
2.04521
2.02337
1.9878
1.94691
1.85252
1.78035
1.72176
1.73467
1.75178
1.77278
1.79562
1.82001
1.83094
1.83194
1.82707
1.78759
1.71457
1.62799
3.0124
3.01093
2.99443
2.89533
2.52375
1.5402
0.511612
0.340894
0.424003
0.465915
0.505467
0.549674
0.597314
0.646118
0.696935
0.748278
0.797988
0.84539
0.889371
0.931502
0.972221
1.0094
1.04474
1.07795
1.10797
1.13608
1.16139
1.1853
1.20753
1.22779
1.2472
1.26554
1.28334
1.30049
1.31715
1.33349
1.34962
1.36515
1.3798
1.39347
1.40656
1.41936
1.43212
1.44432
1.45649
1.46767
1.47898
1.49033
1.50196
1.5139
1.5262
1.53887
1.55189
1.56531
1.57909
1.59326
1.60768
1.62246
1.63759
1.65307
1.6689
1.68515
1.7016
1.71816
1.73485
1.75114
1.76769
1.78458
1.80212
1.82057
1.83886
1.8571
1.87482
1.89091
1.90742
1.92322
1.93963
1.95563
1.97235
1.99092
2.01181
2.03002
2.0385
2.04104
2.01962
1.98924
1.95092
1.85379
1.77947
1.71366
1.71919
1.72908
1.73722
1.74308
1.7386
1.72377
1.68011
1.59809
1.53288
1.45099
3.01244
3.01091
2.99682
2.90527
2.5717
1.64992
0.623401
0.358414
0.445625
0.477303
0.49713
0.523353
0.554458
0.587373
0.620817
0.654094
0.687263
0.72
0.752445
0.784852
0.817468
0.850245
0.882993
0.91533
0.946998
0.9771
1.00595
1.03301
1.05869
1.0832
1.10666
1.12935
1.15132
1.17272
1.19362
1.21411
1.23409
1.25357
1.27217
1.29004
1.30727
1.32429
1.34071
1.35672
1.37178
1.38669
1.40069
1.41484
1.42892
1.44325
1.45786
1.47277
1.48807
1.50373
1.51978
1.53621
1.55299
1.57012
1.58759
1.6055
1.62383
1.64247
1.66145
1.68053
1.69913
1.71794
1.73625
1.75503
1.77442
1.79384
1.81376
1.83369
1.85152
1.86966
1.88661
1.90395
1.92172
1.93974
1.95816
1.97675
1.99501
2.01609
2.03312
2.04966
2.05112
2.03077
2.00697
1.9668
1.86997
1.79432
1.72121
1.71538
1.70837
1.68144
1.64615
1.59023
1.49844
1.42874
1.35798
1.36206
3.01242
3.01073
2.9949
2.89589
2.5318
1.55054
0.524346
0.367727
0.442207
0.471944
0.4887
0.512432
0.541281
0.571283
0.601064
0.630936
0.660973
0.690745
0.720015
0.748942
0.777856
0.807154
0.836968
0.867096
0.897123
0.926824
0.955958
0.984332
1.01177
1.03806
1.06335
1.08769
1.11123
1.13411
1.15644
1.17823
1.19964
1.22019
1.24027
1.25948
1.27823
1.29639
1.31422
1.33094
1.34717
1.36234
1.3775
1.39209
1.40683
1.4217
1.43678
1.45217
1.46786
1.48395
1.5004
1.51732
1.53463
1.55237
1.57052
1.5891
1.60814
1.6276
1.64723
1.66683
1.68655
1.70565
1.72503
1.74463
1.76439
1.78469
1.80485
1.82445
1.84419
1.86197
1.87998
1.89781
1.91603
1.93491
1.95398
1.97299
1.9911
2.00986
2.02995
2.04611
2.06248
2.06271
2.04458
2.01997
1.98333
1.88968
1.81435
1.73308
1.68914
1.63199
1.55469
1.45133
1.36212
1.31741
1.32802
1.33735
3.01243
3.01084
2.99607
2.90172
2.55739
1.60917
0.590647
0.379958
0.456524
0.487053
0.499347
0.519452
0.545665
0.573771
0.601988
0.629999
0.658319
0.686819
0.715248
0.743701
0.772351
0.801414
0.830974
0.860909
0.890811
0.920504
0.949631
0.978217
1.00575
1.03246
1.05788
1.08247
1.1061
1.12915
1.15152
1.17345
1.1948
1.2156
1.23564
1.25508
1.27396
1.29252
1.31016
1.32735
1.34333
1.35887
1.37373
1.38862
1.40317
1.41788
1.43281
1.44799
1.46353
1.47943
1.49578
1.51256
1.52983
1.54752
1.56568
1.5843
1.60339
1.62293
1.64272
1.66261
1.68253
1.70214
1.72183
1.74161
1.76149
1.78187
1.80215
1.82161
1.84122
1.85896
1.87717
1.89491
1.91323
1.93251
1.95222
1.9712
1.99089
2.0066
2.02279
2.04344
2.06003
2.07942
2.07802
2.06154
2.03818
1.99753
1.9113
1.80131
1.68932
1.56017
1.45788
1.35046
1.3418
1.34502
1.3462
1.34555
3.01243
3.01078
2.99546
2.89865
2.54419
1.57487
0.557632
0.382481
0.455249
0.484337
0.496155
0.516306
0.543042
0.57154
0.599981
0.628303
0.65692
0.685683
0.714212
0.742581
0.771008
0.799819
0.829129
0.858858
0.888648
0.918182
0.947334
0.975809
1.00343
1.03012
1.05561
1.08034
1.104
1.12721
1.14963
1.17165
1.19316
1.2139
1.23413
1.25365
1.27274
1.29127
1.3093
1.32618
1.34238
1.35767
1.37272
1.38731
1.40195
1.41656
1.43138
1.44648
1.46192
1.47775
1.49402
1.51075
1.52796
1.54564
1.56382
1.58247
1.60166
1.62128
1.64123
1.66123
1.68116
1.70109
1.72068
1.74044
1.76062
1.78072
1.80091
1.82108
1.83951
1.85822
1.87599
1.89408
1.91263
1.93214
1.95212
1.97174
1.98945
2.00729
2.02253
2.03912
2.05913
2.07526
2.09275
2.09127
2.06385
2.03642
1.94302
1.81366
1.62956
1.48842
1.33695
1.3376
1.34283
1.34816
1.35388
1.35362
)
;

boundaryField
{
    inlet
    {
        type            calculated;
        value           uniform 3.01265;
    }
    outlet
    {
        type            calculated;
        value           nonuniform List<scalar> 
40
(
0.978677
1.17227
1.30251
1.39441
1.45478
1.49186
1.51393
1.52765
1.53777
1.5477
1.56065
1.57228
1.58462
1.60036
1.61881
1.6393
1.66282
1.68835
1.71522
1.74338
1.77199
1.80073
1.82903
1.85575
1.88159
1.90699
1.9321
1.95783
1.98577
2.0077
2.0215
1.99729
1.92872
1.80671
1.62799
1.45099
1.36206
1.33735
1.34555
1.35362
)
;
    }
    bottom
    {
        type            symmetryPlane;
    }
    top
    {
        type            symmetryPlane;
    }
    obstacle
    {
        type            calculated;
        value           nonuniform List<scalar> 
110
(
0.0241642
0.0669143
0.11153
0.156899
0.204949
0.254439
0.311626
0.3839
0.472332
0.647906
0.84998
0.372126
0.354795
0.171868
0.230821
0.117701
0.4184
0.60372
0.720332
0.753311
0.749247
0.745337
0.746679
0.79065
0.837319
0.878771
0.899947
0.906836
0.907155
0.905571
0.905472
0.909388
0.913225
0.919307
0.924543
0.927738
0.929462
0.927874
0.917795
0.907359
0.880813
0.851315
0.812237
0.77222
0.726308
0.676156
0.623251
0.572032
0.526142
0.469577
0.409984
0.35452
0.298381
0.248551
0.209802
0.15122
0.0966148
0.0469707
0.00774599
0.0547575
0.0986342
0.139494
0.178761
0.216149
0.251655
0.284862
0.316461
0.34635
0.374416
0.400956
0.425827
0.449264
0.471648
0.493258
0.513821
0.533598
0.552312
0.570445
0.587647
0.604283
0.62009
0.635458
0.650179
0.664617
0.678581
0.692326
0.705638
0.718732
0.73135
0.743796
0.75589
0.767856
0.779665
0.791368
0.803007
0.814584
0.826143
0.837672
0.849201
0.860715
0.872227
0.883715
0.895212
0.906715
0.918354
0.93011
0.942329
0.955696
0.967297
0.978677
)
;
    }
    defaultFaces
    {
        type            empty;
    }
}


// ************************************************************************* //
