/*--------------------------------*- C++ -*----------------------------------*\
| =========                 |                                                 |
| \\      /  F ield         | OpenFOAM: The Open Source CFD Toolbox           |
|  \\    /   O peration     | Version:  v2106                                 |
|   \\  /    A nd           | Website:  www.openfoam.com                      |
|    \\/     M anipulation  |                                                 |
\*---------------------------------------------------------------------------*/
FoamFile
{
    version     2.0;
    format      ascii;
    arch        "LSB;label=32;scalar=64";
    class       volScalarField;
    location    "7";
    object      psi;
}
// * * * * * * * * * * * * * * * * * * * * * * * * * * * * * * * * * * * * * //

dimensions      [0 -2 2 0 0 0 0];

internalField   nonuniform List<scalar> 
5250
(
1.40845
1.40845
1.40845
1.40845
1.40845
1.40845
1.40845
1.40845
1.40843
1.40824
1.4066
1.39133
1.28264
0.965147
0.518558
0.518818
0.553083
0.559376
0.549691
0.551892
0.551145
0.549028
0.548963
0.549633
0.551111
1.40845
1.40845
1.40845
1.40845
1.40845
1.40845
1.40845
1.40845
1.40843
1.40823
1.40653
1.39131
1.28732
0.97141
0.52536
0.518487
0.555761
0.5618
0.551355
0.553553
0.55256
0.549795
0.549929
0.550507
0.551911
1.40845
1.40845
1.40845
1.40845
1.40845
1.40845
1.40845
1.40845
1.40843
1.40825
1.40668
1.39284
1.29567
0.984963
0.544091
0.51794
0.563351
0.56848
0.556517
0.55766
0.555884
0.552477
0.55227
0.552872
0.554297
1.40845
1.40845
1.40845
1.40845
1.40845
1.40845
1.40845
1.40845
1.40843
1.40827
1.40689
1.39471
1.30661
1.00722
0.578438
0.516198
0.576115
0.579208
0.565185
0.564131
0.560963
0.556239
0.555141
0.555543
0.556801
1.40845
1.40845
1.40845
1.40845
1.40845
1.40845
1.40845
1.40845
1.40843
1.4083
1.40715
1.39712
1.32132
1.03923
0.636647
0.51219
0.593626
0.594732
0.578411
0.574733
0.569014
0.561476
0.558932
0.559266
0.560508
1.40845
1.40845
1.40845
1.40845
1.40845
1.40845
1.40845
1.40845
1.40844
1.40834
1.40742
1.39961
1.33767
1.07942
0.705451
0.499245
0.616526
0.618827
0.599207
0.59006
0.579599
0.567788
0.56369
0.563387
0.564732
1.40845
1.40845
1.40845
1.40845
1.40845
1.40845
1.40845
1.40845
1.40844
1.40836
1.40767
1.40175
1.3515
1.11824
0.741232
0.476146
0.608068
0.625619
0.6146
0.608944
0.595681
0.578566
0.571444
0.568835
0.570875
1.40845
1.40845
1.40845
1.40845
1.40845
1.40845
1.40845
1.40845
1.40844
1.40839
1.4079
1.40349
1.36393
1.15939
0.78398
0.452623
0.577814
0.61608
0.611516
0.616651
0.611106
0.593872
0.58043
0.575934
0.581036
1.40845
1.40845
1.40845
1.40845
1.40845
1.40845
1.40845
1.40845
1.40845
1.4084
1.40801
1.4045
1.37311
1.19468
0.829249
0.453098
0.555743
0.597162
0.602803
0.615604
0.617494
0.612041
0.596147
0.586404
0.596893
1.40845
1.40845
1.40845
1.40845
1.40845
1.40845
1.40845
1.40845
1.40845
1.40842
1.40812
1.40551
1.38177
1.23275
0.879184
0.468545
0.557427
0.572461
0.584493
0.60473
0.618347
0.621857
0.612993
0.601328
0.637508
1.40845
1.40845
1.40845
1.40845
1.40845
1.40845
1.40845
1.40845
1.40845
1.40843
1.40821
1.4063
1.38877
1.2685
0.93741
0.498151
0.552155
0.573395
0.583375
0.59499
0.613874
0.634487
0.639783
0.644999
0.720086
1.40845
1.40845
1.40845
1.40845
1.40845
1.40845
1.40845
1.40845
1.40845
1.40843
1.40826
1.40674
1.39381
1.30484
1.00379
0.536507
0.543175
0.582836
0.592279
0.593829
0.60492
0.630546
0.650385
0.662485
0.779289
1.40845
1.40845
1.40845
1.40845
1.40845
1.40845
1.40845
1.40845
1.40845
1.40844
1.40835
1.40749
1.40033
1.34189
1.08678
0.672503
0.525519
0.609025
0.606851
0.60049
0.604754
0.622014
0.655474
0.672821
0.778562
1.40845
1.40845
1.40845
1.40845
1.40845
1.40845
1.40845
1.40845
1.40845
1.40845
1.4084
1.40794
1.40398
1.3653
1.16214
0.785333
0.491496
0.614263
0.623296
0.613327
0.610682
0.622042
0.651213
0.681354
0.771605
1.40845
1.40845
1.40845
1.40845
1.40845
1.40845
1.40845
1.40845
1.40845
1.40845
1.40841
1.40808
1.40531
1.38004
1.22427
0.868124
0.483867
0.613651
0.624498
0.624963
0.621347
0.627299
0.649707
0.680038
0.751707
1.40845
1.40845
1.40845
1.40845
1.40845
1.40845
1.40845
1.40845
1.40845
1.40845
1.40843
1.40823
1.40653
1.39092
1.28131
0.956961
0.503768
0.584659
0.634599
0.642438
0.636664
0.637098
0.650718
0.675767
0.726502
1.40845
1.40845
1.40845
1.40845
1.40845
1.40845
1.40845
1.40845
1.40845
1.40845
1.40844
1.40832
1.4073
1.39855
1.3312
1.05933
0.561686
0.547566
0.631942
0.65501
0.651163
0.647645
0.656022
0.675542
0.712884
1.40845
1.40845
1.40845
1.40845
1.40845
1.40845
1.40845
1.40845
1.40845
1.40845
1.40844
1.40839
1.40789
1.40367
1.36636
1.16627
0.782067
0.502171
0.629027
0.645434
0.659048
0.65927
0.665363
0.679327
0.707146
1.40845
1.40845
1.40845
1.40845
1.40845
1.40845
1.40845
1.40845
1.40845
1.40845
1.40845
1.40841
1.40812
1.40566
1.38488
1.25672
0.915629
0.509537
0.607204
0.646204
0.669714
0.672305
0.676894
0.686465
0.70769
1.40845
1.40845
1.40845
1.40845
1.40845
1.40845
1.40845
1.40845
1.40845
1.40845
1.40845
1.40844
1.40834
1.40741
1.3995
1.33554
1.03975
0.543679
0.563056
0.647295
0.681133
0.682751
0.68674
0.694796
0.710953
1.40845
1.40845
1.40845
1.40845
1.40845
1.40845
1.40845
1.40845
1.40845
1.40845
1.40845
1.40844
1.40839
1.40788
1.40361
1.36769
1.17164
0.76344
0.50984
0.639542
0.661337
0.686219
0.694588
0.703979
0.717303
1.40845
1.40845
1.40845
1.40845
1.40845
1.40845
1.40845
1.40845
1.40845
1.40845
1.40845
1.40845
1.40842
1.40817
1.40607
1.38862
1.27098
0.933581
0.524573
0.60046
0.663945
0.692565
0.704951
0.714282
0.725862
1.40845
1.40845
1.40845
1.40845
1.40845
1.40845
1.40845
1.40845
1.40845
1.40845
1.40845
1.40845
1.40844
1.40835
1.40757
1.40081
1.34486
1.0866
0.604334
0.548726
0.65787
0.686539
0.705301
0.717999
0.731628
1.40845
1.40845
1.40845
1.40845
1.40845
1.40845
1.40845
1.40845
1.40845
1.40845
1.40845
1.40845
1.40844
1.4084
1.408
1.40477
1.37886
1.22469
0.8433
0.524806
0.632042
0.675518
0.706814
0.720169
0.734129
1.40845
1.40845
1.40845
1.40845
1.40845
1.40845
1.40845
1.40845
1.40845
1.40845
1.40845
1.40845
1.40845
1.40843
1.40831
1.40722
1.39797
1.32461
1.02481
0.559659
0.581757
0.673226
0.700984
0.718891
0.734371
1.40845
1.40845
1.40845
1.40845
1.40845
1.40845
1.40845
1.40845
1.40845
1.40845
1.40845
1.40845
1.40845
1.40844
1.40838
1.40788
1.40399
1.37324
1.19963
0.789879
0.530257
0.647225
0.689091
0.719724
0.734233
1.40845
1.40845
1.40845
1.40845
1.40845
1.40845
1.40845
1.40845
1.40845
1.40845
1.40845
1.40845
1.40845
1.40845
1.40843
1.4083
1.4071
1.39682
1.31622
1.00089
0.557698
0.589173
0.681179
0.711398
0.733049
1.40845
1.40845
1.40845
1.40845
1.40845
1.40845
1.40845
1.40845
1.40845
1.40845
1.40845
1.40845
1.40845
1.40845
1.40844
1.40837
1.4078
1.40348
1.3703
1.17864
0.755889
0.541001
0.65409
0.694725
0.733398
1.40845
1.40845
1.40845
1.40845
1.40845
1.40845
1.40845
1.40845
1.40845
1.40845
1.40845
1.40845
1.40845
1.40845
1.40845
1.40843
1.40828
1.40702
1.39699
1.32231
1.04637
0.578632
0.607266
0.706263
0.725815
1.40845
1.40845
1.40845
1.40845
1.40845
1.40845
1.40845
1.40845
1.40845
1.40845
1.40845
1.40845
1.40845
1.40845
1.40845
1.40844
1.40839
1.408
1.40438
1.39017
1.2824
0.789086
0.539559
0.652842
0.712132
1.40845
1.40845
1.40845
1.40845
1.40845
1.40845
1.40845
1.40845
1.40845
1.40845
1.40845
1.40845
1.40845
1.40845
1.40845
1.40845
1.40843
1.4083
1.4072
1.39862
1.33684
1.06554
0.585308
0.594153
0.700067
1.40845
1.40845
1.40845
1.40845
1.40845
1.40845
1.40845
1.40845
1.40845
1.40845
1.40845
1.40845
1.40845
1.40845
1.40845
1.40845
1.40845
1.40841
1.40813
1.40584
1.3915
1.28196
0.849797
0.554211
0.640504
1.40845
1.40845
1.40845
1.40845
1.40845
1.40845
1.40845
1.40845
1.40845
1.40845
1.40845
1.40845
1.40845
1.40845
1.40845
1.40845
1.40845
1.40843
1.40833
1.40745
1.40079
1.35002
1.1077
0.650462
0.581359
1.40845
1.40845
1.40845
1.40845
1.40845
1.40845
1.40845
1.40845
1.40845
1.40845
1.40845
1.40845
1.40845
1.40845
1.40845
1.40845
1.40845
1.40845
1.40842
1.40822
1.40653
1.39511
1.30331
0.943298
0.593243
1.40845
1.40845
1.40845
1.40845
1.40845
1.40845
1.40845
1.40845
1.40845
1.40845
1.40845
1.40845
1.40845
1.40845
1.40845
1.40845
1.40845
1.40845
1.40844
1.40835
1.40773
1.40338
1.37289
1.19694
0.79617
1.40845
1.40845
1.40845
1.40845
1.40845
1.40845
1.40845
1.40845
1.40845
1.40845
1.40845
1.40845
1.40845
1.40845
1.40845
1.40845
1.40845
1.40845
1.40845
1.40843
1.40828
1.4072
1.39976
1.33906
1.07187
1.40845
1.40845
1.40845
1.40845
1.40845
1.40845
1.40845
1.40845
1.40845
1.40845
1.40845
1.40845
1.40845
1.40845
1.40845
1.40845
1.40845
1.40845
1.40845
1.40844
1.40831
1.40836
1.40667
1.39312
1.29943
1.40845
1.40845
1.40845
1.40845
1.40845
1.40845
1.40845
1.40845
1.40845
1.40845
1.40845
1.40845
1.40845
1.40845
1.40845
1.40845
1.40845
1.40845
1.40845
1.40845
1.40843
1.40834
1.40766
1.40287
1.37399
1.40845
1.40845
1.40845
1.40845
1.40845
1.40845
1.40845
1.40845
1.40845
1.40845
1.40845
1.40845
1.40845
1.40845
1.40845
1.40845
1.40845
1.40845
1.40845
1.40845
1.40845
1.40842
1.40837
1.40762
1.40007
1.40845
1.40845
1.40845
1.40845
1.40845
1.40845
1.40845
1.40845
1.40845
1.40845
1.40845
1.40845
1.40845
1.40845
1.40845
1.40845
1.40845
1.40845
1.40845
1.40845
1.40845
1.40844
1.40841
1.40854
1.40724
1.40845
1.40845
1.40845
1.40845
1.40845
1.40845
1.40845
1.40845
1.40845
1.40845
1.40845
1.40845
1.40845
1.40845
1.40845
1.40845
1.40845
1.40845
1.40845
1.40845
1.40845
1.40845
1.40845
1.40842
1.40845
1.40845
1.40845
1.40845
1.40845
1.40845
1.40845
1.40845
1.40845
1.40845
1.40845
1.40845
1.40845
1.40845
1.40845
1.40845
1.40845
1.40845
1.40845
1.40845
1.40845
1.40845
1.40845
1.40845
1.40843
1.40831
1.40845
1.40845
1.40845
1.40845
1.40845
1.40845
1.40845
1.40845
1.40845
1.40845
1.40845
1.40845
1.40845
1.40845
1.40845
1.40845
1.40845
1.40845
1.40845
1.40845
1.40845
1.40845
1.40845
1.40845
1.40844
1.40845
1.40845
1.40845
1.40845
1.40845
1.40845
1.40845
1.40845
1.40845
1.40845
1.40845
1.40845
1.40845
1.40845
1.40845
1.40845
1.40845
1.40845
1.40845
1.40845
1.40845
1.40845
1.40845
1.40845
1.40842
1.40845
1.40845
1.40845
1.40845
1.40845
1.40845
1.40845
1.40845
1.40845
1.40845
1.40845
1.40845
1.40845
1.40845
1.40845
1.40845
1.40845
1.40845
1.40845
1.40845
1.40845
1.40845
1.40845
1.40845
1.40843
1.40845
1.40845
1.40845
1.40845
1.40845
1.40845
1.40845
1.40845
1.40845
1.40845
1.40845
1.40845
1.40845
1.40845
1.40845
1.40845
1.40845
1.40845
1.40845
1.40845
1.40845
1.40845
1.40845
1.40845
1.40843
1.40845
1.40845
1.40845
1.40845
1.40845
1.40845
1.40845
1.40845
1.40845
1.40845
1.40845
1.40845
1.40845
1.40845
1.40845
1.40845
1.40845
1.40845
1.40845
1.40845
1.40845
1.40845
1.40845
1.40845
1.40843
1.40845
1.40845
1.40845
1.40845
1.40845
1.40845
1.40845
1.40845
1.40845
1.40845
1.40845
1.40845
1.40845
1.40845
1.40845
1.40845
1.40845
1.40845
1.40845
1.40845
1.40845
1.40845
1.40845
1.40845
1.40843
1.40845
1.40845
1.40845
1.40845
1.40845
1.40845
1.40845
1.40845
1.40845
1.40845
1.40845
1.40845
1.40845
1.40845
1.40845
1.40845
1.40845
1.40845
1.40845
1.40845
1.40845
1.40845
1.40845
1.40845
1.40843
1.40845
1.40845
1.40845
1.40845
1.40845
1.40845
1.40845
1.40845
1.40845
1.40845
1.40845
1.40845
1.40845
1.40845
1.40845
1.40845
1.40845
1.40845
1.40845
1.40845
1.40845
1.40845
1.40845
1.40845
1.40843
0.647834
0.577827
0.530887
0.533927
0.536418
0.51957
0.512543
0.531294
0.5611
0.565657
0.565786
0.56364
0.562717
0.557656
0.564804
0.580521
0.587664
0.589772
0.590165
0.589096
0.588722
0.588339
0.588722
0.589212
0.590899
0.592223
0.592601
0.592924
0.593751
0.59301
0.592734
0.589175
0.583629
0.578209
0.571616
0.565663
0.556762
0.547208
0.5423
0.54026
0.528545
0.521913
0.516035
0.510606
0.50816
0.506207
0.503707
0.502592
0.500041
0.500962
0.50244
0.504162
0.506188
0.508076
0.510087
0.512378
0.514741
0.517299
0.519674
0.522106
0.524484
0.526823
0.529182
0.531587
0.533949
0.536239
0.538548
0.540769
0.543025
0.545178
0.547352
0.549458
0.551593
0.553677
0.555783
0.557831
0.559897
0.561888
0.563903
0.565874
0.567881
0.569868
0.571878
0.573905
0.57595
0.57803
0.580129
0.582264
0.584422
0.586606
0.588821
0.591042
0.593306
0.59562
0.597983
0.600488
0.603058
0.607028
0.607696
0.606013
0.65284
0.590948
0.555242
0.528029
0.523643
0.505406
0.491357
0.492609
0.527962
0.528602
0.526777
0.518022
0.514622
0.511873
0.523085
0.529604
0.533694
0.534144
0.533341
0.533109
0.532932
0.5326
0.532816
0.532018
0.533349
0.535125
0.535434
0.535632
0.536556
0.535249
0.534708
0.53296
0.52876
0.526076
0.520413
0.515177
0.507713
0.502681
0.499572
0.498014
0.494845
0.49136
0.483515
0.486349
0.487887
0.488659
0.491995
0.495454
0.499559
0.504745
0.510202
0.51604
0.521056
0.525711
0.530563
0.535662
0.53999
0.544661
0.548881
0.553121
0.557393
0.560874
0.563898
0.56697
0.570211
0.573311
0.576237
0.579005
0.581759
0.584465
0.587239
0.589915
0.592628
0.595194
0.597795
0.600225
0.602659
0.604921
0.607188
0.609382
0.611613
0.613827
0.616066
0.618329
0.620572
0.62285
0.625065
0.627302
0.629506
0.631675
0.633873
0.63601
0.63818
0.640384
0.642627
0.644982
0.647523
0.651378
0.652281
0.650212
0.733036
0.663145
0.605147
0.557141
0.543893
0.537827
0.533594
0.504091
0.495583
0.486145
0.490761
0.507364
0.513626
0.502363
0.494
0.507416
0.513872
0.514789
0.514404
0.512546
0.511589
0.511063
0.511522
0.511976
0.512308
0.51298
0.512611
0.512367
0.513547
0.512401
0.512053
0.509006
0.504645
0.500713
0.498184
0.49786
0.478761
0.481428
0.483392
0.481532
0.48364
0.488309
0.495354
0.506209
0.514791
0.52398
0.533073
0.541924
0.551373
0.558746
0.566128
0.574656
0.580756
0.585825
0.590973
0.596844
0.601297
0.606062
0.610527
0.614719
0.619253
0.623495
0.626967
0.630308
0.633778
0.637186
0.640183
0.642793
0.64538
0.64788
0.650373
0.652836
0.65536
0.657939
0.660609
0.663258
0.665928
0.668418
0.670933
0.673332
0.675765
0.678096
0.680383
0.682638
0.684854
0.687085
0.689313
0.691563
0.693831
0.696119
0.698439
0.700773
0.70314
0.705537
0.707982
0.710499
0.713215
0.717397
0.718345
0.715429
0.79336
0.754776
0.700002
0.631105
0.58582
0.576734
0.584407
0.560662
0.534421
0.514044
0.499729
0.502338
0.509392
0.519958
0.509154
0.502561
0.503122
0.504222
0.505913
0.512933
0.518255
0.5167
0.516977
0.5155
0.515477
0.517619
0.517874
0.516879
0.517676
0.512631
0.509133
0.5016
0.494985
0.490051
0.486281
0.487609
0.492163
0.501537
0.513982
0.527989
0.537234
0.55152
0.561315
0.571332
0.581777
0.590259
0.596761
0.606214
0.611995
0.618329
0.623573
0.62895
0.634787
0.639689
0.644424
0.649934
0.653561
0.657209
0.661029
0.664548
0.668458
0.672682
0.676123
0.679082
0.682022
0.685077
0.688272
0.691496
0.694104
0.696257
0.698372
0.700512
0.702738
0.705067
0.707503
0.709997
0.712526
0.715006
0.717465
0.71988
0.722302
0.724709
0.727142
0.729574
0.732021
0.734441
0.736821
0.739164
0.74147
0.743763
0.746055
0.748372
0.750724
0.753107
0.755567
0.758119
0.760929
0.764961
0.766958
0.763722
0.802737
0.794536
0.766466
0.719332
0.666343
0.631231
0.648674
0.631501
0.601654
0.571592
0.54026
0.525924
0.524274
0.529725
0.531746
0.52584
0.518985
0.512729
0.509308
0.509692
0.511265
0.513365
0.515466
0.517152
0.517521
0.517671
0.519262
0.520275
0.51733
0.513575
0.508493
0.501403
0.503766
0.510416
0.518038
0.530023
0.542894
0.559309
0.576984
0.588591
0.599551
0.613733
0.625657
0.634972
0.643309
0.648102
0.653377
0.6599
0.663481
0.668225
0.670948
0.675651
0.679519
0.683244
0.687459
0.691119
0.693839
0.696542
0.699992
0.70349
0.707064
0.710529
0.712925
0.7153
0.71805
0.721367
0.724961
0.727572
0.72954
0.731583
0.733744
0.735975
0.738196
0.740398
0.742636
0.744881
0.747203
0.749599
0.751929
0.754228
0.756545
0.758885
0.761272
0.763723
0.766237
0.768746
0.771213
0.773669
0.776128
0.778611
0.781124
0.78355
0.785999
0.788406
0.790875
0.793435
0.796275
0.800102
0.802938
0.799355
0.791371
0.807485
0.798912
0.771304
0.740829
0.70573
0.711688
0.695475
0.663509
0.62874
0.60272
0.577929
0.563396
0.564709
0.561747
0.554184
0.54519
0.536438
0.529359
0.523752
0.520732
0.518993
0.518941
0.519467
0.520259
0.519892
0.519979
0.519441
0.515638
0.515314
0.516014
0.520287
0.527103
0.540754
0.557357
0.581614
0.600266
0.623828
0.642294
0.655366
0.669522
0.678631
0.689036
0.690934
0.693385
0.696927
0.698316
0.700721
0.704074
0.705911
0.708062
0.712485
0.714613
0.716693
0.719607
0.722234
0.723797
0.725641
0.728532
0.732276
0.73411
0.736155
0.738593
0.741271
0.744292
0.747086
0.749341
0.751556
0.754015
0.756773
0.758994
0.760881
0.762743
0.764665
0.766727
0.769029
0.771554
0.773886
0.776085
0.778304
0.780556
0.782861
0.785224
0.787618
0.790042
0.792492
0.794967
0.797483
0.800049
0.802621
0.805184
0.807698
0.810239
0.812807
0.815453
0.818224
0.821283
0.825136
0.828646
0.824813
0.769182
0.801515
0.806219
0.797246
0.787523
0.769845
0.770837
0.768326
0.746428
0.713145
0.682565
0.65662
0.630437
0.616561
0.611156
0.598016
0.586402
0.573674
0.564906
0.555554
0.547429
0.540913
0.536801
0.532167
0.530299
0.527458
0.524309
0.522514
0.523016
0.524691
0.530757
0.546588
0.574122
0.6112
0.63745
0.667998
0.685602
0.7081
0.714783
0.720938
0.727632
0.731262
0.734132
0.731329
0.733736
0.732951
0.734002
0.737195
0.736649
0.734799
0.733663
0.73494
0.738552
0.740505
0.741324
0.742328
0.743662
0.745529
0.746904
0.749001
0.750958
0.752865
0.755341
0.757759
0.759988
0.762329
0.76474
0.767269
0.769846
0.771887
0.773696
0.775559
0.777545
0.779718
0.782144
0.784499
0.786607
0.788743
0.790957
0.793273
0.79569
0.798185
0.800488
0.802794
0.805136
0.80752
0.809976
0.812518
0.815138
0.817802
0.820471
0.823143
0.82584
0.828581
0.831398
0.834337
0.837543
0.841445
0.845483
0.841577
0.744738
0.787772
0.798913
0.804318
0.805973
0.804311
0.810931
0.820148
0.813046
0.790614
0.7598
0.735847
0.712974
0.688681
0.681678
0.670885
0.653221
0.633345
0.618413
0.60197
0.59179
0.581489
0.572669
0.562192
0.553824
0.544819
0.539317
0.53195
0.537647
0.549116
0.572451
0.614297
0.655738
0.692908
0.720922
0.748165
0.763401
0.78143
0.785694
0.790182
0.790531
0.788251
0.782969
0.771577
0.763314
0.754547
0.757036
0.759966
0.758588
0.756216
0.750387
0.749607
0.750369
0.753317
0.754517
0.755826
0.756712
0.757131
0.757683
0.758495
0.760549
0.76311
0.765823
0.768031
0.769522
0.771135
0.773195
0.775705
0.778146
0.780494
0.782677
0.784876
0.78708
0.788934
0.790815
0.792786
0.794932
0.797314
0.799896
0.802567
0.805051
0.807253
0.809472
0.811733
0.814053
0.816444
0.818938
0.821539
0.824238
0.82701
0.829802
0.832611
0.835434
0.838299
0.841236
0.844315
0.847686
0.851798
0.856221
0.852285
0.734628
0.769165
0.784685
0.803093
0.805521
0.811524
0.823785
0.841318
0.853593
0.846676
0.828434
0.809432
0.792093
0.772667
0.762461
0.75497
0.738921
0.716865
0.694853
0.674562
0.657255
0.641627
0.627408
0.611909
0.597152
0.574012
0.562278
0.554945
0.569215
0.596445
0.642597
0.703352
0.735804
0.760835
0.78468
0.806099
0.820925
0.835189
0.841303
0.846377
0.846005
0.844386
0.836141
0.823023
0.809318
0.790389
0.76211
0.763534
0.767454
0.765515
0.765376
0.76391
0.758106
0.759327
0.760665
0.762302
0.764337
0.764197
0.764316
0.76491
0.76615
0.768808
0.770779
0.772432
0.773982
0.775909
0.778358
0.781412
0.783716
0.78523
0.786846
0.788658
0.790705
0.793008
0.79546
0.79779
0.800065
0.802339
0.804658
0.807061
0.80962
0.812071
0.8144
0.816752
0.819145
0.821578
0.824069
0.826649
0.829333
0.83212
0.834981
0.837894
0.840846
0.843855
0.846945
0.850171
0.853674
0.857917
0.862567
0.858655
0.732546
0.755904
0.770803
0.792524
0.799215
0.809138
0.823265
0.841276
0.861846
0.870233
0.864502
0.852645
0.843837
0.835053
0.827245
0.819935
0.81265
0.799036
0.781663
0.763907
0.744698
0.725472
0.705507
0.681381
0.657046
0.618403
0.581489
0.598534
0.623998
0.663177
0.723291
0.766225
0.789151
0.812814
0.831523
0.84724
0.859149
0.872423
0.879947
0.884678
0.886397
0.885139
0.878162
0.868644
0.855876
0.835289
0.813122
0.790492
0.756276
0.762821
0.774599
0.772547
0.771076
0.769016
0.764527
0.765316
0.766946
0.76769
0.768336
0.769617
0.770274
0.771395
0.772876
0.77425
0.77658
0.780252
0.782293
0.783218
0.784402
0.786107
0.788391
0.791195
0.793932
0.796137
0.798089
0.80005
0.802125
0.804408
0.807005
0.80996
0.81279
0.81495
0.817081
0.819273
0.821546
0.823936
0.826473
0.829166
0.831983
0.834886
0.837828
0.840793
0.843781
0.846827
0.849964
0.853256
0.856847
0.8612
0.866098
0.862216
0.734765
0.752157
0.764471
0.779039
0.78911
0.8021
0.81734
0.836233
0.856448
0.876036
0.877045
0.871682
0.870057
0.865997
0.860905
0.862307
0.862905
0.85878
0.849121
0.834228
0.817746
0.801141
0.780113
0.752386
0.70951
0.628064
0.632731
0.653058
0.681672
0.721507
0.771128
0.796597
0.822566
0.847062
0.862755
0.878173
0.889449
0.898243
0.9013
0.90577
0.909948
0.908163
0.904584
0.90036
0.892221
0.879405
0.864144
0.839792
0.809319
0.779589
0.750674
0.760236
0.775031
0.775991
0.775229
0.772492
0.769784
0.77034
0.771099
0.772479
0.772899
0.773537
0.775453
0.777266
0.779655
0.781706
0.783292
0.784724
0.786797
0.789456
0.792175
0.794274
0.795952
0.797703
0.799668
0.801897
0.804403
0.807126
0.81002
0.812605
0.814802
0.817028
0.819319
0.821699
0.824156
0.826703
0.829347
0.832062
0.834822
0.837625
0.840483
0.843411
0.846431
0.849562
0.852806
0.856189
0.859824
0.864177
0.869041
0.865025
0.74012
0.75347
0.765801
0.773454
0.781562
0.792184
0.806597
0.825758
0.846719
0.868769
0.881725
0.882472
0.88293
0.880748
0.882103
0.885183
0.887659
0.891995
0.890116
0.883224
0.869852
0.853208
0.829538
0.791527
0.730053
0.64137
0.676969
0.696512
0.724875
0.764566
0.790513
0.811627
0.833752
0.85341
0.870605
0.887434
0.900473
0.910619
0.91682
0.919615
0.918713
0.916617
0.917751
0.919294
0.916429
0.91119
0.902564
0.884268
0.862772
0.836029
0.801034
0.754235
0.758611
0.77663
0.77846
0.780681
0.780505
0.778283
0.777526
0.778711
0.779745
0.780401
0.78146
0.783118
0.785574
0.786971
0.788404
0.790815
0.793923
0.7958
0.797405
0.799045
0.801072
0.80361
0.806329
0.808615
0.810652
0.812724
0.814917
0.817191
0.819502
0.821933
0.824437
0.826801
0.829189
0.831607
0.834081
0.836618
0.839227
0.841934
0.844769
0.847725
0.850777
0.8539
0.857069
0.860322
0.863795
0.867999
0.872695
0.868567
0.747196
0.757203
0.768366
0.774272
0.780553
0.787524
0.797636
0.812846
0.832534
0.855095
0.873857
0.886547
0.887723
0.888794
0.891172
0.894819
0.899912
0.907262
0.914237
0.907735
0.897619
0.881196
0.848884
0.791463
0.695068
0.679092
0.704622
0.721343
0.747284
0.776872
0.79543
0.815123
0.834728
0.851116
0.868373
0.881746
0.892036
0.902157
0.911915
0.919272
0.924025
0.925267
0.925549
0.927501
0.926631
0.925913
0.922555
0.914601
0.906969
0.890897
0.865387
0.83467
0.796165
0.757272
0.76949
0.781841
0.794409
0.791906
0.79149
0.789273
0.790319
0.791034
0.791726
0.793136
0.794174
0.795667
0.796763
0.798468
0.801554
0.803329
0.805115
0.807381
0.809805
0.81233
0.814549
0.816516
0.818434
0.820543
0.822807
0.825146
0.827489
0.829775
0.83199
0.834194
0.83646
0.838811
0.841287
0.843901
0.846637
0.84946
0.852324
0.855143
0.857995
0.860888
0.863838
0.866895
0.870211
0.874282
0.878755
0.874379
0.749575
0.759969
0.771452
0.777442
0.782963
0.788204
0.79646
0.807988
0.823147
0.841447
0.859028
0.878791
0.886281
0.888016
0.890385
0.895888
0.902862
0.910118
0.914102
0.907442
0.899415
0.876821
0.828078
0.754065
0.680291
0.716373
0.725909
0.74035
0.758293
0.775207
0.791642
0.809317
0.826025
0.839818
0.852201
0.862028
0.872473
0.883907
0.892966
0.899923
0.908499
0.918399
0.929427
0.932919
0.932426
0.930737
0.930514
0.934572
0.936743
0.930382
0.919756
0.899275
0.86698
0.827213
0.768967
0.77039
0.791423
0.79452
0.80307
0.801468
0.801654
0.800269
0.800038
0.800505
0.801624
0.803123
0.804856
0.805661
0.80711
0.809659
0.813224
0.815687
0.816932
0.818255
0.819882
0.822049
0.824824
0.827607
0.829395
0.831331
0.833532
0.835952
0.838414
0.840782
0.843155
0.845553
0.847996
0.850506
0.853098
0.855839
0.858781
0.861904
0.865179
0.868558
0.871859
0.875086
0.878462
0.882494
0.886891
0.882397
0.752202
0.76292
0.773864
0.781415
0.786202
0.790661
0.797747
0.807108
0.819353
0.83371
0.848582
0.863556
0.880566
0.884028
0.887353
0.893347
0.900797
0.909201
0.906123
0.900896
0.887413
0.849919
0.783181
0.686229
0.70587
0.728234
0.743593
0.751372
0.75966
0.76969
0.782814
0.79857
0.813089
0.825528
0.836142
0.846875
0.858099
0.868282
0.877274
0.887425
0.898519
0.911352
0.917208
0.923848
0.932388
0.937497
0.944497
0.948814
0.95251
0.952406
0.951429
0.943029
0.924609
0.89843
0.859484
0.815458
0.76878
0.782624
0.795952
0.812907
0.811211
0.809687
0.80609
0.806583
0.807244
0.808387
0.810442
0.812989
0.814838
0.815815
0.816836
0.818228
0.820084
0.82251
0.825177
0.82692
0.82864
0.830447
0.832528
0.834917
0.837642
0.840271
0.842695
0.845157
0.847741
0.850467
0.853125
0.855712
0.858423
0.861318
0.864439
0.867798
0.871379
0.874968
0.878313
0.881655
0.885174
0.889364
0.894066
0.889624
0.75238
0.766136
0.777022
0.786506
0.791682
0.795633
0.801112
0.808732
0.819006
0.830825
0.844459
0.856427
0.873059
0.878931
0.882596
0.889144
0.896636
0.896812
0.893553
0.884476
0.854273
0.79751
0.704165
0.710382
0.733725
0.738478
0.743967
0.7489
0.755264
0.764068
0.774765
0.786783
0.799096
0.811363
0.822197
0.834048
0.84458
0.855037
0.866535
0.877536
0.889844
0.897636
0.907165
0.918885
0.928181
0.939076
0.950892
0.958541
0.958545
0.960975
0.965997
0.965154
0.959231
0.948182
0.92465
0.8917
0.849758
0.790175
0.783059
0.800286
0.805429
0.818469
0.817383
0.815331
0.810757
0.812016
0.813303
0.815645
0.817589
0.818403
0.819414
0.820896
0.823073
0.825959
0.828294
0.829894
0.831755
0.833862
0.836206
0.838849
0.841696
0.844676
0.84726
0.849763
0.852348
0.855092
0.857784
0.860425
0.863218
0.866208
0.869391
0.872698
0.87609
0.879518
0.882839
0.886217
0.889764
0.893971
0.898827
0.894367
0.748514
0.765926
0.777244
0.789014
0.794418
0.799544
0.804898
0.811786
0.820259
0.830295
0.84162
0.853733
0.866632
0.874312
0.881126
0.88634
0.885661
0.882316
0.874909
0.849398
0.799186
0.710406
0.710723
0.731904
0.737049
0.738362
0.740311
0.743938
0.749653
0.757481
0.76663
0.777114
0.788473
0.800447
0.812476
0.824032
0.835104
0.846452
0.858682
0.868721
0.878967
0.890053
0.9025
0.911846
0.923009
0.936287
0.942962
0.950058
0.959541
0.971225
0.973483
0.977303
0.973841
0.972785
0.964379
0.950506
0.923177
0.884931
0.839749
0.777306
0.784511
0.803459
0.813314
0.824021
0.821968
0.821767
0.821196
0.820579
0.820772
0.822061
0.825591
0.828509
0.829876
0.831514
0.833564
0.835594
0.837793
0.840094
0.842211
0.84439
0.846712
0.849295
0.852184
0.855195
0.85808
0.860789
0.863463
0.866158
0.868886
0.871705
0.874679
0.877825
0.881059
0.884271
0.887521
0.890866
0.894394
0.898556
0.903507
0.898982
0.749183
0.766603
0.779852
0.793495
0.798706
0.803243
0.808365
0.814486
0.821879
0.830776
0.840651
0.852325
0.861028
0.869907
0.881736
0.878083
0.873395
0.867195
0.843976
0.797307
0.714596
0.706308
0.726211
0.735668
0.735971
0.736927
0.738888
0.742531
0.747893
0.754726
0.762704
0.77182
0.781831
0.793036
0.805102
0.816522
0.828502
0.840985
0.851223
0.861849
0.872925
0.885612
0.895932
0.905715
0.917064
0.92569
0.935494
0.945045
0.953715
0.961979
0.970466
0.980789
0.979693
0.981954
0.981261
0.980658
0.970772
0.948861
0.915252
0.870443
0.822281
0.787452
0.801077
0.812322
0.833583
0.832199
0.829393
0.825835
0.825365
0.825375
0.826426
0.83119
0.836513
0.837297
0.838354
0.839628
0.841322
0.843713
0.846503
0.849913
0.851952
0.854175
0.856701
0.85963
0.862931
0.866306
0.868811
0.871294
0.873827
0.876552
0.879503
0.88265
0.886152
0.889257
0.892464
0.895801
0.899336
0.903434
0.908479
0.903896
0.747836
0.766104
0.779202
0.79292
0.801178
0.804887
0.810005
0.816155
0.823135
0.830942
0.839478
0.850047
0.860347
0.874672
0.875158
0.869682
0.862212
0.840478
0.79659
0.721923
0.701827
0.724132
0.729487
0.734902
0.737204
0.739154
0.741332
0.744471
0.748849
0.754779
0.762028
0.77036
0.779754
0.789863
0.800717
0.812093
0.824116
0.834812
0.844795
0.856078
0.867585
0.878319
0.887753
0.898279
0.906933
0.917206
0.927797
0.93679
0.945429
0.95504
0.963689
0.971161
0.979288
0.989399
0.988498
0.992184
0.989386
0.983111
0.969147
0.944649
0.909225
0.864865
0.797151
0.799361
0.819962
0.823812
0.838552
0.837683
0.83561
0.832573
0.833114
0.834528
0.837657
0.842692
0.843972
0.844336
0.845394
0.847281
0.849886
0.85291
0.856151
0.858819
0.861607
0.864698
0.867875
0.871352
0.873727
0.875821
0.878261
0.881201
0.884515
0.887804
0.891311
0.894785
0.89801
0.901359
0.904921
0.908991
0.914283
0.909658
0.747972
0.761248
0.774406
0.787122
0.798508
0.80271
0.808856
0.816431
0.822959
0.83047
0.838817
0.848167
0.858884
0.871482
0.866374
0.858687
0.840917
0.798975
0.731092
0.698307
0.723276
0.726286
0.73119
0.736908
0.740333
0.742982
0.745838
0.749204
0.753314
0.75849
0.764851
0.772408
0.780949
0.79017
0.800084
0.810599
0.821875
0.831029
0.841243
0.851957
0.863393
0.872248
0.881954
0.892187
0.902052
0.913707
0.921617
0.930581
0.940006
0.949382
0.958605
0.967535
0.977554
0.983426
0.989052
0.995392
0.999876
0.998857
0.998481
0.990934
0.974418
0.942016
0.89758
0.850308
0.795151
0.805171
0.821821
0.834278
0.848625
0.847311
0.844377
0.840333
0.840708
0.841835
0.845113
0.849339
0.850962
0.852951
0.855153
0.857543
0.860471
0.863486
0.866415
0.870118
0.873262
0.875926
0.878419
0.880586
0.883102
0.886109
0.889914
0.89334
0.896797
0.900311
0.903574
0.907082
0.910884
0.915171
0.920681
0.915844
0.723258
0.75505
0.771026
0.786928
0.799538
0.803067
0.808003
0.81689
0.823172
0.82992
0.838278
0.847499
0.860641
0.859716
0.852703
0.838874
0.801192
0.743794
0.698751
0.726275
0.727193
0.730889
0.736924
0.740533
0.744638
0.748758
0.753169
0.756501
0.759935
0.763739
0.768409
0.774188
0.781138
0.789193
0.798347
0.807848
0.817869
0.827921
0.838769
0.848189
0.858101
0.867602
0.877517
0.887518
0.898573
0.907303
0.917113
0.926474
0.936154
0.944983
0.953769
0.963056
0.972869
0.980468
0.989124
0.997884
1.00858
1.01028
1.0113
1.00939
1.00634
0.992829
0.968146
0.935567
0.890284
0.833956
0.811874
0.828845
0.835734
0.8542
0.854218
0.850182
0.848398
0.848381
0.849233
0.852277
0.855941
0.860499
0.862333
0.864185
0.866363
0.869148
0.872001
0.875995
0.880021
0.881828
0.883845
0.886241
0.888944
0.892057
0.896228
0.90003
0.903368
0.907004
0.910281
0.913808
0.917628
0.922024
0.927353
0.922229
0.718748
0.746003
0.766005
0.782721
0.798451
0.806598
0.808074
0.815444
0.823825
0.829567
0.837041
0.848018
0.853111
0.845701
0.833731
0.798499
0.74471
0.69681
0.725603
0.726892
0.731228
0.73832
0.740308
0.743394
0.74731
0.751972
0.756936
0.760094
0.763317
0.766825
0.77092
0.775814
0.78175
0.788586
0.796367
0.804927
0.814148
0.824243
0.833998
0.843709
0.853184
0.863318
0.873098
0.883215
0.892495
0.902106
0.912454
0.921471
0.930045
0.938737
0.947812
0.956196
0.964969
0.974498
0.98435
0.992964
1.00334
1.00945
1.01678
1.01687
1.01801
1.01676
1.00888
0.996133
0.964498
0.92455
0.881411
0.815838
0.818101
0.835877
0.842701
0.860626
0.860354
0.855906
0.856173
0.856922
0.859012
0.862236
0.866585
0.869454
0.871838
0.873928
0.876511
0.87987
0.884541
0.886723
0.889252
0.891996
0.8948
0.897967
0.901687
0.906372
0.909823
0.91328
0.916182
0.919437
0.923129
0.927813
0.933553
0.928399
0.688698
0.723281
0.762521
0.777187
0.793482
0.806474
0.808588
0.813228
0.822146
0.831214
0.83446
0.841349
0.837461
0.827727
0.795011
0.742035
0.691463
0.719427
0.721778
0.727976
0.736753
0.738015
0.740342
0.7436
0.747665
0.753242
0.757555
0.761157
0.764824
0.768597
0.772548
0.776972
0.782033
0.787927
0.794672
0.802373
0.810742
0.819826
0.829304
0.839066
0.848757
0.858321
0.867665
0.877269
0.886975
0.897244
0.906344
0.915714
0.925102
0.93358
0.942332
0.950821
0.959948
0.969565
0.979605
0.988658
0.997739
1.00483
1.01322
1.02225
1.02793
1.02622
1.02127
1.02046
1.01182
0.994237
0.960654
0.9132
0.866752
0.816052
0.831414
0.844439
0.860031
0.871168
0.868926
0.863954
0.863057
0.864074
0.866829
0.870348
0.875428
0.879579
0.88195
0.884978
0.888951
0.891347
0.893761
0.896631
0.900258
0.904026
0.90798
0.912017
0.915027
0.91797
0.920944
0.924256
0.92807
0.933037
0.93893
0.933763
0.633755
0.725989
0.745556
0.771069
0.785095
0.80161
0.811882
0.81355
0.821284
0.831815
0.829864
0.825602
0.816437
0.787915
0.738235
0.686012
0.713846
0.715344
0.722642
0.733078
0.734279
0.736814
0.740074
0.744031
0.748668
0.753609
0.757949
0.761854
0.765616
0.76944
0.773481
0.777803
0.782586
0.787991
0.794041
0.800836
0.808311
0.816536
0.825302
0.834774
0.844183
0.853679
0.862905
0.872437
0.881961
0.891441
0.900881
0.910372
0.919979
0.928644
0.936829
0.94553
0.954054
0.962133
0.970511
0.97903
0.987087
0.995787
1.00419
1.01252
1.01842
1.02498
1.02723
1.03053
1.03028
1.02607
1.00957
0.985809
0.950971
0.900234
0.845402
0.828851
0.849112
0.854268
0.870416
0.87255
0.871289
0.868101
0.868843
0.872562
0.877008
0.882207
0.888242
0.890634
0.89311
0.895086
0.897476
0.900624
0.90536
0.911125
0.914004
0.916379
0.91882
0.921788
0.925471
0.928987
0.932746
0.937451
0.943504
0.938552
0.575834
0.675555
0.735637
0.764203
0.782898
0.796525
0.811362
0.815998
0.82275
0.82521
0.819761
0.808504
0.776933
0.727235
0.675619
0.705118
0.708194
0.717379
0.730272
0.73049
0.732894
0.736154
0.740166
0.744653
0.749439
0.753519
0.757721
0.762186
0.76617
0.769969
0.77399
0.778255
0.782801
0.787805
0.793323
0.799504
0.806373
0.813892
0.822111
0.83078
0.84003
0.849269
0.858696
0.868098
0.877446
0.8871
0.896627
0.906195
0.915355
0.924573
0.933395
0.94217
0.950963
0.958353
0.965552
0.974036
0.983779
0.992305
0.999779
1.00779
1.0135
1.01931
1.02601
1.03448
1.03354
1.03482
1.03337
1.02807
1.01137
0.983546
0.938634
0.882328
0.816192
0.829953
0.848735
0.859834
0.876777
0.877986
0.877068
0.875875
0.877355
0.881034
0.887634
0.893275
0.89613
0.898232
0.900503
0.903421
0.907363
0.912344
0.917864
0.920536
0.922894
0.925976
0.929894
0.934376
0.938312
0.942796
0.949252
0.944251
0.612877
0.624054
0.721014
0.748169
0.779181
0.790978
0.804451
0.820111
0.819379
0.813421
0.803613
0.772475
0.718837
0.660663
0.69099
0.695451
0.707138
0.722989
0.723346
0.72524
0.728366
0.732544
0.737497
0.742936
0.747173
0.751609
0.756161
0.760808
0.765536
0.769702
0.773945
0.778423
0.7832
0.788322
0.793835
0.799829
0.80632
0.813399
0.821009
0.829127
0.837628
0.84648
0.855511
0.864714
0.874089
0.883538
0.892971
0.902621
0.911441
0.920502
0.929802
0.939435
0.948069
0.956716
0.965076
0.973912
0.981433
0.989208
0.996568
1.00416
1.00994
1.01609
1.02186
1.02671
1.03273
1.04135
1.03989
1.0403
1.03968
1.0296
0.997427
0.956675
0.906573
0.852292
0.824556
0.846378
0.854308
0.866521
0.881874
0.882195
0.880293
0.882084
0.886326
0.891694
0.895052
0.898697
0.901647
0.904847
0.908566
0.913396
0.918717
0.924303
0.92651
0.928957
0.932572
0.937736
0.943435
0.948201
0.954207
0.949102
0.916536
0.601088
0.653758
0.746862
0.76285
0.786428
0.799968
0.814507
0.808009
0.797592
0.766335
0.712423
0.650164
0.680792
0.685322
0.698445
0.715869
0.716718
0.718184
0.721218
0.725666
0.73114
0.737243
0.741554
0.74616
0.751073
0.756098
0.761109
0.766273
0.771395
0.776127
0.780908
0.785842
0.790979
0.796334
0.801977
0.807985
0.814357
0.821124
0.828288
0.835916
0.84399
0.852521
0.861478
0.870813
0.880013
0.889421
0.898587
0.907323
0.915874
0.924471
0.932971
0.941349
0.949713
0.958514
0.965199
0.97241
0.979404
0.987056
0.993266
0.998789
1.00445
1.00848
1.01327
1.01883
1.02414
1.03041
1.04036
1.03858
1.03314
1.02564
1.00875
0.978251
0.930642
0.879307
0.809656
0.82036
0.842093
0.854442
0.873851
0.880817
0.879706
0.879001
0.881706
0.88681
0.891532
0.897159
0.902393
0.907455
0.913355
0.919088
0.922781
0.926298
0.929551
0.933448
0.937958
0.943364
0.949359
0.956039
0.951466
1.21552
0.786034
0.587697
0.684402
0.751671
0.777982
0.799841
0.799174
0.791446
0.760806
0.70445
0.640717
0.672468
0.679267
0.694015
0.711871
0.712537
0.71376
0.71673
0.721186
0.7268
0.733652
0.738149
0.742852
0.747927
0.753233
0.758508
0.76352
0.768528
0.773668
0.778684
0.783511
0.788416
0.793479
0.798745
0.80424
0.810022
0.816153
0.822636
0.829439
0.836559
0.844111
0.852127
0.860647
0.869719
0.879136
0.888027
0.896767
0.905201
0.913231
0.921158
0.929035
0.93661
0.944318
0.951121
0.957961
0.964932
0.971518
0.978182
0.984352
0.989656
0.992807
0.996561
1.00048
1.00448
1.00862
1.01303
1.01732
1.02567
1.02947
1.02366
1.01792
1.00632
0.974835
0.934031
0.88604
0.827826
0.804487
0.819863
0.833302
0.848948
0.869286
0.872166
0.872943
0.875522
0.879686
0.884865
0.891174
0.898829
0.908935
0.914666
0.917869
0.921571
0.925852
0.930172
0.934891
0.940437
0.947483
0.955372
0.951089
1.3404
1.06705
0.614264
0.627281
0.722813
0.756584
0.792864
0.785481
0.754036
0.694787
0.62825
0.661294
0.672337
0.690257
0.707646
0.707644
0.708396
0.711127
0.715513
0.721138
0.728384
0.73313
0.738221
0.743485
0.748799
0.7542
0.75936
0.764453
0.769534
0.774688
0.779958
0.785264
0.790429
0.795584
0.800833
0.806227
0.811823
0.817631
0.823611
0.829777
0.83619
0.84291
0.850082
0.857756
0.866031
0.874196
0.882419
0.890163
0.897926
0.90552
0.912686
0.920058
0.926716
0.933532
0.939373
0.945155
0.950571
0.956191
0.96104
0.966024
0.969831
0.972157
0.974631
0.976151
0.978139
0.979797
0.981411
0.983553
0.98646
0.991337
0.993669
0.988464
0.979987
0.970193
0.95046
0.92646
0.890817
0.845332
0.777444
0.784554
0.80948
0.820107
0.836811
0.851394
0.856828
0.860983
0.866664
0.873347
0.882074
0.893725
0.900464
0.904424
0.908791
0.913845
0.919428
0.925484
0.932375
0.9416
0.949859
0.946159
1.39415
1.30547
0.970844
0.643175
0.677643
0.761001
0.771154
0.747484
0.68332
0.613959
0.647106
0.663487
0.688294
0.701315
0.701317
0.701758
0.704098
0.708081
0.713695
0.720776
0.726555
0.731651
0.737283
0.743136
0.748557
0.754103
0.759801
0.765212
0.770493
0.775726
0.781037
0.786512
0.79215
0.797451
0.802633
0.807821
0.813084
0.818457
0.823966
0.829672
0.835527
0.841599
0.848008
0.854806
0.862024
0.869258
0.876195
0.882893
0.889752
0.896175
0.90228
0.908085
0.913588
0.917744
0.921929
0.925324
0.928777
0.931866
0.934993
0.938275
0.94048
0.94031
0.940238
0.940072
0.940247
0.940672
0.94122
0.942305
0.944479
0.948801
0.953977
0.955939
0.953933
0.950094
0.944868
0.937565
0.918567
0.891687
0.850142
0.783721
0.767452
0.781994
0.800411
0.813454
0.831953
0.840674
0.843925
0.849461
0.856942
0.867256
0.875291
0.880527
0.887179
0.894484
0.901492
0.908668
0.916597
0.928001
0.9359
0.934159
1.40598
1.39787
1.30393
0.840721
0.602085
0.681685
0.696328
0.660799
0.597769
0.638891
0.661112
0.692239
0.701985
0.701048
0.700214
0.702076
0.70563
0.71071
0.716555
0.723351
0.72914
0.734459
0.739983
0.746188
0.75205
0.757246
0.762604
0.768253
0.773606
0.778595
0.783464
0.788395
0.793487
0.798693
0.803482
0.808065
0.812581
0.816961
0.82139
0.825902
0.830512
0.835191
0.840049
0.845143
0.85009
0.854688
0.859396
0.86388
0.868481
0.872225
0.875923
0.87875
0.881184
0.883082
0.884156
0.88542
0.885946
0.886636
0.887651
0.88936
0.891085
0.891519
0.892163
0.893467
0.895359
0.897928
0.901085
0.904859
0.909797
0.916471
0.921459
0.926403
0.92999
0.934564
0.933706
0.932124
0.929389
0.920911
0.897838
0.864361
0.819306
0.75769
0.768808
0.793163
0.799631
0.810535
0.822158
0.827671
0.832413
0.837452
0.842802
0.849316
0.856549
0.864514
0.873004
0.881883
0.89163
0.902293
0.906262
0.911968
1.40742
1.40167
1.35913
1.14211
0.76942
0.576717
0.52078
0.530253
0.577114
0.61653
0.650987
0.664976
0.674791
0.67966
0.682743
0.687505
0.695144
0.703942
0.709688
0.715313
0.721685
0.728106
0.733549
0.738745
0.744599
0.750065
0.754701
0.759452
0.764669
0.769833
0.773987
0.777493
0.780972
0.784631
0.788559
0.792419
0.795509
0.797162
0.7988
0.800679
0.802716
0.804877
0.807218
0.809569
0.81127
0.812958
0.814694
0.816494
0.818416
0.820519
0.822695
0.825018
0.827493
0.82986
0.832316
0.834763
0.837695
0.841189
0.845267
0.849681
0.853849
0.857409
0.860858
0.864705
0.869122
0.874111
0.879603
0.885481
0.892044
0.899214
0.904804
0.910883
0.915815
0.921924
0.927902
0.936091
0.935345
0.933663
0.930021
0.918965
0.886134
0.841646
0.775316
0.772975
0.785474
0.797806
0.807707
0.818264
0.827991
0.832596
0.83518
0.838764
0.842681
0.846667
0.851865
0.858349
0.865827
0.870651
0.87133
0.876607
1.40845
1.40714
1.39349
1.29046
0.951617
0.618926
0.380531
0.470675
0.494367
0.554605
0.57992
0.589461
0.601332
0.614396
0.626733
0.637121
0.648733
0.659491
0.668637
0.676383
0.683284
0.690652
0.697642
0.702818
0.707731
0.713133
0.718203
0.722153
0.725886
0.729742
0.733132
0.735864
0.737655
0.739289
0.741083
0.743054
0.745303
0.746798
0.748269
0.749967
0.752028
0.75443
0.757008
0.759661
0.762535
0.765654
0.768943
0.772441
0.776057
0.779885
0.783819
0.787989
0.792344
0.796903
0.801424
0.806074
0.811079
0.816461
0.822103
0.827898
0.833978
0.839789
0.845005
0.850365
0.856427
0.863041
0.869898
0.876892
0.884133
0.891693
0.898259
0.904737
0.911255
0.917894
0.924824
0.932537
0.939888
0.946909
0.94395
0.940443
0.928639
0.91208
0.874158
0.805073
0.767998
0.782234
0.801553
0.810268
0.821426
0.833588
0.835338
0.838108
0.838832
0.841236
0.844
0.84906
0.849592
0.845707
0.828988
0.837456
1.40819
1.40627
1.3895
1.27623
0.953012
0.537321
0.48888
0.512431
0.538753
0.547419
0.551027
0.552002
0.555822
0.562942
0.572525
0.584345
0.591944
0.599916
0.607996
0.616461
0.624199
0.630674
0.637261
0.643639
0.648772
0.653889
0.659312
0.664825
0.669912
0.674771
0.679652
0.684521
0.689031
0.693343
0.697741
0.702071
0.706439
0.709989
0.713518
0.717266
0.721286
0.725475
0.729802
0.733861
0.737996
0.742224
0.746634
0.751184
0.755912
0.760754
0.765823
0.771021
0.776436
0.782058
0.787652
0.793603
0.799396
0.805483
0.811948
0.818644
0.825573
0.832274
0.838743
0.845307
0.85197
0.858883
0.866213
0.873937
0.881975
0.890514
0.897825
0.904411
0.911053
0.917921
0.925436
0.932224
0.939935
0.948672
0.95684
0.956367
0.952987
0.945112
0.928788
0.894672
0.828463
0.77772
0.791823
0.813282
0.819913
0.831201
0.837617
0.837276
0.837312
0.835515
0.836488
0.837757
0.83142
0.81666
0.775198
0.795156
1.40827
1.40683
1.39434
1.305
1.00412
0.598795
0.485525
0.544985
0.575235
0.568596
0.562846
0.563745
0.565724
0.568325
0.572337
0.577579
0.582847
0.588348
0.594273
0.600557
0.606617
0.613037
0.618838
0.6244
0.630161
0.63571
0.641206
0.646897
0.652793
0.65878
0.664531
0.670045
0.67533
0.680445
0.68557
0.690661
0.695698
0.70021
0.704584
0.709138
0.713823
0.718576
0.723369
0.727989
0.732215
0.736556
0.741096
0.745802
0.750701
0.755817
0.761121
0.766615
0.77234
0.778216
0.784336
0.790547
0.796954
0.803584
0.810508
0.817709
0.824813
0.831941
0.838971
0.846104
0.85321
0.860592
0.868446
0.876664
0.885128
0.893703
0.901292
0.908195
0.915361
0.92263
0.930241
0.937997
0.945896
0.954085
0.962612
0.973199
0.97125
0.967464
0.960815
0.948843
0.916013
0.845396
0.786498
0.802528
0.826789
0.830785
0.837658
0.841701
0.839464
0.836607
0.832069
0.821191
0.8
0.770415
0.718811
0.750057
1.40824
1.40653
1.39118
1.28535
0.967407
0.520268
0.517636
0.544121
0.574049
0.57335
0.574335
0.577626
0.58086
0.58317
0.585712
0.589189
0.592416
0.596108
0.60021
0.60475
0.609481
0.614641
0.619971
0.625537
0.631295
0.637285
0.643511
0.649402
0.655165
0.661056
0.666714
0.6724
0.677858
0.683339
0.688886
0.694532
0.700021
0.705221
0.710156
0.715069
0.720063
0.724879
0.729634
0.734036
0.738331
0.7428
0.747403
0.752209
0.757179
0.762377
0.767757
0.77335
0.779195
0.785197
0.79139
0.797691
0.804208
0.810868
0.81767
0.824664
0.831737
0.838925
0.846033
0.853165
0.860388
0.867841
0.875508
0.883487
0.891586
0.899894
0.90724
0.914124
0.92105
0.928379
0.935443
0.943319
0.950405
0.958117
0.96629
0.975816
0.984152
0.982201
0.978276
0.972541
0.962589
0.92841
0.862399
0.804202
0.817638
0.839096
0.840705
0.845124
0.842003
0.835581
0.82148
0.795546
0.760569
0.70696
0.705469
0.722914
1.40825
1.40669
1.39301
1.29784
0.993111
0.563619
0.502936
0.542532
0.570811
0.568499
0.569931
0.574832
0.580724
0.585864
0.591196
0.596179
0.601333
0.606022
0.610574
0.615179
0.619902
0.624916
0.630069
0.635372
0.640844
0.64645
0.652106
0.657769
0.663467
0.669106
0.674788
0.680422
0.686128
0.691693
0.697332
0.702681
0.708087
0.712959
0.717732
0.722498
0.727265
0.73191
0.736434
0.740749
0.745055
0.749372
0.753865
0.758462
0.763253
0.768188
0.773291
0.778612
0.784088
0.789795
0.795669
0.801732
0.807964
0.814392
0.821066
0.827915
0.835037
0.842111
0.849318
0.856312
0.863523
0.87075
0.878353
0.886045
0.894234
0.901626
0.909164
0.91568
0.922564
0.929542
0.936902
0.944435
0.952319
0.959815
0.967854
0.975134
0.982738
0.992009
0.991483
0.987991
0.984248
0.975818
0.937098
0.874513
0.814413
0.824607
0.844237
0.842381
0.835524
0.82328
0.794549
0.755844
0.703796
0.709183
0.726607
0.72694
1.40823
1.40651
1.39127
1.28768
0.972329
0.522221
0.519521
0.544274
0.571086
0.569304
0.571025
0.576509
0.583266
0.588696
0.593499
0.598256
0.603216
0.607763
0.611974
0.616271
0.62085
0.62588
0.631261
0.636765
0.642375
0.648118
0.653985
0.659816
0.665403
0.670929
0.676369
0.681858
0.68732
0.692855
0.698281
0.703797
0.708989
0.714176
0.719126
0.724149
0.728993
0.733851
0.738352
0.742695
0.746969
0.75132
0.755708
0.760261
0.764906
0.769711
0.774672
0.779781
0.785111
0.790623
0.7964
0.802353
0.808554
0.814955
0.821607
0.828523
0.835534
0.842798
0.849773
0.856958
0.863992
0.871338
0.878741
0.886519
0.894083
0.901948
0.908936
0.915908
0.922718
0.929895
0.937263
0.944901
0.952652
0.960821
0.968532
0.975187
0.982257
0.988789
0.999641
0.998923
0.995174
0.991073
0.982379
0.9439
0.88352
0.82445
0.82175
0.822091
0.812927
0.788242
0.752008
0.708308
0.718336
0.728556
0.739737
0.736554
1.40824
1.40661
1.39232
1.29392
0.985252
0.545611
0.509315
0.540086
0.567018
0.564547
0.566366
0.572289
0.579979
0.586417
0.592279
0.597022
0.601669
0.606187
0.610414
0.614704
0.619198
0.624062
0.629302
0.634696
0.640274
0.645979
0.651838
0.657552
0.663305
0.668748
0.674226
0.679582
0.684995
0.690397
0.695898
0.701287
0.706763
0.71198
0.717254
0.722383
0.727571
0.732426
0.737179
0.741512
0.745859
0.750195
0.754591
0.759024
0.763601
0.768303
0.773149
0.778178
0.783401
0.788875
0.794573
0.800534
0.806696
0.813121
0.819761
0.826659
0.83376
0.840954
0.848171
0.855375
0.862565
0.869916
0.87734
0.88505
0.892647
0.900408
0.907318
0.914419
0.921219
0.92843
0.935768
0.943526
0.951502
0.959827
0.967575
0.97371
0.979712
0.98647
0.993725
1.00553
1.00595
1.00165
0.998624
0.988923
0.952678
0.888958
0.825109
0.774661
0.751107
0.706625
0.700748
0.718746
0.721958
0.726129
0.7253
0.725442
1.40823
1.40655
1.39175
1.29064
0.978476
0.530991
0.514684
0.541346
0.568131
0.565812
0.567638
0.573593
0.581509
0.587584
0.592742
0.597031
0.60125
0.605428
0.609296
0.613252
0.61748
0.622136
0.627277
0.632691
0.638306
0.644113
0.650025
0.656032
0.661702
0.667345
0.672792
0.678261
0.68375
0.689298
0.694896
0.700583
0.706005
0.711471
0.716716
0.722035
0.727052
0.732114
0.736647
0.741039
0.745315
0.749624
0.753963
0.758388
0.762905
0.767576
0.772396
0.777395
0.782605
0.788047
0.793734
0.799667
0.80584
0.812265
0.818925
0.825866
0.832995
0.840185
0.847461
0.854629
0.861874
0.869142
0.87664
0.884206
0.892078
0.899407
0.906757
0.913518
0.920553
0.927716
0.935229
0.943052
0.951101
0.959376
0.967153
0.973373
0.979546
0.985848
0.992643
1.00002
1.01291
1.01238
1.00861
1.00307
0.985879
0.925682
0.846896
0.769879
0.681853
0.670535
0.697265
0.699844
0.706754
0.705915
0.704008
0.704356
)
;

boundaryField
{
    inlet
    {
        type            calculated;
        value           uniform 1.40845;
    }
    outlet
    {
        type            calculated;
        value           nonuniform List<scalar> 
40
(
0.606013
0.650212
0.715429
0.763722
0.799355
0.824813
0.841577
0.852285
0.858655
0.862216
0.865025
0.868567
0.874379
0.882397
0.889624
0.894367
0.898982
0.903896
0.909658
0.915844
0.922229
0.928399
0.933763
0.938552
0.944251
0.949102
0.951466
0.951089
0.946159
0.934159
0.911968
0.876607
0.837456
0.795156
0.750057
0.722914
0.72694
0.736554
0.725442
0.704356
)
;
    }
    bottom
    {
        type            symmetryPlane;
    }
    top
    {
        type            symmetryPlane;
    }
    obstacle
    {
        type            calculated;
        value           nonuniform List<scalar> 
110
(
0.551111
0.551911
0.554297
0.556801
0.560508
0.564732
0.570875
0.581036
0.596893
0.637508
0.647834
0.577827
0.530887
0.533927
0.536418
0.51957
0.512543
0.531294
0.5611
0.565657
0.565786
0.56364
0.562717
0.557656
0.564804
0.580521
0.587664
0.589772
0.590165
0.589096
0.588722
0.588339
0.588722
0.589212
0.590899
0.592223
0.592601
0.592924
0.593751
0.59301
0.592734
0.589175
0.583629
0.578209
0.571616
0.565663
0.556762
0.547208
0.5423
0.54026
0.528545
0.521913
0.516035
0.510606
0.50816
0.506207
0.503707
0.502592
0.500041
0.500962
0.50244
0.504162
0.506188
0.508076
0.510087
0.512378
0.514741
0.517299
0.519674
0.522106
0.524484
0.526823
0.529182
0.531587
0.533949
0.536239
0.538548
0.540769
0.543025
0.545178
0.547352
0.549458
0.551593
0.553677
0.555783
0.557831
0.559897
0.561888
0.563903
0.565874
0.567881
0.569868
0.571878
0.573905
0.57595
0.57803
0.580129
0.582264
0.584422
0.586606
0.588821
0.591042
0.593306
0.59562
0.597983
0.600488
0.603058
0.607028
0.607696
0.606013
)
;
    }
    defaultFaces
    {
        type            empty;
    }
}


// ************************************************************************* //
