/*--------------------------------*- C++ -*----------------------------------*\
| =========                 |                                                 |
| \\      /  F ield         | OpenFOAM: The Open Source CFD Toolbox           |
|  \\    /   O peration     | Version:  v2106                                 |
|   \\  /    A nd           | Website:  www.openfoam.com                      |
|    \\/     M anipulation  |                                                 |
\*---------------------------------------------------------------------------*/
FoamFile
{
    version     2.0;
    format      ascii;
    arch        "LSB;label=32;scalar=64";
    class       volScalarField;
    location    "7";
    object      rho;
}
// * * * * * * * * * * * * * * * * * * * * * * * * * * * * * * * * * * * * * //

dimensions      [1 -3 0 0 0 0 0];

internalField   nonuniform List<scalar> 
5250
(
1.40845
1.40845
1.40845
1.40845
1.40845
1.40845
1.40845
1.40845
1.40845
1.40836
1.40827
1.40291
1.40004
1.56232
1.99375
5.25986
6.51314
6.13924
6.22973
6.39463
6.43684
6.50778
6.57113
6.62729
6.67156
1.40845
1.40845
1.40845
1.40845
1.40845
1.40845
1.40845
1.40845
1.40845
1.4084
1.40809
1.40429
1.39919
1.55448
1.98766
5.20039
6.57068
6.15039
6.24132
6.40955
6.44048
6.50717
6.57763
6.62979
6.67498
1.40845
1.40845
1.40845
1.40845
1.40845
1.40845
1.40845
1.40845
1.40845
1.4084
1.40809
1.40487
1.39704
1.54026
1.98529
5.06195
6.71015
6.182
6.26848
6.42659
6.44355
6.50385
6.56551
6.6187
6.66073
1.40845
1.40845
1.40845
1.40845
1.40845
1.40845
1.40845
1.40845
1.40845
1.40841
1.40812
1.40537
1.39615
1.52093
1.98893
4.83476
6.94486
6.25732
6.34955
6.46676
6.47289
6.50388
6.55566
6.60006
6.6404
1.40845
1.40845
1.40845
1.40845
1.40845
1.40845
1.40845
1.40845
1.40845
1.40842
1.40816
1.40609
1.39501
1.4963
2.00857
4.51463
7.26675
6.35079
6.44685
6.53723
6.49293
6.48619
6.52097
6.56371
6.60062
1.40845
1.40845
1.40845
1.40845
1.40845
1.40845
1.40845
1.40845
1.40845
1.40843
1.4082
1.40683
1.39479
1.46961
2.00055
4.02059
7.6919
6.54926
6.62527
6.65542
6.55524
6.48698
6.51131
6.51341
6.54587
1.40845
1.40845
1.40845
1.40845
1.40845
1.40845
1.40845
1.40845
1.40845
1.40843
1.40826
1.4072
1.39525
1.44763
1.89884
3.4357
7.62061
6.56014
6.72098
6.79515
6.66138
6.48391
6.46479
6.44922
6.47517
1.40845
1.40845
1.40845
1.40845
1.40845
1.40845
1.40845
1.40845
1.40845
1.40844
1.40828
1.40754
1.39643
1.43032
1.79911
2.89592
7.14993
6.46857
6.61031
6.80702
6.74163
6.56882
6.41645
6.38775
6.35826
1.40845
1.40845
1.40845
1.40845
1.40845
1.40845
1.40845
1.40845
1.40845
1.40845
1.40828
1.40792
1.39817
1.41826
1.73028
2.55446
6.50261
6.28313
6.43076
6.67333
6.68889
6.58067
6.37401
6.23099
6.20574
1.40845
1.40845
1.40845
1.40845
1.40845
1.40845
1.40845
1.40845
1.40845
1.40845
1.40831
1.40813
1.4002
1.40812
1.64954
2.28619
6.01887
6.00213
6.15394
6.41966
6.57586
6.51506
6.28513
6.18477
5.9612
1.40845
1.40845
1.40845
1.40845
1.40845
1.40845
1.40845
1.40845
1.40845
1.40845
1.40834
1.40826
1.40209
1.4023
1.58133
2.05934
5.40366
6.06181
6.04175
6.0953
6.30542
6.42522
6.16749
6.00015
4.9155
1.40845
1.40845
1.40845
1.40845
1.40845
1.40845
1.40845
1.40845
1.40845
1.40845
1.40841
1.40805
1.40552
1.39818
1.51879
1.85385
4.66817
6.17919
5.98586
5.89075
5.97944
6.13488
5.8794
5.62122
5.10254
1.40845
1.40845
1.40845
1.40845
1.40845
1.40845
1.40845
1.40845
1.40845
1.40845
1.40843
1.40822
1.40706
1.39384
1.46065
1.85792
3.82923
6.47678
5.9206
5.80295
5.77773
5.82372
5.72053
5.38784
5.18274
1.40845
1.40845
1.40845
1.40845
1.40845
1.40845
1.40845
1.40845
1.40845
1.40845
1.40842
1.40839
1.40742
1.39626
1.42595
1.78325
2.9557
6.44736
5.97866
5.79127
5.68577
5.63426
5.52355
5.29874
5.11712
1.40845
1.40845
1.40845
1.40845
1.40845
1.40845
1.40845
1.40845
1.40845
1.40845
1.40844
1.40832
1.40815
1.39982
1.4097
1.66491
2.38976
5.89388
5.94854
5.79675
5.63835
5.51788
5.36622
5.15345
4.96733
1.40845
1.40845
1.40845
1.40845
1.40845
1.40845
1.40845
1.40845
1.40845
1.40845
1.40845
1.40836
1.40827
1.40287
1.40101
1.55044
1.96478
4.83544
6.00344
5.84007
5.61221
5.41941
5.22826
5.0233
4.7978
1.40845
1.40845
1.40845
1.40845
1.40845
1.40845
1.40845
1.40845
1.40845
1.40845
1.40845
1.40842
1.40822
1.40643
1.39588
1.46939
1.66209
3.72509
5.89504
5.8113
5.59221
5.38094
5.16912
4.96133
4.70467
1.40845
1.40845
1.40845
1.40845
1.40845
1.40845
1.40845
1.40845
1.40845
1.40845
1.40845
1.40845
1.40821
1.4081
1.39519
1.43099
1.71879
2.67742
5.59019
5.66974
5.59452
5.39697
5.16879
4.93593
4.67011
1.40845
1.40845
1.40845
1.40845
1.40845
1.40845
1.40845
1.40845
1.40845
1.40845
1.40845
1.40844
1.40838
1.40794
1.40349
1.40425
1.60401
2.10728
4.77125
5.66957
5.64281
5.4174
5.17569
4.92529
4.66535
1.40845
1.40845
1.40845
1.40845
1.40845
1.40845
1.40845
1.40845
1.40845
1.40845
1.40845
1.40844
1.40849
1.40783
1.40866
1.38422
1.46662
1.65493
3.63397
5.56773
5.60642
5.40349
5.18154
4.94126
4.68062
1.40845
1.40845
1.40845
1.40845
1.40845
1.40845
1.40845
1.40845
1.40845
1.40845
1.40845
1.40845
1.40845
1.40824
1.40798
1.39751
1.42167
1.66671
2.54526
5.14588
5.40038
5.39925
5.21023
4.98152
4.72283
1.40845
1.40845
1.40845
1.40845
1.40845
1.40845
1.40845
1.40845
1.40845
1.40845
1.40845
1.40845
1.40845
1.40838
1.40804
1.40443
1.39548
1.57531
1.95865
4.1524
5.42613
5.43644
5.25435
5.02515
4.77453
1.40845
1.40845
1.40845
1.40845
1.40845
1.40845
1.40845
1.40845
1.40845
1.40845
1.40845
1.40845
1.40844
1.40845
1.40811
1.40766
1.39142
1.45207
1.60067
3.03168
5.18128
5.28777
5.21198
5.02848
4.80868
1.40845
1.40845
1.40845
1.40845
1.40845
1.40845
1.40845
1.40845
1.40845
1.40845
1.40845
1.40845
1.40845
1.40844
1.40836
1.40787
1.40288
1.40304
1.60912
2.14917
4.40251
5.17957
5.20887
5.05186
4.8494
1.40845
1.40845
1.40845
1.40845
1.40845
1.40845
1.40845
1.40845
1.40845
1.40845
1.40845
1.40845
1.40845
1.40844
1.40847
1.40791
1.40784
1.38533
1.48695
1.64935
3.29341
5.04892
5.1233
5.0377
4.87343
1.40845
1.40845
1.40845
1.40845
1.40845
1.40845
1.40845
1.40845
1.40845
1.40845
1.40845
1.40845
1.40845
1.40845
1.40844
1.40834
1.40789
1.40171
1.40917
1.59012
2.2342
4.35238
5.03096
5.04566
4.90573
1.40845
1.40845
1.40845
1.40845
1.40845
1.40845
1.40845
1.40845
1.40845
1.40845
1.40845
1.40845
1.40845
1.40845
1.40844
1.40849
1.4078
1.40793
1.38228
1.50146
1.67897
3.27328
4.905
4.98674
4.89747
1.40845
1.40845
1.40845
1.40845
1.40845
1.40845
1.40845
1.40845
1.40845
1.40845
1.40845
1.40845
1.40845
1.40845
1.40845
1.40844
1.40834
1.40782
1.40199
1.39783
1.61847
2.28829
4.22792
4.89322
4.93415
1.40845
1.40845
1.40845
1.40845
1.40845
1.40845
1.40845
1.40845
1.40845
1.40845
1.40845
1.40845
1.40845
1.40845
1.40845
1.40845
1.40842
1.40817
1.40669
1.39404
1.4889
1.63616
3.09525
4.71911
4.78108
1.40845
1.40845
1.40845
1.40845
1.40845
1.40845
1.40845
1.40845
1.40845
1.40845
1.40845
1.40845
1.40845
1.40845
1.40845
1.40845
1.40841
1.40856
1.40629
1.42368
1.33637
1.46956
2.05603
3.88926
4.73835
1.40845
1.40845
1.40845
1.40845
1.40845
1.40845
1.40845
1.40845
1.40845
1.40845
1.40845
1.40845
1.40845
1.40845
1.40845
1.40845
1.40844
1.40847
1.40802
1.40813
1.39337
1.45818
1.52779
2.80451
4.45658
1.40845
1.40845
1.40845
1.40845
1.40845
1.40845
1.40845
1.40845
1.40845
1.40845
1.40845
1.40845
1.40845
1.40845
1.40845
1.40845
1.40845
1.40843
1.40848
1.40754
1.41116
1.36204
1.48594
1.8832
3.48702
1.40845
1.40845
1.40845
1.40845
1.40845
1.40845
1.40845
1.40845
1.40845
1.40845
1.40845
1.40845
1.40845
1.40845
1.40845
1.40845
1.40845
1.40845
1.40845
1.40817
1.40803
1.39535
1.43841
1.52243
2.45449
1.40845
1.40845
1.40845
1.40845
1.40845
1.40845
1.40845
1.40845
1.40845
1.40845
1.40845
1.40845
1.40845
1.40845
1.40845
1.40845
1.40845
1.40845
1.40844
1.40849
1.40772
1.40991
1.36998
1.50253
1.71217
1.40845
1.40845
1.40845
1.40845
1.40845
1.40845
1.40845
1.40845
1.40845
1.40845
1.40845
1.40845
1.40845
1.40845
1.40845
1.40845
1.40845
1.40845
1.40845
1.40844
1.40838
1.40801
1.40401
1.40322
1.55718
1.40845
1.40845
1.40845
1.40845
1.40845
1.40845
1.40845
1.40845
1.40845
1.40845
1.40845
1.40845
1.40845
1.40845
1.40845
1.40845
1.40845
1.40845
1.40845
1.40845
1.40842
1.40834
1.40769
1.39233
1.44538
1.40845
1.40845
1.40845
1.40845
1.40845
1.40845
1.40845
1.40845
1.40845
1.40845
1.40845
1.40845
1.40845
1.40845
1.40845
1.40845
1.40845
1.40845
1.40845
1.40844
1.40841
1.4089
1.40675
1.41142
1.36755
1.40845
1.40845
1.40845
1.40845
1.40845
1.40845
1.40845
1.40845
1.40845
1.40845
1.40845
1.40845
1.40845
1.40845
1.40845
1.40845
1.40845
1.40845
1.40845
1.40845
1.40845
1.40845
1.40833
1.40818
1.40903
1.40845
1.40845
1.40845
1.40845
1.40845
1.40845
1.40845
1.40845
1.40845
1.40845
1.40845
1.40845
1.40845
1.40845
1.40845
1.40845
1.40845
1.40845
1.40845
1.40845
1.40845
1.40845
1.40855
1.40797
1.40723
1.40845
1.40845
1.40845
1.40845
1.40845
1.40845
1.40845
1.40845
1.40845
1.40845
1.40845
1.40845
1.40845
1.40845
1.40845
1.40845
1.40845
1.40845
1.40845
1.40845
1.40845
1.40845
1.40845
1.40865
1.40508
1.40845
1.40845
1.40845
1.40845
1.40845
1.40845
1.40845
1.40845
1.40845
1.40845
1.40845
1.40845
1.40845
1.40845
1.40845
1.40845
1.40845
1.40845
1.40845
1.40845
1.40845
1.40845
1.40845
1.40844
1.40885
1.40845
1.40845
1.40845
1.40845
1.40845
1.40845
1.40845
1.40845
1.40845
1.40845
1.40845
1.40845
1.40845
1.40845
1.40845
1.40845
1.40845
1.40845
1.40845
1.40845
1.40845
1.40845
1.40845
1.40844
1.40844
1.40845
1.40845
1.40845
1.40845
1.40845
1.40845
1.40845
1.40845
1.40845
1.40845
1.40845
1.40845
1.40845
1.40845
1.40845
1.40845
1.40845
1.40845
1.40845
1.40845
1.40845
1.40845
1.40845
1.40845
1.40845
1.40845
1.40845
1.40845
1.40845
1.40845
1.40845
1.40845
1.40845
1.40845
1.40845
1.40845
1.40845
1.40845
1.40845
1.40845
1.40845
1.40845
1.40845
1.40845
1.40845
1.40845
1.40845
1.40845
1.40845
1.40845
1.40845
1.40845
1.40845
1.40845
1.40845
1.40845
1.40845
1.40845
1.40845
1.40845
1.40845
1.40845
1.40845
1.40845
1.40845
1.40845
1.40845
1.40845
1.40845
1.40845
1.40845
1.40845
1.40845
1.40845
1.40845
1.40845
1.40845
1.40845
1.40845
1.40845
1.40845
1.40845
1.40845
1.40845
1.40845
1.40845
1.40845
1.40845
1.40845
1.40845
1.40845
1.40845
1.40845
1.40845
1.40845
1.40845
1.40845
1.40845
1.40845
1.40845
1.40845
1.40845
1.40845
1.40845
1.40845
1.40845
1.40845
1.40845
1.40845
1.40845
1.40845
1.40845
1.40845
1.40845
1.40845
1.40845
1.40845
1.40845
1.40845
1.40845
1.40845
1.40845
1.40845
1.40845
1.40845
1.40845
1.40845
1.40845
1.40845
1.40845
1.40845
1.40845
1.40845
1.40845
1.40845
1.40845
1.40845
1.40845
1.40845
1.40845
1.40845
1.40845
1.40845
1.40845
1.40845
1.40845
1.40845
1.40845
1.40845
1.40845
1.40845
1.40845
1.40845
1.40845
1.40845
1.40845
1.40845
1.40845
1.40845
1.40845
1.40845
1.40845
1.40845
1.40845
1.40845
1.40845
1.40845
1.40845
1.40845
1.40845
1.40845
1.40845
1.40845
1.40845
1.40845
1.40845
1.40845
1.40845
1.40845
1.40845
1.40845
1.40845
1.40845
1.40845
1.40845
1.40845
1.40845
1.40845
1.40845
1.40845
1.40845
1.40845
1.40845
1.40845
1.40845
1.40845
1.40845
1.40845
1.40845
1.40845
1.73817
1.74083
2.05945
1.82523
2.03137
1.91409
1.73881
1.52423
1.47612
1.48509
1.49453
1.4932
1.48623
1.42721
1.35845
1.33318
1.3244
1.32425
1.32895
1.3289
1.32728
1.32186
1.31669
1.308
1.30434
1.30162
1.30181
1.30502
1.31813
1.33394
1.3651
1.4041
1.44729
1.49857
1.55244
1.61909
1.68268
1.74379
1.79877
1.89341
1.95754
2.02397
2.10338
2.16721
2.21737
2.2797
2.32936
2.36864
2.3978
2.43256
2.45674
2.477
2.49183
2.50278
2.50977
2.51274
2.51396
2.51209
2.5068
2.4997
2.49017
2.47855
2.46611
2.45326
2.4396
2.42488
2.40976
2.39402
2.37843
2.36246
2.34678
2.33093
2.31538
2.29965
2.28411
2.26837
2.25282
2.23713
2.22178
2.2064
2.19132
2.17605
2.16086
2.14545
2.13005
2.11443
2.09876
2.08286
2.06694
2.0508
2.03473
2.01839
2.00226
1.98581
1.96953
1.95273
1.93582
1.92115
1.89586
1.87483
2.6818
2.32754
1.98124
1.87946
2.12038
1.93236
1.70456
1.36365
1.30551
1.30999
1.36332
1.36558
1.33913
1.27754
1.24338
1.21866
1.20617
1.20469
1.20436
1.20421
1.20523
1.19981
1.19757
1.18733
1.18023
1.17557
1.17483
1.17827
1.19284
1.2056
1.22933
1.2633
1.29627
1.34632
1.39854
1.4631
1.5247
1.60405
1.66877
1.74961
1.83914
1.90733
1.96343
2.05096
2.11042
2.18621
2.26577
2.32816
2.38876
2.44587
2.48974
2.53075
2.56174
2.58596
2.60768
2.62343
2.63362
2.6414
2.64373
2.6444
2.64318
2.63591
2.62529
2.61401
2.60265
2.58993
2.57606
2.56116
2.54613
2.5309
2.51611
2.50101
2.48619
2.47076
2.4555
2.43955
2.42374
2.40739
2.39133
2.37514
2.35925
2.34315
2.32707
2.31081
2.29439
2.27772
2.26068
2.24333
2.22576
2.20777
2.18981
2.17147
2.15322
2.13474
2.11616
2.09726
2.07808
2.06078
2.03256
2.0082
3.62047
2.85005
2.42548
2.13899
2.10859
1.95444
1.66874
1.32316
1.25103
1.25497
1.31155
1.35521
1.3721
1.31221
1.21501
1.15479
1.14099
1.13877
1.15203
1.15344
1.154
1.14574
1.14307
1.1332
1.13032
1.12649
1.126
1.12465
1.13633
1.14711
1.17195
1.20693
1.24896
1.2954
1.34733
1.41278
1.43112
1.51534
1.58116
1.65908
1.76746
1.87506
1.99875
2.13124
2.22421
2.33063
2.43565
2.53016
2.61879
2.68542
2.74303
2.80176
2.83889
2.86469
2.88955
2.90949
2.92043
2.92844
2.93109
2.93076
2.92911
2.92313
2.91205
2.89982
2.8875
2.87394
2.85747
2.83874
2.82002
2.80124
2.78283
2.76447
2.74653
2.72869
2.71119
2.69355
2.67604
2.65802
2.64039
2.6225
2.60486
2.58669
2.56826
2.54943
2.53029
2.51087
2.49133
2.47155
2.4517
2.43167
2.41166
2.3915
2.37133
2.35101
2.3305
2.30963
2.28819
2.26859
2.23561
2.20523
4.22269
3.38275
2.87143
2.44227
2.25691
2.12243
1.91847
1.58812
1.40659
1.31956
1.30355
1.32558
1.32747
1.28419
1.17461
1.13258
1.12968
1.13269
1.14716
1.15973
1.17666
1.16523
1.16506
1.15279
1.14493
1.13187
1.13347
1.13066
1.14608
1.14957
1.16095
1.17748
1.19623
1.23542
1.2902
1.36586
1.45141
1.56974
1.67996
1.80818
1.93744
2.09527
2.21779
2.35016
2.47289
2.57966
2.68891
2.80067
2.87189
2.9436
2.9946
3.04241
3.08576
3.11144
3.13466
3.15313
3.15937
3.16145
3.15893
3.154
3.14937
3.14369
3.13202
3.11618
3.09899
3.08138
3.06395
3.04679
3.02669
3.0046
2.98284
2.96142
2.94051
2.91996
2.89979
2.87977
2.8599
2.84006
2.82048
2.80093
2.78143
2.76173
2.74187
2.72182
2.70163
2.68114
2.6603
2.6391
2.61758
2.59587
2.574
2.5521
2.53009
2.50801
2.48571
2.46311
2.43996
2.41737
2.38376
2.34886
4.41504
3.74567
3.22608
2.84362
2.58471
2.35889
2.15435
1.80337
1.57897
1.46296
1.41806
1.39552
1.37411
1.3472
1.2871
1.21747
1.16872
1.14245
1.14322
1.14707
1.15428
1.1509
1.15231
1.14286
1.13798
1.13374
1.14069
1.13996
1.13977
1.14146
1.15403
1.17501
1.22523
1.28443
1.36443
1.46253
1.57293
1.7052
1.82944
1.95285
2.09616
2.25967
2.40763
2.54635
2.67864
2.78243
2.89914
2.99902
3.06473
3.13518
3.18097
3.23455
3.26667
3.2873
3.3102
3.32446
3.32747
3.32686
3.32437
3.32037
3.31538
3.3049
3.28647
3.26801
3.25095
3.23516
3.21912
3.19726
3.17243
3.14915
3.12716
3.10556
3.08391
3.06198
3.03976
3.01729
2.99529
2.97391
2.95251
2.93114
2.90983
2.88837
2.86693
2.84554
2.82423
2.80276
2.78098
2.75903
2.73694
2.71481
2.69254
2.66983
2.64679
2.62337
2.59964
2.57561
2.55113
2.52618
2.4923
2.45346
4.47729
3.97054
3.52162
3.14956
2.93727
2.6741
2.44596
2.10859
1.83131
1.66964
1.59819
1.53617
1.47676
1.41892
1.33136
1.26526
1.22546
1.20385
1.19841
1.18437
1.18078
1.16904
1.16785
1.15672
1.15533
1.13941
1.14111
1.14
1.14262
1.15403
1.17098
1.20191
1.25253
1.31751
1.40777
1.52305
1.6484
1.798
1.94887
2.09692
2.26059
2.40394
2.55925
2.67035
2.79219
2.90601
3.00058
3.09831
3.18639
3.25074
3.31415
3.37304
3.38799
3.41032
3.43275
3.43944
3.43489
3.43467
3.43795
3.43517
3.42194
3.40749
3.39138
3.37488
3.35809
3.33843
3.31529
3.29186
3.27008
3.25005
3.22769
3.2039
3.17998
3.15602
3.13249
3.11
3.08844
3.06604
3.04321
3.02061
2.99802
2.97543
2.95283
2.93021
2.90767
2.88522
2.86277
2.84038
2.81796
2.79541
2.77248
2.74909
2.72541
2.70151
2.67741
2.65305
2.62821
2.60201
2.56801
2.52619
4.44945
4.07049
3.68682
3.39123
3.20587
2.97442
2.75272
2.48971
2.18023
1.95113
1.82812
1.74755
1.65928
1.58294
1.49511
1.39486
1.33729
1.29247
1.27221
1.24967
1.23448
1.21397
1.20146
1.18111
1.17512
1.16304
1.16619
1.16945
1.18034
1.18846
1.21608
1.26302
1.34026
1.44513
1.54567
1.66405
1.77453
1.89588
2.00256
2.12672
2.25539
2.39464
2.53282
2.66851
2.83522
2.95484
3.0671
3.16905
3.232
3.29623
3.36215
3.42379
3.46912
3.48116
3.48468
3.489
3.49505
3.49655
3.49363
3.48638
3.47445
3.46235
3.44882
3.43199
3.41301
3.3927
3.37106
3.34999
3.32945
3.306
3.28163
3.25789
3.23465
3.21201
3.18994
3.16704
3.14306
3.1195
3.09651
3.07397
3.05149
3.02874
3.00501
2.98151
2.95833
2.9353
2.91248
2.88984
2.86724
2.84447
2.82136
2.79786
2.77405
2.74998
2.72565
2.70094
2.67568
2.64872
2.6149
2.57146
4.37407
4.11147
3.76421
3.54064
3.35893
3.19911
3.0115
2.79684
2.53252
2.27007
2.08603
1.991
1.90072
1.8014
1.71673
1.6039
1.49538
1.42266
1.38627
1.35632
1.3415
1.31134
1.28663
1.25495
1.24313
1.22914
1.23275
1.24853
1.28821
1.3189
1.36947
1.44348
1.52857
1.61631
1.69714
1.78774
1.8647
1.95354
2.03205
2.12388
2.2152
2.31578
2.41712
2.54279
2.70066
2.85712
3.05135
3.17932
3.24032
3.29399
3.33927
3.41397
3.46867
3.50965
3.5
3.50464
3.51215
3.51275
3.50773
3.50485
3.49984
3.48974
3.47776
3.46053
3.43868
3.41637
3.39462
3.37408
3.35354
3.33293
3.31165
3.28985
3.26698
3.24218
3.21784
3.19401
3.17089
3.14871
3.12719
3.10549
3.08221
3.05764
3.03346
3.00982
2.98649
2.96337
2.94055
2.91788
2.89522
2.87234
2.84907
2.82535
2.80125
2.77686
2.75227
2.72739
2.70209
2.67517
2.64161
2.59714
4.35619
4.10033
3.80731
3.64097
3.43143
3.30722
3.1646
3.0013
2.80191
2.56201
2.35743
2.23376
2.14284
2.04709
1.95952
1.85848
1.73714
1.63359
1.56681
1.52161
1.48485
1.45154
1.41352
1.38731
1.35719
1.36266
1.36926
1.45123
1.52888
1.59017
1.6744
1.75734
1.776
1.80561
1.85534
1.91108
1.96135
2.01763
2.06798
2.12301
2.17905
2.23626
2.30513
2.40205
2.50664
2.62683
2.76482
3.01192
3.19485
3.27395
3.33284
3.37029
3.39925
3.47354
3.49489
3.50948
3.50318
3.49678
3.49775
3.49657
3.49507
3.48787
3.47306
3.45454
3.43446
3.41729
3.40203
3.3866
3.36546
3.34057
3.31672
3.29401
3.27192
3.25024
3.22872
3.20666
3.1844
3.16188
3.13909
3.11603
3.09298
3.06937
3.04564
3.02247
2.99959
2.97662
2.9536
2.93055
2.90745
2.8842
2.86071
2.83692
2.81285
2.78852
2.76394
2.739
2.71356
2.68646
2.65291
2.60792
4.38272
4.10145
3.83446
3.6739
3.486
3.37851
3.25754
3.11158
2.95395
2.75677
2.55661
2.41157
2.3284
2.25018
2.16734
2.07315
1.97987
1.87324
1.78796
1.72786
1.67588
1.63975
1.59387
1.5709
1.53991
1.58054
1.62173
1.85582
1.95571
2.03585
2.09812
2.0807
2.0266
2.01515
2.01877
2.03116
2.05069
2.08191
2.11094
2.13916
2.17183
2.20135
2.23933
2.28465
2.3322
2.41575
2.54401
2.68242
2.83122
3.13229
3.33402
3.35933
3.37973
3.39863
3.42876
3.46635
3.48613
3.48295
3.48482
3.48278
3.4772
3.46986
3.45546
3.44236
3.43117
3.42235
3.40257
3.37763
3.35484
3.33352
3.31357
3.29493
3.27565
3.2541
3.23109
3.20811
3.18533
3.16318
3.14175
3.12087
3.09879
3.07392
3.04963
3.02609
3.00277
2.9796
2.95661
2.93371
2.91072
2.88743
2.86372
2.83954
2.81501
2.79025
2.76533
2.74018
2.71466
2.68765
2.65448
2.60917
4.43137
4.14653
3.88198
3.68282
3.51944
3.41843
3.31535
3.18846
3.04839
2.89545
2.70184
2.54537
2.45588
2.37125
2.30288
2.24275
2.15943
2.07277
1.98333
1.90426
1.85064
1.81733
1.79013
1.77883
1.79544
1.84266
2.20893
2.38741
2.45072
2.48735
2.47432
2.39012
2.33564
2.29748
2.25131
2.22418
2.20198
2.18386
2.1677
2.17366
2.18676
2.19049
2.19992
2.21307
2.2381
2.28463
2.3375
2.41638
2.55686
2.72773
2.93497
3.23993
3.40876
3.39705
3.39843
3.40844
3.43126
3.44626
3.45232
3.45408
3.44506
3.44462
3.43832
3.43135
3.42322
3.40922
3.38844
3.367
3.34985
3.33484
3.31804
3.29652
3.27256
3.24961
3.2279
3.20702
3.18673
3.16623
3.14511
3.12199
3.09746
3.07367
3.05056
3.02786
3.00527
2.98265
2.95978
2.93645
2.91266
2.88845
2.86393
2.83925
2.81451
2.78972
2.76479
2.7395
2.71367
2.68618
2.65235
2.60618
4.49511
4.21276
3.95868
3.72494
3.55672
3.43703
3.34419
3.24054
3.1176
2.9847
2.82846
2.66925
2.55025
2.45672
2.40326
2.34205
2.2733
2.20583
2.12335
2.04527
1.98059
1.95685
1.94871
1.96922
2.0782
2.2434
2.8496
2.90176
2.91946
2.89726
2.79523
2.69883
2.62282
2.54818
2.48361
2.43444
2.38732
2.34223
2.29788
2.25787
2.2174
2.19164
2.19431
2.20059
2.20425
2.21435
2.22565
2.26355
2.33064
2.42285
2.58102
2.75009
3.12107
3.39022
3.41536
3.40677
3.39707
3.40489
3.42318
3.44069
3.44032
3.43772
3.43566
3.43213
3.42576
3.4077
3.39286
3.37954
3.36573
3.34604
3.32357
3.30116
3.28075
3.26219
3.24405
3.22327
3.20055
3.17717
3.15359
3.12976
3.10627
3.08382
3.06193
3.03948
3.01646
2.99274
2.9684
2.94365
2.91872
2.89382
2.86896
2.84404
2.81893
2.79342
2.76747
2.74099
2.71405
2.68569
2.65112
2.60459
4.56321
4.28308
4.03563
3.79736
3.61725
3.47618
3.3704
3.26817
3.15752
3.04173
2.90822
2.77858
2.63278
2.52843
2.46038
2.40733
2.35674
2.29318
2.22776
2.13535
2.08857
2.07633
2.09142
2.17151
2.33239
2.84007
3.26484
3.30701
3.28015
3.19913
3.07432
2.96414
2.86336
2.76804
2.69248
2.61757
2.54588
2.48527
2.43118
2.37833
2.32539
2.27443
2.23661
2.21683
2.19348
2.19186
2.18614
2.19532
2.21517
2.26012
2.35038
2.48148
2.66704
2.91314
3.2812
3.45006
3.45716
3.4158
3.41536
3.42447
3.44187
3.44189
3.44592
3.44346
3.43765
3.4263
3.41356
3.40181
3.38605
3.36133
3.33994
3.32348
3.30762
3.28974
3.26798
3.24367
3.21927
3.19636
3.17386
3.15111
3.12812
3.10495
3.0815
3.0578
3.0337
3.00919
2.9844
2.95947
2.93449
2.9094
2.88395
2.85792
2.83138
2.80436
2.77698
2.74933
2.72145
2.69227
2.65657
2.60903
4.62147
4.3581
4.11996
3.88614
3.69504
3.53814
3.42526
3.31418
3.19953
3.08439
2.95333
2.84088
2.71078
2.58716
2.50376
2.45627
2.40242
2.34587
2.27058
2.20524
2.18225
2.18097
2.23928
2.45842
2.82355
3.4637
3.54186
3.5405
3.47865
3.38843
3.28988
3.18506
3.0777
2.96595
2.86283
2.76389
2.68273
2.61474
2.54121
2.47221
2.42153
2.37803
2.33861
2.28437
2.23168
2.19274
2.17491
2.18401
2.19292
2.21047
2.23779
2.28618
2.38056
2.54785
2.71264
3.13558
3.4494
3.47233
3.45248
3.41198
3.41173
3.42343
3.43018
3.43819
3.43462
3.43022
3.41643
3.40121
3.38765
3.3742
3.36187
3.34318
3.31954
3.29661
3.27477
3.25422
3.23421
3.21261
3.18694
3.1632
3.14105
3.11939
3.09716
3.07358
3.04893
3.02349
2.99765
2.9716
2.94564
2.91985
2.89412
2.86838
2.84248
2.8163
2.78927
2.76141
2.73303
2.70328
2.66697
2.61878
4.68117
4.43001
4.19239
3.96712
3.76551
3.60264
3.48059
3.36524
3.24634
3.1248
3.00006
2.8709
2.77375
2.64393
2.54997
2.49296
2.44362
2.38907
2.318
2.28613
2.28242
2.32264
2.49098
2.74388
3.39665
3.70014
3.7106
3.65799
3.5942
3.52294
3.43914
3.34208
3.22929
3.1126
2.99876
2.90056
2.81593
2.73223
2.65315
2.59143
2.5382
2.48868
2.41646
2.3607
2.31991
2.27546
2.24901
2.22226
2.2096
2.19789
2.1997
2.20256
2.23866
2.30284
2.42772
2.627
2.88416
3.29441
3.47493
3.49568
3.41367
3.39372
3.39235
3.42317
3.42249
3.42002
3.41331
3.40458
3.39285
3.37748
3.36073
3.34182
3.32096
3.30021
3.27983
3.25614
3.2333
3.21055
3.18781
3.16589
3.14511
3.12367
3.10095
3.07753
3.05333
3.02828
3.00224
2.97573
2.94976
2.9241
2.89879
2.87361
2.84804
2.82157
2.79384
2.76581
2.73758
2.70823
2.67279
2.62454
4.72789
4.50797
4.27213
4.05393
3.84638
3.67479
3.53924
3.42017
3.30189
3.17761
3.0616
2.93018
2.82529
2.69904
2.59687
2.52876
2.46825
2.40904
2.3776
2.37178
2.40666
2.54977
2.76014
3.39214
3.77948
3.77945
3.75938
3.72563
3.6813
3.62049
3.54183
3.44844
3.34553
3.24214
3.13343
3.03814
2.9417
2.85495
2.78289
2.71419
2.65111
2.57445
2.5174
2.47502
2.42557
2.38811
2.35089
2.30255
2.24792
2.21942
2.20692
2.18223
2.18925
2.20077
2.24639
2.33538
2.49707
2.6758
3.09
3.41641
3.47824
3.46284
3.40415
3.37495
3.37483
3.39752
3.40177
3.39823
3.38481
3.36691
3.35048
3.33708
3.32313
3.30539
3.28021
3.25408
3.23171
3.21116
3.19171
3.17212
3.15165
3.1299
3.10575
3.0812
3.05663
3.03145
3.00497
2.97823
2.95228
2.92654
2.90061
2.87418
2.84697
2.81914
2.79079
2.76254
2.73419
2.70488
2.66995
2.62136
4.7384
4.55402
4.32758
4.11894
3.90524
3.73483
3.59408
3.47511
3.35822
3.23786
3.12181
3.00236
2.88014
2.76296
2.66357
2.56902
2.49456
2.45684
2.45192
2.48352
2.61205
2.7978
3.41723
3.81067
3.81643
3.80099
3.78518
3.76417
3.73188
3.68274
3.61888
3.54139
3.4541
3.35882
3.26288
3.16414
3.07024
2.98436
2.9091
2.82727
2.75501
2.69352
2.64332
2.58085
2.53351
2.48697
2.42453
2.37359
2.33926
2.30707
2.25486
2.22179
2.1815
2.17709
2.18572
2.20675
2.26577
2.37777
2.55694
2.7435
3.19236
3.46518
3.47031
3.4055
3.3603
3.36196
3.37496
3.37047
3.36692
3.36287
3.35394
3.33795
3.3167
3.29849
3.27911
3.25936
3.23914
3.21829
3.1967
3.17521
3.15404
3.13277
3.1102
3.08623
3.06066
3.03444
3.00795
2.98144
2.95481
2.92794
2.90065
2.87261
2.84383
2.81481
2.78593
2.75756
2.72909
2.69981
2.66524
2.61622
4.77519
4.60833
4.39766
4.19627
3.97414
3.79018
3.64743
3.52552
3.41213
3.29709
3.18202
3.07225
2.94588
2.82989
2.7306
2.59909
2.55046
2.53677
2.5597
2.67637
2.86145
3.45006
3.8613
3.88256
3.85296
3.84004
3.82811
3.81083
3.78336
3.74332
3.69073
3.62627
3.55323
3.47122
3.38456
3.29082
3.20124
3.11485
3.02439
2.94591
2.87639
2.8177
2.74803
2.68247
2.63033
2.56566
2.51332
2.46417
2.41396
2.36348
2.31925
2.28328
2.22256
2.19661
2.17689
2.17652
2.17691
2.20314
2.26766
2.40985
2.6186
2.94778
3.3252
3.4731
3.47922
3.37568
3.32978
3.32912
3.34358
3.34742
3.34863
3.34255
3.32568
3.29716
3.27743
3.25969
3.24216
3.22291
3.203
3.18245
3.15597
3.13257
3.10949
3.0856
3.0613
3.03606
3.0081
2.98059
2.95313
2.92552
2.89755
2.86948
2.84056
2.81003
2.78082
2.7525
2.72381
2.69438
2.6601
2.61064
4.73088
4.59932
4.4168
4.23536
4.0429
3.84906
3.70515
3.58407
3.46923
3.35813
3.24462
3.14115
3.0287
2.92853
2.77027
2.67726
2.63645
2.65008
2.75182
2.95004
3.49559
3.95856
3.96481
3.95385
3.93221
3.90725
3.88496
3.86182
3.83556
3.80214
3.75894
3.70565
3.6421
3.57042
3.49241
3.40955
3.32502
3.23466
3.14572
3.07141
2.99624
2.92036
2.84455
2.77995
2.70855
2.65214
2.59471
2.53387
2.47572
2.42682
2.37465
2.32388
2.2828
2.25294
2.19993
2.18002
2.1479
2.14686
2.16673
2.22267
2.32392
2.49182
2.66478
3.13216
3.44258
3.44996
3.41413
3.34333
3.30899
3.30613
3.31927
3.31921
3.31494
3.30654
3.28066
3.25416
3.23477
3.21671
3.19798
3.17805
3.15484
3.13082
3.10782
3.08402
3.05983
3.03516
3.00479
2.97438
2.94688
2.91979
2.89155
2.86296
2.83422
2.8048
2.77511
2.7466
2.71766
2.68852
2.65538
2.60569
4.76509
4.61629
4.44717
4.27164
4.10173
3.90454
3.75946
3.64502
3.52512
3.41529
3.31005
3.20283
3.09855
2.97901
2.84075
2.77519
2.7699
2.85148
3.05907
3.56212
4.07603
4.07807
4.06632
4.04714
4.01759
3.98618
3.95779
3.92926
3.90053
3.86922
3.83272
3.78755
3.73174
3.66683
3.59363
3.51383
3.42934
3.33692
3.25641
3.17411
3.09427
3.00468
2.92946
2.85936
2.79168
2.73245
2.65999
2.59901
2.54157
2.48883
2.43719
2.38603
2.34196
2.2895
2.24514
2.21168
2.17887
2.14781
2.15016
2.15617
2.17322
2.2289
2.34858
2.55436
2.77412
3.19747
3.43438
3.4324
3.38502
3.31486
3.27917
3.27872
3.2867
3.28768
3.27912
3.26113
3.23197
3.20996
3.19063
3.17298
3.15295
3.12958
3.10576
3.08187
3.05503
3.0269
2.9978
2.96729
2.93977
2.91347
2.88604
2.85648
2.82704
2.79733
2.76738
2.73982
2.71184
2.68329
2.65047
2.59974
4.61188
4.6388
4.52273
4.37152
4.1963
3.98777
3.81954
3.71056
3.58714
3.47023
3.36895
3.26703
3.16952
3.02313
2.93345
2.91556
2.98028
3.20277
3.66107
4.22506
4.22502
4.21213
4.18301
4.14416
4.11433
4.08504
4.05272
4.01316
3.97528
3.93817
3.89963
3.85683
3.80678
3.74832
3.67933
3.60376
3.52046
3.43649
3.35346
3.26122
3.17541
3.09266
3.0166
2.94306
2.87638
2.80102
2.73699
2.67507
2.61948
2.56389
2.51114
2.46322
2.41441
2.36185
2.32166
2.28285
2.2471
2.19639
2.15786
2.13011
2.12637
2.13209
2.17697
2.25884
2.41013
2.61675
3.01052
3.35731
3.42668
3.42455
3.33078
3.27259
3.26169
3.26009
3.25968
3.25148
3.23574
3.21734
3.19047
3.16782
3.14897
3.12765
3.1056
3.08315
3.05462
3.01945
2.98813
2.96022
2.93264
2.90712
2.88109
2.85033
2.81928
2.79023
2.76042
2.7331
2.70565
2.67683
2.64296
2.59136
4.55414
4.60037
4.52413
4.40475
4.26161
4.08116
3.87098
3.75187
3.64724
3.52201
3.41421
3.33421
3.215
3.10932
3.0778
3.12795
3.34122
3.78248
4.37819
4.38843
4.37665
4.34419
4.28265
4.24246
4.20482
4.16817
4.12743
4.08011
4.03702
3.99695
3.95635
3.9134
3.86523
3.81082
3.74925
3.68076
3.60621
3.52759
3.43976
3.35449
3.26935
3.19088
3.11077
3.03366
2.95566
2.88667
2.82329
2.75601
2.691
2.63107
2.57633
2.52337
2.47478
2.43076
2.38424
2.33429
2.29227
2.24135
2.20325
2.1581
2.13511
2.11588
2.12419
2.13304
2.18896
2.30978
2.4903
2.66951
3.11358
3.38457
3.39478
3.36564
3.28023
3.21856
3.21869
3.22053
3.21834
3.20852
3.19243
3.1679
3.14087
3.11396
3.09092
3.06912
3.04344
3.00836
2.97825
2.94933
2.9208
2.8949
2.86961
2.84302
2.81121
2.78091
2.74935
2.72078
2.69389
2.66585
2.63246
2.58053
4.02666
4.4863
4.53785
4.42295
4.29996
4.15849
3.95515
3.79202
3.69486
3.58826
3.44036
3.3628
3.27854
3.24991
3.29271
3.49843
3.91809
4.53232
4.55577
4.54165
4.50188
4.42733
4.3815
4.3362
4.29123
4.24598
4.19223
4.14122
4.09563
4.05161
4.00775
3.96292
3.91563
3.86413
3.80758
3.74436
3.67527
3.60032
3.521
3.43991
3.35538
3.27057
3.18881
3.11138
3.03651
2.96574
2.89211
2.82357
2.75801
2.69541
2.64007
2.58665
2.53924
2.49351
2.44593
2.39634
2.35373
2.30759
2.27175
2.23361
2.1888
2.13865
2.10486
2.10628
2.11951
2.14145
2.19603
2.33246
2.54047
2.80221
3.21318
3.36425
3.35929
3.30567
3.2249
3.17895
3.18068
3.17919
3.17087
3.1565
3.13294
3.10404
3.07163
3.04736
3.02401
2.99066
2.96222
2.93581
2.90811
2.8812
2.85584
2.828
2.79516
2.76338
2.7327
2.70462
2.67872
2.65115
2.61703
2.56476
3.0389
4.34883
4.43619
4.42436
4.32527
4.21276
4.06388
3.86051
3.74645
3.64513
3.49536
3.39408
3.38633
3.45018
3.66985
4.09034
4.7438
4.75557
4.72781
4.66884
4.57569
4.52604
4.47711
4.4256
4.37163
4.31302
4.25545
4.20016
4.14838
4.09934
4.05253
4.00591
3.95849
3.90851
3.85473
3.79589
3.73202
3.66268
3.58931
3.5109
3.43009
3.34908
3.26733
3.18943
3.11363
3.0396
2.96854
2.90039
2.83527
2.77045
2.71004
2.65711
2.60619
2.55572
2.50856
2.46236
2.4139
2.3694
2.32247
2.27715
2.22861
2.18828
2.15073
2.12838
2.10597
2.08665
2.10157
2.14835
2.22687
2.40717
2.58899
2.96432
3.27447
3.30684
3.29546
3.21534
3.1599
3.12611
3.13096
3.1251
3.11108
3.09116
3.06347
3.02693
2.99617
2.96562
2.93991
2.91933
2.89714
2.87266
2.83821
2.80372
2.77116
2.74317
2.71579
2.68627
2.65916
2.63137
2.59776
2.54629
2.08652
3.62508
4.41681
4.45369
4.3788
4.26277
4.14409
3.9579
3.799
3.66421
3.57006
3.52566
3.5721
3.80563
4.25629
4.9705
4.9867
4.954
4.87133
4.74305
4.68496
4.63174
4.57601
4.5163
4.45161
4.38528
4.32311
4.2653
4.20744
4.15199
4.1004
4.04984
3.99975
3.94886
3.89625
3.84048
3.78063
3.71642
3.64707
3.57432
3.49847
3.42009
3.34162
3.26345
3.1861
3.11161
3.03833
2.96754
2.89877
2.83347
2.77058
2.71154
2.6544
2.59882
2.54783
2.50523
2.45949
2.40985
2.36001
2.31486
2.26849
2.22945
2.1972
2.16706
2.12117
2.09962
2.08304
2.08052
2.1009
2.13715
2.21624
2.38578
2.60857
3.0445
3.25325
3.25695
3.21835
3.14385
3.08904
3.05801
3.05101
3.04429
3.03203
3.00293
2.96833
2.93676
2.91105
2.89146
2.87121
2.84549
2.81658
2.77941
2.74609
2.72012
2.69541
2.66841
2.6398
2.61209
2.58057
2.52898
1.51388
2.59092
3.98559
4.34637
4.37283
4.27076
4.16806
4.05743
3.84915
3.71933
3.69227
3.73452
3.96011
4.40885
5.19133
5.21735
5.17688
5.08281
4.91743
4.83552
4.77612
4.71658
4.65322
4.58437
4.51095
4.44381
4.37897
4.31627
4.25683
4.19708
4.14096
4.08777
4.03604
3.98441
3.93217
3.87811
3.82132
3.76087
3.69689
3.62902
3.5578
3.48408
3.40837
3.33212
3.25613
3.18124
3.10757
3.0366
2.9666
2.90221
2.84079
2.7815
2.72125
2.6661
2.61298
2.56425
2.51323
2.46538
2.4171
2.37147
2.32424
2.28237
2.24164
2.20293
2.17032
2.14191
2.09069
2.06546
2.04797
2.00469
2.03189
2.1073
2.2635
2.44526
2.78458
3.11512
3.17144
3.16145
3.11836
3.0449
2.99438
2.9842
2.97228
2.95393
2.92807
2.90105
2.87433
2.8509
2.83134
2.80877
2.78269
2.75453
2.71649
2.6856
2.66425
2.64326
2.61831
2.58978
2.55747
2.50641
1.47585
1.73775
3.02052
4.20881
4.30916
4.30385
4.21267
4.09562
3.92474
3.8594
3.89973
4.1456
4.61758
5.48305
5.50918
5.44942
5.33317
5.13241
5.02444
4.96071
4.89624
4.82575
4.74874
4.66484
4.59174
4.52314
4.45513
4.38816
4.32441
4.26363
4.20326
4.14556
4.08983
4.03476
3.97976
3.92437
3.86746
3.80808
3.74538
3.67969
3.61141
3.54118
3.46981
3.39682
3.324
3.24923
3.1758
3.10317
3.032
2.96444
2.90054
2.8388
2.7789
2.71903
2.66249
2.60211
2.5496
2.49896
2.45241
2.40253
2.35486
2.31146
2.26761
2.2309
2.19322
2.1543
2.11825
2.08453
2.02755
1.98811
1.97776
1.97723
1.99393
2.07381
2.22651
2.40692
2.82253
3.0617
3.07788
3.05843
2.98396
2.90953
2.86897
2.86505
2.85672
2.84596
2.83134
2.81002
2.78837
2.76476
2.73814
2.70405
2.67277
2.64513
2.62338
2.60287
2.58072
2.55423
2.52321
2.47447
1.38513
1.5295
2.08184
3.48217
4.27634
4.33115
4.25655
4.11503
4.04807
4.08045
4.33952
4.86234
5.81233
5.83969
5.75516
5.59821
5.36201
5.23705
5.16799
5.09744
5.01953
4.9355
4.83818
4.75413
4.67839
4.60525
4.53319
4.46091
4.39095
4.32424
4.25941
4.19583
4.13481
4.07571
4.01744
3.95937
3.90116
3.84224
3.7819
3.71953
3.65515
3.58896
3.52119
3.45215
3.38124
3.30891
3.23391
3.15972
3.08723
3.01672
2.94984
2.88552
2.82225
2.76187
2.70181
2.64555
2.59231
2.53966
2.48863
2.43781
2.3882
2.33741
2.29393
2.25229
2.21181
2.1728
2.13286
2.09226
2.05636
2.00276
1.93937
1.90857
1.87776
1.88059
1.93006
2.04662
2.20318
2.51938
2.79808
2.88962
2.9053
2.88501
2.82029
2.77626
2.75818
2.74938
2.74216
2.73183
2.71954
2.70243
2.67026
2.63498
2.60808
2.58766
2.5682
2.55066
2.53398
2.5126
2.48485
2.43781
1.39039
1.43581
1.52834
2.51262
3.78338
4.19884
4.26948
4.16833
4.21532
4.5095
5.10496
6.16387
6.19497
6.07999
5.88225
5.6136
5.47756
5.40111
5.32508
5.24212
5.15237
5.04287
4.94987
4.86295
4.77938
4.69941
4.62023
4.54264
4.46697
4.39369
4.32307
4.25501
4.18835
4.1236
4.06056
3.99879
3.93802
3.87763
3.81684
3.75525
3.69251
3.62855
3.56312
3.49608
3.42727
3.3552
3.28285
3.20927
3.13744
3.06717
2.99771
2.93133
2.86494
2.80205
2.73934
2.68003
2.6222
2.56678
2.51065
2.45624
2.40046
2.34551
2.29589
2.24725
2.2035
2.15709
2.11237
2.06749
2.02034
1.97373
1.91464
1.84781
1.80056
1.7681
1.7768
1.80541
1.86546
1.98421
2.11879
2.44753
2.69541
2.73445
2.73995
2.71105
2.66727
2.63713
2.62727
2.62297
2.61524
2.60577
2.57559
2.54346
2.52225
2.50697
2.49442
2.48204
2.47034
2.45617
2.4298
2.38737
1.40918
1.37434
1.49528
1.69878
2.82126
3.93683
4.13224
4.25886
4.64357
5.36912
6.55418
6.57828
6.43586
6.13043
5.82989
5.68512
5.60928
5.53359
5.4456
5.35239
5.23717
5.12924
5.03424
4.94326
4.85213
4.76668
4.68621
4.60593
4.5263
4.44818
4.37238
4.29964
4.23013
4.16102
4.09337
4.02724
3.96216
3.8983
3.83582
3.77468
3.71331
3.65104
3.58737
3.52187
3.45411
3.38412
3.31203
3.23904
3.16717
3.09447
3.02197
2.95039
2.88081
2.8101
2.7443
2.67947
2.61821
2.55821
2.49991
2.44257
2.38276
2.32008
2.26357
2.21038
2.1608
2.11203
2.06327
2.01657
1.97196
1.92686
1.87942
1.82413
1.76696
1.72418
1.69937
1.68811
1.69647
1.72826
1.81053
1.9346
2.19012
2.44304
2.56972
2.58827
2.58652
2.54487
2.50004
2.48281
2.47432
2.46837
2.44991
2.42644
2.41743
2.41069
2.40179
2.39473
2.38945
2.38533
2.36538
2.33671
1.40757
1.42233
1.32437
1.42178
1.86173
3.14117
3.91949
4.60594
5.5667
7.10897
7.11231
6.90731
6.48472
6.13194
5.96111
5.88302
5.80221
5.70647
5.60297
5.49846
5.39074
5.27987
5.17129
5.07235
4.97419
4.87555
4.78397
4.69899
4.614
4.52763
4.44226
4.35948
4.28026
4.20448
4.12901
4.05478
3.98249
3.91183
3.84394
3.778
3.71271
3.6469
3.57969
3.51119
3.44006
3.36715
3.29437
3.2201
3.1463
3.07
2.99469
2.91848
2.84341
2.7697
2.69731
2.62945
2.56184
2.49882
2.43841
2.37894
2.31806
2.25623
2.20037
2.15078
2.10425
2.06019
2.01663
1.97459
1.93257
1.89113
1.84307
1.79747
1.75023
1.70873
1.66468
1.63801
1.62844
1.62284
1.64564
1.70928
1.81438
1.94893
2.23342
2.43552
2.45288
2.44419
2.4199
2.3819
2.35427
2.3319
2.31352
2.30281
2.29204
2.28657
2.28492
2.28462
2.285
2.2843
2.27569
2.28798
1.4083
1.40892
1.39663
1.42614
1.58024
2.13789
3.33403
5.33477
7.04397
7.10687
6.83004
6.43895
6.18835
6.03666
5.94221
5.91546
5.86301
5.77762
5.65367
5.53372
5.42887
5.32525
5.21027
5.09495
4.99404
4.89638
4.7963
4.70135
4.61357
4.52696
4.4346
4.33963
4.24772
4.16046
4.0775
3.99691
3.9151
3.83065
3.75261
3.67959
3.6073
3.53487
3.46196
3.38806
3.31162
3.23674
3.16301
3.08958
3.01591
2.94281
2.86976
2.79827
2.72861
2.66
2.59489
2.53289
2.4759
2.42107
2.36653
2.31215
2.25749
2.20358
2.15346
2.10852
2.06656
2.02591
1.98529
1.94501
1.90475
1.864
1.81975
1.77894
1.73765
1.7041
1.67096
1.64406
1.60483
1.58723
1.58598
1.58386
1.62195
1.71967
1.81737
2.06336
2.26953
2.35998
2.36145
2.34489
2.32122
2.28658
2.25482
2.23562
2.21818
2.20418
2.1999
2.19619
2.19095
2.18785
2.20209
2.24705
1.40855
1.40711
1.40543
1.37595
1.54671
2.01129
2.97922
6.11402
6.41939
6.46926
5.98729
5.66376
5.61561
5.62782
5.63215
5.61467
5.59173
5.54605
5.47358
5.37773
5.27101
5.16896
5.06762
4.95283
4.84062
4.7408
4.64338
4.5414
4.44175
4.34655
4.25119
4.15401
4.05386
3.95737
3.86604
3.77767
3.69321
3.60939
3.53236
3.46145
3.39395
3.32718
3.2607
3.19513
3.13214
3.0706
3.00936
2.94887
2.88797
2.82807
2.7681
2.70953
2.65163
2.59498
2.53871
2.48527
2.43487
2.38542
2.3359
2.28661
2.23901
2.19111
2.14384
2.10029
2.06161
2.02295
1.98373
1.94476
1.90676
1.86917
1.83004
1.79245
1.75666
1.72244
1.69011
1.66069
1.62804
1.59797
1.56177
1.55069
1.56297
1.58843
1.64592
1.71309
1.88314
2.13124
2.2725
2.2792
2.27028
2.25171
2.20994
2.18502
2.16083
2.15315
2.14441
2.14727
2.13445
2.14443
2.17042
2.29156
1.4084
1.40802
1.40325
1.39919
1.57828
2.07382
4.8884
6.20172
6.03398
5.74949
5.55406
5.43773
5.41304
5.38923
5.35627
5.29075
5.20623
5.13729
5.0663
4.99124
4.90481
4.80534
4.70839
4.61437
4.51226
4.4143
4.32432
4.23776
4.15037
4.06348
3.97887
3.89641
3.81458
3.73491
3.65849
3.58344
3.51065
3.43833
3.37265
3.31319
3.25678
3.20096
3.14569
3.0902
3.03706
2.98531
2.93483
2.88433
2.834
2.78314
2.73301
2.68244
2.63252
2.58289
2.53293
2.48529
2.43702
2.39162
2.34777
2.30304
2.25837
2.21264
2.16731
2.12399
2.08227
2.04211
2.00306
1.96408
1.92426
1.88499
1.84348
1.80289
1.76557
1.73132
1.69988
1.66701
1.63817
1.60867
1.5791
1.54507
1.52516
1.52858
1.55047
1.59168
1.66178
1.79873
2.05739
2.21689
2.22233
2.21645
2.18457
2.14387
2.11796
2.09731
2.10529
2.10818
2.12062
2.14774
2.20379
2.45991
1.40841
1.40807
1.40544
1.39503
1.52415
2.04181
4.39291
6.64933
6.30427
6.01871
5.851
5.73922
5.62465
5.51345
5.42454
5.33543
5.24578
5.15961
5.07005
4.973
4.872
4.77022
4.66144
4.5539
4.45262
4.35312
4.25813
4.17009
4.08671
4.00581
3.9252
3.84536
3.76679
3.69035
3.61692
3.54573
3.47662
3.40871
3.34545
3.28762
3.23218
3.17815
3.12554
3.07378
3.02268
2.97493
2.92894
2.88293
2.83701
2.79022
2.74373
2.69644
2.64972
2.60249
2.55612
2.50916
2.46342
2.41821
2.37339
2.32827
2.2816
2.23556
2.19006
2.14612
2.10337
2.06274
2.02376
1.98431
1.9447
1.90488
1.86406
1.8244
1.78849
1.75442
1.72271
1.6913
1.66036
1.62956
1.59761
1.5687
1.52371
1.5038
1.50724
1.52165
1.54952
1.61649
1.74087
2.00612
2.168
2.17392
2.16707
2.13724
2.10182
2.08369
2.08508
2.1018
2.15389
2.24741
2.37396
2.75102
1.40838
1.4081
1.40405
1.39862
1.55683
1.98078
5.17947
6.37528
6.18007
6.02437
5.96144
5.88247
5.78743
5.68305
5.57991
5.47113
5.35766
5.25284
5.14973
5.04409
4.93735
4.8307
4.72279
4.61883
4.51777
4.42034
4.3255
4.23104
4.14029
4.0536
3.9682
3.88593
3.80487
3.72728
3.65279
3.58118
3.51168
3.4446
3.38083
3.32116
3.26454
3.20925
3.15586
3.10342
3.05342
3.00657
2.96078
2.91605
2.87132
2.82714
2.7823
2.73803
2.69298
2.64762
2.60196
2.5555
2.50942
2.46285
2.41608
2.36956
2.3228
2.27617
2.22951
2.18373
2.13932
2.09665
2.0547
2.01365
1.97217
1.93106
1.88855
1.84738
1.80886
1.77345
1.73794
1.70559
1.67123
1.63991
1.60752
1.57757
1.54415
1.50116
1.47979
1.48347
1.4913
1.51565
1.59492
1.71
1.96305
2.12423
2.13805
2.13028
2.10627
2.1035
2.11903
2.17174
2.28187
2.41155
2.74733
3.00108
1.4084
1.4081
1.40485
1.39775
1.53475
1.99329
4.74421
6.40092
6.10869
5.94793
5.92001
5.86953
5.79929
5.71959
5.6432
5.56046
5.47431
5.37966
5.27806
5.17108
5.06097
4.94873
4.83484
4.7224
4.61331
4.50745
4.40472
4.30561
4.2105
4.11868
4.03063
3.94548
3.86365
3.78428
3.70812
3.63363
3.56239
3.49204
3.42575
3.36309
3.30316
3.24527
3.18969
3.1363
3.08591
3.03789
2.99248
2.94768
2.9039
2.85977
2.81572
2.7711
2.72606
2.68036
2.63415
2.58732
2.54012
2.4927
2.4453
2.39718
2.34937
2.30066
2.25257
2.20471
2.15886
2.11381
2.07096
2.02789
1.98637
1.94262
1.90069
1.85855
1.82059
1.78406
1.74989
1.71589
1.68283
1.64882
1.61671
1.58323
1.55129
1.52206
1.48047
1.45567
1.4578
1.45605
1.48116
1.56205
1.6728
1.91363
2.07791
2.0901
2.10792
2.13322
2.20246
2.34667
2.50815
2.86326
3.09424
3.06518
1.4084
1.40807
1.40437
1.3989
1.55247
1.96214
5.13494
6.25497
6.05295
5.91568
5.90648
5.87112
5.81498
5.7444
5.66887
5.5869
5.49702
5.39787
5.29203
5.18457
5.07735
4.97023
4.86185
4.75285
4.64538
4.54091
4.43919
4.33948
4.24102
4.14613
4.05438
3.96662
3.88206
3.80098
3.72251
3.64729
3.57379
3.5041
3.43691
3.37361
3.31263
3.25457
3.19828
3.14518
3.09512
3.04789
3.0022
2.95827
2.9144
2.87102
2.82728
2.78332
2.73877
2.69376
2.64794
2.60161
2.55441
2.50703
2.45886
2.41084
2.36166
2.31322
2.26378
2.2161
2.16887
2.12397
2.07933
2.03633
1.99273
1.95048
1.90701
1.86584
1.82643
1.79002
1.7544
1.71985
1.68536
1.65187
1.61797
1.58338
1.55167
1.51986
1.49654
1.45482
1.43057
1.43159
1.43031
1.45985
1.53985
1.63368
1.84206
2.00454
2.09663
2.20466
2.3667
2.57909
2.92364
3.06746
3.07718
3.03168
1.4084
1.40809
1.40466
1.39814
1.54166
1.97308
4.88586
6.24331
6.00897
5.85523
5.85614
5.83182
5.78748
5.72803
5.66458
5.58652
5.49956
5.40313
5.29878
5.19145
5.0829
4.97347
4.86335
4.75208
4.64314
4.53667
4.43376
4.33286
4.23532
4.1395
4.04814
3.95959
3.87492
3.79332
3.71524
3.63969
3.56778
3.49814
3.43255
3.36948
3.30944
3.25096
3.19562
3.14223
3.09276
3.04573
3.00064
2.95662
2.91376
2.87089
2.82793
2.78457
2.74076
2.69624
2.65104
2.60494
2.55821
2.51072
2.46288
2.41439
2.3656
2.31632
2.26717
2.2186
2.17109
2.12514
2.08013
2.03655
1.99297
1.95025
1.90683
1.86631
1.82709
1.79092
1.75525
1.72112
1.68676
1.65282
1.61814
1.5824
1.5501
1.52202
1.49415
1.47207
1.4299
1.40284
1.40286
1.40562
1.42907
1.49168
1.61642
1.81727
2.07187
2.28848
2.66064
2.9623
2.99673
2.99387
2.98081
2.9833
1.4084
1.40807
1.40451
1.39849
1.54739
1.95865
5.00777
6.19599
5.99968
5.8539
5.86234
5.8441
5.80486
5.74381
5.67598
5.59407
5.50177
5.40022
5.29111
5.18088
5.07102
4.96165
4.85214
4.74253
4.63441
4.52969
4.42802
4.32918
4.23095
4.13634
4.0442
3.95618
3.87164
3.79069
3.71308
3.63861
3.56618
3.49765
3.4314
3.36858
3.30743
3.24944
3.19288
3.14011
3.09044
3.04361
2.99861
2.95504
2.91212
2.86973
2.82712
2.78417
2.74069
2.69655
2.65163
2.60588
2.55935
2.51206
2.46424
2.41581
2.36679
2.31725
2.26799
2.21911
2.17149
2.12512
2.08047
2.03631
1.9934
1.9497
1.90765
1.86622
1.82784
1.79082
1.75563
1.72098
1.68633
1.65158
1.61664
1.58148
1.54952
1.52024
1.49328
1.46685
1.44533
1.40264
1.3785
1.38017
1.37899
1.42556
1.55038
1.77074
2.01288
2.50371
2.91682
2.94419
2.94144
2.90737
2.88536
2.88655
)
;

boundaryField
{
    inlet
    {
        type            calculated;
        value           uniform 1.40845;
    }
    outlet
    {
        type            calculated;
        value           nonuniform List<scalar> 
40
(
1.87483
2.0082
2.20523
2.34886
2.45346
2.52619
2.57146
2.59714
2.60792
2.60917
2.60618
2.60459
2.60903
2.61878
2.62454
2.62136
2.61622
2.61064
2.60569
2.59974
2.59136
2.58053
2.56476
2.54629
2.52898
2.50641
2.47447
2.43781
2.38737
2.33671
2.28798
2.24705
2.29156
2.45991
2.75102
3.00108
3.06518
3.03168
2.9833
2.88655
)
;
    }
    bottom
    {
        type            symmetryPlane;
    }
    top
    {
        type            symmetryPlane;
    }
    obstacle
    {
        type            calculated;
        value           nonuniform List<scalar> 
110
(
6.67156
6.67498
6.66073
6.6404
6.60062
6.54587
6.47517
6.35826
6.20574
5.9612
1.73817
1.74083
2.05945
1.82523
2.03137
1.91409
1.73881
1.52423
1.47612
1.48509
1.49453
1.4932
1.48623
1.42721
1.35845
1.33318
1.3244
1.32425
1.32895
1.3289
1.32728
1.32186
1.31669
1.308
1.30434
1.30162
1.30181
1.30502
1.31813
1.33394
1.3651
1.4041
1.44729
1.49857
1.55244
1.61909
1.68268
1.74379
1.79877
1.89341
1.95754
2.02397
2.10338
2.16721
2.21737
2.2797
2.32936
2.36864
2.3978
2.43256
2.45674
2.477
2.49183
2.50278
2.50977
2.51274
2.51396
2.51209
2.5068
2.4997
2.49017
2.47855
2.46611
2.45326
2.4396
2.42488
2.40976
2.39402
2.37843
2.36246
2.34678
2.33093
2.31538
2.29965
2.28411
2.26837
2.25282
2.23713
2.22178
2.2064
2.19132
2.17605
2.16086
2.14545
2.13005
2.11443
2.09876
2.08286
2.06694
2.0508
2.03473
2.01839
2.00226
1.98581
1.96953
1.95273
1.93582
1.92115
1.89586
1.87483
)
;
    }
    defaultFaces
    {
        type            empty;
    }
}


// ************************************************************************* //
