/*--------------------------------*- C++ -*----------------------------------*\
| =========                 |                                                 |
| \\      /  F ield         | OpenFOAM: The Open Source CFD Toolbox           |
|  \\    /   O peration     | Version:  v2106                                 |
|   \\  /    A nd           | Website:  www.openfoam.com                      |
|    \\/     M anipulation  |                                                 |
\*---------------------------------------------------------------------------*/
FoamFile
{
    version     2.0;
    format      ascii;
    arch        "LSB;label=32;scalar=64";
    class       volScalarField;
    location    "2";
    object      Mo;
}
// * * * * * * * * * * * * * * * * * * * * * * * * * * * * * * * * * * * * * //

dimensions      [0 0 0 0 0 0 0];

internalField   nonuniform List<scalar> 
5250
(
3.01265
3.01265
3.01265
3.01265
3.01265
3.01265
3.01265
3.01264
3.01263
3.01225
3.01036
2.98378
2.86071
2.38203
1.37415
0.328587
0.375539
0.344614
0.295951
0.256093
0.215244
0.171649
0.123194
0.0782396
0.0351975
3.01265
3.01265
3.01265
3.01265
3.01265
3.01265
3.01265
3.01264
3.01263
3.01226
3.01042
2.98439
2.86318
2.38965
1.38356
0.336729
0.375879
0.346772
0.299152
0.259767
0.219694
0.17759
0.135226
0.0960504
0.0682392
3.01265
3.01265
3.01265
3.01265
3.01265
3.01265
3.01265
3.01264
3.01263
3.01227
3.01054
2.98569
2.86842
2.40603
1.40591
0.355921
0.376379
0.352382
0.310001
0.2709
0.232718
0.195761
0.159381
0.12753
0.110445
3.01265
3.01265
3.01265
3.01265
3.01265
3.01265
3.01265
3.01264
3.01264
3.0123
3.01071
2.98756
2.87604
2.43009
1.43906
0.385003
0.379138
0.363128
0.328718
0.288322
0.254176
0.221845
0.190635
0.165428
0.153563
3.01265
3.01265
3.01265
3.01265
3.01265
3.01265
3.01265
3.01264
3.01264
3.01234
3.01091
2.99012
2.88645
2.4648
1.48168
0.439722
0.370775
0.371832
0.3453
0.311697
0.282988
0.252926
0.227515
0.207911
0.201069
3.01265
3.01265
3.01265
3.01265
3.01265
3.01265
3.01265
3.01264
3.01264
3.01237
3.01118
2.99278
2.90003
2.51036
1.53832
0.517688
0.360468
0.385858
0.362346
0.337253
0.312712
0.290252
0.27129
0.256727
0.253021
3.01265
3.01265
3.01265
3.01265
3.01265
3.01265
3.01265
3.01265
3.01263
3.01245
3.01098
2.99735
2.90754
2.5719
1.61743
0.62139
0.344662
0.400348
0.380422
0.360135
0.345687
0.330191
0.318003
0.310202
0.314306
3.01265
3.01265
3.01265
3.01265
3.01265
3.01265
3.01265
3.01265
3.01263
3.01251
3.01131
3.00175
2.92642
2.64702
1.78956
0.758401
0.327099
0.413639
0.391564
0.382538
0.377466
0.373637
0.370175
0.375607
0.389199
3.01265
3.01265
3.01265
3.01265
3.01265
3.01265
3.01265
3.01265
3.01264
3.01256
3.01168
3.00511
2.94696
2.72515
2.02445
0.970434
0.344968
0.435656
0.408565
0.405947
0.410623
0.419312
0.430729
0.441555
0.48782
3.01265
3.01265
3.01265
3.01265
3.01265
3.01265
3.01265
3.01265
3.01264
3.01259
3.01206
3.00776
2.96323
2.78584
2.15541
1.23659
0.422988
0.478193
0.443319
0.435734
0.446129
0.464334
0.495403
0.533818
0.656729
3.01265
3.01265
3.01265
3.01265
3.01265
3.01265
3.01265
3.01265
3.01264
3.0126
3.0122
3.00921
2.97384
2.82833
2.2673
1.36076
0.546946
0.541621
0.49478
0.478486
0.489127
0.516854
0.567726
0.660589
0.87586
3.01265
3.01265
3.01265
3.01265
3.01265
3.01265
3.01265
3.01265
3.01264
3.01264
3.01225
3.0105
2.98398
2.87188
2.39102
1.47169
0.661955
0.610461
0.557204
0.536168
0.542649
0.574634
0.637159
0.769716
0.941254
3.01265
3.01265
3.01265
3.01265
3.01265
3.01265
3.01265
3.01265
3.01264
3.01264
3.01238
3.01123
2.99359
2.90557
2.52001
1.61193
0.798005
0.608421
0.621516
0.609563
0.604567
0.631386
0.683853
0.81492
0.951213
3.01265
3.01265
3.01265
3.01265
3.01265
3.01265
3.01265
3.01265
3.01265
3.01263
3.01251
3.01147
3.00269
2.9305
2.66342
1.82281
1.00187
0.594114
0.638909
0.666324
0.666139
0.686288
0.729206
0.829166
0.955559
3.01265
3.01265
3.01265
3.01265
3.01265
3.01265
3.01265
3.01265
3.01265
3.01264
3.0126
3.01194
3.00778
2.96167
2.78227
2.17169
1.31859
0.62874
0.664585
0.690932
0.708615
0.735404
0.774044
0.850018
0.954927
3.01265
3.01265
3.01265
3.01265
3.01265
3.01265
3.01265
3.01265
3.01265
3.01264
3.01262
3.01216
3.00974
2.97773
2.84503
2.34281
1.51198
0.769875
0.711242
0.722568
0.743906
0.774337
0.81571
0.878485
0.966099
3.01265
3.01265
3.01265
3.01265
3.01265
3.01265
3.01265
3.01265
3.01265
3.01264
3.01264
3.01235
3.0111
2.99196
2.90089
2.5026
1.66372
0.959592
0.759751
0.76955
0.785611
0.813092
0.851935
0.906714
0.980197
3.01265
3.01265
3.01265
3.01265
3.01265
3.01265
3.01265
3.01265
3.01265
3.01265
3.01263
3.01251
3.0115
3.00314
2.93481
2.67989
1.85676
1.22918
0.780589
0.806217
0.824691
0.850738
0.886029
0.934331
0.996921
3.01265
3.01265
3.01265
3.01265
3.01265
3.01265
3.01265
3.01265
3.01265
3.01265
3.01264
3.01262
3.01198
3.00899
2.96732
2.81784
2.26682
1.52079
0.877434
0.839591
0.852501
0.873549
0.907847
0.954831
1.01376
3.01265
3.01265
3.01265
3.01265
3.01265
3.01265
3.01265
3.01265
3.01265
3.01265
3.01264
3.01261
3.01233
3.01002
2.98964
2.8719
2.4987
1.72467
1.07729
0.881445
0.88956
0.906566
0.935637
0.977083
1.0297
3.01265
3.01265
3.01265
3.01265
3.01265
3.01265
3.01265
3.01265
3.01265
3.01265
3.01265
3.01262
3.01262
3.0111
3.00611
2.92371
2.70772
1.92708
1.38637
0.919712
0.928896
0.942904
0.966354
1.00099
1.04666
3.01265
3.01265
3.01265
3.01265
3.01265
3.01265
3.01265
3.01265
3.01265
3.01265
3.01265
3.01264
3.01258
3.01208
3.00805
2.97501
2.81307
2.33294
1.65881
1.05718
0.967614
0.974004
0.992361
1.02237
1.06267
3.01265
3.01265
3.01265
3.01265
3.01265
3.01265
3.01265
3.01265
3.01265
3.01265
3.01265
3.01265
3.0126
3.01266
3.00973
3.00488
2.86986
2.63548
1.89515
1.31405
1.02593
1.01426
1.02643
1.04857
1.08197
3.01265
3.01265
3.01265
3.01265
3.01265
3.01265
3.01265
3.01265
3.01265
3.01265
3.01265
3.01265
3.01264
3.01255
3.01178
3.00599
2.9595
2.76664
2.19583
1.61705
1.09466
1.05501
1.05148
1.07241
1.10211
3.01265
3.01265
3.01265
3.01265
3.01265
3.01265
3.01265
3.01265
3.01265
3.01265
3.01265
3.01265
3.01264
3.01259
3.01251
3.00859
3.00607
2.83738
2.606
1.92566
1.33532
1.10849
1.08747
1.10246
1.12662
3.01265
3.01265
3.01265
3.01265
3.01265
3.01265
3.01265
3.01265
3.01265
3.01265
3.01265
3.01265
3.01265
3.01263
3.01252
3.01151
3.0045
2.94646
2.73781
2.10969
1.67223
1.16396
1.13012
1.1306
1.1526
3.01265
3.01265
3.01265
3.01265
3.01265
3.01265
3.01265
3.01265
3.01265
3.01265
3.01265
3.01265
3.01265
3.01263
3.01257
3.01246
3.00839
3.00548
2.82584
2.55847
1.93351
1.38368
1.18348
1.16671
1.18398
3.01265
3.01265
3.01265
3.01265
3.01265
3.01265
3.01265
3.01265
3.01265
3.01265
3.01265
3.01265
3.01265
3.01265
3.01263
3.0125
3.01141
3.00402
2.94135
2.73623
2.1222
1.72943
1.23906
1.20877
1.20804
3.01265
3.01265
3.01265
3.01265
3.01265
3.01265
3.01265
3.01265
3.01265
3.01265
3.01265
3.01265
3.01265
3.01265
3.01264
3.01256
3.01254
3.00833
3.00631
2.83094
2.56953
1.97675
1.46302
1.26067
1.23866
3.01265
3.01265
3.01265
3.01265
3.01265
3.01265
3.01265
3.01265
3.01265
3.01265
3.01265
3.01265
3.01265
3.01265
3.01265
3.01263
3.01251
3.01144
3.00475
2.94502
2.75672
2.19199
1.79789
1.32005
1.27751
3.01265
3.01265
3.01265
3.01265
3.01265
3.01265
3.01265
3.01265
3.01265
3.01265
3.01265
3.01265
3.01265
3.01265
3.01265
3.01264
3.01259
3.01265
3.00882
3.00612
2.85136
2.62363
2.0471
1.56222
1.33463
3.01265
3.01265
3.01265
3.01265
3.01265
3.01265
3.01265
3.01265
3.01265
3.01265
3.01265
3.01265
3.01265
3.01265
3.01265
3.01265
3.01263
3.01256
3.01161
3.00643
2.95417
2.79177
2.32408
1.87632
1.42302
3.01265
3.01265
3.01265
3.01265
3.01265
3.01265
3.01265
3.01265
3.01265
3.01265
3.01265
3.01265
3.01265
3.01265
3.01265
3.01265
3.01265
3.01263
3.0129
3.01017
3.00614
2.87919
2.7231
2.12729
1.70554
3.01265
3.01265
3.01265
3.01265
3.01265
3.01265
3.01265
3.01265
3.01265
3.01265
3.01265
3.01265
3.01265
3.01265
3.01265
3.01265
3.01265
3.01264
3.01256
3.01183
3.00736
2.96716
2.81449
2.51023
2.02236
3.01265
3.01265
3.01265
3.01265
3.01265
3.01265
3.01265
3.01265
3.01265
3.01265
3.01265
3.01265
3.01265
3.01265
3.01265
3.01265
3.01265
3.01265
3.01262
3.01261
3.01112
3.00268
2.93276
2.76856
2.26723
3.01265
3.01265
3.01265
3.01265
3.01265
3.01265
3.01265
3.01265
3.01265
3.01265
3.01265
3.01265
3.01265
3.01265
3.01265
3.01265
3.01265
3.01265
3.01263
3.0126
3.01183
3.00655
3.00276
2.84234
2.71616
3.01265
3.01265
3.01265
3.01265
3.01265
3.01265
3.01265
3.01265
3.01265
3.01265
3.01265
3.01265
3.01265
3.01265
3.01265
3.01265
3.01265
3.01265
3.01265
3.01263
3.01251
3.01169
3.00671
2.95806
2.79301
3.01265
3.01265
3.01265
3.01265
3.01265
3.01265
3.01265
3.01265
3.01265
3.01265
3.01265
3.01265
3.01265
3.01265
3.01265
3.01265
3.01265
3.01265
3.01265
3.01265
3.01261
3.01234
3.01128
3.00274
2.92781
3.01265
3.01265
3.01265
3.01265
3.01265
3.01265
3.01265
3.01265
3.01265
3.01265
3.01265
3.01265
3.01265
3.01265
3.01265
3.01265
3.01265
3.01265
3.01265
3.01265
3.01264
3.0124
3.01254
3.00763
3.01229
3.01265
3.01265
3.01265
3.01265
3.01265
3.01265
3.01265
3.01265
3.01265
3.01265
3.01265
3.01265
3.01265
3.01265
3.01265
3.01265
3.01265
3.01265
3.01265
3.01265
3.01265
3.01262
3.0126
3.01151
3.00884
3.01265
3.01265
3.01265
3.01265
3.01265
3.01265
3.01265
3.01265
3.01265
3.01265
3.01265
3.01265
3.01265
3.01265
3.01265
3.01265
3.01265
3.01265
3.01265
3.01265
3.01265
3.01264
3.01263
3.01239
3.01149
3.01265
3.01265
3.01265
3.01265
3.01265
3.01265
3.01265
3.01265
3.01265
3.01265
3.01265
3.01265
3.01265
3.01265
3.01265
3.01265
3.01265
3.01265
3.01265
3.01265
3.01265
3.01265
3.01264
3.01262
3.01159
3.01265
3.01265
3.01265
3.01265
3.01265
3.01265
3.01265
3.01265
3.01265
3.01265
3.01265
3.01265
3.01265
3.01265
3.01265
3.01265
3.01265
3.01265
3.01265
3.01265
3.01265
3.01265
3.01265
3.01262
3.01238
3.01265
3.01265
3.01265
3.01265
3.01265
3.01265
3.01265
3.01265
3.01265
3.01265
3.01265
3.01265
3.01265
3.01265
3.01265
3.01265
3.01265
3.01265
3.01265
3.01265
3.01265
3.01265
3.01265
3.01262
3.01242
3.01265
3.01265
3.01265
3.01265
3.01265
3.01265
3.01265
3.01265
3.01265
3.01265
3.01265
3.01265
3.01265
3.01265
3.01265
3.01265
3.01265
3.01265
3.01265
3.01265
3.01265
3.01265
3.01265
3.01263
3.01244
3.01265
3.01265
3.01265
3.01265
3.01265
3.01265
3.01265
3.01265
3.01265
3.01265
3.01265
3.01265
3.01265
3.01265
3.01265
3.01265
3.01265
3.01265
3.01265
3.01265
3.01265
3.01265
3.01265
3.01263
3.01245
3.01265
3.01265
3.01265
3.01265
3.01265
3.01265
3.01265
3.01265
3.01265
3.01265
3.01265
3.01265
3.01265
3.01265
3.01265
3.01265
3.01265
3.01265
3.01265
3.01265
3.01265
3.01265
3.01265
3.01263
3.01243
3.01265
3.01265
3.01265
3.01265
3.01265
3.01265
3.01265
3.01265
3.01265
3.01265
3.01265
3.01265
3.01265
3.01265
3.01265
3.01265
3.01265
3.01265
3.01265
3.01265
3.01265
3.01265
3.01265
3.01263
3.01245
3.01265
3.01265
3.01265
3.01265
3.01265
3.01265
3.01265
3.01265
3.01265
3.01265
3.01265
3.01265
3.01265
3.01265
3.01265
3.01265
3.01265
3.01265
3.01265
3.01265
3.01265
3.01265
3.01265
3.01263
3.01244
3.01265
3.01265
3.01265
3.01265
3.01265
3.01265
3.01265
3.01265
3.01265
3.01265
3.01265
3.01265
3.01265
3.01265
3.01265
3.01265
3.01265
3.01265
3.01265
3.01265
3.01265
3.01265
3.01265
3.01263
3.01244
1.09066
0.30481
0.516265
0.557434
0.570565
0.559333
0.661636
0.702431
0.681696
0.641538
0.630314
0.686747
0.745934
0.788176
0.824982
0.853112
0.873139
0.888179
0.901343
0.937077
0.975371
1.00585
1.02541
1.03508
1.03494
1.01816
0.996269
0.957283
0.90867
0.845946
0.765488
0.684181
0.599929
0.510557
0.413532
0.312477
0.217102
0.128653
0.0484929
0.0536839
0.118852
0.182541
0.242342
0.296856
0.34546
0.389495
0.429484
0.463921
0.492738
0.516773
0.536447
0.551974
0.56396
0.573548
0.581223
0.587916
0.593894
0.599412
0.604637
0.609443
0.613999
0.61847
0.622796
0.6272
0.631854
0.63689
0.642313
0.648152
0.654424
0.661185
0.668581
0.676699
0.685646
0.695442
0.70611
0.717811
0.730542
0.744057
0.75806
0.77257
0.787443
0.802591
0.81795
0.833221
0.848582
0.863757
0.878949
0.893809
0.908657
0.923152
0.937584
0.951724
0.965624
0.979256
0.992321
1.00518
1.01711
1.02942
1.03972
1.05411
1.09253
0.850595
0.572004
0.318288
0.197374
0.448973
0.531529
0.561259
0.571579
0.568106
0.576305
0.629961
0.671543
0.707322
0.737483
0.759401
0.77002
0.772104
0.777978
0.823855
0.864076
0.899118
0.920166
0.929379
0.925661
0.902262
0.876708
0.834005
0.775755
0.711466
0.629894
0.550665
0.47049
0.384582
0.293703
0.202779
0.132003
0.0931587
0.128468
0.186797
0.247258
0.303493
0.356866
0.406427
0.450758
0.490581
0.527053
0.560158
0.590047
0.617232
0.641478
0.66208
0.679304
0.69349
0.705283
0.71485
0.722563
0.728384
0.732924
0.736315
0.738623
0.740252
0.741363
0.742253
0.743081
0.744188
0.745748
0.747857
0.750465
0.753653
0.757615
0.762485
0.768331
0.77519
0.783074
0.792119
0.802298
0.813442
0.825396
0.83803
0.851216
0.864846
0.878825
0.893016
0.907343
0.921595
0.935828
0.949749
0.963584
0.976947
0.990135
1.00273
1.01498
1.02674
1.03793
1.04897
1.05925
1.06963
1.07842
1.09022
1.08391
1.07768
0.977134
0.802314
0.562522
0.427252
0.290817
0.147359
0.0934142
0.27447
0.44671
0.488831
0.516488
0.542534
0.559013
0.564159
0.564814
0.567264
0.587907
0.628747
0.659842
0.686485
0.700544
0.705234
0.683044
0.662637
0.634531
0.591977
0.532785
0.469963
0.382345
0.312067
0.252542
0.178306
0.137779
0.161809
0.22921
0.277771
0.32283
0.368864
0.412919
0.452459
0.490822
0.526273
0.556128
0.583999
0.609362
0.633226
0.656015
0.677175
0.695939
0.713203
0.728772
0.742494
0.753865
0.763886
0.772508
0.779893
0.78591
0.790534
0.793589
0.795271
0.796191
0.796495
0.796174
0.795316
0.794959
0.795334
0.79611
0.797416
0.799507
0.80267
0.807057
0.81269
0.819554
0.827743
0.837217
0.847789
0.859276
0.871493
0.88427
0.897483
0.91103
0.924795
0.938673
0.952546
0.966262
0.980013
0.99346
1.00662
1.01928
1.03144
1.04302
1.05409
1.06431
1.07408
1.083
1.09204
1.09984
1.11037
1.08092
1.17675
1.2195
1.17634
1.03794
0.849168
0.696421
0.564008
0.439059
0.322666
0.273578
0.185306
0.128166
0.0831243
0.0607314
0.0816844
0.118345
0.174867
0.257797
0.306213
0.334892
0.359832
0.364458
0.371555
0.344015
0.327203
0.287304
0.244099
0.19375
0.137935
0.104642
0.163713
0.300041
0.400507
0.478634
0.500333
0.506855
0.517149
0.53569
0.55513
0.574222
0.593155
0.615716
0.638602
0.657574
0.674101
0.690933
0.706709
0.721986
0.737744
0.753598
0.767133
0.77686
0.783689
0.789805
0.796307
0.802292
0.80742
0.811981
0.815756
0.818064
0.819254
0.819627
0.819179
0.817834
0.815757
0.813492
0.81215
0.811819
0.811746
0.812217
0.813746
0.816691
0.821198
0.827185
0.834696
0.843663
0.853868
0.865085
0.877095
0.889711
0.902793
0.916214
0.929846
0.943712
0.957513
0.97132
0.98522
0.998707
1.01254
1.02572
1.03896
1.05134
1.06344
1.07436
1.08484
1.0937
1.1027
1.10966
1.11915
1.08465
1.19622
1.27796
1.34305
1.28617
1.2103
1.12173
1.01078
0.872696
0.716049
0.599315
0.512746
0.455398
0.39793
0.344583
0.28654
0.244323
0.198747
0.200529
0.190283
0.188851
0.168857
0.158093
0.129117
0.0946154
0.0711792
0.0988399
0.157179
0.28257
0.439153
0.602662
0.703798
0.749176
0.763827
0.755537
0.73514
0.707603
0.698457
0.698971
0.698558
0.70234
0.70958
0.719605
0.729371
0.73671
0.745261
0.756417
0.767438
0.77806
0.789115
0.800742
0.812247
0.821004
0.82616
0.829566
0.832609
0.835346
0.837047
0.837572
0.837156
0.835928
0.834209
0.83203
0.82937
0.826355
0.823229
0.820214
0.817686
0.816611
0.816318
0.816518
0.817816
0.820524
0.82477
0.830616
0.838131
0.847214
0.857579
0.868936
0.880999
0.893607
0.906613
0.919879
0.933276
0.946838
0.960243
0.97372
0.987213
1.00014
1.01342
1.02589
1.03885
1.05102
1.06346
1.0751
1.08687
1.09655
1.10647
1.1139
1.12365
1.07922
1.18547
1.28258
1.36317
1.41906
1.39097
1.35176
1.31096
1.24572
1.15068
1.0407
0.92904
0.845419
0.772951
0.700841
0.623354
0.566095
0.499483
0.461643
0.420528
0.415942
0.395093
0.384175
0.359721
0.338191
0.337543
0.386329
0.509347
0.681204
0.859291
0.961339
1.01872
1.01609
0.995632
0.960382
0.918219
0.870712
0.84355
0.825263
0.809178
0.799667
0.797553
0.797995
0.797794
0.797663
0.803237
0.810895
0.817585
0.82315
0.82961
0.837672
0.846103
0.855175
0.862782
0.866976
0.868826
0.86919
0.868476
0.866089
0.861876
0.85639
0.850688
0.844965
0.839433
0.834279
0.829401
0.825041
0.821469
0.819724
0.819751
0.820393
0.821805
0.82448
0.828769
0.834741
0.842449
0.85181
0.862477
0.874068
0.886314
0.899088
0.912245
0.925612
0.939053
0.95256
0.965803
0.978881
0.991907
1.0044
1.01702
1.02884
1.04121
1.05278
1.06477
1.07613
1.08801
1.09834
1.10906
1.11699
1.12723
1.0731
1.16851
1.26078
1.34041
1.41401
1.45896
1.45719
1.4403
1.42168
1.38382
1.33597
1.28295
1.22511
1.1626
1.09338
1.01421
0.950902
0.880504
0.828566
0.766731
0.739573
0.699408
0.674859
0.632558
0.604246
0.611765
0.692244
0.837819
0.995481
1.12894
1.1988
1.25934
1.25483
1.22453
1.15995
1.07904
0.99019
0.942353
0.912514
0.888505
0.869789
0.857883
0.853235
0.847671
0.846523
0.84955
0.852241
0.854498
0.857681
0.863321
0.871117
0.878178
0.882373
0.887442
0.893545
0.896819
0.897058
0.895323
0.89198
0.886299
0.87906
0.871021
0.862689
0.854568
0.847085
0.840034
0.833705
0.828232
0.824618
0.823998
0.824856
0.826388
0.828926
0.833075
0.83905
0.846954
0.856658
0.867607
0.879475
0.892021
0.905006
0.918295
0.93176
0.945278
0.958816
0.971838
0.984675
0.997228
1.00947
1.02151
1.03289
1.04469
1.0557
1.06724
1.07823
1.08981
1.1004
1.11148
1.11982
1.13051
1.07461
1.1614
1.24554
1.3267
1.38668
1.44616
1.48131
1.49528
1.50321
1.50412
1.48991
1.46357
1.43067
1.40131
1.37176
1.33842
1.30074
1.2534
1.20616
1.14737
1.10621
1.05344
1.01809
0.970787
0.921654
0.919146
0.975822
1.07161
1.18954
1.29153
1.36775
1.41957
1.41739
1.39124
1.32753
1.21495
1.0954
0.998934
0.966615
0.941021
0.919449
0.904352
0.895521
0.886284
0.881636
0.884175
0.884353
0.884344
0.887167
0.892879
0.899317
0.903021
0.905673
0.909437
0.915676
0.922312
0.923894
0.922634
0.91951
0.913713
0.905602
0.896241
0.885833
0.875284
0.864964
0.855547
0.84687
0.839306
0.833625
0.830763
0.831147
0.832585
0.834873
0.838713
0.844598
0.852616
0.862597
0.873867
0.885946
0.898559
0.911538
0.924743
0.938135
0.951523
0.96485
0.977534
0.990181
1.00234
1.01436
1.0259
1.03715
1.04844
1.05918
1.07044
1.08103
1.09221
1.10266
1.11395
1.12254
1.13351
1.08308
1.15717
1.23728
1.30995
1.37533
1.42054
1.46025
1.49863
1.52998
1.54435
1.55157
1.55487
1.55132
1.53514
1.52071
1.50949
1.49598
1.47451
1.45045
1.42601
1.40158
1.37056
1.33441
1.28114
1.22026
1.17277
1.15515
1.21445
1.29728
1.38731
1.46136
1.50141
1.50436
1.4854
1.43987
1.35385
1.21708
1.07567
1.00078
0.978155
0.956171
0.940212
0.927954
0.916518
0.911896
0.911921
0.911105
0.911899
0.914945
0.918991
0.920779
0.921737
0.924453
0.928715
0.9339
0.940544
0.945039
0.945346
0.943016
0.938399
0.931381
0.922592
0.912003
0.900042
0.887337
0.875624
0.864949
0.855438
0.84765
0.842247
0.841002
0.842365
0.844673
0.848029
0.8532
0.860582
0.870236
0.881662
0.893827
0.906362
0.919151
0.932008
0.944969
0.957896
0.970699
0.983089
0.995439
1.00741
1.01922
1.03041
1.04154
1.05242
1.063
1.07381
1.08406
1.09498
1.10514
1.11618
1.12483
1.13597
1.0922
1.15919
1.23149
1.29905
1.36059
1.41524
1.4499
1.48307
1.5209
1.54794
1.56774
1.57993
1.59365
1.5965
1.59179
1.58862
1.58841
1.58607
1.5863
1.57034
1.55817
1.53323
1.49255
1.42703
1.32812
1.25554
1.23148
1.28294
1.34706
1.40168
1.45361
1.50208
1.51891
1.52474
1.50203
1.44663
1.3454
1.19582
1.05238
1.00351
0.983987
0.968964
0.957091
0.94517
0.940842
0.935276
0.933658
0.935931
0.938569
0.939953
0.940955
0.941707
0.943394
0.946268
0.949647
0.953669
0.958987
0.96333
0.963862
0.961457
0.956503
0.949359
0.940179
0.929004
0.916146
0.902406
0.889721
0.878338
0.868654
0.861092
0.856956
0.857211
0.859174
0.861897
0.865939
0.872162
0.880734
0.891405
0.90333
0.915491
0.927687
0.93988
0.952127
0.964342
0.976432
0.988531
1.00065
1.01243
1.02407
1.03511
1.04588
1.05666
1.06669
1.07724
1.08726
1.09773
1.10748
1.11827
1.12708
1.13844
1.10194
1.16334
1.2281
1.29314
1.3509
1.40525
1.44635
1.47863
1.50816
1.54104
1.56313
1.57642
1.59292
1.60997
1.61837
1.62381
1.62842
1.63572
1.64673
1.65079
1.63573
1.60846
1.55358
1.46671
1.34305
1.21902
1.24319
1.28707
1.32971
1.375
1.42301
1.47142
1.50275
1.53073
1.52684
1.49395
1.42778
1.30837
1.17187
1.03353
1.00682
0.992
0.98265
0.972724
0.965339
0.960113
0.958517
0.959512
0.959507
0.958918
0.959977
0.961193
0.962178
0.962842
0.964933
0.9679
0.971926
0.97691
0.981868
0.983324
0.981283
0.976403
0.968968
0.959265
0.947597
0.934383
0.920879
0.908369
0.896731
0.886574
0.878785
0.875775
0.877339
0.880276
0.8839
0.888725
0.895306
0.903959
0.914489
0.925621
0.936844
0.948053
0.959495
0.97104
0.982607
0.994267
1.00595
1.01756
1.02915
1.03974
1.05057
1.06054
1.07034
1.08072
1.0902
1.10028
1.1098
1.1203
1.12891
1.14014
1.11262
1.16918
1.22846
1.28737
1.34401
1.39304
1.43999
1.47538
1.5058
1.53428
1.56079
1.57276
1.58454
1.59918
1.61741
1.63243
1.64611
1.6584
1.66692
1.67503
1.65791
1.6191
1.53969
1.40056
1.26578
1.19175
1.22436
1.26668
1.30868
1.34908
1.38977
1.43416
1.46955
1.50319
1.51715
1.50528
1.47024
1.39885
1.26651
1.14741
1.02687
1.01534
1.00731
0.999909
0.991622
0.987147
0.982011
0.98001
0.981995
0.982658
0.98189
0.980389
0.980001
0.98176
0.984774
0.988625
0.990277
0.992531
0.995983
1.00054
1.00304
1.0011
0.996728
0.989934
0.980845
0.969691
0.956934
0.94397
0.931879
0.920448
0.909758
0.900925
0.897325
0.899062
0.902816
0.907673
0.913193
0.919705
0.927812
0.937461
0.947487
0.957829
0.968571
0.979394
0.990355
1.00129
1.01245
1.02355
1.0343
1.0446
1.055
1.06464
1.07418
1.08418
1.09322
1.10299
1.11224
1.12211
1.13081
1.14243
1.12579
1.17765
1.23301
1.28641
1.34039
1.38606
1.42884
1.47134
1.50333
1.53019
1.55697
1.57358
1.58352
1.5954
1.61008
1.62767
1.64478
1.66206
1.66754
1.65986
1.63528
1.57446
1.45704
1.32163
1.1749
1.18807
1.2108
1.24384
1.28079
1.31997
1.35498
1.38798
1.42319
1.45879
1.49733
1.49862
1.48575
1.44519
1.36608
1.23745
1.11294
1.04099
1.03187
1.02575
1.01893
1.01189
1.00957
1.00587
1.00524
1.00678
1.00627
1.00464
1.00331
1.00375
1.00394
1.00347
1.00465
1.00784
1.01263
1.0181
1.02228
1.02329
1.02134
1.01713
1.01094
1.00272
0.992691
0.981369
0.969901
0.958777
0.947652
0.93617
0.925566
0.91971
0.919786
0.923367
0.92909
0.935917
0.943387
0.951752
0.960959
0.970395
0.980186
0.990474
1.00068
1.01098
1.02121
1.03115
1.04114
1.05074
1.06033
1.06972
1.07879
1.08785
1.09668
1.1056
1.11436
1.12416
1.13285
1.14438
1.14208
1.18824
1.23955
1.28867
1.33757
1.38456
1.42283
1.46217
1.49846
1.5268
1.55172
1.57506
1.5847
1.59607
1.61106
1.62815
1.64314
1.65762
1.65341
1.63462
1.58481
1.48958
1.33897
1.1799
1.15626
1.16742
1.18896
1.21636
1.24927
1.28393
1.31803
1.35272
1.38567
1.42231
1.45538
1.48746
1.48235
1.46496
1.4193
1.33827
1.21827
1.10553
1.05991
1.05341
1.04782
1.0419
1.03797
1.03452
1.0301
1.02912
1.02825
1.02646
1.02446
1.02426
1.02489
1.02624
1.02836
1.03121
1.03387
1.03581
1.0382
1.04128
1.04341
1.04152
1.03753
1.03245
1.02592
1.01758
1.0073
0.996969
0.9864
0.975865
0.965315
0.954204
0.944965
0.941764
0.944148
0.9505
0.958644
0.967097
0.975879
0.984801
0.994056
1.00333
1.01264
1.02193
1.03103
1.04006
1.04912
1.05772
1.0667
1.07515
1.08334
1.09211
1.10017
1.1089
1.11735
1.12637
1.13485
1.14658
1.16227
1.20228
1.24943
1.29267
1.33689
1.38526
1.41982
1.45582
1.49407
1.52284
1.54764
1.57198
1.5874
1.60018
1.61593
1.63092
1.64415
1.64189
1.62786
1.58838
1.50541
1.35805
1.2234
1.13271
1.14214
1.15541
1.17402
1.19723
1.22467
1.25668
1.2909
1.32597
1.35661
1.3882
1.42551
1.45396
1.476
1.46872
1.44827
1.40068
1.31467
1.2112
1.11101
1.08388
1.07748
1.07196
1.06628
1.06197
1.05905
1.05692
1.0545
1.05121
1.05105
1.05205
1.05301
1.05289
1.05312
1.05372
1.05457
1.0559
1.05803
1.06115
1.06452
1.06495
1.06251
1.05852
1.05365
1.04759
1.03957
1.03067
1.02136
1.01217
1.00229
0.991832
0.981374
0.972329
0.967056
0.967712
0.973906
0.982007
0.990311
0.998833
1.00766
1.0162
1.02471
1.03285
1.04106
1.04912
1.0573
1.0651
1.07283
1.08068
1.0883
1.09641
1.10409
1.11195
1.12009
1.12872
1.13706
1.14875
1.18332
1.21867
1.26046
1.29931
1.3399
1.38278
1.42159
1.4542
1.48919
1.52421
1.54644
1.56728
1.58813
1.60814
1.62395
1.64003
1.63728
1.62504
1.59094
1.51709
1.37759
1.25825
1.12653
1.12871
1.13643
1.14723
1.16239
1.1827
1.20837
1.23884
1.27167
1.30167
1.33237
1.3634
1.39651
1.43129
1.46421
1.47014
1.46219
1.43842
1.38817
1.29777
1.21493
1.12402
1.10973
1.10297
1.09572
1.09211
1.08858
1.08462
1.0795
1.07685
1.07777
1.07824
1.07685
1.07682
1.07761
1.07887
1.07969
1.08027
1.08108
1.08246
1.08428
1.08626
1.08615
1.08322
1.0788
1.07345
1.06699
1.05913
1.05111
1.04291
1.03441
1.02543
1.01579
1.00654
0.998864
0.994317
0.993968
0.99902
1.00618
1.01368
1.02151
1.02939
1.03697
1.04404
1.05142
1.05879
1.06549
1.07226
1.0794
1.08654
1.09322
1.10067
1.10791
1.11526
1.12355
1.13131
1.13933
1.15089
1.20767
1.23834
1.27245
1.30982
1.3441
1.38171
1.42397
1.45519
1.48767
1.52494
1.54776
1.56616
1.58991
1.61297
1.63673
1.63637
1.62586
1.59587
1.52932
1.40624
1.27188
1.13625
1.13142
1.13337
1.13799
1.14613
1.15887
1.17761
1.20129
1.22822
1.25635
1.2852
1.3154
1.34553
1.37619
1.41024
1.43988
1.46969
1.46885
1.45957
1.43218
1.3802
1.29378
1.2168
1.14454
1.13612
1.12643
1.12164
1.11715
1.11115
1.10729
1.10721
1.10747
1.10707
1.10698
1.10739
1.10778
1.10632
1.10418
1.10356
1.10401
1.10516
1.10595
1.10667
1.1071
1.10619
1.10266
1.09758
1.09129
1.08381
1.0764
1.06919
1.06218
1.055
1.04638
1.03752
1.02943
1.02352
1.01973
1.01896
1.02306
1.0292
1.03569
1.04267
1.0493
1.05578
1.06232
1.06877
1.07471
1.08102
1.08666
1.09227
1.09882
1.10551
1.11226
1.11879
1.12616
1.13363
1.14144
1.15294
1.23091
1.25711
1.28507
1.31947
1.35151
1.38593
1.42614
1.45602
1.4883
1.52286
1.55179
1.56849
1.59377
1.61901
1.63424
1.62489
1.59916
1.53966
1.4337
1.29214
1.16098
1.13675
1.13783
1.13917
1.14154
1.14766
1.15854
1.17449
1.19477
1.21844
1.24444
1.27245
1.30144
1.33097
1.3609
1.39118
1.42582
1.45298
1.47659
1.47222
1.45936
1.4285
1.37561
1.29494
1.2208
1.17212
1.16255
1.15388
1.14806
1.14194
1.13843
1.13757
1.13634
1.13558
1.13452
1.13277
1.13091
1.1305
1.13048
1.1309
1.13131
1.1294
1.12769
1.1267
1.12626
1.12589
1.12477
1.11967
1.11279
1.10646
1.10036
1.09395
1.08794
1.08116
1.07353
1.06584
1.05861
1.0526
1.04724
1.04328
1.04261
1.04551
1.05071
1.05615
1.06182
1.06785
1.07381
1.07914
1.08465
1.08911
1.09406
1.09955
1.10536
1.11031
1.11629
1.12233
1.12911
1.13692
1.14416
1.15473
1.25755
1.27843
1.30126
1.32899
1.36061
1.39339
1.4307
1.4595
1.48878
1.51912
1.55573
1.57412
1.5973
1.62238
1.62007
1.59953
1.54653
1.45109
1.31209
1.18163
1.14775
1.14779
1.1473
1.1491
1.15175
1.15606
1.16335
1.17576
1.19285
1.21407
1.23837
1.2653
1.29311
1.32079
1.34919
1.3785
1.40896
1.44123
1.46771
1.48131
1.47541
1.46054
1.4282
1.37337
1.30153
1.23348
1.20268
1.19219
1.18144
1.17658
1.17055
1.16745
1.1654
1.16354
1.16239
1.16238
1.16185
1.16088
1.15896
1.15629
1.15309
1.15136
1.15018
1.14907
1.14784
1.14653
1.1449
1.1413
1.13559
1.13022
1.12488
1.11859
1.11185
1.10563
1.09941
1.093
1.08662
1.08018
1.07396
1.06834
1.06509
1.06429
1.06591
1.07025
1.0753
1.08017
1.08484
1.08919
1.09318
1.09764
1.10256
1.10708
1.11128
1.1164
1.12106
1.1261
1.13279
1.13978
1.14586
1.15661
1.26812
1.28856
1.31284
1.33874
1.37063
1.40266
1.43663
1.47046
1.49164
1.51969
1.55301
1.58346
1.59945
1.61128
1.59389
1.54808
1.46206
1.32963
1.20062
1.15771
1.15866
1.15981
1.15735
1.15628
1.16037
1.16555
1.17392
1.18555
1.20056
1.21922
1.24119
1.26545
1.29081
1.31708
1.34383
1.37187
1.40003
1.43133
1.45759
1.48335
1.48824
1.48123
1.46401
1.43075
1.3731
1.3155
1.25459
1.2313
1.22188
1.21288
1.20503
1.1996
1.19865
1.19685
1.19439
1.19154
1.18793
1.18516
1.18231
1.17966
1.17662
1.17512
1.17386
1.1721
1.16986
1.16735
1.16493
1.16226
1.15918
1.155
1.14963
1.14285
1.13582
1.12995
1.12488
1.11961
1.11376
1.1072
1.10021
1.09324
1.08825
1.08557
1.08386
1.08526
1.08846
1.09165
1.09501
1.09898
1.10275
1.10698
1.11044
1.11379
1.1181
1.12196
1.12583
1.13135
1.13676
1.14172
1.14861
1.15922
1.30061
1.30644
1.32738
1.35057
1.37942
1.4115
1.44296
1.48306
1.49967
1.52503
1.55379
1.58703
1.60062
1.58471
1.54379
1.46599
1.34126
1.21926
1.17084
1.17354
1.17518
1.17581
1.17167
1.16975
1.17131
1.17584
1.18387
1.19482
1.2086
1.22527
1.24452
1.26624
1.29047
1.31564
1.34179
1.36831
1.39555
1.42374
1.45529
1.48157
1.49892
1.49762
1.4902
1.47152
1.43783
1.3814
1.33205
1.27531
1.26187
1.25184
1.24382
1.23566
1.2301
1.22644
1.22285
1.21885
1.21459
1.21109
1.20754
1.2048
1.20179
1.19834
1.1946
1.19268
1.19072
1.18847
1.1863
1.18398
1.18159
1.17924
1.17464
1.16756
1.16088
1.15521
1.15012
1.14503
1.13932
1.13284
1.12527
1.1175
1.11121
1.10659
1.10292
1.10144
1.10109
1.10248
1.10578
1.10893
1.11212
1.11532
1.11867
1.12211
1.12462
1.1275
1.13188
1.13618
1.14
1.14557
1.15192
1.16079
1.33884
1.32719
1.34428
1.36554
1.38981
1.42027
1.4538
1.49101
1.51403
1.53585
1.55686
1.58502
1.5731
1.53746
1.46496
1.34525
1.22389
1.17777
1.18506
1.19341
1.19588
1.19557
1.19462
1.19276
1.19277
1.19546
1.20042
1.20852
1.2202
1.23537
1.25369
1.27458
1.29725
1.32108
1.34574
1.37083
1.39665
1.42315
1.45201
1.4803
1.50411
1.51564
1.51213
1.50237
1.48157
1.44731
1.39422
1.34772
1.30047
1.29072
1.28096
1.27248
1.26552
1.2582
1.25326
1.24821
1.24366
1.23958
1.23465
1.22929
1.22433
1.22076
1.21671
1.21359
1.21118
1.2093
1.20745
1.20562
1.20415
1.20245
1.19773
1.19201
1.1872
1.18281
1.17767
1.17095
1.16399
1.15702
1.14911
1.14134
1.13447
1.12839
1.12213
1.1171
1.11492
1.1145
1.11636
1.11838
1.12136
1.12408
1.12637
1.1281
1.13055
1.13396
1.1375
1.14068
1.14478
1.14956
1.15426
1.16395
1.39157
1.36346
1.36563
1.38179
1.40217
1.42968
1.46479
1.4984
1.53106
1.54631
1.56367
1.55876
1.52749
1.45995
1.34416
1.228
1.17357
1.18982
1.20165
1.21283
1.21376
1.21575
1.2183
1.22187
1.22547
1.22732
1.23004
1.23515
1.2432
1.25473
1.26998
1.28868
1.31009
1.33317
1.35719
1.38102
1.40475
1.42831
1.45254
1.48054
1.50431
1.52655
1.53347
1.5282
1.51655
1.49411
1.45942
1.40925
1.36475
1.32712
1.31778
1.30783
1.30036
1.29301
1.2867
1.27986
1.27316
1.26708
1.26175
1.25549
1.2484
1.24231
1.23708
1.23422
1.2321
1.23058
1.22926
1.22805
1.22723
1.22484
1.22098
1.21718
1.21406
1.21012
1.20465
1.19678
1.18855
1.18125
1.17346
1.16538
1.15721
1.14862
1.14082
1.13396
1.12905
1.12709
1.12542
1.12691
1.13011
1.13225
1.13354
1.13562
1.1379
1.14044
1.14303
1.14569
1.14836
1.15234
1.15793
1.16727
1.56085
1.4293
1.40276
1.41219
1.4281
1.44929
1.48098
1.51155
1.54169
1.56302
1.54987
1.51492
1.44918
1.334
1.2193
1.1664
1.18531
1.20043
1.21815
1.22479
1.23128
1.23818
1.24601
1.25361
1.25843
1.26362
1.26744
1.2724
1.27881
1.28712
1.29813
1.31215
1.32911
1.3484
1.36927
1.39104
1.41306
1.4354
1.45805
1.48151
1.50825
1.52917
1.54898
1.55116
1.54494
1.53225
1.50914
1.47454
1.42771
1.38512
1.3523
1.34437
1.33746
1.32959
1.32155
1.31323
1.30431
1.2952
1.28651
1.27991
1.2728
1.26583
1.25954
1.25552
1.25367
1.25182
1.25066
1.24977
1.24914
1.24752
1.24478
1.24197
1.23866
1.23468
1.22926
1.22165
1.21367
1.2058
1.19747
1.18833
1.17853
1.1689
1.15898
1.15089
1.14442
1.13966
1.13727
1.13675
1.13654
1.13899
1.14152
1.14325
1.14452
1.14576
1.14759
1.15024
1.15272
1.15592
1.16048
1.16869
1.91209
1.48129
1.44785
1.43191
1.44781
1.46645
1.49653
1.52176
1.55227
1.54372
1.50861
1.43945
1.32076
1.20366
1.15172
1.17144
1.1935
1.21529
1.22847
1.23872
1.24888
1.26049
1.27254
1.28447
1.2942
1.30055
1.30575
1.31077
1.31671
1.32372
1.33227
1.34275
1.35526
1.36978
1.38607
1.40384
1.42293
1.44298
1.46402
1.48609
1.50899
1.53494
1.55606
1.56988
1.56977
1.563
1.54912
1.52555
1.49103
1.44556
1.40473
1.3761
1.36802
1.3595
1.35178
1.34287
1.33332
1.32361
1.31449
1.30537
1.29758
1.28998
1.28269
1.27708
1.27496
1.2728
1.27119
1.27053
1.27027
1.26957
1.26804
1.26588
1.26299
1.25926
1.25383
1.24637
1.23848
1.22989
1.22097
1.2104
1.19888
1.18806
1.17667
1.16689
1.15909
1.15222
1.14825
1.14602
1.14497
1.14606
1.14741
1.14943
1.15108
1.15216
1.15249
1.15478
1.15736
1.16007
1.16267
1.17126
2.17193
1.7309
1.50232
1.47043
1.46618
1.48166
1.50898
1.52557
1.53612
1.50219
1.4333
1.31197
1.19218
1.13147
1.15529
1.18122
1.20733
1.22271
1.23359
1.24624
1.26081
1.27684
1.29328
1.30832
1.32166
1.3327
1.34175
1.34942
1.35603
1.36287
1.37011
1.37812
1.38716
1.39753
1.4095
1.42308
1.4385
1.4556
1.47403
1.49447
1.51523
1.53872
1.56155
1.58269
1.58914
1.58915
1.58141
1.567
1.54182
1.50676
1.46512
1.42742
1.39584
1.38606
1.3781
1.37055
1.36206
1.35264
1.34231
1.33186
1.3221
1.31283
1.3056
1.29916
1.29574
1.29446
1.2928
1.29139
1.29106
1.29079
1.29045
1.28884
1.28599
1.2817
1.27586
1.26896
1.26114
1.25313
1.24394
1.23264
1.21957
1.20706
1.19445
1.18313
1.17336
1.16568
1.15932
1.15565
1.15425
1.15425
1.1543
1.15487
1.15654
1.15788
1.1586
1.15866
1.16044
1.16291
1.16583
1.17321
2.43968
2.07641
1.64044
1.5293
1.49467
1.50085
1.52482
1.52654
1.49443
1.42465
1.29968
1.17579
1.11829
1.14161
1.17114
1.20034
1.21558
1.22911
1.2436
1.25909
1.27612
1.29365
1.31097
1.32782
1.3446
1.35972
1.37314
1.38452
1.39408
1.40215
1.40938
1.41608
1.42297
1.43037
1.43887
1.44867
1.46021
1.47368
1.48915
1.50638
1.52591
1.54596
1.56948
1.59042
1.60587
1.61189
1.61048
1.60127
1.58495
1.55999
1.52416
1.47943
1.44111
1.41237
1.403
1.39441
1.38508
1.37526
1.36564
1.35546
1.34547
1.33606
1.32811
1.32188
1.31818
1.31591
1.31446
1.31333
1.31223
1.31161
1.31141
1.31031
1.30709
1.30246
1.2967
1.29021
1.28325
1.27527
1.26559
1.25366
1.23942
1.22492
1.21101
1.19801
1.18717
1.1776
1.17097
1.16541
1.16223
1.16141
1.16166
1.16174
1.16165
1.16259
1.16346
1.16413
1.16499
1.16662
1.16924
1.17533
2.78555
2.30835
1.9743
1.57505
1.53394
1.51521
1.51415
1.48083
1.40399
1.27298
1.13766
1.0951
1.11806
1.15254
1.18383
1.20227
1.2152
1.22979
1.24606
1.26361
1.28236
1.30151
1.3215
1.34223
1.36228
1.38188
1.39837
1.41198
1.42398
1.43453
1.44367
1.45202
1.45903
1.46576
1.47299
1.48091
1.48993
1.50053
1.51294
1.52718
1.54323
1.5612
1.58049
1.60217
1.62072
1.63197
1.63605
1.63199
1.62213
1.60404
1.57699
1.54129
1.49973
1.46139
1.42794
1.41559
1.40593
1.3956
1.38584
1.37722
1.36848
1.3592
1.35114
1.34268
1.33954
1.33622
1.33438
1.33359
1.33272
1.33156
1.33067
1.32906
1.32611
1.3217
1.31623
1.31017
1.30322
1.29492
1.28495
1.273
1.25883
1.24305
1.22776
1.21315
1.20084
1.19041
1.18166
1.17571
1.172
1.16922
1.16834
1.16853
1.16842
1.16803
1.16809
1.1685
1.16907
1.1701
1.17207
1.17764
2.85953
2.76719
2.24385
1.82343
1.5855
1.54802
1.48922
1.39095
1.24135
1.09066
1.07121
1.09766
1.137
1.17266
1.19409
1.20585
1.22026
1.23735
1.25597
1.27591
1.29609
1.31729
1.33931
1.36146
1.38279
1.40307
1.42134
1.43657
1.44948
1.46112
1.47215
1.48225
1.49122
1.49948
1.50662
1.51353
1.5211
1.52976
1.54007
1.55227
1.56635
1.58245
1.60052
1.61955
1.63753
1.65603
1.66652
1.66793
1.66212
1.64909
1.62985
1.60076
1.56201
1.51428
1.47566
1.44027
1.4235
1.41231
1.40288
1.39493
1.3865
1.37776
1.36913
1.3611
1.35553
1.35335
1.35277
1.3518
1.3508
1.34958
1.34821
1.34631
1.34355
1.33958
1.33456
1.32858
1.3214
1.31282
1.30255
1.29029
1.27585
1.25935
1.24244
1.22656
1.21278
1.20151
1.19228
1.18516
1.17989
1.17745
1.17571
1.17492
1.17453
1.17406
1.17347
1.17317
1.17348
1.17413
1.17554
1.18029
2.96171
2.8242
2.51362
2.13894
1.74516
1.58809
1.40903
1.22122
1.02713
1.03351
1.06061
1.10861
1.15106
1.18074
1.19086
1.20326
1.21848
1.23596
1.25463
1.27448
1.29626
1.32033
1.34501
1.37041
1.39448
1.41716
1.43748
1.45493
1.47011
1.48392
1.49713
1.50937
1.52133
1.53238
1.54181
1.55067
1.56027
1.57103
1.58317
1.59664
1.61137
1.62703
1.6454
1.66326
1.68093
1.69783
1.71006
1.71472
1.71221
1.70244
1.68662
1.66083
1.62735
1.58615
1.5351
1.491
1.45266
1.43034
1.42016
1.41128
1.40229
1.39364
1.38528
1.37707
1.37159
1.36788
1.36703
1.36614
1.36567
1.36468
1.36313
1.36101
1.35838
1.35494
1.35044
1.34457
1.33735
1.32866
1.31823
1.30582
1.2913
1.27484
1.25724
1.24027
1.22532
1.21282
1.20269
1.19469
1.18912
1.18521
1.18326
1.18209
1.18095
1.17985
1.17868
1.17801
1.17771
1.17776
1.17861
1.18255
3.00372
2.93541
2.79703
2.4287
2.011
1.63425
1.34103
1.0076
1.02115
1.05308
1.09844
1.14007
1.17461
1.19331
1.20054
1.21139
1.22709
1.24457
1.26433
1.28618
1.3106
1.33707
1.3635
1.39021
1.41597
1.44017
1.46294
1.48459
1.50433
1.52251
1.5389
1.55478
1.56999
1.58338
1.59673
1.60745
1.61778
1.62789
1.63785
1.64769
1.65825
1.66922
1.68133
1.69662
1.70716
1.71937
1.73268
1.74601
1.75313
1.75132
1.74403
1.72637
1.70035
1.66307
1.61628
1.55981
1.51041
1.46539
1.4438
1.43055
1.41852
1.40866
1.399
1.3885
1.38334
1.38029
1.37887
1.37727
1.37647
1.37569
1.37486
1.37288
1.3705
1.36734
1.36311
1.35753
1.35055
1.34205
1.33175
1.31939
1.3049
1.28839
1.27041
1.25253
1.23662
1.22296
1.21198
1.20308
1.19664
1.19248
1.18993
1.18826
1.18698
1.18561
1.1841
1.18289
1.18213
1.18166
1.18198
1.18513
3.00807
3.00073
2.84145
2.73549
2.1452
1.54722
1.05725
1.04662
1.08809
1.15257
1.21033
1.2445
1.25265
1.25944
1.26692
1.27647
1.28796
1.3021
1.31961
1.34038
1.36306
1.38643
1.40931
1.43158
1.45379
1.47612
1.49742
1.5176
1.53648
1.55426
1.56995
1.58421
1.59723
1.60873
1.61872
1.62685
1.63345
1.63946
1.64559
1.65246
1.65999
1.66839
1.67772
1.68824
1.7001
1.71042
1.72305
1.73707
1.75102
1.75654
1.7551
1.74944
1.73631
1.71287
1.6799
1.63752
1.58535
1.53587
1.48945
1.46593
1.44783
1.43239
1.41762
1.4025
1.39528
1.39159
1.38881
1.38696
1.38578
1.38469
1.38317
1.38163
1.37918
1.37592
1.37186
1.3668
1.36049
1.3526
1.34285
1.33103
1.31707
1.30105
1.28334
1.26493
1.24837
1.23364
1.2215
1.2114
1.20432
1.19921
1.19623
1.1942
1.19251
1.19059
1.1887
1.18709
1.18575
1.1848
1.18462
1.18706
3.01057
2.99706
2.89799
2.6473
1.93362
1.12358
0.73212
0.842134
0.972796
1.07695
1.13402
1.17407
1.19415
1.21258
1.22991
1.24632
1.26225
1.27789
1.29525
1.31514
1.33455
1.35455
1.37591
1.39832
1.42185
1.44642
1.47021
1.49229
1.51168
1.52994
1.54665
1.56297
1.57772
1.59156
1.60261
1.61329
1.61957
1.62597
1.63265
1.63947
1.64688
1.6553
1.66394
1.67237
1.6816
1.69231
1.70491
1.71803
1.73279
1.74447
1.74613
1.74227
1.7346
1.7224
1.70151
1.6732
1.63782
1.59613
1.55405
1.51523
1.48777
1.46686
1.44615
1.42518
1.41252
1.40658
1.40229
1.39862
1.39581
1.39333
1.39072
1.38813
1.38513
1.38142
1.37718
1.37234
1.36659
1.35951
1.35067
1.33976
1.32664
1.31137
1.29426
1.27593
1.25884
1.24349
1.22997
1.21849
1.21045
1.20465
1.20134
1.19917
1.19733
1.19524
1.19319
1.1912
1.18943
1.18791
1.18732
1.18898
3.01079
2.99771
2.90795
2.59198
1.72858
0.732324
0.448836
0.574335
0.716871
0.841514
0.929234
0.992903
1.04672
1.09397
1.13008
1.15571
1.17743
1.1975
1.21721
1.23787
1.25979
1.28344
1.30744
1.33119
1.35483
1.3782
1.40158
1.42558
1.4487
1.47025
1.48854
1.50677
1.52294
1.53834
1.55313
1.56303
1.5706
1.57516
1.57843
1.58012
1.58106
1.5845
1.58852
1.59319
1.59951
1.60939
1.62435
1.64401
1.66641
1.68869
1.70236
1.70398
1.70219
1.69604
1.68445
1.66711
1.64414
1.61685
1.58562
1.55456
1.52336
1.49701
1.47245
1.44797
1.4299
1.42221
1.41706
1.41212
1.40777
1.40348
1.39853
1.39356
1.38912
1.38405
1.37916
1.37416
1.36837
1.36154
1.35337
1.34354
1.33177
1.31792
1.30221
1.2851
1.26839
1.2532
1.23911
1.2262
1.21707
1.21063
1.20689
1.20436
1.20237
1.20002
1.19748
1.19471
1.19262
1.19067
1.19
1.19093
3.01087
2.99678
2.90576
2.57818
1.64824
0.635201
0.361489
0.45722
0.534552
0.601224
0.671526
0.743364
0.813039
0.879753
0.936705
0.982463
1.01908
1.04816
1.07192
1.09632
1.11828
1.13889
1.15872
1.17832
1.19843
1.21967
1.24225
1.26649
1.2924
1.31947
1.34573
1.36937
1.39171
1.40857
1.42497
1.43525
1.44331
1.44872
1.45388
1.45928
1.46759
1.47774
1.48596
1.49433
1.50501
1.51874
1.53533
1.55461
1.5751
1.59527
1.61646
1.63233
1.64334
1.64464
1.63719
1.62672
1.61154
1.59202
1.569
1.54293
1.51773
1.493
1.46879
1.4465
1.42622
1.42083
1.41935
1.41733
1.41399
1.40942
1.40364
1.39725
1.39059
1.38403
1.37795
1.37242
1.36679
1.36028
1.35264
1.34364
1.33298
1.32041
1.30601
1.29053
1.27507
1.26077
1.24749
1.2343
1.22388
1.21649
1.21215
1.20937
1.20741
1.20503
1.2023
1.19933
1.1969
1.19442
1.19316
1.19295
3.01096
2.99751
2.90944
2.59192
1.66733
0.685921
0.40449
0.480031
0.533599
0.560427
0.591489
0.626448
0.665136
0.707105
0.750838
0.79494
0.838163
0.877052
0.913287
0.946786
0.97562
1.0005
1.02286
1.04395
1.0644
1.08467
1.10518
1.12649
1.14904
1.17301
1.1985
1.22378
1.2499
1.27149
1.29289
1.31418
1.33357
1.35277
1.37256
1.38974
1.40306
1.41389
1.42511
1.43716
1.44977
1.46265
1.47611
1.49014
1.50439
1.51805
1.53404
1.55151
1.56739
1.58288
1.5828
1.5777
1.57004
1.55897
1.54378
1.52453
1.50264
1.47854
1.45212
1.42994
1.40809
1.39914
1.39947
1.40045
1.40056
1.39915
1.39586
1.39087
1.38469
1.37839
1.37234
1.36694
1.36158
1.35602
1.34938
1.34148
1.33219
1.32142
1.30901
1.29542
1.28181
1.26894
1.25732
1.24583
1.23421
1.22543
1.2199
1.21638
1.21381
1.21076
1.2071
1.20306
1.1998
1.19641
1.19473
1.19395
3.01091
2.9969
2.90653
2.57823
1.63501
0.643046
0.40454
0.473162
0.519552
0.544261
0.573237
0.605411
0.638703
0.67232
0.706875
0.743092
0.78114
0.82037
0.858072
0.892148
0.922096
0.948769
0.973131
0.995732
1.01682
1.03709
1.05706
1.07733
1.09839
1.12068
1.14455
1.16995
1.19623
1.22264
1.24993
1.27787
1.30513
1.32818
1.34628
1.36169
1.37541
1.38634
1.39379
1.39852
1.40138
1.40352
1.40844
1.41592
1.42477
1.43487
1.4474
1.46198
1.47697
1.49368
1.50827
1.51136
1.51161
1.51021
1.50312
1.49211
1.47719
1.45874
1.43619
1.41444
1.39422
1.37856
1.37577
1.37559
1.37606
1.37639
1.37555
1.37346
1.36994
1.36504
1.35971
1.35446
1.34927
1.34445
1.34043
1.33584
1.32985
1.32205
1.31239
1.30117
1.28998
1.27865
1.2687
1.259
1.24833
1.23838
1.23086
1.22537
1.22106
1.21662
1.2119
1.2074
1.20356
1.20001
1.19813
1.19672
3.01096
2.99746
2.90935
2.59047
1.65603
0.679987
0.423327
0.48727
0.529999
0.548499
0.571263
0.598023
0.627908
0.660604
0.695837
0.732901
0.77129
0.809764
0.846621
0.880721
0.911481
0.939329
0.964731
0.987823
1.00933
1.0298
1.04987
1.07033
1.09166
1.11417
1.13822
1.16404
1.19177
1.2211
1.24858
1.27236
1.29331
1.31162
1.32769
1.33859
1.34677
1.34881
1.34362
1.33544
1.328
1.3249
1.32499
1.32691
1.33092
1.33813
1.34862
1.36248
1.3795
1.39609
1.41347
1.42483
1.43343
1.44265
1.44603
1.44066
1.43308
1.42224
1.40763
1.38771
1.37274
1.35694
1.35186
1.35006
1.34907
1.34859
1.34826
1.34773
1.34685
1.34498
1.34202
1.33878
1.33536
1.33196
1.32974
1.32832
1.32634
1.32287
1.31768
1.31122
1.30373
1.29442
1.28585
1.2781
1.26869
1.25819
1.24774
1.23839
1.23043
1.22433
1.21878
1.21276
1.20831
1.20348
1.20101
1.19868
3.01094
2.99724
2.90827
2.58545
1.64508
0.665544
0.426241
0.485964
0.524141
0.542671
0.566247
0.594678
0.626438
0.660462
0.696241
0.733284
0.771242
0.808678
0.84438
0.877298
0.907634
0.93527
0.960923
0.984313
1.00622
1.02726
1.04795
1.06912
1.09126
1.11467
1.13988
1.16725
1.19522
1.22197
1.24641
1.26891
1.29084
1.30864
1.32126
1.32465
1.31823
1.30538
1.28879
1.27133
1.25443
1.23931
1.23141
1.22951
1.23109
1.23539
1.2436
1.25778
1.27613
1.29448
1.31471
1.33191
1.34693
1.36118
1.37386
1.37524
1.3757
1.37155
1.36289
1.34921
1.33667
1.32531
1.31954
1.31731
1.31661
1.31634
1.31637
1.31654
1.31675
1.31689
1.31696
1.31659
1.31682
1.31793
1.319
1.32045
1.32245
1.32426
1.3254
1.32441
1.31886
1.30968
1.30073
1.29341
1.28428
1.27287
1.26069
1.24904
1.23891
1.2318
1.22455
1.21714
1.21163
1.20597
1.20322
1.20062
3.01096
2.99745
2.90938
2.59025
1.6536
0.680083
0.431614
0.490112
0.524963
0.542138
0.564937
0.592909
0.62447
0.658787
0.695356
0.733408
0.772244
0.810065
0.845836
0.878629
0.908871
0.936525
0.962189
0.985656
1.00773
1.02898
1.05002
1.07162
1.09431
1.11861
1.14518
1.17313
1.20093
1.22792
1.25313
1.27619
1.2945
1.30735
1.31296
1.30814
1.29587
1.27731
1.25579
1.23351
1.20997
1.18479
1.16717
1.16059
1.16204
1.16676
1.17413
1.18379
1.19439
1.20866
1.22717
1.24707
1.26514
1.28214
1.29837
1.30451
1.30659
1.30908
1.30407
1.29301
1.28139
1.27071
1.26567
1.26311
1.26194
1.26162
1.26206
1.26296
1.26454
1.26649
1.2694
1.27322
1.27751
1.28263
1.28864
1.29561
1.30364
1.31255
1.3217
1.32634
1.32314
1.31647
1.31139
1.30493
1.29499
1.28241
1.26869
1.25508
1.2445
1.23579
1.22708
1.2188
1.21265
1.20648
1.20356
1.20076
)
;

boundaryField
{
    inlet
    {
        type            calculated;
        value           uniform 3.01265;
    }
    outlet
    {
        type            calculated;
        value           nonuniform List<scalar> 
40
(
1.05411
1.09022
1.11037
1.11915
1.12365
1.12723
1.13051
1.13351
1.13597
1.13844
1.14014
1.14243
1.14438
1.14658
1.14875
1.15089
1.15294
1.15473
1.15661
1.15922
1.16079
1.16395
1.16727
1.16869
1.17126
1.17321
1.17533
1.17764
1.18029
1.18255
1.18513
1.18706
1.18898
1.19093
1.19295
1.19395
1.19672
1.19868
1.20062
1.20076
)
;
    }
    bottom
    {
        type            symmetryPlane;
    }
    top
    {
        type            symmetryPlane;
    }
    obstacle
    {
        type            calculated;
        value           nonuniform List<scalar> 
110
(
0.0229286
0.0636816
0.107305
0.151472
0.19868
0.251219
0.31167
0.386793
0.478528
0.653869
0.759813
0.0241372
0.512994
0.538685
0.558237
0.559325
0.653589
0.696573
0.679944
0.641061
0.630258
0.685957
0.745721
0.788163
0.824902
0.852942
0.872976
0.888053
0.901323
0.937074
0.975345
1.00578
1.02531
1.03499
1.03487
1.01808
0.996199
0.957188
0.908593
0.845825
0.765456
0.684175
0.599903
0.510169
0.412402
0.310311
0.214932
0.124515
0.036226
0.0469748
0.116179
0.180904
0.241213
0.296086
0.344924
0.38911
0.429225
0.463765
0.492638
0.516713
0.536413
0.551958
0.563952
0.573544
0.58122
0.587914
0.593892
0.59941
0.604634
0.60944
0.613995
0.618466
0.622791
0.627196
0.631848
0.636883
0.642305
0.648143
0.654414
0.661174
0.668568
0.676684
0.68563
0.695424
0.706091
0.71779
0.73052
0.744033
0.758036
0.772545
0.78742
0.802567
0.817926
0.833199
0.84856
0.863736
0.878928
0.893789
0.908637
0.923134
0.937566
0.951707
0.965606
0.97924
0.992305
1.00517
1.0171
1.02941
1.03971
1.0541
)
;
    }
    defaultFaces
    {
        type            empty;
    }
}


// ************************************************************************* //
