/*--------------------------------*- C++ -*----------------------------------*\
| =========                 |                                                 |
| \\      /  F ield         | OpenFOAM: The Open Source CFD Toolbox           |
|  \\    /   O peration     | Version:  v2106                                 |
|   \\  /    A nd           | Website:  www.openfoam.com                      |
|    \\/     M anipulation  |                                                 |
\*---------------------------------------------------------------------------*/
FoamFile
{
    version     2.0;
    format      ascii;
    arch        "LSB;label=32;scalar=64";
    class       volScalarField;
    location    "2";
    object      psi;
}
// * * * * * * * * * * * * * * * * * * * * * * * * * * * * * * * * * * * * * //

dimensions      [0 -2 2 0 0 0 0];

internalField   nonuniform List<scalar> 
5250
(
1.40845
1.40845
1.40845
1.40845
1.40845
1.40845
1.40845
1.40845
1.40842
1.40814
1.40564
1.38281
1.23657
0.887408
0.487005
0.554312
0.561569
0.554275
0.551935
0.551073
0.551339
0.553033
0.557498
0.564989
0.576128
1.40845
1.40845
1.40845
1.40845
1.40845
1.40845
1.40845
1.40845
1.40842
1.40815
1.4057
1.38339
1.23938
0.891497
0.488977
0.555939
0.561942
0.555573
0.551859
0.551559
0.55184
0.553576
0.558075
0.565602
0.576947
1.40845
1.40845
1.40845
1.40845
1.40845
1.40845
1.40845
1.40845
1.40842
1.40816
1.40584
1.38458
1.24535
0.900314
0.493276
0.559643
0.562139
0.557669
0.552384
0.552623
0.553126
0.555095
0.559664
0.567449
0.579233
1.40845
1.40845
1.40845
1.40845
1.40845
1.40845
1.40845
1.40845
1.40842
1.40818
1.40603
1.38629
1.25414
0.913671
0.499921
0.564777
0.563726
0.561146
0.553369
0.553637
0.554364
0.556598
0.5614
0.569537
0.581807
1.40845
1.40845
1.40845
1.40845
1.40845
1.40845
1.40845
1.40845
1.40843
1.40821
1.40628
1.38854
1.26636
0.933552
0.508351
0.556053
0.570531
0.568429
0.557221
0.556785
0.556698
0.558466
0.563465
0.572007
0.5851
1.40845
1.40845
1.40845
1.40845
1.40845
1.40845
1.40845
1.40845
1.40843
1.40824
1.40656
1.39106
1.28085
0.960628
0.520208
0.541426
0.577993
0.577481
0.565327
0.561659
0.559834
0.561307
0.566034
0.57535
0.589724
1.40845
1.40845
1.40845
1.40845
1.40845
1.40845
1.40845
1.40845
1.40843
1.40826
1.40676
1.39355
1.30055
0.996163
0.539762
0.532637
0.580565
0.585063
0.574493
0.56809
0.564609
0.565348
0.569787
0.579331
0.595631
1.40845
1.40845
1.40845
1.40845
1.40845
1.40845
1.40845
1.40845
1.40843
1.40831
1.40715
1.39732
1.32335
1.04233
0.614865
0.522643
0.595132
0.594954
0.583113
0.576486
0.569768
0.57004
0.573782
0.585352
0.605862
1.40845
1.40845
1.40845
1.40845
1.40845
1.40845
1.40845
1.40845
1.40844
1.40835
1.40753
1.40063
1.34494
1.09955
0.722605
0.50426
0.622195
0.617169
0.599435
0.585786
0.577441
0.576772
0.581222
0.591342
0.621399
1.40845
1.40845
1.40845
1.40845
1.40845
1.40845
1.40845
1.40845
1.40844
1.40839
1.40787
1.40335
1.36227
1.153
0.775128
0.472758
0.606379
0.622738
0.614646
0.600148
0.588147
0.583984
0.589772
0.600867
0.661119
1.40845
1.40845
1.40845
1.40845
1.40845
1.40845
1.40845
1.40845
1.40845
1.4084
1.40801
1.40473
1.37381
1.19637
0.831643
0.463596
0.58923
0.616582
0.617184
0.613516
0.602255
0.595349
0.606289
0.63426
0.741458
1.40845
1.40845
1.40845
1.40845
1.40845
1.40845
1.40845
1.40845
1.40845
1.40842
1.40815
1.40574
1.38343
1.24193
0.896104
0.476358
0.582612
0.598114
0.612656
0.618826
0.615907
0.610776
0.61839
0.63706
0.765723
1.40845
1.40845
1.40845
1.40845
1.40845
1.40845
1.40845
1.40845
1.40845
1.40843
1.40824
1.40662
1.39175
1.28577
0.966249
0.50891
0.556069
0.604612
0.614373
0.626878
0.632147
0.625814
0.632399
0.645844
0.759024
1.40845
1.40845
1.40845
1.40845
1.40845
1.40845
1.40845
1.40845
1.40845
1.40844
1.40831
1.40726
1.3984
1.32866
1.04802
0.582057
0.534662
0.610773
0.622004
0.626919
0.634694
0.638844
0.64712
0.660479
0.742784
1.40845
1.40845
1.40845
1.40845
1.40845
1.40845
1.40845
1.40845
1.40845
1.40844
1.40838
1.40783
1.40296
1.36076
1.14625
0.756658
0.492888
0.611857
0.626198
0.6291
0.636517
0.645565
0.656248
0.671892
0.723616
1.40845
1.40845
1.40845
1.40845
1.40845
1.40845
1.40845
1.40845
1.40845
1.40845
1.40841
1.40805
1.40492
1.37696
1.21178
0.85641
0.486041
0.614452
0.622756
0.633816
0.640429
0.65139
0.66529
0.684314
0.721562
1.40845
1.40845
1.40845
1.40845
1.40845
1.40845
1.40845
1.40845
1.40845
1.40845
1.40843
1.40822
1.40643
1.39025
1.27785
0.950763
0.503144
0.586752
0.633227
0.646413
0.649729
0.657695
0.67049
0.689643
0.721571
1.40845
1.40845
1.40845
1.40845
1.40845
1.40845
1.40845
1.40845
1.40845
1.40845
1.40844
1.40831
1.40728
1.39879
1.33238
1.05624
0.556222
0.547992
0.631505
0.658632
0.657543
0.661252
0.67251
0.691379
0.720825
1.40845
1.40845
1.40845
1.40845
1.40845
1.40845
1.40845
1.40845
1.40845
1.40845
1.40844
1.40839
1.40791
1.40383
1.36797
1.17217
0.7794
0.501223
0.62854
0.643621
0.663551
0.668596
0.678134
0.694641
0.720409
1.40845
1.40845
1.40845
1.40845
1.40845
1.40845
1.40845
1.40845
1.40845
1.40845
1.40845
1.40841
1.40813
1.40575
1.38575
1.26002
0.920707
0.511623
0.601801
0.64521
0.671893
0.679051
0.687216
0.700136
0.721608
1.40845
1.40845
1.40845
1.40845
1.40845
1.40845
1.40845
1.40845
1.40845
1.40845
1.40845
1.40844
1.40834
1.40736
1.39905
1.33202
1.04381
0.556862
0.56133
0.645759
0.682181
0.687865
0.694871
0.705698
0.723536
1.40845
1.40845
1.40845
1.40845
1.40845
1.40845
1.40845
1.40845
1.40845
1.40845
1.40845
1.40844
1.40838
1.40787
1.4037
1.37061
1.19459
0.788794
0.513006
0.636341
0.664135
0.692924
0.701817
0.711801
0.727051
1.40845
1.40845
1.40845
1.40845
1.40845
1.40845
1.40845
1.40845
1.40845
1.40845
1.40845
1.40845
1.40843
1.40826
1.40665
1.39353
1.29549
0.943617
0.536782
0.592345
0.66704
0.69851
0.709317
0.72054
0.733672
1.40845
1.40845
1.40845
1.40845
1.40845
1.40845
1.40845
1.40845
1.40845
1.40845
1.40845
1.40845
1.40844
1.40834
1.40758
1.40146
1.35497
1.13766
0.676842
0.53707
0.661832
0.679974
0.704688
0.723868
0.74006
1.40845
1.40845
1.40845
1.40845
1.40845
1.40845
1.40845
1.40845
1.40845
1.40845
1.40845
1.40845
1.40844
1.40837
1.40827
1.40628
1.39071
1.27885
0.884
0.538577
0.623018
0.681678
0.706709
0.724063
0.743198
1.40845
1.40845
1.40845
1.40845
1.40845
1.40845
1.40845
1.40845
1.40845
1.40845
1.40845
1.40845
1.40845
1.40843
1.40831
1.40732
1.39967
1.34279
1.09518
0.596707
0.569453
0.676437
0.696095
0.721746
0.744242
1.40845
1.40845
1.40845
1.40845
1.40845
1.40845
1.40845
1.40845
1.40845
1.40845
1.40845
1.40845
1.40845
1.40844
1.40833
1.40828
1.40623
1.38974
1.27057
0.832635
0.531358
0.632816
0.686384
0.72094
0.742227
1.40845
1.40845
1.40845
1.40845
1.40845
1.40845
1.40845
1.40845
1.40845
1.40845
1.40845
1.40845
1.40845
1.40845
1.40843
1.40829
1.4072
1.39902
1.33838
1.07897
0.579174
0.579938
0.680367
0.705194
0.736033
1.40845
1.40845
1.40845
1.40845
1.40845
1.40845
1.40845
1.40845
1.40845
1.40845
1.40845
1.40845
1.40845
1.40845
1.40844
1.40833
1.40837
1.40624
1.38927
1.27267
0.831955
0.536331
0.633085
0.694104
0.731441
1.40845
1.40845
1.40845
1.40845
1.40845
1.40845
1.40845
1.40845
1.40845
1.40845
1.40845
1.40845
1.40845
1.40845
1.40845
1.40843
1.4083
1.40725
1.39957
1.34257
1.08874
0.599237
0.580477
0.687488
0.710655
1.40845
1.40845
1.40845
1.40845
1.40845
1.40845
1.40845
1.40845
1.40845
1.40845
1.40845
1.40845
1.40845
1.40845
1.40845
1.40844
1.40836
1.40845
1.4065
1.39023
1.28276
0.871053
0.555814
0.634313
0.710457
1.40845
1.40845
1.40845
1.40845
1.40845
1.40845
1.40845
1.40845
1.40845
1.40845
1.40845
1.40845
1.40845
1.40845
1.40845
1.40845
1.40843
1.40833
1.40746
1.40103
1.35204
1.11899
0.665319
0.573263
0.686232
1.40845
1.40845
1.40845
1.40845
1.40845
1.40845
1.40845
1.40845
1.40845
1.40845
1.40845
1.40845
1.40845
1.40845
1.40845
1.40845
1.40845
1.40842
1.4086
1.40723
1.39395
1.29804
0.937029
0.581022
0.627528
1.40845
1.40845
1.40845
1.40845
1.40845
1.40845
1.40845
1.40845
1.40845
1.40845
1.40845
1.40845
1.40845
1.40845
1.40845
1.40845
1.40845
1.40844
1.40835
1.40763
1.40244
1.36352
1.15581
0.735043
0.570502
1.40845
1.40845
1.40845
1.40845
1.40845
1.40845
1.40845
1.40845
1.40845
1.40845
1.40845
1.40845
1.40845
1.40845
1.40845
1.40845
1.40845
1.40845
1.40843
1.40833
1.40732
1.39765
1.32607
1.05535
0.620548
1.40845
1.40845
1.40845
1.40845
1.40845
1.40845
1.40845
1.40845
1.40845
1.40845
1.40845
1.40845
1.40845
1.40845
1.40845
1.40845
1.40845
1.40845
1.40844
1.40837
1.40776
1.40091
1.40104
1.31969
0.869934
1.40845
1.40845
1.40845
1.40845
1.40845
1.40845
1.40845
1.40845
1.40845
1.40845
1.40845
1.40845
1.40845
1.40845
1.40845
1.40845
1.40845
1.40845
1.40845
1.40843
1.40831
1.40738
1.40141
1.35625
1.12053
1.40845
1.40845
1.40845
1.40845
1.40845
1.40845
1.40845
1.40845
1.40845
1.40845
1.40845
1.40845
1.40845
1.40845
1.40845
1.40845
1.40845
1.40845
1.40845
1.40845
1.40841
1.40815
1.40656
1.39767
1.32396
1.40845
1.40845
1.40845
1.40845
1.40845
1.40845
1.40845
1.40845
1.40845
1.40845
1.40845
1.40845
1.40845
1.40845
1.40845
1.40845
1.40845
1.40845
1.40845
1.40845
1.40844
1.40829
1.4074
1.40337
1.40842
1.40845
1.40845
1.40845
1.40845
1.40845
1.40845
1.40845
1.40845
1.40845
1.40845
1.40845
1.40845
1.40845
1.40845
1.40845
1.40845
1.40845
1.40845
1.40845
1.40845
1.40845
1.40843
1.40831
1.40753
1.40178
1.40845
1.40845
1.40845
1.40845
1.40845
1.40845
1.40845
1.40845
1.40845
1.40845
1.40845
1.40845
1.40845
1.40845
1.40845
1.40845
1.40845
1.40845
1.40845
1.40845
1.40845
1.40844
1.40839
1.40819
1.40703
1.40845
1.40845
1.40845
1.40845
1.40845
1.40845
1.40845
1.40845
1.40845
1.40845
1.40845
1.40845
1.40845
1.40845
1.40845
1.40845
1.40845
1.40845
1.40845
1.40845
1.40845
1.40845
1.40844
1.40838
1.40775
1.40845
1.40845
1.40845
1.40845
1.40845
1.40845
1.40845
1.40845
1.40845
1.40845
1.40845
1.40845
1.40845
1.40845
1.40845
1.40845
1.40845
1.40845
1.40845
1.40845
1.40845
1.40845
1.40845
1.40842
1.40818
1.40845
1.40845
1.40845
1.40845
1.40845
1.40845
1.40845
1.40845
1.40845
1.40845
1.40845
1.40845
1.40845
1.40845
1.40845
1.40845
1.40845
1.40845
1.40845
1.40845
1.40845
1.40845
1.40845
1.40842
1.40823
1.40845
1.40845
1.40845
1.40845
1.40845
1.40845
1.40845
1.40845
1.40845
1.40845
1.40845
1.40845
1.40845
1.40845
1.40845
1.40845
1.40845
1.40845
1.40845
1.40845
1.40845
1.40845
1.40845
1.40843
1.40824
1.40845
1.40845
1.40845
1.40845
1.40845
1.40845
1.40845
1.40845
1.40845
1.40845
1.40845
1.40845
1.40845
1.40845
1.40845
1.40845
1.40845
1.40845
1.40845
1.40845
1.40845
1.40845
1.40845
1.40843
1.40825
1.40845
1.40845
1.40845
1.40845
1.40845
1.40845
1.40845
1.40845
1.40845
1.40845
1.40845
1.40845
1.40845
1.40845
1.40845
1.40845
1.40845
1.40845
1.40845
1.40845
1.40845
1.40845
1.40845
1.40843
1.40825
1.40845
1.40845
1.40845
1.40845
1.40845
1.40845
1.40845
1.40845
1.40845
1.40845
1.40845
1.40845
1.40845
1.40845
1.40845
1.40845
1.40845
1.40845
1.40845
1.40845
1.40845
1.40845
1.40845
1.40843
1.40825
1.40845
1.40845
1.40845
1.40845
1.40845
1.40845
1.40845
1.40845
1.40845
1.40845
1.40845
1.40845
1.40845
1.40845
1.40845
1.40845
1.40845
1.40845
1.40845
1.40845
1.40845
1.40845
1.40845
1.40843
1.40825
1.40845
1.40845
1.40845
1.40845
1.40845
1.40845
1.40845
1.40845
1.40845
1.40845
1.40845
1.40845
1.40845
1.40845
1.40845
1.40845
1.40845
1.40845
1.40845
1.40845
1.40845
1.40845
1.40845
1.40843
1.40825
0.661732
0.607925
0.658122
0.679228
0.689387
0.680715
0.707143
0.726265
0.733718
0.736024
0.735348
0.741516
0.75599
0.766671
0.77676
0.783936
0.788852
0.792131
0.794142
0.791924
0.807141
0.821387
0.830897
0.834862
0.837476
0.838552
0.839189
0.833281
0.827896
0.810432
0.794691
0.774529
0.752193
0.732779
0.714728
0.694495
0.680272
0.669463
0.663334
0.663607
0.666186
0.670946
0.674037
0.676082
0.67804
0.68099
0.685313
0.688336
0.689282
0.689371
0.689068
0.68827
0.687442
0.687265
0.687625
0.688799
0.690867
0.693697
0.697064
0.700754
0.704667
0.708709
0.712877
0.717245
0.721825
0.726467
0.731071
0.735694
0.740377
0.74511
0.749915
0.754729
0.759543
0.764277
0.768934
0.773489
0.778257
0.783011
0.787345
0.791502
0.795443
0.799213
0.802849
0.806004
0.809116
0.811853
0.814654
0.816806
0.819083
0.82072
0.822511
0.823679
0.824977
0.825649
0.82646
0.826751
0.827103
0.827679
0.82749
0.827139
0.655844
0.606755
0.615568
0.584649
0.600605
0.633235
0.626503
0.6409
0.650085
0.665401
0.678067
0.677806
0.67593
0.673501
0.673249
0.675765
0.676032
0.673996
0.672346
0.667781
0.673812
0.685159
0.690989
0.692507
0.692154
0.689688
0.686972
0.680668
0.674673
0.658933
0.646839
0.632778
0.620773
0.611501
0.60379
0.594511
0.595919
0.602522
0.61452
0.624733
0.634727
0.646554
0.658174
0.666216
0.672974
0.680143
0.68859
0.698069
0.707875
0.71772
0.726527
0.733417
0.738635
0.742896
0.746233
0.748917
0.75102
0.752881
0.75467
0.756398
0.758142
0.759956
0.761886
0.763943
0.7662
0.768757
0.771203
0.773493
0.775852
0.778279
0.780754
0.783263
0.785748
0.788157
0.790508
0.792765
0.795183
0.797843
0.800637
0.803493
0.806451
0.809556
0.812842
0.81632
0.819958
0.823548
0.82724
0.830388
0.833761
0.836264
0.838976
0.840565
0.842075
0.842709
0.843018
0.842972
0.842882
0.842807
0.84217
0.840649
0.716358
0.669848
0.631084
0.589008
0.584264
0.599052
0.588762
0.591145
0.584262
0.59586
0.582712
0.569159
0.558334
0.551568
0.547367
0.545421
0.544209
0.545593
0.552787
0.556157
0.559822
0.567434
0.570758
0.575011
0.577027
0.577517
0.576383
0.575741
0.57672
0.566005
0.56046
0.552233
0.54527
0.539562
0.536516
0.536244
0.549455
0.567823
0.58979
0.606114
0.619556
0.633724
0.648952
0.659469
0.666355
0.672166
0.67876
0.685733
0.692817
0.700627
0.709786
0.720619
0.733101
0.744284
0.75399
0.761958
0.768281
0.77371
0.778261
0.781826
0.785145
0.787965
0.790003
0.791721
0.793407
0.794912
0.796248
0.797245
0.798089
0.799016
0.800049
0.801153
0.802277
0.803366
0.804433
0.80542
0.806586
0.808081
0.809807
0.811665
0.813657
0.815833
0.81825
0.820923
0.823811
0.826937
0.830295
0.833684
0.837315
0.840347
0.843603
0.845893
0.848241
0.849699
0.850805
0.851181
0.851398
0.851716
0.851349
0.850322
0.788374
0.766025
0.714202
0.641408
0.603996
0.604285
0.595838
0.584386
0.584294
0.588298
0.590162
0.583229
0.581263
0.577438
0.574337
0.571324
0.562494
0.549688
0.539932
0.520978
0.512281
0.51523
0.518692
0.535476
0.54697
0.555999
0.557763
0.557251
0.55492
0.545944
0.522564
0.516356
0.519736
0.521399
0.523026
0.530316
0.544608
0.563876
0.587433
0.605348
0.621334
0.636131
0.652244
0.664771
0.672928
0.67912
0.685436
0.690365
0.693995
0.698106
0.703218
0.709552
0.717226
0.726419
0.737385
0.749045
0.759312
0.767286
0.773959
0.779618
0.783684
0.786306
0.788299
0.789912
0.790798
0.790886
0.790802
0.790709
0.790301
0.789583
0.788887
0.788351
0.788025
0.787945
0.788013
0.788122
0.788425
0.789111
0.790091
0.791238
0.792545
0.794049
0.7958
0.797811
0.800126
0.802833
0.805917
0.809356
0.813215
0.81741
0.822113
0.826756
0.831465
0.83583
0.839709
0.842927
0.844858
0.846902
0.84727
0.847561
0.792486
0.802097
0.787156
0.734091
0.676171
0.638431
0.627706
0.608625
0.595359
0.589104
0.591509
0.597145
0.599248
0.59646
0.595328
0.59332
0.59298
0.589739
0.583095
0.57208
0.562558
0.548701
0.545858
0.538643
0.538381
0.545162
0.559696
0.562764
0.554577
0.544274
0.544936
0.550806
0.561518
0.572801
0.574737
0.578575
0.59199
0.607766
0.623541
0.637925
0.653112
0.661685
0.670631
0.676751
0.682485
0.689844
0.696516
0.700854
0.703069
0.70561
0.708664
0.711766
0.71522
0.719732
0.72553
0.733118
0.742233
0.750765
0.757965
0.764168
0.768865
0.772278
0.774857
0.776379
0.776779
0.776686
0.776259
0.775852
0.775418
0.774635
0.773847
0.77356
0.773528
0.773661
0.774033
0.774505
0.775104
0.775964
0.776955
0.777913
0.778863
0.779876
0.780981
0.782188
0.783568
0.785258
0.787278
0.789662
0.792538
0.795919
0.799939
0.804462
0.809555
0.815147
0.821071
0.827089
0.83156
0.836266
0.838478
0.841036
0.781787
0.809658
0.815347
0.801993
0.765526
0.720235
0.686635
0.658874
0.632471
0.617627
0.608846
0.613532
0.618906
0.613838
0.610491
0.605903
0.605738
0.604769
0.60395
0.607313
0.609722
0.603143
0.602584
0.590285
0.590367
0.591274
0.586213
0.583585
0.58111
0.583398
0.592085
0.602246
0.604413
0.608808
0.612824
0.622518
0.634547
0.644842
0.654062
0.664329
0.673424
0.678587
0.684507
0.688519
0.693784
0.700184
0.703959
0.705508
0.707271
0.709998
0.713383
0.715641
0.717587
0.720155
0.723561
0.727426
0.732814
0.739362
0.745289
0.749808
0.75305
0.755284
0.756913
0.757978
0.758538
0.758778
0.758827
0.758977
0.759554
0.759987
0.760303
0.760807
0.761589
0.762622
0.763899
0.765235
0.766609
0.768112
0.769534
0.770737
0.771837
0.772934
0.773977
0.77503
0.776108
0.777372
0.778865
0.780621
0.782786
0.785449
0.78877
0.792679
0.797303
0.802614
0.808581
0.815275
0.821351
0.827716
0.831266
0.835681
0.765991
0.806107
0.824086
0.83186
0.821932
0.800586
0.773777
0.744741
0.712787
0.682996
0.660792
0.650583
0.647442
0.639304
0.63337
0.626591
0.625361
0.622617
0.623418
0.627134
0.62956
0.623733
0.62493
0.621301
0.616458
0.611607
0.597793
0.599057
0.606456
0.626388
0.663047
0.685842
0.685499
0.680241
0.66634
0.659711
0.669618
0.676839
0.680912
0.685454
0.689401
0.693522
0.696189
0.698998
0.703431
0.705655
0.707258
0.708792
0.710844
0.714383
0.718108
0.718182
0.718469
0.720008
0.722982
0.725673
0.728793
0.733202
0.738134
0.741061
0.742358
0.743003
0.743268
0.743419
0.743466
0.743518
0.743527
0.743602
0.744291
0.745646
0.746868
0.74802
0.749516
0.751423
0.753765
0.756258
0.758768
0.761086
0.763174
0.765012
0.766557
0.767943
0.769205
0.770467
0.771632
0.772911
0.77433
0.775906
0.777771
0.780059
0.782915
0.786363
0.790559
0.795484
0.801209
0.807621
0.814334
0.821664
0.826202
0.83199
0.758097
0.793666
0.823724
0.833506
0.837876
0.833161
0.825414
0.814451
0.798684
0.776537
0.753184
0.729008
0.706035
0.694939
0.684062
0.671327
0.664156
0.654352
0.651358
0.650232
0.650295
0.647151
0.642104
0.636854
0.633869
0.6052
0.606162
0.622283
0.656122
0.708312
0.743773
0.76932
0.76835
0.757157
0.73223
0.684048
0.686691
0.697885
0.700771
0.701214
0.702112
0.70321
0.704226
0.705165
0.709081
0.710092
0.71048
0.711615
0.713714
0.717228
0.718704
0.719415
0.720414
0.722125
0.724696
0.727246
0.728189
0.730264
0.733417
0.735286
0.735382
0.735028
0.734159
0.732793
0.731289
0.729963
0.728951
0.728393
0.728356
0.729273
0.730791
0.732539
0.734683
0.73746
0.740913
0.744825
0.748957
0.752881
0.756305
0.759127
0.761453
0.763367
0.76506
0.766629
0.767955
0.769369
0.770874
0.772472
0.774269
0.776409
0.779022
0.78221
0.786099
0.79071
0.796157
0.802345
0.809238
0.816955
0.822144
0.829025
0.754804
0.781731
0.81401
0.831563
0.838503
0.846997
0.849004
0.846625
0.839577
0.830346
0.819053
0.805286
0.788679
0.772219
0.761776
0.748115
0.731779
0.718611
0.706235
0.699067
0.69151
0.685739
0.675465
0.656896
0.636867
0.610422
0.632476
0.66873
0.731582
0.78638
0.804958
0.825873
0.829095
0.823179
0.799826
0.757559
0.691047
0.702926
0.713429
0.711758
0.71035
0.70922
0.709398
0.710194
0.712603
0.713209
0.71401
0.715181
0.716941
0.718436
0.71858
0.719535
0.721461
0.724157
0.725431
0.727574
0.729055
0.728858
0.729543
0.730635
0.730764
0.729923
0.728014
0.725096
0.721573
0.718262
0.715934
0.714459
0.713782
0.714163
0.715712
0.717801
0.720214
0.723341
0.727302
0.732075
0.737567
0.743558
0.748757
0.752939
0.756336
0.758995
0.761255
0.763231
0.764769
0.766337
0.767945
0.769591
0.77137
0.773425
0.775877
0.778865
0.782503
0.786864
0.792072
0.798035
0.804801
0.812543
0.818324
0.826332
0.750303
0.775861
0.802537
0.82547
0.837505
0.844482
0.854452
0.86025
0.858608
0.85557
0.851098
0.846957
0.83905
0.82999
0.824411
0.817975
0.810106
0.801846
0.788188
0.778094
0.761929
0.748346
0.729474
0.690414
0.634008
0.649051
0.682576
0.729387
0.791658
0.824006
0.849249
0.862696
0.86898
0.862828
0.845532
0.810502
0.755895
0.689001
0.709614
0.716302
0.715109
0.713967
0.713012
0.71474
0.714481
0.715198
0.717371
0.71856
0.719165
0.719769
0.72063
0.721777
0.722849
0.724849
0.725828
0.727036
0.728739
0.729492
0.728668
0.727882
0.727266
0.72629
0.724268
0.720805
0.716063
0.710705
0.706334
0.703621
0.702131
0.701858
0.702796
0.704839
0.707445
0.710595
0.714604
0.719571
0.725654
0.732907
0.740208
0.746213
0.750912
0.754574
0.757585
0.760017
0.761871
0.763641
0.76535
0.767071
0.768873
0.770866
0.773198
0.775984
0.779405
0.783517
0.788443
0.794158
0.80078
0.808479
0.814717
0.823509
0.747703
0.770762
0.793402
0.81617
0.83281
0.840432
0.849858
0.862042
0.865704
0.864267
0.862991
0.864961
0.863067
0.860719
0.858284
0.85638
0.857259
0.859139
0.851122
0.840538
0.82776
0.810248
0.778791
0.724312
0.665924
0.695055
0.729863
0.782915
0.808661
0.832729
0.858208
0.882562
0.883546
0.877496
0.863345
0.840623
0.800025
0.732273
0.691596
0.717019
0.718127
0.719004
0.718143
0.717587
0.718336
0.719353
0.720755
0.721956
0.722571
0.723397
0.724512
0.72631
0.726806
0.727566
0.728816
0.729141
0.728911
0.729078
0.729135
0.728314
0.72648
0.72426
0.721482
0.717731
0.712764
0.706766
0.701012
0.69661
0.693936
0.692522
0.692588
0.694183
0.696931
0.700283
0.704241
0.708933
0.715083
0.722697
0.731317
0.738963
0.745184
0.749963
0.753837
0.756879
0.759189
0.761096
0.762963
0.764791
0.766607
0.768559
0.770755
0.773383
0.7766
0.780448
0.785117
0.790614
0.797081
0.804551
0.811147
0.820889
0.748301
0.767555
0.787635
0.805162
0.824002
0.836785
0.844828
0.856669
0.865357
0.866057
0.865942
0.867569
0.871584
0.874396
0.875556
0.877487
0.881989
0.881856
0.879609
0.871304
0.859661
0.831816
0.778971
0.691326
0.701335
0.725588
0.767069
0.79708
0.812473
0.831182
0.848845
0.871032
0.875506
0.87165
0.865061
0.850964
0.826734
0.783624
0.706437
0.703684
0.721519
0.723968
0.72428
0.723165
0.723583
0.723653
0.724768
0.726634
0.729112
0.730174
0.730177
0.7305
0.731593
0.732701
0.733384
0.732232
0.730437
0.72956
0.729337
0.72906
0.727621
0.724956
0.721688
0.717709
0.712807
0.706727
0.699764
0.693619
0.68975
0.687322
0.686313
0.686628
0.688567
0.691796
0.695928
0.700842
0.706488
0.71351
0.722298
0.731547
0.73896
0.744767
0.749625
0.753365
0.756333
0.758472
0.760553
0.762365
0.764254
0.766217
0.768379
0.770893
0.773938
0.777583
0.782118
0.78744
0.793627
0.800931
0.808014
0.818409
0.751286
0.767848
0.786459
0.802661
0.815028
0.831116
0.841902
0.85027
0.861779
0.865993
0.866696
0.867912
0.871361
0.87604
0.880595
0.887733
0.889678
0.886418
0.882284
0.875784
0.85656
0.813541
0.737917
0.699185
0.727907
0.739197
0.773931
0.792883
0.806497
0.821819
0.83208
0.842022
0.852287
0.859002
0.852934
0.84874
0.837519
0.814363
0.771668
0.70284
0.713061
0.728303
0.730242
0.729649
0.728444
0.729908
0.730426
0.73164
0.734244
0.736492
0.736519
0.736784
0.73797
0.737709
0.736197
0.734481
0.734149
0.73424
0.733431
0.731725
0.729629
0.727121
0.723405
0.718954
0.713845
0.708041
0.701355
0.694282
0.688423
0.684797
0.683413
0.683017
0.683331
0.685131
0.688432
0.693723
0.700027
0.707086
0.714776
0.723737
0.732702
0.739771
0.745169
0.749683
0.752907
0.755596
0.757798
0.759879
0.761846
0.76383
0.76601
0.768441
0.771348
0.774893
0.7792
0.784375
0.790639
0.797863
0.804823
0.815615
0.757685
0.77104
0.784974
0.802718
0.813256
0.824114
0.839641
0.846833
0.855078
0.864719
0.866868
0.867697
0.870695
0.875562
0.882542
0.888079
0.88637
0.882956
0.877952
0.865327
0.831872
0.770443
0.694893
0.727559
0.736007
0.748085
0.765868
0.779228
0.790524
0.800047
0.809463
0.818875
0.830181
0.842549
0.847849
0.844149
0.842524
0.831546
0.806467
0.762166
0.707514
0.722382
0.735984
0.735996
0.735243
0.73559
0.736473
0.737551
0.739595
0.741999
0.742714
0.742621
0.74256
0.742843
0.742569
0.742378
0.741975
0.740541
0.738131
0.73544
0.732697
0.729902
0.726342
0.721712
0.716438
0.710621
0.70419
0.696791
0.689148
0.684694
0.682656
0.681874
0.681916
0.682401
0.684288
0.687744
0.693885
0.701705
0.71003
0.717803
0.725953
0.73367
0.740295
0.745338
0.749311
0.752707
0.755166
0.757341
0.75941
0.761567
0.763732
0.766132
0.768974
0.772336
0.776521
0.781509
0.787487
0.794436
0.801772
0.813123
0.763679
0.775652
0.785818
0.801863
0.815334
0.821675
0.834637
0.847653
0.851947
0.860677
0.867656
0.868853
0.871413
0.876526
0.8827
0.881938
0.879696
0.876204
0.865658
0.837725
0.784842
0.696989
0.708265
0.730402
0.740815
0.748261
0.756897
0.766376
0.775309
0.785754
0.793513
0.802535
0.813925
0.827689
0.844326
0.846281
0.844037
0.840409
0.826525
0.798036
0.749918
0.717796
0.735487
0.741574
0.741312
0.741377
0.742647
0.74412
0.745643
0.74742
0.747469
0.747788
0.748341
0.749191
0.748514
0.747727
0.746704
0.745202
0.743141
0.740727
0.738101
0.73484
0.730711
0.72586
0.720376
0.714482
0.708151
0.70099
0.693129
0.687066
0.682854
0.68124
0.681295
0.68202
0.68363
0.686244
0.690269
0.696772
0.705704
0.714189
0.721147
0.727892
0.735196
0.741361
0.746158
0.749517
0.752497
0.755054
0.75715
0.759292
0.761588
0.764001
0.766731
0.769966
0.773926
0.778757
0.784511
0.791267
0.798603
0.810221
0.766
0.779657
0.787608
0.799988
0.816994
0.823629
0.831854
0.84669
0.852984
0.858024
0.866388
0.872035
0.874989
0.879942
0.879456
0.877029
0.87364
0.864021
0.839201
0.792158
0.707533
0.695924
0.719566
0.726644
0.733411
0.736357
0.741482
0.748845
0.75908
0.772335
0.781891
0.793216
0.805572
0.819172
0.833647
0.84584
0.841365
0.839269
0.834843
0.82105
0.792295
0.738833
0.7305
0.744521
0.74655
0.747034
0.74901
0.749757
0.751072
0.751744
0.752293
0.75316
0.754054
0.753101
0.752126
0.751891
0.751927
0.750712
0.748926
0.746784
0.744253
0.74088
0.736734
0.731865
0.726208
0.720036
0.713543
0.706579
0.69883
0.69116
0.68612
0.683851
0.682892
0.682992
0.68399
0.686263
0.689924
0.694754
0.70124
0.710072
0.718125
0.724699
0.730887
0.737156
0.742819
0.746786
0.74987
0.752456
0.754901
0.757602
0.759647
0.761835
0.764556
0.767703
0.771542
0.77622
0.781666
0.788254
0.795588
0.807392
0.764113
0.782256
0.790141
0.799751
0.815931
0.826567
0.83312
0.846974
0.856101
0.858706
0.864428
0.87322
0.883302
0.881318
0.876871
0.873557
0.86421
0.84064
0.796129
0.724289
0.68986
0.717523
0.71844
0.720788
0.721949
0.724974
0.730551
0.738637
0.750433
0.762294
0.774595
0.787534
0.80108
0.812128
0.824368
0.837944
0.843818
0.839617
0.839161
0.833126
0.816896
0.786363
0.737257
0.740122
0.751685
0.752209
0.754551
0.755325
0.755119
0.755862
0.757619
0.758093
0.757863
0.757514
0.757416
0.757171
0.756116
0.754333
0.752113
0.750489
0.749478
0.746912
0.743335
0.738846
0.733681
0.72758
0.720901
0.713716
0.705602
0.697355
0.692177
0.688847
0.686515
0.686155
0.686601
0.687792
0.690715
0.694971
0.700152
0.706613
0.714914
0.722251
0.72832
0.734109
0.739307
0.743417
0.747364
0.751134
0.753359
0.755207
0.757283
0.759769
0.762407
0.765423
0.769028
0.773583
0.778948
0.785321
0.792605
0.804647
0.760969
0.779765
0.790658
0.799643
0.815058
0.827135
0.833313
0.845569
0.859019
0.860844
0.864445
0.873448
0.888396
0.882324
0.875469
0.866023
0.844346
0.801853
0.740378
0.687736
0.710449
0.71565
0.714898
0.715053
0.716685
0.72053
0.727917
0.737801
0.748731
0.758991
0.770793
0.782781
0.794117
0.805314
0.816822
0.828728
0.842815
0.842648
0.839417
0.837966
0.82983
0.811822
0.781789
0.742071
0.748176
0.758551
0.758846
0.759375
0.759908
0.760691
0.761613
0.76147
0.761272
0.761246
0.760824
0.759925
0.759158
0.758189
0.757106
0.755951
0.753597
0.751003
0.748179
0.745061
0.741298
0.736259
0.729697
0.721936
0.713441
0.70693
0.70125
0.6949
0.691579
0.690703
0.690908
0.691821
0.693801
0.696789
0.700975
0.706277
0.712259
0.719292
0.726086
0.731371
0.736179
0.74126
0.746115
0.748558
0.750781
0.753326
0.755972
0.757893
0.759989
0.763065
0.766557
0.770878
0.776207
0.782334
0.789377
0.801631
0.753896
0.773191
0.78764
0.798338
0.813383
0.828172
0.832817
0.842355
0.858595
0.86456
0.866103
0.875281
0.883868
0.878429
0.870946
0.849837
0.809141
0.75047
0.689278
0.709603
0.716033
0.713968
0.714748
0.716415
0.718981
0.723038
0.730386
0.738669
0.747737
0.757525
0.76795
0.778386
0.78825
0.799149
0.810464
0.821821
0.833232
0.84474
0.842463
0.839634
0.836795
0.827252
0.807837
0.776572
0.749176
0.758805
0.764179
0.763809
0.764669
0.764041
0.764903
0.765388
0.765285
0.764553
0.764368
0.763846
0.763072
0.762174
0.761096
0.759607
0.757872
0.75617
0.754115
0.751353
0.747734
0.743325
0.737911
0.731188
0.723879
0.717368
0.710758
0.703045
0.69853
0.696988
0.696951
0.697336
0.698285
0.700126
0.702947
0.707113
0.712059
0.717286
0.723033
0.729022
0.734724
0.7392
0.742386
0.745436
0.749314
0.752401
0.754017
0.755679
0.758099
0.760763
0.764059
0.768637
0.773603
0.779214
0.786554
0.798861
0.743288
0.764571
0.784264
0.796992
0.810389
0.828441
0.833721
0.838905
0.853794
0.866779
0.869818
0.874509
0.87455
0.870016
0.855296
0.817637
0.760814
0.694352
0.712543
0.725402
0.724019
0.721568
0.718578
0.719632
0.721224
0.72556
0.73007
0.735821
0.744137
0.753968
0.76441
0.77529
0.785423
0.795461
0.806273
0.817628
0.827604
0.838735
0.842596
0.839866
0.837551
0.834059
0.824133
0.804277
0.769419
0.758603
0.767887
0.769404
0.768106
0.768364
0.768717
0.770248
0.77006
0.768768
0.76773
0.767254
0.766551
0.765626
0.764401
0.762917
0.761779
0.760367
0.758294
0.755669
0.752594
0.749294
0.745432
0.740795
0.735021
0.728737
0.721587
0.713834
0.707767
0.704628
0.70376
0.703714
0.703827
0.704703
0.706413
0.709199
0.712941
0.717088
0.721652
0.727086
0.731722
0.735604
0.739658
0.744697
0.747384
0.749356
0.751273
0.754213
0.756364
0.75876
0.762313
0.766035
0.770514
0.776807
0.783901
0.795631
0.737685
0.756763
0.778069
0.794204
0.807263
0.826899
0.837024
0.837861
0.847951
0.865544
0.873251
0.868253
0.861732
0.852374
0.822159
0.769245
0.700708
0.715919
0.734046
0.733162
0.73076
0.726932
0.722493
0.723441
0.725113
0.728092
0.732029
0.737795
0.744913
0.752906
0.76201
0.771936
0.782656
0.791937
0.801179
0.810707
0.820363
0.830667
0.840759
0.839343
0.837469
0.836042
0.831688
0.820557
0.800529
0.767725
0.766386
0.77493
0.774504
0.77396
0.772843
0.773129
0.773065
0.772735
0.771931
0.770809
0.770053
0.769026
0.768032
0.766843
0.764953
0.763098
0.76179
0.760016
0.757829
0.755364
0.752518
0.748851
0.744299
0.738829
0.732184
0.724754
0.71889
0.715098
0.712337
0.710437
0.709132
0.709133
0.709898
0.711853
0.714603
0.717732
0.721333
0.724991
0.728803
0.733058
0.738109
0.741163
0.74411
0.747536
0.750127
0.751985
0.754202
0.757252
0.760093
0.763401
0.768127
0.773766
0.780363
0.792577
0.717538
0.75428
0.771434
0.789586
0.803409
0.821437
0.840309
0.840284
0.845166
0.863648
0.865811
0.85796
0.846952
0.818918
0.771437
0.703864
0.721127
0.73861
0.741037
0.738754
0.736031
0.733102
0.731053
0.728971
0.729946
0.731681
0.734938
0.739755
0.746032
0.753562
0.761742
0.769844
0.778242
0.786166
0.794328
0.802812
0.811927
0.82222
0.832101
0.840193
0.83792
0.835168
0.834068
0.828906
0.816799
0.797423
0.769956
0.77253
0.779559
0.778978
0.778642
0.778154
0.777002
0.776454
0.775493
0.774742
0.773953
0.772661
0.770834
0.769401
0.768607
0.767341
0.76608
0.764641
0.762831
0.760672
0.758262
0.755399
0.751943
0.747384
0.741698
0.735835
0.731382
0.727034
0.722532
0.717522
0.714368
0.713984
0.714562
0.715828
0.717436
0.71907
0.721171
0.723877
0.726932
0.730519
0.734097
0.737852
0.742146
0.744969
0.747068
0.749676
0.752828
0.755226
0.757897
0.761453
0.765739
0.770853
0.777374
0.789698
0.714302
0.741728
0.767397
0.78237
0.798894
0.815962
0.838965
0.842237
0.844185
0.855612
0.85234
0.844318
0.817199
0.771075
0.703082
0.717347
0.733611
0.749795
0.747235
0.74246
0.740271
0.739636
0.740022
0.739427
0.738529
0.73886
0.740154
0.742583
0.746597
0.752146
0.75882
0.766066
0.773603
0.781212
0.788635
0.796351
0.804442
0.81318
0.822577
0.834859
0.837651
0.835561
0.833648
0.832216
0.826131
0.813801
0.795606
0.7737
0.777233
0.783665
0.783694
0.783243
0.782067
0.78093
0.779497
0.77775
0.777108
0.776381
0.774973
0.77312
0.771071
0.769997
0.769559
0.768799
0.767569
0.766002
0.764078
0.761848
0.758861
0.755021
0.750656
0.746643
0.742442
0.737843
0.732392
0.725845
0.721461
0.720702
0.720439
0.72
0.719848
0.720192
0.721123
0.722829
0.725104
0.727812
0.731123
0.735866
0.739677
0.741855
0.744286
0.747494
0.749982
0.752572
0.755578
0.75874
0.762882
0.768492
0.775164
0.787108
0.675867
0.720137
0.761056
0.780783
0.797396
0.814729
0.836879
0.845259
0.842176
0.838219
0.834134
0.815578
0.76928
0.699839
0.713061
0.728932
0.748506
0.748369
0.745836
0.745946
0.746281
0.747055
0.747872
0.74789
0.747798
0.746823
0.747492
0.748533
0.750343
0.753579
0.758144
0.763811
0.770211
0.777095
0.784143
0.791008
0.798158
0.805664
0.814032
0.822869
0.834345
0.835105
0.834006
0.832744
0.831121
0.824353
0.811667
0.793768
0.776655
0.78056
0.78724
0.786824
0.785461
0.784464
0.783063
0.781394
0.779575
0.778597
0.777711
0.776078
0.77438
0.772846
0.77254
0.772159
0.7713
0.770126
0.768661
0.766794
0.764373
0.761595
0.758433
0.754686
0.750814
0.746481
0.741289
0.73504
0.730533
0.728349
0.726111
0.723447
0.720889
0.720705
0.721268
0.722293
0.723757
0.725751
0.728293
0.731397
0.735259
0.7396
0.742612
0.744903
0.747514
0.750425
0.753531
0.7567
0.760722
0.765877
0.772072
0.783992
0.637643
0.729139
0.749876
0.778003
0.793348
0.810782
0.834468
0.839397
0.833174
0.822676
0.803275
0.763058
0.695038
0.706653
0.723292
0.742376
0.747855
0.746928
0.747661
0.748778
0.75064
0.753649
0.755171
0.755611
0.756015
0.756911
0.757857
0.758981
0.760192
0.762141
0.764998
0.768598
0.772833
0.777559
0.782861
0.788723
0.795064
0.80188
0.809079
0.816989
0.825439
0.835024
0.83426
0.833466
0.832281
0.830486
0.823294
0.810329
0.794052
0.77877
0.782191
0.787189
0.789179
0.78912
0.787696
0.785639
0.78352
0.781572
0.780112
0.778918
0.776925
0.775731
0.775279
0.774888
0.774077
0.772993
0.772005
0.770781
0.76911
0.766936
0.764221
0.761168
0.757859
0.753811
0.74885
0.743256
0.739369
0.735874
0.731826
0.72704
0.722638
0.72151
0.721569
0.721808
0.722412
0.723684
0.725752
0.728462
0.731922
0.735621
0.739885
0.743014
0.745445
0.74775
0.75094
0.754635
0.758545
0.762983
0.769349
0.780899
0.574305
0.648598
0.738707
0.760723
0.784783
0.798418
0.821977
0.823488
0.814596
0.793028
0.751267
0.685785
0.695911
0.713876
0.738394
0.746312
0.74415
0.744503
0.74635
0.749259
0.753215
0.757344
0.761344
0.764001
0.766385
0.768002
0.769076
0.769977
0.770973
0.772053
0.773478
0.775382
0.777997
0.781278
0.785164
0.789648
0.794483
0.799965
0.806165
0.812796
0.820776
0.829904
0.835207
0.83387
0.834343
0.832872
0.830268
0.822323
0.810051
0.791571
0.780966
0.783917
0.789171
0.789598
0.78935
0.78821
0.786289
0.784126
0.782009
0.780471
0.77883
0.777587
0.777201
0.777042
0.776783
0.775903
0.774366
0.773644
0.772545
0.770875
0.768724
0.766153
0.762629
0.758207
0.753736
0.749954
0.746238
0.741955
0.737088
0.731234
0.725442
0.722703
0.721478
0.721043
0.721174
0.721894
0.72339
0.725791
0.728949
0.732483
0.736267
0.740284
0.743395
0.7459
0.748426
0.751813
0.755873
0.760575
0.766762
0.778046
0.650918
0.591806
0.684135
0.734149
0.769467
0.799024
0.808337
0.804566
0.789209
0.743827
0.672072
0.684887
0.702881
0.728743
0.741495
0.739873
0.740995
0.743154
0.745793
0.749799
0.756089
0.760405
0.764894
0.769267
0.773587
0.776757
0.778864
0.780256
0.781524
0.782482
0.783396
0.784456
0.785882
0.787832
0.790226
0.79334
0.796987
0.801288
0.806384
0.812196
0.818543
0.826103
0.835164
0.837118
0.836679
0.836301
0.834427
0.831229
0.82213
0.808442
0.79469
0.7799
0.783168
0.788286
0.788337
0.788818
0.788322
0.787079
0.784994
0.782777
0.781155
0.779122
0.778962
0.778978
0.778742
0.778135
0.777258
0.775986
0.774935
0.773949
0.772241
0.769533
0.765954
0.762036
0.758621
0.755032
0.750909
0.746335
0.741269
0.735518
0.728956
0.72428
0.721524
0.72032
0.719991
0.720276
0.721331
0.723287
0.726209
0.729828
0.733453
0.736838
0.740512
0.743487
0.746464
0.749734
0.753528
0.758121
0.76392
0.77519
1.04752
0.642855
0.661674
0.746855
0.765561
0.794223
0.791169
0.775927
0.734058
0.662134
0.678783
0.695169
0.718746
0.733872
0.73375
0.734945
0.738022
0.741994
0.746095
0.751004
0.756077
0.76169
0.76832
0.774912
0.778814
0.782164
0.785033
0.787442
0.789374
0.790977
0.792062
0.792866
0.79386
0.795164
0.796814
0.79907
0.80188
0.805174
0.809197
0.814114
0.819602
0.825518
0.832206
0.839511
0.839125
0.838611
0.837467
0.835139
0.83057
0.823002
0.809405
0.788697
0.779269
0.781196
0.785107
0.786641
0.787374
0.78694
0.786
0.784647
0.782957
0.780163
0.780036
0.780395
0.780099
0.779596
0.778976
0.77809
0.776829
0.775944
0.774441
0.772124
0.768779
0.765379
0.76211
0.758418
0.754278
0.749733
0.744737
0.739161
0.732716
0.726215
0.721951
0.719504
0.718669
0.718798
0.719501
0.721052
0.723484
0.726793
0.730815
0.734381
0.737523
0.74082
0.744076
0.747411
0.751091
0.755472
0.761151
0.772192
1.32922
0.873989
0.593749
0.664334
0.751676
0.77096
0.759351
0.710678
0.642101
0.663564
0.679472
0.706464
0.724967
0.724252
0.725197
0.728545
0.733578
0.738897
0.743365
0.747946
0.753492
0.76004
0.766421
0.773421
0.779343
0.783128
0.786323
0.789403
0.792519
0.795478
0.798431
0.800107
0.801473
0.802675
0.803952
0.805496
0.807401
0.809719
0.812479
0.816072
0.820426
0.824058
0.828456
0.836623
0.839679
0.838992
0.838272
0.836495
0.834499
0.830144
0.819105
0.805667
0.792072
0.775596
0.77726
0.781264
0.783554
0.784572
0.785815
0.785441
0.784207
0.781578
0.780273
0.78091
0.781381
0.781295
0.780712
0.779777
0.778645
0.777397
0.775869
0.77395
0.771254
0.768244
0.764959
0.761255
0.757193
0.752738
0.747787
0.742123
0.735664
0.728578
0.722576
0.718901
0.717267
0.717052
0.717495
0.718723
0.720941
0.723914
0.727541
0.731605
0.735053
0.738247
0.741488
0.744914
0.748566
0.752745
0.758253
0.768997
1.36251
1.14318
0.699403
0.609288
0.697693
0.718171
0.68924
0.619389
0.65634
0.667267
0.693483
0.715596
0.715243
0.715085
0.717301
0.721384
0.728142
0.733032
0.738589
0.74516
0.752627
0.761021
0.767897
0.774379
0.780338
0.784813
0.788492
0.791966
0.795207
0.798452
0.801967
0.804192
0.805969
0.806568
0.807168
0.808046
0.809279
0.810762
0.812315
0.814124
0.816426
0.818806
0.820596
0.823856
0.829587
0.83029
0.83108
0.830495
0.827935
0.827357
0.822768
0.816074
0.802863
0.786228
0.772187
0.773272
0.776715
0.780959
0.782661
0.783719
0.783251
0.781655
0.780763
0.781695
0.782261
0.782387
0.782043
0.781537
0.780521
0.77903
0.777199
0.775351
0.773196
0.770486
0.767166
0.763528
0.759526
0.75509
0.750103
0.74438
0.737825
0.730596
0.723483
0.71796
0.71529
0.714848
0.71514
0.716108
0.71799
0.720839
0.724398
0.728399
0.732059
0.735431
0.738755
0.742148
0.745729
0.749845
0.755234
0.76574
1.39945
1.33187
1.06084
0.700275
0.597865
0.594125
0.589509
0.627644
0.640666
0.666229
0.687666
0.697316
0.699055
0.699732
0.703124
0.710061
0.718698
0.723979
0.729817
0.736406
0.743872
0.751568
0.75757
0.762905
0.768568
0.773621
0.777354
0.780262
0.782932
0.785308
0.787753
0.7909
0.793283
0.79305
0.792218
0.791225
0.790191
0.789081
0.787908
0.786603
0.786046
0.785803
0.785209
0.785658
0.788465
0.792285
0.796072
0.799892
0.800328
0.801975
0.806063
0.804937
0.798371
0.788709
0.777385
0.764494
0.767158
0.772504
0.776506
0.777997
0.779093
0.778837
0.77911
0.781227
0.783009
0.783023
0.782645
0.782314
0.781783
0.7807
0.778815
0.776843
0.774615
0.771939
0.768705
0.765115
0.761162
0.756712
0.751661
0.745842
0.739094
0.731551
0.72369
0.71687
0.713105
0.712064
0.712219
0.712997
0.714698
0.717337
0.720799
0.724854
0.728741
0.732153
0.735487
0.738877
0.742453
0.746593
0.751911
0.762107
1.40144
1.39574
1.31682
0.902969
0.591508
0.409302
0.503478
0.538769
0.599752
0.63263
0.642657
0.649585
0.657897
0.665021
0.672249
0.680042
0.687466
0.694915
0.702772
0.71036
0.717081
0.723306
0.728098
0.730972
0.73275
0.7345
0.736434
0.73859
0.740911
0.74309
0.745059
0.746644
0.748637
0.74921
0.748905
0.748236
0.747418
0.746349
0.745911
0.745817
0.746097
0.746808
0.747962
0.748984
0.750719
0.754528
0.757517
0.760817
0.763111
0.764981
0.768575
0.773427
0.775389
0.773913
0.76844
0.760093
0.752413
0.756245
0.762862
0.766462
0.768355
0.770277
0.772904
0.776842
0.780109
0.781448
0.781836
0.781759
0.781364
0.78061
0.779528
0.777622
0.775224
0.772456
0.76924
0.765621
0.761598
0.757103
0.751995
0.746095
0.739247
0.731566
0.72336
0.71538
0.71042
0.708757
0.708639
0.709191
0.710597
0.713048
0.716435
0.720538
0.72459
0.728181
0.731682
0.735183
0.738883
0.743057
0.748331
0.758217
1.40628
1.39201
1.29431
0.986132
0.628074
0.428396
0.487746
0.520813
0.561329
0.574299
0.587981
0.59569
0.604118
0.613667
0.625108
0.633634
0.642074
0.649307
0.656797
0.664436
0.668278
0.669971
0.6716
0.673474
0.675639
0.678091
0.680926
0.684182
0.687945
0.692175
0.696911
0.701427
0.706163
0.709665
0.712434
0.714326
0.716676
0.719219
0.721591
0.724236
0.727395
0.730722
0.733434
0.735017
0.736343
0.738021
0.74154
0.74149
0.741684
0.742011
0.742228
0.744034
0.74485
0.747284
0.746503
0.743643
0.738925
0.734833
0.738597
0.744034
0.748142
0.751762
0.756791
0.763059
0.769771
0.773352
0.775433
0.777207
0.777601
0.777443
0.776894
0.775662
0.77366
0.771186
0.768206
0.764647
0.760503
0.755744
0.750361
0.744313
0.737493
0.729755
0.721349
0.712836
0.706885
0.704641
0.704255
0.704661
0.705864
0.708193
0.711599
0.715834
0.720232
0.723999
0.727706
0.731356
0.73523
0.7395
0.744792
0.754417
1.40656
1.39311
1.30177
1.00051
0.581478
0.49172
0.537139
0.558371
0.55441
0.555443
0.559454
0.567027
0.575714
0.583635
0.589365
0.595514
0.601444
0.607336
0.613679
0.62051
0.628043
0.636641
0.644915
0.652068
0.658378
0.663623
0.66791
0.671962
0.676074
0.680302
0.684733
0.689155
0.693881
0.697751
0.701279
0.70506
0.709078
0.712784
0.716355
0.720606
0.725475
0.731013
0.734507
0.737215
0.738549
0.738641
0.739152
0.737992
0.734836
0.731905
0.729967
0.729772
0.72852
0.726207
0.723348
0.720898
0.718263
0.71489
0.71179
0.713955
0.717743
0.722205
0.728273
0.736542
0.746109
0.753467
0.758991
0.763385
0.76624
0.767677
0.767901
0.76764
0.766755
0.765309
0.763223
0.760311
0.75652
0.751874
0.746426
0.740279
0.733457
0.725803
0.71753
0.709274
0.702886
0.699914
0.699328
0.699622
0.700656
0.702876
0.706325
0.710752
0.715469
0.719652
0.723734
0.727721
0.731898
0.736367
0.741582
0.751114
1.40665
1.39286
1.29804
0.995446
0.553217
0.509028
0.555569
0.591989
0.586038
0.580135
0.577575
0.578182
0.578994
0.581095
0.584429
0.588894
0.594846
0.60273
0.613114
0.624438
0.635238
0.644641
0.652073
0.657728
0.662126
0.665984
0.66937
0.672626
0.675967
0.679639
0.683723
0.688172
0.692714
0.697418
0.701822
0.706775
0.711841
0.717423
0.724344
0.732747
0.742542
0.75254
0.757956
0.759722
0.759693
0.758885
0.756654
0.752249
0.745193
0.736299
0.731749
0.728575
0.725138
0.720023
0.714652
0.710671
0.706605
0.701893
0.696529
0.690867
0.689147
0.690255
0.694131
0.702217
0.712951
0.723287
0.731776
0.738882
0.744667
0.748683
0.751341
0.752823
0.753117
0.752974
0.752345
0.750884
0.748389
0.744808
0.740142
0.734464
0.727909
0.720595
0.712596
0.704752
0.698356
0.694781
0.693767
0.693867
0.694775
0.696968
0.700552
0.705327
0.710633
0.715445
0.719959
0.72446
0.729032
0.733669
0.738961
0.748445
1.40674
1.39359
1.30204
1.00352
0.557628
0.507387
0.554005
0.592202
0.589678
0.587718
0.587256
0.588361
0.589638
0.592251
0.596423
0.602078
0.60982
0.620299
0.633809
0.645606
0.653781
0.659101
0.662639
0.66538
0.667964
0.67063
0.673503
0.676677
0.68023
0.684288
0.688929
0.694318
0.700319
0.707303
0.715246
0.724343
0.734964
0.747275
0.76094
0.77125
0.776296
0.777437
0.776915
0.775287
0.772325
0.768176
0.762993
0.757151
0.750652
0.743613
0.738397
0.733872
0.729666
0.722982
0.717299
0.714038
0.709986
0.70455
0.69787
0.69028
0.684251
0.678844
0.673285
0.676221
0.683519
0.692361
0.701123
0.709558
0.717304
0.723836
0.728801
0.732262
0.734801
0.736517
0.73704
0.736852
0.736078
0.73434
0.731439
0.727296
0.722019
0.715691
0.708316
0.700631
0.694018
0.689377
0.687424
0.687232
0.688015
0.690208
0.694041
0.699325
0.705413
0.711088
0.716446
0.72174
0.726817
0.731966
0.737735
0.747417
1.40669
1.39303
1.29872
0.99632
0.543317
0.518843
0.561576
0.589556
0.585607
0.585324
0.587005
0.590492
0.595101
0.601708
0.61038
0.620087
0.630503
0.641344
0.649676
0.654739
0.658318
0.661153
0.663714
0.66633
0.669239
0.672699
0.676943
0.682142
0.688347
0.695514
0.703533
0.712482
0.722608
0.734032
0.746717
0.760891
0.774562
0.783111
0.786112
0.786011
0.784366
0.780493
0.773972
0.764897
0.753862
0.741217
0.733559
0.73148
0.729993
0.728099
0.726901
0.727388
0.726904
0.724
0.718831
0.716837
0.714829
0.710779
0.704927
0.697751
0.690191
0.682595
0.673188
0.668519
0.671617
0.676718
0.682225
0.688143
0.694471
0.700888
0.706467
0.71134
0.715297
0.718105
0.720124
0.721265
0.721501
0.721344
0.720429
0.718271
0.714635
0.709606
0.703477
0.696786
0.689424
0.682671
0.679221
0.678878
0.679649
0.681897
0.686029
0.691983
0.699201
0.706915
0.713758
0.719752
0.72574
0.731487
0.737767
0.747748
1.40674
1.39356
1.30182
1.00291
0.549836
0.515677
0.56332
0.587876
0.582348
0.581609
0.583206
0.586604
0.59206
0.600026
0.610157
0.620918
0.631611
0.641237
0.648135
0.652815
0.656389
0.659604
0.662822
0.666263
0.670171
0.674822
0.680481
0.68734
0.695502
0.705016
0.715808
0.727809
0.741075
0.755317
0.766142
0.771294
0.771981
0.770949
0.768002
0.762709
0.754597
0.743888
0.731434
0.71786
0.706488
0.699927
0.698168
0.698394
0.699182
0.700448
0.702944
0.708121
0.713718
0.714963
0.715017
0.715948
0.715956
0.71339
0.708652
0.703584
0.698271
0.69179
0.6831
0.671745
0.671627
0.673177
0.675012
0.677265
0.680178
0.683795
0.687947
0.692482
0.697312
0.701616
0.704842
0.707147
0.708553
0.709088
0.709015
0.708293
0.706385
0.703147
0.698627
0.692718
0.685126
0.676557
0.671077
0.67008
0.670618
0.672728
0.677083
0.683711
0.692524
0.702397
0.71089
0.718222
0.72498
0.731434
0.738329
0.74888
1.40672
1.39335
1.30061
1.0002
0.544476
0.521285
0.566446
0.585565
0.58007
0.579263
0.581052
0.584824
0.590597
0.598387
0.607796
0.617735
0.627988
0.636977
0.643575
0.648434
0.652399
0.656145
0.659893
0.663883
0.668371
0.673637
0.67998
0.687597
0.696555
0.70695
0.718781
0.731984
0.744377
0.752992
0.756821
0.757306
0.75646
0.753916
0.74907
0.74156
0.730965
0.717628
0.704654
0.694938
0.689431
0.687203
0.686899
0.687559
0.689552
0.693049
0.698882
0.70766
0.715657
0.717901
0.719002
0.721436
0.722507
0.721025
0.716875
0.712763
0.708486
0.702644
0.695126
0.684518
0.679541
0.679393
0.678978
0.678659
0.678788
0.679278
0.680255
0.681763
0.683804
0.686398
0.68939
0.691964
0.693776
0.695103
0.695745
0.6957
0.694963
0.693085
0.689483
0.683848
0.676184
0.666703
0.65945
0.657431
0.657855
0.660198
0.665455
0.674021
0.685571
0.698009
0.708511
0.717141
0.724749
0.731784
0.7392
0.750311
1.40674
1.39355
1.3018
1.00279
0.546948
0.520303
0.567207
0.584392
0.578973
0.578263
0.580075
0.583758
0.588921
0.595912
0.604591
0.614125
0.624443
0.633324
0.640111
0.645384
0.649803
0.653953
0.65808
0.662409
0.667162
0.672617
0.679077
0.686767
0.695811
0.706272
0.718122
0.729802
0.738797
0.744285
0.746148
0.746035
0.744822
0.741888
0.736391
0.727508
0.71568
0.702624
0.692718
0.687728
0.686741
0.687815
0.69172
0.69942
0.710447
0.722288
0.73339
0.742945
0.747045
0.746848
0.746115
0.745997
0.745482
0.743036
0.738083
0.732584
0.726997
0.71937
0.709964
0.699087
0.69016
0.686393
0.682472
0.678448
0.67453
0.670715
0.667448
0.665024
0.663321
0.661792
0.660948
0.660997
0.661301
0.66174
0.662029
0.662106
0.661854
0.660693
0.657929
0.65318
0.646648
0.640278
0.63772
0.637818
0.639833
0.64497
0.65378
0.666337
0.681799
0.696107
0.707847
0.717077
0.725154
0.732459
0.740104
0.7515
)
;

boundaryField
{
    inlet
    {
        type            calculated;
        value           uniform 1.40845;
    }
    outlet
    {
        type            calculated;
        value           nonuniform List<scalar> 
40
(
0.827139
0.840649
0.850322
0.847561
0.841036
0.835681
0.83199
0.829025
0.826332
0.823509
0.820889
0.818409
0.815615
0.813123
0.810221
0.807392
0.804647
0.801631
0.798861
0.795631
0.792577
0.789698
0.787108
0.783992
0.780899
0.778046
0.77519
0.772192
0.768997
0.76574
0.762107
0.758217
0.754417
0.751114
0.748445
0.747417
0.747748
0.74888
0.750311
0.7515
)
;
    }
    bottom
    {
        type            symmetryPlane;
    }
    top
    {
        type            symmetryPlane;
    }
    obstacle
    {
        type            calculated;
        value           nonuniform List<scalar> 
110
(
0.576128
0.576947
0.579233
0.581807
0.5851
0.589724
0.595631
0.605862
0.621399
0.661119
0.661732
0.607925
0.658122
0.679228
0.689387
0.680715
0.707143
0.726265
0.733718
0.736024
0.735348
0.741516
0.75599
0.766671
0.77676
0.783936
0.788852
0.792131
0.794142
0.791924
0.807141
0.821387
0.830897
0.834862
0.837476
0.838552
0.839189
0.833281
0.827896
0.810432
0.794691
0.774529
0.752193
0.732779
0.714728
0.694495
0.680272
0.669463
0.663334
0.663607
0.666186
0.670946
0.674037
0.676082
0.67804
0.68099
0.685313
0.688336
0.689282
0.689371
0.689068
0.68827
0.687442
0.687265
0.687625
0.688799
0.690867
0.693697
0.697064
0.700754
0.704667
0.708709
0.712877
0.717245
0.721825
0.726467
0.731071
0.735694
0.740377
0.74511
0.749915
0.754729
0.759543
0.764277
0.768934
0.773489
0.778257
0.783011
0.787345
0.791502
0.795443
0.799213
0.802849
0.806004
0.809116
0.811853
0.814654
0.816806
0.819083
0.82072
0.822511
0.823679
0.824977
0.825649
0.82646
0.826751
0.827103
0.827679
0.82749
0.827139
)
;
    }
    defaultFaces
    {
        type            empty;
    }
}


// ************************************************************************* //
