/*--------------------------------*- C++ -*----------------------------------*\
| =========                 |                                                 |
| \\      /  F ield         | OpenFOAM: The Open Source CFD Toolbox           |
|  \\    /   O peration     | Version:  v2106                                 |
|   \\  /    A nd           | Website:  www.openfoam.com                      |
|    \\/     M anipulation  |                                                 |
\*---------------------------------------------------------------------------*/
FoamFile
{
    version     2.0;
    format      ascii;
    arch        "LSB;label=32;scalar=64";
    class       volScalarField;
    location    "2";
    object      rho;
}
// * * * * * * * * * * * * * * * * * * * * * * * * * * * * * * * * * * * * * //

dimensions      [1 -3 0 0 0 0 0];

internalField   nonuniform List<scalar> 
5250
(
1.40845
1.40845
1.40845
1.40845
1.40845
1.40845
1.40845
1.40845
1.40845
1.40832
1.40811
1.40055
1.40523
1.65314
2.30652
6.49052
6.16405
6.19489
6.33614
6.41884
6.50375
6.59877
6.71
6.84386
7.00264
1.40845
1.40845
1.40845
1.40845
1.40845
1.40845
1.40845
1.40845
1.40845
1.40832
1.40813
1.4007
1.40469
1.64731
2.29037
6.4563
6.17093
6.20202
6.32587
6.41913
6.50297
6.59827
6.7107
6.84387
7.0059
1.40845
1.40845
1.40845
1.40845
1.40845
1.40845
1.40845
1.40845
1.40845
1.40833
1.40815
1.40103
1.4036
1.63478
2.25545
6.36399
6.18813
6.20661
6.30434
6.40561
6.4866
6.58505
6.6918
6.83057
6.99303
1.40845
1.40845
1.40845
1.40845
1.40845
1.40845
1.40845
1.40845
1.40845
1.40833
1.40818
1.40151
1.40217
1.61669
2.20493
6.22806
6.22903
6.20847
6.26857
6.37434
6.46058
6.55383
6.66506
6.80093
6.9681
1.40845
1.40845
1.40845
1.40845
1.40845
1.40845
1.40845
1.40845
1.40845
1.40835
1.40821
1.4022
1.40047
1.59269
2.12482
5.89243
6.35045
6.21547
6.23682
6.35482
6.41611
6.50971
6.61398
6.75965
6.93011
1.40845
1.40845
1.40845
1.40845
1.40845
1.40845
1.40845
1.40845
1.40845
1.40836
1.40826
1.40285
1.39964
1.56451
2.02127
5.43115
6.51245
6.23342
6.24829
6.3246
6.37383
6.45985
6.55537
6.69248
6.86901
1.40845
1.40845
1.40845
1.40845
1.40845
1.40845
1.40845
1.40845
1.40845
1.40841
1.40811
1.40498
1.39762
1.5291
1.90802
4.95182
6.62929
6.20013
6.26319
6.30119
6.3173
6.38226
6.45807
6.60692
6.79095
1.40845
1.40845
1.40845
1.40845
1.40845
1.40845
1.40845
1.40845
1.40845
1.40842
1.40813
1.40636
1.39447
1.49171
1.9189
4.41612
6.90558
6.19128
6.23529
6.30132
6.26254
6.3234
6.36405
6.48976
6.66634
1.40845
1.40845
1.40845
1.40845
1.40845
1.40845
1.40845
1.40845
1.40845
1.40843
1.40821
1.40699
1.39504
1.45671
1.93782
3.74773
7.33833
6.34274
6.34338
6.25041
6.21968
6.21305
6.23422
6.26882
6.48288
1.40845
1.40845
1.40845
1.40845
1.40845
1.40845
1.40845
1.40845
1.40845
1.40844
1.40831
1.40744
1.39606
1.43141
1.8057
3.04249
7.10075
6.35513
6.42728
6.30235
6.15052
6.12199
6.06918
6.17135
6.1962
1.40845
1.40845
1.40845
1.40845
1.40845
1.40845
1.40845
1.40845
1.40845
1.40844
1.40834
1.40798
1.39797
1.41691
1.72386
2.57601
6.49408
6.24877
6.36513
6.33633
6.11366
6.03304
5.86507
5.88349
5.14049
1.40845
1.40845
1.40845
1.40845
1.40845
1.40845
1.40845
1.40845
1.40845
1.40845
1.40832
1.40817
1.40041
1.41117
1.62185
2.22074
5.81692
6.055
6.19699
6.26829
6.03999
5.92489
5.61833
5.40031
5.04035
1.40845
1.40845
1.40845
1.40845
1.40845
1.40845
1.40845
1.40845
1.40845
1.40845
1.40836
1.40828
1.40308
1.39979
1.54658
1.94035
4.89626
6.21321
6.05968
6.14047
6.03189
5.81953
5.53968
5.2142
5.092
1.40845
1.40845
1.40845
1.40845
1.40845
1.40845
1.40845
1.40845
1.40845
1.40845
1.40842
1.4082
1.40637
1.39048
1.48008
1.77173
3.98251
6.25729
5.99309
5.9243
5.877
5.73784
5.48446
5.18194
5.00004
1.40845
1.40845
1.40845
1.40845
1.40845
1.40845
1.40845
1.40845
1.40845
1.40845
1.40844
1.40825
1.40755
1.39603
1.43133
1.7847
3.01768
6.22878
5.89491
5.82518
5.76339
5.6276
5.41263
5.11282
4.82813
1.40845
1.40845
1.40845
1.40845
1.40845
1.40845
1.40845
1.40845
1.40845
1.40845
1.40845
1.4083
1.40803
1.39926
1.41618
1.68782
2.43277
5.76969
5.82854
5.76697
5.67736
5.54697
5.36161
5.10604
4.77518
1.40845
1.40845
1.40845
1.40845
1.40845
1.40845
1.40845
1.40845
1.40845
1.40845
1.40845
1.40835
1.40827
1.40265
1.40124
1.55606
1.97656
4.75225
5.88501
5.76234
5.59428
5.43691
5.262
5.04196
4.75581
1.40845
1.40845
1.40845
1.40845
1.40845
1.40845
1.40845
1.40845
1.40845
1.40845
1.40845
1.40842
1.40821
1.40654
1.39135
1.47005
1.64444
3.64149
5.76447
5.72998
5.51757
5.35
5.18386
4.98852
4.73642
1.40845
1.40845
1.40845
1.40845
1.40845
1.40845
1.40845
1.40845
1.40845
1.40845
1.40845
1.40845
1.40824
1.40797
1.3964
1.42401
1.69591
2.60468
5.41841
5.54775
5.52508
5.35215
5.16487
4.96122
4.71947
1.40845
1.40845
1.40845
1.40845
1.40845
1.40845
1.40845
1.40845
1.40845
1.40845
1.40845
1.40844
1.40838
1.40797
1.40365
1.40177
1.59396
2.05487
4.56525
5.56097
5.56244
5.36072
5.14884
4.93224
4.69666
1.40845
1.40845
1.40845
1.40845
1.40845
1.40845
1.40845
1.40845
1.40845
1.40845
1.40845
1.40844
1.40848
1.40791
1.40804
1.38572
1.47978
1.6329
3.46375
5.4325
5.52133
5.33541
5.13096
4.9194
4.69073
1.40845
1.40845
1.40845
1.40845
1.40845
1.40845
1.40845
1.40845
1.40845
1.40845
1.40845
1.40845
1.40844
1.40833
1.40763
1.40162
1.4162
1.63825
2.40271
4.91286
5.31414
5.33521
5.14463
4.93328
4.70864
1.40845
1.40845
1.40845
1.40845
1.40845
1.40845
1.40845
1.40845
1.40845
1.40845
1.40845
1.40845
1.40842
1.40853
1.40731
1.40949
1.3707
1.55943
1.87022
3.87292
5.29991
5.33912
5.18264
4.98881
4.76026
1.40845
1.40845
1.40845
1.40845
1.40845
1.40845
1.40845
1.40845
1.40845
1.40845
1.40845
1.40845
1.40845
1.40844
1.40828
1.40739
1.39943
1.43587
1.6152
2.73249
4.96091
5.10587
5.1151
4.99898
4.80542
1.40845
1.40845
1.40845
1.40845
1.40845
1.40845
1.40845
1.40845
1.40845
1.40845
1.40845
1.40845
1.40845
1.40844
1.40875
1.4069
1.41151
1.35922
1.57537
2.00789
4.04012
5.13447
5.12415
5.01269
4.85013
1.40845
1.40845
1.40845
1.40845
1.40845
1.40845
1.40845
1.40845
1.40845
1.40845
1.40845
1.40845
1.40845
1.40844
1.40844
1.40823
1.40737
1.39714
1.45192
1.55333
2.93153
4.88441
4.98006
4.97808
4.86641
1.40845
1.40845
1.40845
1.40845
1.40845
1.40845
1.40845
1.40845
1.40845
1.40845
1.40845
1.40845
1.40845
1.40844
1.40843
1.40882
1.40686
1.41164
1.35511
1.52568
2.01877
3.99484
4.92558
4.97764
4.87608
1.40845
1.40845
1.40845
1.40845
1.40845
1.40845
1.40845
1.40845
1.40845
1.40845
1.40845
1.40845
1.40845
1.40845
1.40845
1.40843
1.40821
1.40746
1.39565
1.45624
1.52767
2.90361
4.6768
4.8171
4.83827
1.40845
1.40845
1.40845
1.40845
1.40845
1.40845
1.40845
1.40845
1.40845
1.40845
1.40845
1.40845
1.40845
1.40845
1.40845
1.40842
1.40885
1.40645
1.41151
1.35922
1.5082
1.9723
3.79958
4.7633
4.82044
1.40845
1.40845
1.40845
1.40845
1.40845
1.40845
1.40845
1.40845
1.40845
1.40845
1.40845
1.40845
1.40845
1.40845
1.40845
1.40845
1.40844
1.40821
1.40773
1.39552
1.44815
1.50769
2.72567
4.45835
4.65367
1.40845
1.40845
1.40845
1.40845
1.40845
1.40845
1.40845
1.40845
1.40845
1.40845
1.40845
1.40845
1.40845
1.40845
1.40845
1.40845
1.40843
1.4088
1.40617
1.41073
1.3682
1.50579
1.87078
3.49056
4.61695
1.40845
1.40845
1.40845
1.40845
1.40845
1.40845
1.40845
1.40845
1.40845
1.40845
1.40845
1.40845
1.40845
1.40845
1.40845
1.40845
1.40845
1.40845
1.40822
1.40798
1.39627
1.43767
1.53375
2.45007
4.14273
1.40845
1.40845
1.40845
1.40845
1.40845
1.40845
1.40845
1.40845
1.40845
1.40845
1.40845
1.40845
1.40845
1.40845
1.40845
1.40845
1.40845
1.40844
1.40866
1.40582
1.40818
1.36997
1.51741
1.73813
3.15981
1.40845
1.40845
1.40845
1.40845
1.40845
1.40845
1.40845
1.40845
1.40845
1.40845
1.40845
1.40845
1.40845
1.40845
1.40845
1.40845
1.40845
1.40845
1.40844
1.40827
1.40798
1.39935
1.4098
1.56962
2.21106
1.40845
1.40845
1.40845
1.40845
1.40845
1.40845
1.40845
1.40845
1.40845
1.40845
1.40845
1.40845
1.40845
1.40845
1.40845
1.40845
1.40845
1.40845
1.40844
1.40846
1.40789
1.40675
1.39123
1.47629
1.58582
1.40845
1.40845
1.40845
1.40845
1.40845
1.40845
1.40845
1.40845
1.40845
1.40845
1.40845
1.40845
1.40845
1.40845
1.40845
1.40845
1.40845
1.40845
1.40845
1.40845
1.40822
1.40615
1.43275
1.343
1.43061
1.40845
1.40845
1.40845
1.40845
1.40845
1.40845
1.40845
1.40845
1.40845
1.40845
1.40845
1.40845
1.40845
1.40845
1.40845
1.40845
1.40845
1.40845
1.40845
1.40845
1.40842
1.40835
1.40826
1.39734
1.41237
1.40845
1.40845
1.40845
1.40845
1.40845
1.40845
1.40845
1.40845
1.40845
1.40845
1.40845
1.40845
1.40845
1.40845
1.40845
1.40845
1.40845
1.40845
1.40845
1.40845
1.40845
1.40838
1.4086
1.40811
1.38917
1.40845
1.40845
1.40845
1.40845
1.40845
1.40845
1.40845
1.40845
1.40845
1.40845
1.40845
1.40845
1.40845
1.40845
1.40845
1.40845
1.40845
1.40845
1.40845
1.40845
1.40846
1.4083
1.40874
1.40814
1.43139
1.40845
1.40845
1.40845
1.40845
1.40845
1.40845
1.40845
1.40845
1.40845
1.40845
1.40845
1.40845
1.40845
1.40845
1.40845
1.40845
1.40845
1.40845
1.40845
1.40845
1.40845
1.40844
1.40849
1.40804
1.40908
1.40845
1.40845
1.40845
1.40845
1.40845
1.40845
1.40845
1.40845
1.40845
1.40845
1.40845
1.40845
1.40845
1.40845
1.40845
1.40845
1.40845
1.40845
1.40845
1.40845
1.40845
1.40845
1.40847
1.4085
1.4087
1.40845
1.40845
1.40845
1.40845
1.40845
1.40845
1.40845
1.40845
1.40845
1.40845
1.40845
1.40845
1.40845
1.40845
1.40845
1.40845
1.40845
1.40845
1.40845
1.40845
1.40845
1.40845
1.40845
1.40848
1.40796
1.40845
1.40845
1.40845
1.40845
1.40845
1.40845
1.40845
1.40845
1.40845
1.40845
1.40845
1.40845
1.40845
1.40845
1.40845
1.40845
1.40845
1.40845
1.40845
1.40845
1.40845
1.40845
1.40845
1.40845
1.4084
1.40845
1.40845
1.40845
1.40845
1.40845
1.40845
1.40845
1.40845
1.40845
1.40845
1.40845
1.40845
1.40845
1.40845
1.40845
1.40845
1.40845
1.40845
1.40845
1.40845
1.40845
1.40845
1.40845
1.40845
1.4084
1.40845
1.40845
1.40845
1.40845
1.40845
1.40845
1.40845
1.40845
1.40845
1.40845
1.40845
1.40845
1.40845
1.40845
1.40845
1.40845
1.40845
1.40845
1.40845
1.40845
1.40845
1.40845
1.40845
1.40845
1.4084
1.40845
1.40845
1.40845
1.40845
1.40845
1.40845
1.40845
1.40845
1.40845
1.40845
1.40845
1.40845
1.40845
1.40845
1.40845
1.40845
1.40845
1.40845
1.40845
1.40845
1.40845
1.40845
1.40845
1.40845
1.40841
1.40845
1.40845
1.40845
1.40845
1.40845
1.40845
1.40845
1.40845
1.40845
1.40845
1.40845
1.40845
1.40845
1.40845
1.40845
1.40845
1.40845
1.40845
1.40845
1.40845
1.40845
1.40845
1.40845
1.40845
1.4084
1.40845
1.40845
1.40845
1.40845
1.40845
1.40845
1.40845
1.40845
1.40845
1.40845
1.40845
1.40845
1.40845
1.40845
1.40845
1.40845
1.40845
1.40845
1.40845
1.40845
1.40845
1.40845
1.40845
1.40845
1.40841
1.40845
1.40845
1.40845
1.40845
1.40845
1.40845
1.40845
1.40845
1.40845
1.40845
1.40845
1.40845
1.40845
1.40845
1.40845
1.40845
1.40845
1.40845
1.40845
1.40845
1.40845
1.40845
1.40845
1.40845
1.40841
1.40845
1.40845
1.40845
1.40845
1.40845
1.40845
1.40845
1.40845
1.40845
1.40845
1.40845
1.40845
1.40845
1.40845
1.40845
1.40845
1.40845
1.40845
1.40845
1.40845
1.40845
1.40845
1.40845
1.40845
1.40841
1.95164
2.20426
2.34225
2.10632
2.23356
2.08052
2.00366
2.03586
2.08024
2.10449
2.05597
1.97775
1.95177
1.90643
1.87819
1.86049
1.84745
1.83602
1.81651
1.75386
1.71522
1.68968
1.68053
1.68269
1.70191
1.7355
1.79798
1.86934
1.9782
2.09228
2.25027
2.40762
2.55961
2.73965
2.94322
3.13549
3.30902
3.46683
3.60487
3.73726
3.8425
3.93155
3.99249
4.02452
4.04193
4.05582
4.06746
4.06302
4.04244
4.01469
3.98283
3.94655
3.90951
3.8764
3.84745
3.82453
3.8081
3.79747
3.7914
3.78848
3.7884
3.79049
3.79474
3.80128
3.81056
3.82134
3.83298
3.84575
3.85979
3.8752
3.89223
3.91096
3.93145
3.95328
3.97661
4.00192
4.03079
4.06185
4.09256
4.12397
4.15551
4.18714
4.21896
4.24858
4.27864
4.30698
4.33594
4.36082
4.38687
4.40805
4.43069
4.44832
4.46683
4.48037
4.49455
4.50403
4.51398
4.52265
4.5235
4.53748
2.84003
2.42935
2.002
1.83552
2.16878
1.98927
1.79094
1.75274
1.78737
1.85779
1.87671
1.80654
1.74229
1.67856
1.62859
1.59963
1.58698
1.57533
1.55265
1.49048
1.44167
1.41604
1.3985
1.39211
1.40503
1.4276
1.47235
1.52832
1.60969
1.68582
1.8087
1.93341
2.0695
2.24171
2.44663
2.66855
2.89227
3.08985
3.32458
3.50883
3.64671
3.77504
3.8862
3.9549
4.00128
4.04196
4.07975
4.11408
4.14565
4.17516
4.19544
4.20182
4.19697
4.18679
4.17231
4.15561
4.13723
4.11933
4.10299
4.08801
4.07468
4.06345
4.05452
4.04761
4.04312
4.04245
4.04254
4.04192
4.04283
4.04563
4.05007
4.05636
4.0645
4.07413
4.08539
4.09865
4.11546
4.13577
4.15864
4.18352
4.21012
4.23842
4.26857
4.3001
4.33316
4.36625
4.40012
4.4307
4.46286
4.48906
4.5169
4.53705
4.55698
4.57089
4.5826
4.59103
4.5987
4.6043
4.60283
4.6093
3.61556
2.89462
2.30905
1.96952
1.88869
1.74571
1.61859
1.62383
1.72027
1.78129
1.63085
1.52604
1.42919
1.3586
1.31443
1.28303
1.26453
1.25404
1.25381
1.22546
1.1932
1.17617
1.16669
1.1625
1.18026
1.20061
1.22504
1.26781
1.3475
1.41481
1.54899
1.69288
1.82553
1.96904
2.14274
2.34701
2.61193
2.88409
3.15507
3.37282
3.53212
3.67396
3.80407
3.89048
3.93886
3.97462
4.00369
4.02463
4.04335
4.06351
4.08831
4.12031
4.15876
4.18844
4.20987
4.2235
4.22934
4.23148
4.22989
4.22424
4.21903
4.213
4.20327
4.19349
4.18534
4.17772
4.17106
4.16426
4.15654
4.15042
4.14669
4.14513
4.14571
4.14822
4.15263
4.15918
4.16951
4.18389
4.20138
4.22117
4.24293
4.26668
4.29243
4.31989
4.3492
4.37994
4.41222
4.44423
4.47782
4.50704
4.53792
4.56216
4.58679
4.6055
4.62196
4.63324
4.6433
4.6517
4.65229
4.66077
4.25357
3.40147
2.69621
2.16656
2.00262
1.89992
1.73414
1.63596
1.64865
1.62838
1.58519
1.55354
1.49091
1.43305
1.38567
1.35147
1.32336
1.3002
1.26322
1.16414
1.09739
1.064
1.05383
1.0657
1.1011
1.14388
1.17768
1.22701
1.29818
1.34637
1.41599
1.52981
1.66797
1.8416
2.05199
2.30366
2.56706
2.83806
3.11038
3.32826
3.49843
3.65124
3.7863
3.88727
3.94337
3.98577
4.01671
4.02802
4.02938
4.03165
4.03579
4.0438
4.05734
4.07716
4.10929
4.14521
4.1742
4.19116
4.20239
4.20972
4.20914
4.20157
4.19205
4.18217
4.16994
4.15409
4.13832
4.12569
4.11245
4.09726
4.08406
4.07367
4.06639
4.06256
4.06153
4.06326
4.06892
4.07896
4.09242
4.10843
4.12654
4.14661
4.1685
4.19236
4.21856
4.24687
4.27717
4.30906
4.34376
4.37898
4.41737
4.45421
4.49122
4.52587
4.55758
4.5849
4.60475
4.62288
4.62891
4.64382
4.38418
3.70232
3.11443
2.58509
2.2609
2.04525
1.87786
1.72008
1.66813
1.67002
1.65872
1.61598
1.54694
1.4805
1.43875
1.40078
1.38183
1.34775
1.31081
1.24758
1.19233
1.12927
1.11525
1.08869
1.10379
1.13002
1.17903
1.21505
1.26109
1.32249
1.44947
1.62391
1.83536
2.04548
2.23093
2.47041
2.7592
3.01813
3.25522
3.4549
3.63906
3.75367
3.84699
3.91237
3.95716
4.0133
4.05073
4.06128
4.05803
4.05524
4.04973
4.04093
4.03449
4.03168
4.03358
4.04913
4.07427
4.09671
4.11255
4.12405
4.12788
4.12515
4.11913
4.10861
4.09335
4.0765
4.05825
4.04223
4.02957
4.01453
4.00035
3.99107
3.98495
3.98192
3.9823
3.98576
3.99281
4.00373
4.01728
4.03225
4.0486
4.06617
4.08471
4.10442
4.12566
4.14862
4.17308
4.19919
4.22821
4.25904
4.29357
4.32946
4.36857
4.40984
4.45269
4.49538
4.52952
4.56288
4.58013
4.60651
4.4191
3.92011
3.4002
2.99196
2.63558
2.37034
2.15337
1.95301
1.81317
1.75228
1.71093
1.67072
1.6008
1.52144
1.47725
1.43692
1.42115
1.40194
1.38815
1.3576
1.31471
1.26054
1.24125
1.19577
1.1965
1.20827
1.22987
1.26456
1.31413
1.39696
1.50413
1.66218
1.85846
2.09632
2.36384
2.66512
2.93985
3.17053
3.37749
3.56029
3.70981
3.79467
3.87432
3.92923
3.98441
4.0409
4.05406
4.05035
4.0522
4.05436
4.05627
4.04427
4.03058
4.02488
4.01278
4.00521
4.01266
4.02689
4.03775
4.04148
4.03872
4.03086
4.02062
4.00812
3.99372
3.97834
3.96248
3.94819
3.93974
3.93266
3.92363
3.91794
3.916
3.91735
3.92214
3.92988
3.9409
3.95527
3.97115
3.98763
4.00502
4.0232
4.0417
4.06065
4.08044
4.10148
4.1233
4.14611
4.17128
4.1985
4.22925
4.2619
4.29849
4.33833
4.38154
4.42796
4.47138
4.51418
4.53994
4.57622
4.39569
4.04652
3.613
3.2554
2.96987
2.72712
2.51886
2.30751
2.11701
1.97308
1.87424
1.79634
1.71863
1.62735
1.56534
1.50826
1.47131
1.4334
1.41571
1.38465
1.35246
1.30169
1.29684
1.26942
1.28101
1.28449
1.30317
1.34178
1.38874
1.47851
1.61334
1.7745
1.94179
2.15389
2.40702
2.74646
3.09613
3.31094
3.47551
3.62242
3.73949
3.8325
3.8974
3.94938
3.99801
4.01723
4.03109
4.04032
4.05018
4.05943
4.06
4.03544
4.01666
4.01019
4.00597
3.9881
3.98129
3.98674
3.99421
3.99039
3.97767
3.96205
3.94509
3.92794
3.91061
3.89394
3.87755
3.86198
3.85204
3.85082
3.84802
3.84442
3.84604
3.85171
3.8619
3.87565
3.89262
3.91136
3.93095
3.95093
3.97084
3.9909
4.01101
4.03133
4.05184
4.07335
4.09506
4.11712
4.14075
4.16626
4.19446
4.22488
4.25946
4.29729
4.33952
4.38451
4.43154
4.4804
4.51268
4.55627
4.41353
4.07646
3.75453
3.38567
3.13551
2.93942
2.78547
2.62539
2.45147
2.28899
2.16323
2.04142
1.92922
1.83457
1.73548
1.642
1.58486
1.52676
1.49738
1.46445
1.43147
1.38718
1.35475
1.348
1.33175
1.33472
1.45481
1.53095
1.61473
1.72806
1.81337
1.92484
2.02409
2.1613
2.35498
2.59677
3.07253
3.40834
3.55454
3.6696
3.76873
3.84343
3.90085
3.93794
3.99257
4.00267
4.0079
4.02626
4.03682
4.04655
4.03247
4.01857
4.01272
4.00567
4.00255
3.99101
3.96725
3.95965
3.9605
3.95246
3.93441
3.91452
3.89229
3.86756
3.84212
3.81792
3.79607
3.77722
3.76191
3.75676
3.75806
3.75744
3.76202
3.77279
3.78858
3.80952
3.83488
3.86214
3.88885
3.91418
3.93838
3.96163
3.98435
4.00656
4.0283
4.05097
4.07349
4.09597
4.11948
4.1445
4.17158
4.20105
4.23404
4.27031
4.31122
4.35512
4.40396
4.4551
4.4916
4.54129
4.44136
4.09959
3.81568
3.51314
3.24456
3.07818
2.94044
2.80085
2.65035
2.52301
2.40937
2.30283
2.1958
2.09932
2.0054
1.89463
1.79228
1.72266
1.65312
1.60656
1.54825
1.51451
1.4664
1.47003
1.50103
1.55273
1.76514
1.88369
1.99254
2.0379
2.02066
2.07044
2.12259
2.20771
2.3305
2.52807
2.78429
3.3325
3.60689
3.69166
3.76614
3.82791
3.88515
3.92911
3.97502
3.98813
3.99271
4.01281
4.01856
4.01071
4.00141
4.00357
4.01052
4.00398
3.98817
3.98383
3.96982
3.94204
3.92866
3.92059
3.9045
3.88221
3.85514
3.82292
3.78687
3.75197
3.72284
3.69891
3.6799
3.66938
3.67133
3.67594
3.68034
3.69346
3.71194
3.73753
3.77043
3.80853
3.84465
3.87729
3.90736
3.93483
3.96099
3.9859
4.00921
4.03296
4.05649
4.07957
4.1032
4.12804
4.15447
4.18325
4.21507
4.25029
4.2903
4.33328
4.38177
4.43262
4.47392
4.53025
4.4337
4.1349
3.84735
3.59462
3.34689
3.14327
3.02156
2.91169
2.77939
2.66054
2.55869
2.48442
2.39421
2.31778
2.24338
2.16353
2.06292
1.97711
1.88424
1.82798
1.75658
1.72615
1.69308
1.70907
1.80077
2.05399
2.24851
2.35967
2.40704
2.36274
2.31934
2.28655
2.28598
2.29976
2.35747
2.46146
2.661
2.95003
3.51178
3.70004
3.76206
3.81525
3.85827
3.91424
3.93621
3.96162
3.98814
3.99807
3.99731
3.99637
3.99895
3.99759
3.99406
3.98725
3.97312
3.96285
3.95858
3.94293
3.91524
3.89348
3.87751
3.85757
3.83036
3.79533
3.75349
3.70788
3.66769
3.63728
3.61433
3.59919
3.59502
3.60298
3.60909
3.62094
3.64195
3.66881
3.70454
3.74926
3.79663
3.83895
3.87597
3.90902
3.93956
3.9676
3.99301
4.01828
4.04267
4.06668
4.0909
4.1157
4.14191
4.16986
4.20098
4.23513
4.27365
4.3155
4.36401
4.41516
4.45887
4.519
4.43798
4.15801
3.8824
3.6417
3.42288
3.21662
3.069
2.97477
2.86399
2.74719
2.65375
2.59406
2.52501
2.46521
2.39452
2.32883
2.26341
2.19312
2.09761
2.03176
1.98566
1.96848
1.9735
2.07894
2.25683
2.67899
2.77669
2.82681
2.73867
2.67481
2.6151
2.56485
2.4765
2.41651
2.41343
2.45687
2.55551
2.73152
3.13787
3.66099
3.74991
3.8076
3.8454
3.88411
3.92685
3.95023
3.97397
3.97454
3.98232
3.99525
4.00501
4.00462
3.98452
3.97902
3.97445
3.96079
3.94158
3.93008
3.91558
3.8913
3.8636
3.83942
3.81074
3.77497
3.73207
3.68333
3.63602
3.59613
3.56665
3.54547
3.53466
3.53869
3.55265
3.56352
3.58175
3.61047
3.6486
3.69573
3.74901
3.79976
3.84514
3.8845
3.9201
3.95168
3.98001
4.00619
4.032
4.05714
4.08157
4.10659
4.13236
4.16001
4.19037
4.22319
4.26082
4.30245
4.35008
4.39934
4.44561
4.51224
4.46451
4.18469
3.92246
3.67399
3.46992
3.28801
3.12146
3.00863
2.91403
2.8074
2.71743
2.65379
2.60879
2.55705
2.4994
2.43785
2.3778
2.29819
2.24094
2.18643
2.16738
2.16971
2.24317
2.38285
2.88052
3.1899
3.22249
3.13268
3.01241
2.92833
2.83647
2.76543
2.64706
2.55275
2.50899
2.49996
2.53858
2.64955
2.81525
3.35512
3.74486
3.80533
3.84753
3.87494
3.91392
3.93725
3.9613
3.98181
3.99828
3.99926
4.00417
4.00567
3.99526
3.99634
3.9824
3.95497
3.93341
3.91805
3.90806
3.89242
3.86641
3.83578
3.8052
3.7706
3.7291
3.68005
3.62618
3.57715
3.54194
3.51623
3.49954
3.49171
3.50092
3.52065
3.54303
3.56677
3.59969
3.64592
3.70318
3.76263
3.81373
3.85833
3.89945
3.93543
3.96781
3.99544
4.02291
4.04796
4.07378
4.09913
4.12521
4.15262
4.18246
4.21438
4.2525
4.29222
4.33778
4.38817
4.4381
4.50698
4.51149
4.23168
3.97813
3.74242
3.51095
3.34359
3.18634
3.04219
2.94948
2.85491
2.76593
2.69807
2.65093
2.608
2.56374
2.5126
2.44199
2.36905
2.32591
2.29888
2.29809
2.35455
2.52163
2.92608
3.4194
3.48188
3.47925
3.36035
3.23757
3.13346
3.02022
2.91754
2.81281
2.70459
2.59753
2.5676
2.57152
2.62871
2.7731
2.98149
3.51896
3.79438
3.84587
3.87317
3.89792
3.94344
3.95598
3.98066
4.00283
4.0131
4.00652
4.00794
4.00567
3.9897
3.97108
3.95361
3.94827
3.94016
3.91744
3.89448
3.87418
3.8455
3.80902
3.77133
3.73066
3.68462
3.63321
3.57979
3.53338
3.50007
3.48315
3.47449
3.46919
3.47845
3.50186
3.53609
3.57237
3.61216
3.66249
3.72333
3.78479
3.83629
3.87992
3.92037
3.95375
3.98484
4.01316
4.04084
4.06716
4.09287
4.11975
4.14685
4.17625
4.20857
4.24457
4.28497
4.33208
4.38103
4.43033
4.50224
4.57301
4.28982
4.01763
3.81153
3.58176
3.38027
3.24811
3.09561
2.97358
2.89318
2.80538
2.73164
2.68243
2.64114
2.6018
2.5463
2.47819
2.43473
2.40562
2.40439
2.44385
2.61694
2.90978
3.56227
3.66717
3.6635
3.62362
3.5296
3.41546
3.28148
3.16217
3.0485
2.94909
2.84491
2.74074
2.66046
2.6586
2.67972
2.74691
2.91251
3.16311
3.64107
3.84443
3.8764
3.89798
3.92999
3.95701
3.97453
3.99692
4.01673
4.01676
4.0089
4.01148
4.00565
3.9958
3.98608
3.97247
3.95305
3.92873
3.9062
3.88367
3.85728
3.82234
3.78273
3.74143
3.69722
3.64761
3.59228
3.53691
3.50158
3.48251
3.47129
3.4666
3.46526
3.47394
3.50041
3.54519
3.59523
3.64324
3.69374
3.75124
3.8085
3.85965
3.90249
3.94054
3.97617
4.0054
4.03381
4.06127
4.08938
4.11579
4.14322
4.17282
4.20425
4.24055
4.27962
4.32471
4.37322
4.42477
4.49971
4.64534
4.36803
4.08081
3.87214
3.66949
3.4416
3.29299
3.16677
3.01666
2.92077
2.84565
2.76757
2.7086
2.66279
2.61607
2.55454
2.51483
2.49281
2.49009
2.52573
2.6631
2.87356
3.4966
3.85127
3.84015
3.79045
3.73043
3.65086
3.55093
3.43956
3.30381
3.19117
3.09515
3.00906
2.92804
2.82328
2.76637
2.75885
2.77568
2.85269
3.01367
3.33691
3.75283
3.87136
3.89902
3.92307
3.95705
3.97835
3.99493
4.01489
4.01392
4.01146
4.02313
4.01658
4.00103
3.99214
3.98132
3.96503
3.94642
3.92722
3.90348
3.87347
3.83938
3.8006
3.75861
3.7162
3.66981
3.61661
3.56138
3.51872
3.48694
3.47071
3.46756
3.47002
3.47792
3.49212
3.52057
3.5696
3.63109
3.68473
3.73091
3.78147
3.83799
3.88844
3.93082
3.96552
3.99899
4.03043
4.05728
4.0854
4.114
4.14181
4.17078
4.2023
4.23725
4.27624
4.31996
4.36878
4.42052
4.49646
4.6855
4.4339
4.14145
3.91562
3.74457
3.52137
3.33348
3.21829
3.07326
2.94752
2.87388
2.80887
2.73879
2.67753
2.60906
2.57157
2.55387
2.55057
2.58387
2.70227
2.88789
3.45089
3.93318
3.93734
3.90134
3.84708
3.78805
3.72
3.64158
3.54757
3.43431
3.33988
3.24761
3.16301
3.07204
2.98148
2.86737
2.8362
2.83828
2.87393
2.96921
3.10895
3.4948
3.82507
3.88978
3.91751
3.95337
3.97101
3.99227
4.00598
4.00875
4.02575
4.02595
4.00877
4.00236
4.00364
3.99321
3.97886
3.96254
3.94647
3.92497
3.89814
3.86659
3.82959
3.78715
3.74267
3.69837
3.65016
3.59683
3.54535
3.50968
3.49251
3.48334
3.47976
3.48634
3.50338
3.5253
3.55695
3.6076
3.67187
3.72716
3.7728
3.8209
3.87232
3.9212
3.9606
3.99346
4.02357
4.05519
4.08838
4.11297
4.13978
4.17119
4.20205
4.2366
4.27528
4.31662
4.36557
4.41688
4.49387
4.71669
4.50383
4.21959
3.96947
3.80226
3.60462
3.39628
3.27095
3.13767
2.99212
2.89745
2.83885
2.78091
2.67469
2.61498
2.5974
2.59595
2.62519
2.73213
2.94
3.42631
3.96862
3.9955
3.97595
3.94802
3.91693
3.87461
3.82148
3.75255
3.6641
3.58551
3.49597
3.41106
3.30981
3.22097
3.1279
3.02734
2.93433
2.92447
2.93089
2.96903
3.07506
3.22146
3.6072
3.85879
3.90225
3.94654
3.96835
3.97764
3.99645
4.0132
4.02235
4.01631
4.01123
4.01017
4.00483
3.99061
3.9783
3.96606
3.95855
3.94368
3.91844
3.89354
3.86402
3.82733
3.78257
3.7374
3.68974
3.63493
3.58167
3.55146
3.52957
3.5095
3.50447
3.5061
3.51828
3.54035
3.56825
3.60398
3.65523
3.71838
3.77312
3.81769
3.8653
3.91188
3.95037
3.98822
4.02892
4.05901
4.08397
4.11091
4.14295
4.17154
4.20134
4.23556
4.27456
4.31498
4.364
4.41616
4.49375
4.72529
4.53438
4.29336
4.03708
3.859
3.67186
3.46134
3.32261
3.20776
3.05427
2.9351
2.8667
2.81237
2.68997
2.64304
2.63548
2.65874
2.75451
2.98244
3.38936
3.95812
4.06502
4.04891
4.03527
4.0233
4.01047
3.98694
3.94524
3.88383
3.81111
3.73166
3.64701
3.55424
3.46121
3.36675
3.27298
3.18574
3.06727
3.00136
2.99485
3.00501
3.05389
3.17661
3.34357
3.68328
3.87841
3.91926
3.95326
3.9771
3.98771
4.00481
4.00316
4.00464
4.00149
3.99744
3.99601
3.99641
3.99065
3.98442
3.96967
3.94856
3.9318
3.91571
3.89573
3.86798
3.83093
3.78532
3.73579
3.68301
3.64514
3.60849
3.56432
3.54067
3.53782
3.54207
3.55107
3.56536
3.58856
3.62157
3.66051
3.70802
3.76556
3.82014
3.86336
3.90401
3.94967
3.99646
4.02697
4.05279
4.08741
4.11916
4.14336
4.17017
4.20606
4.23456
4.27443
4.31609
4.36123
4.41147
4.49343
4.7157
4.55038
4.34607
4.10496
3.91341
3.74545
3.52335
3.36518
3.26886
3.13038
2.98294
2.90048
2.81402
2.73103
2.69736
2.70521
2.78303
3.00419
3.35072
3.95427
4.11132
4.11231
4.13021
4.12988
4.12387
4.12135
4.10192
4.06429
4.01026
3.94139
3.85711
3.76938
3.67712
3.59746
3.51105
3.42456
3.32878
3.24281
3.12807
3.0818
3.07363
3.08514
3.13938
3.25728
3.45412
3.75188
3.88001
3.92163
3.95811
3.9657
3.98806
3.99525
3.992
3.99489
3.99986
3.99674
3.99195
3.98392
3.97825
3.97135
3.96545
3.9597
3.94569
3.92549
3.90091
3.87091
3.83263
3.78809
3.7424
3.70795
3.66383
3.613
3.58987
3.58476
3.58722
3.59117
3.60021
3.61598
3.64285
3.67889
3.71783
3.76139
3.81291
3.86347
3.91075
3.9531
3.9859
4.01957
4.06391
4.09903
4.11707
4.14425
4.17569
4.20371
4.23592
4.28052
4.31393
4.35783
4.41421
4.49281
4.67959
4.57234
4.41386
4.18958
3.96955
3.82125
3.60382
3.40632
3.31155
3.20766
3.05667
2.92397
2.83395
2.78414
2.77944
2.83705
3.03588
3.33608
3.95439
4.17833
4.17967
4.18943
4.20425
4.229
4.23684
4.22395
4.19416
4.1576
4.11106
4.05225
3.98227
3.89919
3.81116
3.7202
3.63621
3.5491
3.45418
3.36274
3.26058
3.16938
3.13713
3.1345
3.15443
3.21851
3.31763
3.55816
3.80526
3.88304
3.9138
3.95238
3.97066
3.99025
3.98818
3.98488
3.98414
3.98451
3.98437
3.98049
3.97769
3.97542
3.97652
3.97306
3.9614
3.94513
3.92689
3.90476
3.87794
3.8441
3.80599
3.76988
3.72899
3.6857
3.65412
3.63986
3.63699
3.63728
3.64277
3.65452
3.67419
3.70318
3.73667
3.77343
3.81583
3.86417
3.90718
3.94489
3.98473
4.03544
4.0655
4.08819
4.11857
4.15636
4.17694
4.20795
4.24585
4.27595
4.31188
4.36595
4.4105
4.48711
4.65291
4.563
4.43326
4.2568
4.0393
3.89281
3.70517
3.47165
3.34661
3.26903
3.13199
2.96807
2.88598
2.8757
2.91807
3.09698
3.36006
3.96919
4.24165
4.22338
4.21851
4.22713
4.2495
4.2896
4.31126
4.30521
4.28891
4.26122
4.21883
4.16412
4.09854
4.02285
3.94075
3.84494
3.75002
3.65762
3.56332
3.47208
3.37639
3.26108
3.2074
3.19099
3.19219
3.21637
3.28845
3.38391
3.63495
3.83787
3.87893
3.91295
3.93624
3.96172
3.97449
3.97905
3.97387
3.97233
3.97375
3.97448
3.97941
3.98157
3.9795
3.97681
3.97525
3.96761
3.95545
3.94025
3.92061
3.89471
3.86555
3.83132
3.79084
3.7511
3.72541
3.70889
3.69579
3.68574
3.68269
3.69083
3.70825
3.73167
3.75836
3.79134
3.8263
3.86375
3.90466
3.94709
3.99528
4.02699
4.05736
4.09768
4.12685
4.15186
4.18254
4.22044
4.24596
4.27735
4.32181
4.36189
4.40617
4.49066
4.54081
4.57568
4.45212
4.29898
4.11124
3.94411
3.8015
3.56086
3.39028
3.32126
3.15762
3.0574
3.00989
3.02844
3.18059
3.41713
4.0451
4.32606
4.29913
4.26359
4.25849
4.26435
4.28231
4.30392
4.33273
4.34604
4.34873
4.3392
4.31588
4.27544
4.21632
4.14255
4.05827
3.96778
3.8718
3.77882
3.68619
3.58919
3.48599
3.39178
3.28553
3.23963
3.23114
3.23766
3.27018
3.35373
3.45954
3.69659
3.85049
3.87939
3.90838
3.93026
3.94383
3.95984
3.96625
3.97274
3.97822
3.97904
3.97553
3.98176
3.98985
3.99112
3.9931
3.99003
3.98169
3.96997
3.95528
3.93614
3.91507
3.88508
3.85276
3.82751
3.80704
3.78251
3.75855
3.73499
3.72581
3.73493
3.75179
3.77083
3.78977
3.81261
3.84288
3.87517
3.90954
3.94903
3.98549
4.02181
4.06669
4.09945
4.12774
4.15848
4.19742
4.22573
4.25051
4.28502
4.32152
4.35933
4.41566
4.49144
4.43038
4.50828
4.46375
4.33264
4.18184
4.00561
3.87335
3.6458
3.44155
3.34642
3.22377
3.163
3.18253
3.3174
3.52088
4.13358
4.42231
4.44666
4.35194
4.2964
4.28254
4.28619
4.29443
4.30658
4.32329
4.3475
4.36476
4.36551
4.35561
4.33195
4.29153
4.23341
4.15945
4.07353
3.98153
3.88562
3.792
3.69738
3.60385
3.51361
3.39491
3.30498
3.27139
3.26683
3.27898
3.3202
3.40997
3.52381
3.73446
3.85662
3.87981
3.89685
3.91427
3.93466
3.94677
3.95688
3.97166
3.98316
3.98653
3.98636
3.99065
4.00011
4.00995
4.01185
4.00769
4.00101
3.99047
3.97641
3.95705
3.9347
3.9145
3.89854
3.87365
3.84781
3.82264
3.7957
3.78252
3.79196
3.80091
3.80849
3.82007
3.83667
3.85964
3.88713
3.91817
3.95129
3.98967
4.03566
4.06944
4.09728
4.1343
4.16977
4.1974
4.22641
4.25892
4.28926
4.32843
4.37218
4.41725
4.49033
3.77798
4.40748
4.47573
4.3738
4.22851
4.07485
3.93461
3.73531
3.50884
3.37226
3.34547
3.33643
3.47099
3.68133
4.31624
4.61301
4.62628
4.50054
4.41032
4.379
4.35306
4.33208
4.31411
4.30548
4.30983
4.32221
4.34373
4.35475
4.35517
4.34533
4.32254
4.28498
4.23197
4.16443
4.08467
3.99648
3.90377
3.80989
3.71593
3.61509
3.53108
3.41284
3.34083
3.31296
3.30933
3.32397
3.369
3.45782
3.58185
3.76848
3.8729
3.8765
3.88472
3.89859
3.91537
3.93501
3.95174
3.97168
3.98918
3.9967
4.00532
4.01404
4.02585
4.03161
4.03037
4.02668
4.02126
4.0105
3.99461
3.97868
3.9617
3.94823
3.93227
3.91303
3.8907
3.86576
3.85289
3.85555
3.85338
3.84595
3.84542
3.8622
3.88389
3.9069
3.93315
3.96217
3.99571
4.03198
4.07136
4.11291
4.14452
4.17294
4.20229
4.2336
4.27147
4.30152
4.33581
4.37704
4.42
4.49581
2.77523
4.14526
4.34822
4.34178
4.23454
4.09997
3.98845
3.76635
3.59062
3.49646
3.50508
3.64406
3.85039
4.5239
4.8522
4.83796
4.69965
4.57382
4.51104
4.4605
4.42112
4.38352
4.34037
4.30439
4.28699
4.28845
4.29824
4.31248
4.32048
4.32221
4.31387
4.29249
4.25661
4.20722
4.14562
4.07377
3.99374
3.90747
3.81721
3.72521
3.62547
3.53616
3.42514
3.36991
3.34482
3.34129
3.35582
3.4066
3.49857
3.61324
3.7819
3.86616
3.88481
3.88497
3.89213
3.90842
3.93037
3.95385
3.97756
3.99981
4.01164
4.02689
4.04078
4.04929
4.05018
4.04877
4.0475
4.04351
4.03353
4.01719
4.00552
3.99609
3.98524
3.96792
3.94777
3.92843
3.92313
3.91779
3.9037
3.88602
3.87704
3.88941
3.90823
3.92651
3.94819
3.97439
4.00506
4.03855
4.07679
4.11412
4.15605
4.1884
4.21324
4.24216
4.27981
4.31278
4.34206
4.38353
4.43335
4.50133
1.78172
3.18319
4.25336
4.30307
4.2648
4.14056
4.02609
3.8457
3.69975
3.69375
3.83553
4.05362
4.74316
5.10826
5.11467
4.94994
4.77616
4.6873
4.62605
4.57041
4.51715
4.45616
4.40459
4.35738
4.32221
4.29676
4.28182
4.27604
4.27427
4.27151
4.26501
4.25318
4.23354
4.20406
4.1637
4.11069
4.04741
3.97534
3.8954
3.8124
3.72316
3.63137
3.53062
3.43552
3.39709
3.36719
3.36449
3.38571
3.43208
3.51727
3.64979
3.80199
3.88238
3.88361
3.88419
3.88955
3.904
3.92748
3.95353
3.98455
4.00994
4.03111
4.05136
4.06518
4.07236
4.07075
4.06794
4.07032
4.06667
4.05541
4.04772
4.03686
4.02331
4.00945
3.99831
3.9927
3.98678
3.97305
3.95439
3.93398
3.91842
3.92176
3.93177
3.94632
3.96528
3.98691
4.01461
4.04659
4.08256
4.11939
4.15759
4.19899
4.23121
4.25496
4.28284
4.3217
4.35779
4.39538
4.44195
4.5121
1.50547
2.30464
3.64031
4.23209
4.28484
4.25215
4.08209
3.96879
3.92372
4.04174
4.26477
5.028
5.38956
5.38109
5.20727
4.99892
4.89647
4.81368
4.73146
4.66908
4.60622
4.53147
4.46691
4.40837
4.35816
4.31456
4.27873
4.25081
4.22963
4.21042
4.19278
4.17595
4.15884
4.13821
4.11276
4.07928
4.03702
3.98619
3.92626
3.85676
3.78097
3.69686
3.61703
3.51637
3.4406
3.40172
3.37204
3.36681
3.3831
3.44756
3.53647
3.64142
3.79996
3.8798
3.88367
3.88921
3.89828
3.91373
3.93643
3.96423
3.99643
4.02256
4.05345
4.07426
4.08486
4.08952
4.0924
4.09093
4.09218
4.09182
4.08185
4.07035
4.05908
4.05216
4.04904
4.04342
4.03165
4.01604
3.99901
3.98014
3.96058
3.95235
3.95354
3.96227
3.97738
3.99804
4.02244
4.05317
4.0888
4.12743
4.1655
4.20174
4.24082
4.27146
4.30058
4.33136
4.36673
4.40614
4.44992
4.52264
1.48281
1.61918
2.73104
3.96708
4.1824
4.20812
4.08831
4.10138
4.27387
4.54472
5.41116
5.76167
5.70166
5.49614
5.25715
5.13162
5.05109
4.96149
4.8773
4.79597
4.71322
4.64051
4.57597
4.51187
4.43385
4.3649
4.3082
4.26083
4.21955
4.18282
4.1481
4.11684
4.09066
4.06712
4.04463
4.0203
3.9909
3.95544
3.91323
3.86224
3.80156
3.73134
3.65269
3.57693
3.48092
3.42144
3.38145
3.35185
3.3592
3.38349
3.42753
3.51333
3.64959
3.79567
3.87908
3.89607
3.90208
3.91042
3.9265
3.94917
3.97599
4.00248
4.04323
4.07534
4.09024
4.09929
4.10523
4.10681
4.10915
4.11351
4.11174
4.10182
4.09484
4.0921
4.08942
4.08153
4.06986
4.05625
4.04087
4.02303
4.00241
3.9834
3.97529
3.97739
3.98979
4.0082
4.03104
4.0592
4.09291
4.13146
4.17347
4.21105
4.24539
4.28084
4.31338
4.34481
4.37851
4.41777
4.46292
4.53381
1.30401
1.3955
1.76158
3.05976
4.05036
4.20629
4.20735
4.41228
4.86739
5.77499
6.06831
6.00942
5.76975
5.46179
5.31262
5.23236
5.15302
5.0596
4.96556
4.87409
4.79623
4.71858
4.63522
4.56047
4.48377
4.40083
4.32574
4.26096
4.20514
4.15513
4.11116
4.06609
4.02604
3.99228
3.96325
3.93769
3.91199
3.88376
3.85224
3.81474
3.76601
3.70642
3.64434
3.58768
3.50419
3.42349
3.3723
3.33146
3.31316
3.30791
3.33554
3.40965
3.50309
3.60803
3.77125
3.8746
3.90885
3.92119
3.93466
3.94658
3.9634
3.98659
4.02396
4.06434
4.08998
4.10462
4.11126
4.11956
4.12371
4.12758
4.12823
4.12472
4.12354
4.12339
4.12069
4.11338
4.10336
4.09081
4.07534
4.0568
4.03546
4.01203
3.9953
3.99088
3.99834
4.01549
4.03731
4.0649
4.09843
4.13568
4.17713
4.22024
4.25793
4.29248
4.32636
4.36032
4.39359
4.4317
4.47701
4.54682
1.39767
1.41135
1.50493
2.22332
3.45681
3.99684
4.43253
5.09288
6.34191
6.50276
6.37602
6.10678
5.73767
5.54204
5.44173
5.36593
5.27825
5.17147
5.08066
5.00046
4.9206
4.84035
4.74611
4.65199
4.56243
4.47114
4.38379
4.30398
4.23027
4.16343
4.10439
4.04402
3.98861
3.93633
3.89354
3.85843
3.82742
3.79575
3.76166
3.72381
3.68081
3.6287
3.57286
3.51829
3.45805
3.38058
3.32446
3.27698
3.23592
3.22907
3.24966
3.28569
3.35092
3.45964
3.5894
3.75585
3.87328
3.93011
3.94503
3.95492
3.96497
3.98337
4.01666
4.05676
4.0842
4.10356
4.11557
4.12878
4.13405
4.13661
4.14032
4.1437
4.14605
4.14634
4.14429
4.14029
4.13286
4.12199
4.10755
4.0895
4.06803
4.04378
4.02024
4.00595
4.00887
4.02564
4.04737
4.07415
4.10663
4.14499
4.1866
4.23008
4.27034
4.30781
4.34319
4.37738
4.41166
4.45035
4.49532
4.56434
1.40726
1.38779
1.4649
1.6419
2.40507
3.60921
5.11465
6.60739
6.66403
6.54635
6.2444
5.93694
5.7063
5.55965
5.48323
5.41371
5.33118
5.2269
5.13288
5.04277
4.95533
4.86547
4.76417
4.66031
4.56313
4.46765
4.37045
4.27578
4.18702
4.10269
4.02502
3.9572
3.89142
3.81999
3.75779
3.70552
3.65842
3.61262
3.56595
3.51784
3.47074
3.42012
3.36206
3.31266
3.26554
3.20936
3.16211
3.12585
3.08511
3.07146
3.09444
3.11816
3.17415
3.2662
3.39216
3.53282
3.72551
3.86217
3.92273
3.94616
3.96712
3.98905
4.02355
4.06553
4.09405
4.10536
4.11702
4.12939
4.14061
4.14693
4.1534
4.16085
4.16457
4.16611
4.16579
4.16393
4.15882
4.1498
4.13721
4.1203
4.09916
4.07447
4.04802
4.02828
4.02657
4.04146
4.06373
4.09084
4.12337
4.1612
4.20354
4.24864
4.29123
4.32951
4.36589
4.40089
4.43545
4.47382
4.51808
4.58513
1.40723
1.43066
1.35796
1.47256
1.91956
2.98753
5.99101
6.53432
6.64653
6.26236
5.82273
5.61878
5.54695
5.47501
5.40956
5.32484
5.24743
5.1714
5.0878
4.99448
4.89179
4.7891
4.6786
4.55558
4.42827
4.30811
4.19744
4.09571
4.00164
3.91249
3.82723
3.74471
3.67086
3.59654
3.52767
3.46786
3.41511
3.36466
3.31956
3.27596
3.23466
3.1945
3.15263
3.1081
3.07
3.02945
2.9776
2.93733
2.90597
2.88398
2.88763
2.92036
2.97345
3.04709
3.15175
3.29338
3.45966
3.65781
3.80762
3.87969
3.92599
3.97171
4.02329
4.073
4.10458
4.12085
4.13137
4.13982
4.14866
4.15908
4.16733
4.17479
4.18115
4.18542
4.18739
4.18694
4.18363
4.17715
4.1672
4.15286
4.13404
4.11123
4.08474
4.06024
4.05456
4.06829
4.09159
4.11908
4.15093
4.18882
4.23122
4.27678
4.32029
4.35949
4.39597
4.43013
4.46431
4.50114
4.54391
4.60839
1.40808
1.406
1.39131
1.5457
2.0792
3.72334
6.09135
6.06506
5.82823
5.4885
5.3571
5.25663
5.21147
5.18606
5.14862
5.08541
5.02772
4.95791
4.88106
4.79375
4.67299
4.53717
4.40508
4.27864
4.15687
4.04087
3.93393
3.8367
3.74923
3.66988
3.59819
3.52916
3.46617
3.40172
3.34236
3.28786
3.24561
3.2069
3.16875
3.13499
3.10565
3.07587
3.04408
3.00631
2.96797
2.93046
2.88935
2.83313
2.79275
2.76662
2.75074
2.75951
2.78926
2.84861
2.92923
3.04
3.18092
3.34391
3.53196
3.6858
3.79221
3.87853
3.96449
4.03854
4.09076
4.11474
4.13179
4.14733
4.1572
4.16758
4.17891
4.18994
4.20004
4.20829
4.21269
4.213
4.20983
4.20368
4.19501
4.18351
4.16772
4.14676
4.12135
4.09583
4.08787
4.1014
4.12598
4.15486
4.18712
4.22541
4.26837
4.31438
4.35867
4.39654
4.43188
4.46408
4.49656
4.53082
4.57124
4.6319
1.40804
1.40562
1.39574
1.52345
1.97898
4.29246
6.20933
5.91314
5.4989
5.35418
5.31266
5.25985
5.18635
5.10366
5.00475
4.92385
4.83779
4.75033
4.65981
4.56582
4.47659
4.39309
4.30502
4.20823
4.10821
4.00538
3.90179
3.80408
3.71441
3.63233
3.55673
3.48465
3.41893
3.35374
3.29437
3.24476
3.20164
3.16072
3.12307
3.09466
3.0704
3.04782
3.01628
2.9834
2.94274
2.89642
2.84776
2.78667
2.73039
2.6986
2.68433
2.68269
2.68748
2.70657
2.75112
2.82532
2.92614
3.05198
3.19529
3.36244
3.52238
3.66498
3.79842
3.916
4.00188
4.05132
4.08576
4.11439
4.1373
4.15628
4.17222
4.18816
4.20408
4.21902
4.22948
4.2348
4.23475
4.22992
4.22169
4.21109
4.19726
4.17881
4.15693
4.13545
4.12626
4.13778
4.16335
4.19281
4.22473
4.2627
4.30547
4.35106
4.39482
4.43219
4.4662
4.49637
4.5264
4.55705
4.59388
4.65073
1.40808
1.40475
1.39638
1.5285
1.91238
4.56581
6.40644
6.26525
5.93048
5.71132
5.54071
5.37325
5.22174
5.11141
5.02291
4.94296
4.87045
4.80763
4.74723
4.68323
4.61226
4.52647
4.42422
4.31029
4.19075
4.073
3.95845
3.85033
3.74985
3.65889
3.57694
3.50228
3.43182
3.36719
3.30566
3.25526
3.20861
3.17091
3.14629
3.13127
3.12346
3.11904
3.09391
3.05333
3.00513
2.95119
2.89064
2.82208
2.75279
2.69654
2.67447
2.65946
2.65118
2.65458
2.67519
2.71772
2.77737
2.85506
2.95316
3.06721
3.20657
3.36111
3.52295
3.68756
3.8202
3.90759
3.9686
4.01842
4.06176
4.0979
4.12941
4.15693
4.18051
4.20304
4.22281
4.23778
4.24718
4.25009
4.24681
4.23853
4.22659
4.21056
4.19054
4.17152
4.16128
4.16961
4.19258
4.22029
4.25153
4.28834
4.33011
4.37559
4.41998
4.45748
4.48977
4.51809
4.54527
4.57195
4.60508
4.65621
1.40809
1.4049
1.39609
1.52155
1.88642
4.47551
6.22912
6.10412
5.85121
5.73372
5.6288
5.51644
5.40343
5.29758
5.20002
5.113
5.04392
4.99009
4.944
4.87777
4.77904
4.6563
4.52167
4.38468
4.25168
4.12535
4.00705
3.89742
3.79649
3.70482
3.62168
3.54784
3.4811
3.42422
3.37497
3.33659
3.3107
3.29769
3.2952
3.28167
3.24862
3.20316
3.15177
3.0969
3.03678
2.97052
2.8999
2.83026
2.76756
2.71791
2.68723
2.66322
2.64857
2.64515
2.66112
2.69182
2.72844
2.77504
2.83745
2.91994
3.02357
3.14302
3.26985
3.43504
3.5916
3.7053
3.79113
3.86652
3.93529
3.99673
4.04978
4.09502
4.13549
4.17102
4.19904
4.22241
4.2425
4.25655
4.26352
4.26386
4.2583
4.24608
4.22749
4.2087
4.19516
4.19345
4.20627
4.2286
4.25636
4.29019
4.33016
4.37483
4.41978
4.45829
4.4911
4.51916
4.5441
4.56872
4.59944
4.64618
1.40808
1.4047
1.39652
1.52639
1.87796
4.65513
6.26827
6.08275
5.85004
5.76559
5.66812
5.55876
5.46134
5.38909
5.33812
5.29267
5.24454
5.18677
5.09636
4.97553
4.84213
4.70233
4.56118
4.42294
4.29082
4.16735
4.05471
3.95426
3.86586
3.7882
3.71895
3.65815
3.60712
3.5653
3.53218
3.50963
3.4895
3.45159
3.3965
3.33471
3.27177
3.2042
3.12868
3.0454
2.95373
2.85374
2.77638
2.72767
2.68778
2.65552
2.63597
2.63338
2.63427
2.63742
2.65136
2.6837
2.71486
2.74942
2.79337
2.85224
2.92763
3.01818
3.11836
3.24902
3.40664
3.5324
3.62606
3.70986
3.79013
3.86747
3.93761
4.00234
4.06067
4.11061
4.15417
4.19055
4.2201
4.24698
4.26792
4.27948
4.28037
4.27191
4.25801
4.24203
4.21573
4.19067
4.18798
4.2056
4.22824
4.25675
4.29334
4.33732
4.38513
4.43172
4.46838
4.4968
4.52362
4.54814
4.57836
4.62215
1.40809
1.40484
1.39609
1.52112
1.86375
4.54863
6.24943
6.03917
5.78869
5.70705
5.62168
5.53741
5.46733
5.41576
5.37611
5.33281
5.28016
5.20695
5.10297
4.97818
4.84305
4.70474
4.56775
4.43537
4.31011
4.19449
4.09045
3.99891
3.92009
3.85342
3.79686
3.74904
3.70945
3.67618
3.62908
3.55938
3.47585
3.39318
3.31175
3.22829
3.13873
3.0442
2.94714
2.84727
2.75814
2.68745
2.63873
2.60244
2.57328
2.55277
2.54735
2.56335
2.58635
2.60117
2.62638
2.66327
2.69676
2.73021
2.77116
2.82351
2.88538
2.95568
3.04011
3.13112
3.27514
3.4007
3.4969
3.58183
3.66258
3.74148
3.81941
3.89661
3.97226
4.04106
4.09994
4.1502
4.1923
4.22657
4.25468
4.27637
4.2873
4.28728
4.27784
4.25851
4.22446
4.18051
4.15776
4.16414
4.17716
4.19708
4.22934
4.2729
4.32511
4.37919
4.42252
4.45624
4.48552
4.51294
4.54465
4.58812
1.40808
1.40478
1.39619
1.52259
1.86018
4.62513
6.25085
6.02427
5.78927
5.71428
5.63403
5.55101
5.47742
5.41979
5.37297
5.32342
5.2656
5.18742
5.08272
4.96098
4.83029
4.69748
4.56543
4.43761
4.31635
4.20416
4.1035
4.01543
3.9398
3.8766
3.82397
3.78025
3.73505
3.67183
3.58875
3.49668
3.40675
3.31836
3.22924
3.13775
3.03876
2.93359
2.83784
2.75781
2.69477
2.64312
2.60001
2.56337
2.53759
2.52604
2.53525
2.56447
2.59431
2.61101
2.63824
2.67908
2.71385
2.7432
2.78114
2.83036
2.88442
2.94478
3.01524
3.09261
3.20327
3.32498
3.42529
3.51494
3.59895
3.67807
3.75391
3.82739
3.89863
3.9679
4.03408
4.09288
4.14228
4.18461
4.2189
4.24456
4.261
4.26582
4.25558
4.22967
4.1898
4.13586
4.09525
4.08733
4.09254
4.10774
4.14001
4.1907
4.2545
4.32062
4.37383
4.41336
4.44625
4.47548
4.50879
4.55391
1.40809
1.40482
1.39602
1.52039
1.85382
4.58147
6.24935
6.01647
5.78513
5.71185
5.6341
5.55094
5.47689
5.41768
5.36526
5.30985
5.24996
5.16976
5.066
4.94674
4.81881
4.68854
4.55913
4.43373
4.31433
4.20349
4.10359
4.01597
3.94101
3.87812
3.82509
3.7742
3.71099
3.63176
3.53908
3.44472
3.35411
3.26474
3.17259
3.07255
2.96859
2.86936
2.78846
2.72795
2.68361
2.64676
2.62082
2.61172
2.61897
2.638
2.66561
2.69528
2.71029
2.71883
2.73803
2.76685
2.79616
2.8228
2.85491
2.89648
2.9404
2.98831
3.04623
3.1122
3.19479
3.29775
3.38729
3.46547
3.53639
3.6015
3.66369
3.72447
3.78248
3.834
3.88221
3.93011
3.97431
4.0137
4.04675
4.07316
4.09194
4.09806
4.08754
4.06017
4.0198
3.9808
3.96443
3.96438
3.9754
4.0046
4.05616
4.1279
4.21145
4.28766
4.34659
4.38864
4.42396
4.45468
4.48927
4.53558
)
;

boundaryField
{
    inlet
    {
        type            calculated;
        value           uniform 1.40845;
    }
    outlet
    {
        type            calculated;
        value           nonuniform List<scalar> 
40
(
4.53748
4.6093
4.66077
4.64382
4.60651
4.57622
4.55627
4.54129
4.53025
4.519
4.51224
4.50698
4.50224
4.49971
4.49646
4.49387
4.49375
4.49343
4.49281
4.48711
4.49066
4.49144
4.49033
4.49581
4.50133
4.5121
4.52264
4.53381
4.54682
4.56434
4.58513
4.60839
4.6319
4.65073
4.65621
4.64618
4.62215
4.58812
4.55391
4.53558
)
;
    }
    bottom
    {
        type            symmetryPlane;
    }
    top
    {
        type            symmetryPlane;
    }
    obstacle
    {
        type            calculated;
        value           nonuniform List<scalar> 
110
(
7.00264
7.0059
6.99303
6.9681
6.93011
6.86901
6.79095
6.66634
6.48288
6.1962
1.95164
2.20426
2.34225
2.10632
2.23356
2.08052
2.00366
2.03586
2.08024
2.10449
2.05597
1.97775
1.95177
1.90643
1.87819
1.86049
1.84745
1.83602
1.81651
1.75386
1.71522
1.68968
1.68053
1.68269
1.70191
1.7355
1.79798
1.86934
1.9782
2.09228
2.25027
2.40762
2.55961
2.73965
2.94322
3.13549
3.30902
3.46683
3.60487
3.73726
3.8425
3.93155
3.99249
4.02452
4.04193
4.05582
4.06746
4.06302
4.04244
4.01469
3.98283
3.94655
3.90951
3.8764
3.84745
3.82453
3.8081
3.79747
3.7914
3.78848
3.7884
3.79049
3.79474
3.80128
3.81056
3.82134
3.83298
3.84575
3.85979
3.8752
3.89223
3.91096
3.93145
3.95328
3.97661
4.00192
4.03079
4.06185
4.09256
4.12397
4.15551
4.18714
4.21896
4.24858
4.27864
4.30698
4.33594
4.36082
4.38687
4.40805
4.43069
4.44832
4.46683
4.48037
4.49455
4.50403
4.51398
4.52265
4.5235
4.53748
)
;
    }
    defaultFaces
    {
        type            empty;
    }
}


// ************************************************************************* //
