/*--------------------------------*- C++ -*----------------------------------*\
| =========                 |                                                 |
| \\      /  F ield         | OpenFOAM: The Open Source CFD Toolbox           |
|  \\    /   O peration     | Version:  v2106                                 |
|   \\  /    A nd           | Website:  www.openfoam.com                      |
|    \\/     M anipulation  |                                                 |
\*---------------------------------------------------------------------------*/
FoamFile
{
    version     2.0;
    format      ascii;
    arch        "LSB;label=32;scalar=64";
    class       volScalarField;
    location    "15";
    object      Mo;
}
// * * * * * * * * * * * * * * * * * * * * * * * * * * * * * * * * * * * * * //

dimensions      [0 0 0 0 0 0 0];

internalField   nonuniform List<scalar> 
5250
(
3.01265
3.01265
3.01265
3.01265
3.01265
3.01265
3.01265
3.01265
3.01264
3.01238
3.01116
2.99328
2.90132
2.51924
1.53211
0.491191
0.300873
0.34592
0.304885
0.259027
0.225082
0.17841
0.134298
0.0850402
0.038869
3.01265
3.01265
3.01265
3.01265
3.01265
3.01265
3.01265
3.01265
3.01263
3.01242
3.01075
2.99494
2.89607
2.52978
1.54974
0.501423
0.292056
0.343933
0.302151
0.255835
0.223394
0.182962
0.144166
0.101789
0.0742332
3.01265
3.01265
3.01265
3.01265
3.01265
3.01265
3.01265
3.01265
3.01263
3.01245
3.0109
2.99679
2.9027
2.55492
1.59694
0.535614
0.279037
0.346028
0.302753
0.257102
0.229726
0.195395
0.160456
0.131688
0.115814
3.01265
3.01265
3.01265
3.01265
3.01265
3.01265
3.01265
3.01265
3.01263
3.01247
3.0111
2.99882
2.91279
2.59294
1.67937
0.600634
0.262403
0.348609
0.302425
0.264922
0.240588
0.210107
0.186498
0.167389
0.157744
3.01265
3.01265
3.01265
3.01265
3.01265
3.01265
3.01265
3.01265
3.01263
3.01251
3.01136
3.00153
2.9263
2.64592
1.81564
0.704202
0.254319
0.360468
0.311069
0.276184
0.254636
0.233081
0.217399
0.207131
0.204113
3.01265
3.01265
3.01265
3.01265
3.01265
3.01265
3.01265
3.01265
3.01264
3.01254
3.0116
3.00414
2.94078
2.70121
1.96194
0.85452
0.267167
0.385961
0.334343
0.293866
0.276546
0.263554
0.254403
0.252075
0.253609
3.01265
3.01265
3.01265
3.01265
3.01265
3.01265
3.01265
3.01265
3.01264
3.01257
3.01187
3.00621
2.95367
2.74879
2.06282
1.04057
0.30912
0.417455
0.369452
0.321768
0.307306
0.297075
0.296102
0.297612
0.31133
3.01265
3.01265
3.01265
3.01265
3.01265
3.01265
3.01265
3.01265
3.01264
3.0126
3.01205
3.00814
2.96515
2.7933
2.16312
1.21604
0.392467
0.465808
0.421629
0.364844
0.346036
0.3381
0.344958
0.355577
0.383495
3.01265
3.01265
3.01265
3.01265
3.01265
3.01265
3.01265
3.01265
3.01264
3.01262
3.01211
3.00939
2.97399
2.82766
2.26122
1.30933
0.481547
0.516291
0.482771
0.426964
0.39881
0.390601
0.404412
0.417756
0.479033
3.01265
3.01265
3.01265
3.01265
3.01265
3.01265
3.01265
3.01265
3.01264
3.01263
3.01223
3.01032
2.98287
2.86136
2.36619
1.4089
0.556878
0.555407
0.536794
0.499884
0.464639
0.453242
0.472397
0.50912
0.64889
3.01265
3.01265
3.01265
3.01265
3.01265
3.01265
3.01265
3.01265
3.01264
3.01264
3.01233
3.01101
2.99037
2.89252
2.47596
1.53106
0.64764
0.548291
0.57449
0.566888
0.539117
0.529823
0.557627
0.641034
0.871421
3.01265
3.01265
3.01265
3.01265
3.01265
3.01265
3.01265
3.01265
3.01265
3.01263
3.01246
3.01098
2.99839
2.91268
2.59029
1.67228
0.789148
0.53157
0.581311
0.62531
0.615375
0.610322
0.641928
0.752873
0.924284
3.01265
3.01265
3.01265
3.01265
3.01265
3.01265
3.01265
3.01265
3.01265
3.01264
3.01255
3.01168
3.00497
2.94393
2.71643
1.98052
1.01774
0.521402
0.58585
0.629616
0.661798
0.68513
0.714149
0.807986
0.941177
3.01265
3.01265
3.01265
3.01265
3.01265
3.01265
3.01265
3.01265
3.01265
3.01264
3.01259
3.01213
3.00806
2.96656
2.79731
2.20885
1.32645
0.585381
0.616499
0.642122
0.675707
0.72847
0.771644
0.848059
0.961206
3.01265
3.01265
3.01265
3.01265
3.01265
3.01265
3.01265
3.01265
3.01265
3.01264
3.01263
3.0122
3.01011
2.98086
2.8548
2.35643
1.49938
0.732927
0.668259
0.673089
0.696502
0.746041
0.8054
0.885558
0.979552
3.01265
3.01265
3.01265
3.01265
3.01265
3.01265
3.01265
3.01265
3.01265
3.01265
3.01264
3.01237
3.01115
2.9928
2.90298
2.508
1.64735
0.917493
0.717957
0.724215
0.735195
0.771066
0.826575
0.902858
0.990219
3.01265
3.01265
3.01265
3.01265
3.01265
3.01265
3.01265
3.01265
3.01265
3.01265
3.01263
3.01252
3.0115
3.00278
2.93559
2.67769
1.85177
1.17973
0.73593
0.76176
0.776865
0.801559
0.845322
0.910332
0.989915
3.01265
3.01265
3.01265
3.01265
3.01265
3.01265
3.01265
3.01265
3.01265
3.01265
3.01264
3.01262
3.01192
3.009
2.96398
2.8173
2.26025
1.48463
0.825147
0.798859
0.810615
0.830957
0.867141
0.921681
0.991563
3.01265
3.01265
3.01265
3.01265
3.01265
3.01265
3.01265
3.01265
3.01265
3.01265
3.01264
3.01261
3.01231
3.00987
2.98839
2.86705
2.46835
1.68341
1.01634
0.84528
0.852274
0.867972
0.896616
0.940095
0.998674
3.01265
3.01265
3.01265
3.01265
3.01265
3.01265
3.01265
3.01265
3.01265
3.01265
3.01265
3.01262
3.01267
3.01062
3.00753
2.90494
2.69166
1.89919
1.30942
0.886125
0.896702
0.908999
0.930688
0.963939
1.01078
3.01265
3.01265
3.01265
3.01265
3.01265
3.01265
3.01265
3.01265
3.01265
3.01265
3.01265
3.01264
3.01258
3.01204
3.00777
2.97292
2.80864
2.29621
1.60573
1.00243
0.934283
0.940008
0.95778
0.987494
1.02727
3.01265
3.01265
3.01265
3.01265
3.01265
3.01265
3.01265
3.01265
3.01265
3.01265
3.01265
3.01264
3.01258
3.01259
3.00886
3.01175
2.8322
2.61452
1.86765
1.24598
0.985867
0.981098
0.99394
1.01687
1.04948
3.01265
3.01265
3.01265
3.01265
3.01265
3.01265
3.01265
3.01265
3.01265
3.01265
3.01265
3.01265
3.01263
3.01254
3.01168
3.00522
2.95338
2.75719
2.09451
1.56704
1.04144
1.01857
1.02642
1.04478
1.07298
3.01265
3.01265
3.01265
3.01265
3.01265
3.01265
3.01265
3.01265
3.01265
3.01265
3.01265
3.01265
3.01263
3.01256
3.01253
3.00809
3.01217
2.7974
2.55417
1.87195
1.25788
1.07055
1.06419
1.07906
1.10141
3.01265
3.01265
3.01265
3.01265
3.01265
3.01265
3.01265
3.01265
3.01265
3.01265
3.01265
3.01265
3.01265
3.01263
3.0125
3.01134
3.00275
2.9377
2.713
2.0236
1.59342
1.1178
1.10011
1.1107
1.12821
3.01265
3.01265
3.01265
3.01265
3.01265
3.01265
3.01265
3.01265
3.01265
3.01265
3.01265
3.01265
3.01265
3.01264
3.01257
3.01258
3.00727
3.01379
2.77661
2.50771
1.88139
1.3087
1.15874
1.14564
1.15957
3.01265
3.01265
3.01265
3.01265
3.01265
3.01265
3.01265
3.01265
3.01265
3.01265
3.01265
3.01265
3.01265
3.01265
3.01263
3.01248
3.01112
3.00169
2.92998
2.70618
2.04837
1.62649
1.20215
1.18103
1.18682
3.01265
3.01265
3.01265
3.01265
3.01265
3.01265
3.01265
3.01265
3.01265
3.01265
3.01265
3.01265
3.01265
3.01265
3.01265
3.01257
3.01233
3.00726
3.01046
2.77611
2.53903
1.92782
1.38514
1.23372
1.21687
3.01265
3.01265
3.01265
3.01265
3.01265
3.01265
3.01265
3.01265
3.01265
3.01265
3.01265
3.01265
3.01265
3.01265
3.01265
3.01263
3.01248
3.01111
3.00258
2.93089
2.72347
2.10775
1.71624
1.27419
1.25061
3.01265
3.01265
3.01265
3.01265
3.01265
3.01265
3.01265
3.01265
3.01265
3.01265
3.01265
3.01265
3.01265
3.01265
3.01265
3.01264
3.01256
3.01249
3.00807
3.01316
2.80613
2.5823
1.98756
1.47441
1.30011
3.01265
3.01265
3.01265
3.01265
3.01265
3.01265
3.01265
3.01265
3.01265
3.01265
3.01265
3.01265
3.01265
3.01265
3.01265
3.01265
3.01262
3.01257
3.01127
3.00575
2.93988
2.75243
2.19203
1.81822
1.35669
3.01265
3.01265
3.01265
3.01265
3.01265
3.01265
3.01265
3.01265
3.01265
3.01265
3.01265
3.01265
3.01265
3.01265
3.01265
3.01265
3.01265
3.0126
3.01253
3.00965
3.00477
2.85009
2.63037
2.06912
1.59556
3.01265
3.01265
3.01265
3.01265
3.01265
3.01265
3.01265
3.01265
3.01265
3.01265
3.01265
3.01265
3.01265
3.01265
3.01265
3.01265
3.01265
3.01263
3.01257
3.01159
3.00706
2.95339
2.79678
2.34841
1.91565
3.01265
3.01265
3.01265
3.01265
3.01265
3.01265
3.01265
3.01265
3.01265
3.01265
3.01265
3.01265
3.01265
3.01265
3.01265
3.01265
3.01265
3.01265
3.01261
3.01254
3.01029
3.00575
2.88411
2.75649
2.18128
3.01265
3.01265
3.01265
3.01265
3.01265
3.01265
3.01265
3.01265
3.01265
3.01265
3.01265
3.01265
3.01265
3.01265
3.01265
3.01265
3.01265
3.01265
3.01264
3.01256
3.01197
3.0083
2.97447
2.85197
2.58625
3.01265
3.01265
3.01265
3.01265
3.01265
3.01265
3.01265
3.01265
3.01265
3.01265
3.01265
3.01265
3.01265
3.01265
3.01265
3.01265
3.01265
3.01265
3.01265
3.01263
3.01251
3.01149
3.00496
2.94336
2.78077
3.01265
3.01265
3.01265
3.01265
3.01265
3.01265
3.01265
3.01265
3.01265
3.01265
3.01265
3.01265
3.01265
3.01265
3.01265
3.01265
3.01265
3.01265
3.01265
3.01263
3.01256
3.01251
3.00931
3.00717
2.88475
3.01265
3.01265
3.01265
3.01265
3.01265
3.01265
3.01265
3.01265
3.01265
3.01265
3.01265
3.01265
3.01265
3.01265
3.01265
3.01265
3.01265
3.01265
3.01265
3.01265
3.01263
3.01256
3.012
3.00814
2.9951
3.01265
3.01265
3.01265
3.01265
3.01265
3.01265
3.01265
3.01265
3.01265
3.01265
3.01265
3.01265
3.01265
3.01265
3.01265
3.01265
3.01265
3.01265
3.01265
3.01265
3.01265
3.01263
3.01251
3.01176
3.0039
3.01265
3.01265
3.01265
3.01265
3.01265
3.01265
3.01265
3.01265
3.01265
3.01265
3.01265
3.01265
3.01265
3.01265
3.01265
3.01265
3.01265
3.01265
3.01265
3.01265
3.01265
3.01264
3.01259
3.01257
3.01034
3.01265
3.01265
3.01265
3.01265
3.01265
3.01265
3.01265
3.01265
3.01265
3.01265
3.01265
3.01265
3.01265
3.01265
3.01265
3.01265
3.01265
3.01265
3.01265
3.01265
3.01265
3.01265
3.01264
3.01258
3.01284
3.01265
3.01265
3.01265
3.01265
3.01265
3.01265
3.01265
3.01265
3.01265
3.01265
3.01265
3.01265
3.01265
3.01265
3.01265
3.01265
3.01265
3.01265
3.01265
3.01265
3.01265
3.01265
3.01265
3.01263
3.01261
3.01265
3.01265
3.01265
3.01265
3.01265
3.01265
3.01265
3.01265
3.01265
3.01265
3.01265
3.01265
3.01265
3.01265
3.01265
3.01265
3.01265
3.01265
3.01265
3.01265
3.01265
3.01265
3.01265
3.01265
3.01264
3.01265
3.01265
3.01265
3.01265
3.01265
3.01265
3.01265
3.01265
3.01265
3.01265
3.01265
3.01265
3.01265
3.01265
3.01265
3.01265
3.01265
3.01265
3.01265
3.01265
3.01265
3.01265
3.01265
3.01265
3.01265
3.01265
3.01265
3.01265
3.01265
3.01265
3.01265
3.01265
3.01265
3.01265
3.01265
3.01265
3.01265
3.01265
3.01265
3.01265
3.01265
3.01265
3.01265
3.01265
3.01265
3.01265
3.01265
3.01265
3.01265
3.01265
3.01265
3.01265
3.01265
3.01265
3.01265
3.01265
3.01265
3.01265
3.01265
3.01265
3.01265
3.01265
3.01265
3.01265
3.01265
3.01265
3.01265
3.01265
3.01265
3.01265
3.01265
3.01265
3.01265
3.01265
3.01265
3.01265
3.01265
3.01265
3.01265
3.01265
3.01265
3.01265
3.01265
3.01265
3.01265
3.01265
3.01265
3.01265
3.01265
3.01265
3.01265
3.01265
3.01265
3.01265
3.01265
3.01265
3.01265
3.01265
3.01265
3.01265
3.01265
3.01265
3.01265
3.01265
3.01265
3.01265
3.01265
3.01265
3.01265
3.01265
3.01265
3.01265
3.01265
3.01265
3.01265
3.01265
3.01265
3.01265
3.01265
3.01265
3.01265
3.01265
3.01265
3.01265
3.01265
3.01265
3.01265
3.01265
3.01265
3.01265
3.01265
3.01265
3.01265
3.01265
3.01265
3.01265
3.01265
3.01265
3.01265
3.01265
3.01265
3.01265
3.01265
3.01265
3.01265
3.01265
3.01265
3.01265
3.01265
3.01265
3.01265
3.01265
3.01265
3.01265
3.01265
3.01265
3.01265
3.01265
3.01265
3.01265
3.01265
3.01265
3.01265
3.01265
3.01265
3.01265
3.01265
3.01265
3.01265
3.01265
3.01265
3.01265
3.01265
3.01265
3.01265
1.13688
0.567035
0.354095
0.276638
0.371539
0.277858
0.402571
0.595959
0.733042
0.793255
0.806581
0.800641
0.798004
0.81007
0.859069
0.913452
0.952586
0.970685
0.974054
0.968774
0.964804
0.962851
0.9647
0.966793
0.971945
0.97666
0.980001
0.982115
0.982879
0.98063
0.974163
0.957095
0.939367
0.900267
0.85233
0.798518
0.746672
0.693806
0.629099
0.568869
0.512216
0.451478
0.389541
0.328088
0.266778
0.217965
0.182008
0.124222
0.0722157
0.0324317
0.0404839
0.0792061
0.125236
0.166862
0.206597
0.24504
0.280905
0.314041
0.345364
0.375253
0.40352
0.430172
0.455516
0.479725
0.503018
0.525368
0.546662
0.566801
0.586063
0.604548
0.622551
0.640114
0.657368
0.674341
0.690942
0.707277
0.722929
0.738261
0.752709
0.766914
0.780334
0.793562
0.806046
0.818369
0.829987
0.841476
0.852359
0.863129
0.873365
0.883515
0.893242
0.90288
0.912018
0.921039
0.929688
0.938364
0.947279
0.956866
0.965361
0.97345
1.1099
0.944123
0.60678
0.445518
0.13843
0.118111
0.244972
0.447814
0.530553
0.565451
0.528484
0.503944
0.497416
0.530341
0.579719
0.631339
0.663047
0.674187
0.671335
0.6655
0.661687
0.659747
0.66129
0.662689
0.669066
0.67489
0.682113
0.686436
0.689119
0.685422
0.677272
0.656418
0.634844
0.602566
0.552239
0.500075
0.450314
0.396174
0.326875
0.27158
0.219562
0.145252
0.0923473
0.07251
0.125887
0.19084
0.266921
0.333299
0.37731
0.421254
0.460076
0.492951
0.526841
0.556042
0.581719
0.607437
0.630924
0.652992
0.674124
0.694452
0.714206
0.733088
0.7514
0.769101
0.786596
0.803435
0.819885
0.835525
0.850617
0.865148
0.879424
0.893439
0.907334
0.921049
0.934686
0.948098
0.961072
0.973684
0.985716
0.99747
1.00872
1.01977
1.03029
1.04067
1.05048
1.06017
1.06938
1.07843
1.08705
1.09548
1.10365
1.1117
1.11931
1.12686
1.13404
1.14128
1.14875
1.15699
1.16451
1.17182
1.06318
1.08007
0.970693
0.830149
0.599232
0.425408
0.342023
0.392952
0.346889
0.2536
0.147756
0.0431854
0.0319948
0.105472
0.165786
0.307546
0.363049
0.395491
0.393327
0.379864
0.370475
0.365854
0.370816
0.374887
0.385246
0.392137
0.398714
0.397408
0.397875
0.394938
0.39264
0.37535
0.357552
0.321166
0.264408
0.20634
0.151175
0.104829
0.119411
0.184433
0.316201
0.417866
0.495421
0.564517
0.604028
0.636391
0.66802
0.695661
0.712181
0.730151
0.746872
0.763366
0.781718
0.799395
0.815513
0.831595
0.846981
0.862436
0.87748
0.892566
0.907635
0.922593
0.93721
0.951503
0.965589
0.979203
0.99252
1.00544
1.018
1.0303
1.04241
1.05436
1.06626
1.07803
1.08968
1.10114
1.11231
1.12331
1.13407
1.14463
1.15484
1.16481
1.17428
1.18351
1.19224
1.20084
1.2091
1.21722
1.22505
1.2327
1.24021
1.24768
1.25496
1.2618
1.26839
1.27495
1.28169
1.28953
1.29619
1.30341
1.06294
1.15689
1.17684
1.12178
0.989595
0.830856
0.655474
0.633129
0.619289
0.574237
0.496006
0.392452
0.292355
0.265042
0.255695
0.276738
0.244418
0.191293
0.141436
0.0789851
0.0382809
0.00380838
0.0344706
0.0557746
0.0903132
0.105645
0.149952
0.155337
0.173679
0.175036
0.163411
0.141691
0.115403
0.0931661
0.108294
0.181668
0.330537
0.480814
0.603175
0.682268
0.751846
0.79914
0.832366
0.855764
0.873743
0.884485
0.900121
0.914365
0.924672
0.931341
0.940758
0.9499
0.95923
0.96929
0.979587
0.990377
1.00158
1.01247
1.02351
1.03413
1.04485
1.05579
1.0669
1.07806
1.08925
1.10033
1.11148
1.12237
1.13284
1.14316
1.15338
1.16353
1.17373
1.18396
1.19435
1.20462
1.21482
1.22455
1.2339
1.243
1.25201
1.26085
1.26966
1.27825
1.28679
1.29511
1.30328
1.31095
1.31852
1.32557
1.33258
1.33938
1.34619
1.35252
1.35874
1.36507
1.37164
1.37935
1.3865
1.39437
1.08245
1.16675
1.23528
1.2688
1.21367
1.12879
1.03955
0.964443
0.955598
0.901397
0.812605
0.709195
0.604255
0.541171
0.494699
0.486034
0.479897
0.459881
0.422036
0.368419
0.303283
0.258628
0.20955
0.186006
0.151752
0.139554
0.118041
0.0992362
0.0739619
0.0442494
0.0753223
0.115347
0.204632
0.332081
0.479529
0.631875
0.765128
0.874576
0.940109
0.998384
1.03504
1.05585
1.06695
1.07733
1.08158
1.08407
1.08562
1.08731
1.08723
1.08564
1.08694
1.08747
1.0873
1.09071
1.09567
1.10159
1.10757
1.11313
1.11899
1.12545
1.13277
1.14086
1.1496
1.15844
1.16734
1.17643
1.18529
1.19416
1.20293
1.21178
1.22077
1.22998
1.23949
1.24905
1.25859
1.26784
1.27677
1.28544
1.29404
1.30263
1.3112
1.31965
1.32804
1.33624
1.34438
1.35232
1.36016
1.36752
1.37478
1.38165
1.38854
1.39546
1.40227
1.40884
1.41505
1.42132
1.42783
1.43511
1.4429
1.45109
1.09325
1.17686
1.24585
1.30014
1.31523
1.2887
1.25203
1.23595
1.24889
1.23588
1.17038
1.08268
0.980036
0.891741
0.825943
0.797368
0.772606
0.736435
0.687054
0.630717
0.566979
0.51691
0.459922
0.422355
0.373044
0.347013
0.305549
0.294156
0.261593
0.255139
0.282611
0.357743
0.481846
0.653752
0.828658
0.963262
1.06661
1.14896
1.20599
1.25366
1.27517
1.27866
1.27479
1.26692
1.25334
1.23795
1.21997
1.21094
1.20034
1.19037
1.18385
1.17595
1.16726
1.16411
1.16449
1.16733
1.16954
1.17121
1.17351
1.1775
1.18335
1.18948
1.19622
1.20303
1.21018
1.21776
1.22579
1.23381
1.24186
1.25022
1.25878
1.2672
1.27568
1.28427
1.29301
1.30197
1.31076
1.31948
1.32804
1.33613
1.34403
1.35181
1.35965
1.36759
1.37556
1.38347
1.39122
1.3987
1.40602
1.41287
1.41965
1.42644
1.43311
1.43967
1.44584
1.45212
1.45869
1.46587
1.47441
1.4832
1.08373
1.17251
1.24213
1.2983
1.34784
1.35141
1.35317
1.35937
1.37506
1.39789
1.41021
1.36638
1.30874
1.24355
1.18194
1.12533
1.10372
1.06944
1.01933
0.95833
0.887739
0.823974
0.755568
0.706106
0.647559
0.609714
0.555497
0.526454
0.473134
0.458278
0.499761
0.609652
0.770437
0.944461
1.08944
1.20337
1.30071
1.36783
1.4181
1.45495
1.47019
1.46878
1.46024
1.44026
1.41081
1.37244
1.33166
1.29305
1.25237
1.25016
1.24398
1.23392
1.22263
1.21219
1.20168
1.20012
1.20226
1.20422
1.20598
1.20845
1.21216
1.21653
1.22166
1.22763
1.23428
1.24124
1.24844
1.25601
1.26388
1.27173
1.27928
1.28698
1.29502
1.30353
1.31221
1.32091
1.32962
1.33767
1.34546
1.35321
1.36107
1.36895
1.37685
1.38481
1.39279
1.40061
1.40831
1.4154
1.42219
1.42871
1.43529
1.44198
1.44864
1.45535
1.46182
1.46838
1.47521
1.48263
1.49152
1.50078
1.07059
1.15779
1.23474
1.28948
1.34199
1.36668
1.39336
1.41026
1.43383
1.46393
1.49241
1.51194
1.48244
1.45014
1.41317
1.38328
1.37663
1.36917
1.33826
1.29012
1.22744
1.16224
1.08955
1.03011
0.963748
0.912075
0.844379
0.802458
0.735468
0.703878
0.752761
0.862533
1.0079
1.15392
1.27234
1.37819
1.45657
1.5104
1.55408
1.58229
1.59522
1.59611
1.5917
1.57556
1.55136
1.51695
1.46971
1.40624
1.35173
1.29836
1.2588
1.25877
1.2555
1.24922
1.23883
1.2308
1.22261
1.22512
1.22732
1.22941
1.23182
1.23474
1.23907
1.24468
1.25132
1.2577
1.26411
1.27046
1.27718
1.28446
1.29233
1.30035
1.30829
1.3162
1.32392
1.33169
1.33977
1.34781
1.35574
1.36349
1.37119
1.37887
1.38659
1.39439
1.40215
1.40985
1.41744
1.42427
1.43074
1.43721
1.44373
1.45041
1.45721
1.46409
1.47085
1.47764
1.48469
1.49234
1.50158
1.51126
1.06734
1.14131
1.22041
1.28422
1.32505
1.35947
1.39859
1.42224
1.45577
1.49339
1.53208
1.57212
1.57854
1.56667
1.55341
1.54248
1.53915
1.54164
1.54681
1.52303
1.48756
1.44486
1.39767
1.35001
1.29739
1.24452
1.18246
1.1156
1.03479
0.957585
0.983225
1.061
1.17406
1.27852
1.38405
1.47387
1.54527
1.59132
1.63224
1.65512
1.66529
1.67171
1.67165
1.6632
1.65013
1.62517
1.5902
1.54619
1.48735
1.40643
1.34331
1.27585
1.27133
1.27016
1.26676
1.26056
1.25139
1.24306
1.2437
1.24595
1.24905
1.25178
1.2551
1.25896
1.26379
1.26931
1.27536
1.28182
1.28865
1.29577
1.30303
1.31037
1.31747
1.32473
1.33241
1.34023
1.34803
1.35608
1.36379
1.37122
1.37863
1.38617
1.3939
1.40169
1.40949
1.41716
1.42463
1.43138
1.4379
1.44447
1.4511
1.45774
1.46444
1.47121
1.47803
1.48495
1.49215
1.49997
1.50941
1.51929
1.06991
1.13439
1.20326
1.26959
1.31417
1.35027
1.38562
1.41436
1.44857
1.49191
1.53342
1.57501
1.61388
1.61847
1.62072
1.62178
1.62331
1.62781
1.63521
1.64201
1.6358
1.61285
1.58562
1.55529
1.52169
1.48139
1.43629
1.35744
1.27535
1.18979
1.12574
1.18391
1.26196
1.35885
1.44371
1.52403
1.58669
1.62971
1.66325
1.68849
1.70179
1.70907
1.70849
1.7093
1.70539
1.6928
1.67912
1.65453
1.6134
1.55962
1.48788
1.39704
1.32156
1.2646
1.27365
1.2798
1.27694
1.27192
1.2666
1.26258
1.26312
1.26745
1.27172
1.27509
1.27865
1.28273
1.28783
1.29445
1.30149
1.30889
1.31606
1.32297
1.33019
1.33776
1.34572
1.35352
1.36136
1.36847
1.37548
1.3826
1.38987
1.39731
1.40486
1.41239
1.42004
1.42738
1.43445
1.44084
1.44711
1.45345
1.45988
1.46641
1.47307
1.47988
1.48683
1.49394
1.50132
1.50927
1.51873
1.52863
1.07733
1.13458
1.1944
1.2546
1.30101
1.34253
1.37509
1.406
1.44004
1.47828
1.5253
1.56504
1.60838
1.6348
1.64866
1.65672
1.66333
1.67235
1.6826
1.69673
1.70858
1.71075
1.69474
1.6763
1.65337
1.62292
1.57606
1.49238
1.3467
1.22453
1.1995
1.24432
1.30535
1.37443
1.43876
1.49953
1.54995
1.58916
1.62369
1.65112
1.67548
1.69675
1.72064
1.72937
1.72849
1.72782
1.72845
1.71788
1.70078
1.6737
1.6276
1.56353
1.46327
1.3864
1.29679
1.28662
1.29349
1.2979
1.29528
1.29141
1.28759
1.28839
1.28981
1.29195
1.29493
1.29887
1.30412
1.3109
1.31823
1.32569
1.33155
1.33769
1.34413
1.35098
1.35834
1.36597
1.37343
1.38096
1.3882
1.39533
1.40246
1.40956
1.41669
1.42385
1.43117
1.43816
1.44503
1.45161
1.45812
1.46468
1.47124
1.47789
1.48466
1.49153
1.49849
1.50553
1.51281
1.5206
1.52991
1.53953
1.09095
1.1398
1.19324
1.24582
1.29094
1.33437
1.36251
1.39364
1.4276
1.46503
1.5094
1.55355
1.59267
1.62564
1.65434
1.66637
1.67908
1.68844
1.70385
1.71923
1.738
1.75341
1.75728
1.74489
1.72673
1.69527
1.63056
1.51977
1.35489
1.18596
1.21103
1.24819
1.30128
1.35548
1.41205
1.46495
1.51003
1.55109
1.58583
1.61413
1.64404
1.67047
1.69329
1.70735
1.72303
1.74202
1.74987
1.74779
1.75084
1.74156
1.72452
1.69146
1.63902
1.56271
1.45521
1.37394
1.28928
1.29873
1.3102
1.31804
1.31572
1.31105
1.30543
1.30704
1.3102
1.31517
1.3204
1.32633
1.3327
1.33967
1.34658
1.35277
1.35832
1.36402
1.37019
1.37695
1.3838
1.39091
1.3979
1.40482
1.41179
1.41883
1.42592
1.43307
1.44018
1.44705
1.45389
1.46056
1.46715
1.47375
1.48038
1.48708
1.49385
1.50072
1.50767
1.51474
1.52208
1.53
1.53946
1.54946
1.10927
1.15084
1.19743
1.24345
1.28703
1.32981
1.35721
1.38589
1.41665
1.45043
1.48927
1.53185
1.57295
1.6088
1.64306
1.66252
1.67693
1.69113
1.70543
1.72478
1.74256
1.76341
1.78592
1.77528
1.75552
1.70965
1.61444
1.43804
1.30865
1.18499
1.20831
1.24169
1.28689
1.33308
1.38029
1.4252
1.46679
1.50432
1.53689
1.57126
1.60082
1.62797
1.65067
1.67641
1.70389
1.72719
1.74703
1.76049
1.77358
1.77448
1.77715
1.76625
1.74512
1.70398
1.64201
1.551
1.44292
1.33868
1.31692
1.33139
1.343
1.34077
1.33786
1.33445
1.33642
1.34007
1.3466
1.35314
1.35762
1.36187
1.36569
1.37058
1.37649
1.38308
1.38955
1.39603
1.40265
1.40943
1.41609
1.4226
1.42901
1.43534
1.44169
1.44812
1.45472
1.46136
1.46804
1.47457
1.48099
1.48744
1.49393
1.50049
1.50712
1.51381
1.52058
1.52747
1.53467
1.54251
1.55193
1.5621
1.13146
1.16699
1.20645
1.24851
1.28763
1.32785
1.35622
1.38284
1.41163
1.44204
1.47598
1.51401
1.55329
1.59124
1.62237
1.65158
1.6685
1.6824
1.69623
1.71357
1.73782
1.75903
1.78243
1.77179
1.74028
1.66395
1.53008
1.35083
1.18743
1.19513
1.20947
1.23299
1.26588
1.30218
1.34183
1.38152
1.42118
1.45875
1.49368
1.52678
1.55907
1.58692
1.61742
1.64563
1.67666
1.6949
1.71719
1.74371
1.76608
1.78844
1.80292
1.79976
1.79941
1.78683
1.76396
1.71703
1.64411
1.52673
1.43975
1.34192
1.35001
1.36322
1.37444
1.37396
1.37339
1.37387
1.37672
1.3807
1.38541
1.39087
1.39391
1.39749
1.40189
1.4072
1.41351
1.41971
1.42616
1.4324
1.43849
1.44459
1.45077
1.4568
1.46273
1.46872
1.47485
1.4811
1.48745
1.4939
1.50044
1.50707
1.51355
1.51991
1.52621
1.53251
1.53888
1.54541
1.55231
1.55996
1.56936
1.5796
1.15351
1.18636
1.22081
1.25864
1.29409
1.32982
1.35724
1.38266
1.41017
1.43768
1.46728
1.50056
1.53489
1.57108
1.60777
1.63397
1.65808
1.67541
1.68998
1.70615
1.72883
1.75274
1.75831
1.73886
1.68085
1.56535
1.38467
1.22659
1.17409
1.18399
1.19878
1.2195
1.24553
1.27608
1.31025
1.34609
1.38362
1.42005
1.45514
1.48919
1.52247
1.55382
1.58434
1.61568
1.64099
1.66786
1.69606
1.72439
1.74468
1.76619
1.78481
1.80453
1.82361
1.82705
1.82892
1.82022
1.78576
1.72815
1.64288
1.52508
1.42248
1.36789
1.38342
1.39727
1.41224
1.41
1.40878
1.40897
1.41038
1.41417
1.41972
1.42432
1.42776
1.43172
1.43649
1.44267
1.4492
1.45595
1.46229
1.46802
1.47368
1.47931
1.48497
1.49063
1.49639
1.50225
1.50825
1.51445
1.52097
1.5275
1.53408
1.54028
1.54633
1.55234
1.55842
1.56468
1.57138
1.57898
1.58871
1.59912
1.17883
1.20641
1.23715
1.27261
1.30549
1.33703
1.36158
1.38602
1.4099
1.43493
1.46231
1.49206
1.52262
1.55455
1.58872
1.62019
1.64757
1.66593
1.68227
1.70228
1.7202
1.73745
1.72441
1.6811
1.58393
1.41101
1.26763
1.17107
1.17602
1.18392
1.19605
1.21273
1.23368
1.25867
1.2876
1.3198
1.35428
1.3896
1.42462
1.45913
1.49258
1.52473
1.55704
1.58649
1.61635
1.64568
1.67717
1.69791
1.72096
1.74635
1.77144
1.79965
1.8233
1.84258
1.86623
1.86706
1.86156
1.84721
1.80292
1.73395
1.62232
1.52038
1.40699
1.41226
1.42586
1.43959
1.45414
1.45011
1.4467
1.44646
1.44731
1.45126
1.45523
1.45933
1.46394
1.46928
1.4753
1.48187
1.48832
1.49435
1.49945
1.50437
1.50939
1.51459
1.52002
1.52572
1.53165
1.53776
1.54416
1.5505
1.5569
1.56286
1.56843
1.57396
1.57966
1.58562
1.59215
1.59973
1.60973
1.62038
1.20378
1.22766
1.25487
1.28623
1.31918
1.34851
1.37258
1.3923
1.41344
1.4366
1.4614
1.48764
1.5158
1.54547
1.57594
1.6101
1.63408
1.65514
1.67645
1.69589
1.7122
1.70207
1.66757
1.58556
1.4238
1.29995
1.17506
1.17756
1.18161
1.1883
1.19794
1.2109
1.22794
1.24932
1.27506
1.30405
1.33527
1.36788
1.40132
1.43487
1.46838
1.50142
1.5344
1.56352
1.59539
1.62752
1.65239
1.67902
1.70689
1.73329
1.76014
1.78701
1.81289
1.83936
1.86386
1.88557
1.89776
1.90668
1.89356
1.86598
1.81512
1.73763
1.61871
1.53308
1.43975
1.4495
1.46903
1.48313
1.48921
1.48617
1.48392
1.48486
1.48661
1.49127
1.49646
1.50197
1.50679
1.51165
1.51686
1.52205
1.52706
1.53147
1.53588
1.54051
1.54544
1.55067
1.55624
1.56212
1.56832
1.5745
1.58063
1.58644
1.59211
1.59767
1.60335
1.6093
1.61581
1.6234
1.63357
1.64437
1.23108
1.25115
1.27501
1.30251
1.33304
1.35983
1.3857
1.40112
1.41966
1.44109
1.46343
1.48672
1.51152
1.53889
1.57007
1.60215
1.62633
1.6484
1.66906
1.68849
1.68036
1.65157
1.57886
1.4259
1.30099
1.17576
1.17928
1.18435
1.19007
1.19723
1.20595
1.21719
1.23167
1.25018
1.27202
1.29735
1.32507
1.35493
1.38635
1.41893
1.45186
1.48468
1.51541
1.54864
1.58114
1.60873
1.63921
1.66917
1.69604
1.72364
1.75177
1.77807
1.8058
1.83099
1.85857
1.88519
1.90975
1.93532
1.93458
1.93434
1.92435
1.88692
1.82543
1.73445
1.61661
1.50521
1.47996
1.4899
1.50467
1.52354
1.52171
1.52009
1.52045
1.52215
1.52445
1.53032
1.53561
1.541
1.54453
1.54843
1.55272
1.55735
1.56241
1.56722
1.57232
1.57767
1.58283
1.58813
1.594
1.59994
1.60595
1.61176
1.6173
1.62284
1.62849
1.63439
1.64088
1.64849
1.6588
1.66988
1.25169
1.27147
1.29384
1.31792
1.34751
1.37373
1.40102
1.41436
1.42954
1.44813
1.46956
1.48919
1.51064
1.53474
1.56408
1.59452
1.62226
1.64763
1.67006
1.66497
1.63973
1.57245
1.43498
1.2953
1.16493
1.17007
1.17913
1.18916
1.19926
1.20714
1.2158
1.22598
1.23851
1.2541
1.27307
1.29561
1.32104
1.34929
1.37932
1.41028
1.4415
1.4726
1.50631
1.54019
1.56951
1.60066
1.63203
1.66154
1.69031
1.71842
1.74587
1.7737
1.79944
1.82649
1.85361
1.88126
1.90745
1.93015
1.95214
1.97505
1.97121
1.96644
1.93817
1.89415
1.82448
1.70614
1.61676
1.5109
1.5225
1.53594
1.5465
1.55811
1.55485
1.55277
1.55232
1.55422
1.55979
1.56513
1.57103
1.57484
1.57892
1.58334
1.58851
1.59267
1.59703
1.60173
1.60656
1.61158
1.61732
1.62374
1.62993
1.63631
1.64206
1.64772
1.65344
1.6594
1.66596
1.67366
1.68414
1.69555
1.27954
1.29571
1.31525
1.33546
1.36212
1.3888
1.41442
1.43284
1.44312
1.45854
1.47765
1.49603
1.51351
1.53458
1.55992
1.58702
1.618
1.64728
1.65136
1.62972
1.57006
1.45643
1.29685
1.15
1.15494
1.16466
1.18075
1.19457
1.20815
1.21748
1.22734
1.23817
1.2506
1.26518
1.28245
1.30261
1.32547
1.35086
1.37814
1.40673
1.43674
1.46861
1.50102
1.53233
1.56513
1.59782
1.62741
1.65598
1.68544
1.71509
1.74183
1.7691
1.79586
1.82323
1.85055
1.87634
1.9016
1.92584
1.95138
1.97134
1.99381
1.99761
1.99577
1.98773
1.95909
1.90601
1.82975
1.71465
1.62672
1.54374
1.54738
1.56527
1.57571
1.58704
1.58507
1.58554
1.58729
1.59071
1.59644
1.60225
1.60831
1.61179
1.61519
1.61869
1.62154
1.6253
1.62987
1.63524
1.64139
1.6478
1.65433
1.66104
1.66696
1.67275
1.67857
1.68457
1.69117
1.69894
1.70954
1.72115
1.32067
1.30747
1.3268
1.34744
1.3718
1.4019
1.42733
1.45473
1.46054
1.47216
1.48808
1.50715
1.52091
1.53795
1.55993
1.58747
1.61353
1.63628
1.61792
1.56629
1.46257
1.30175
1.146
1.13832
1.1499
1.16918
1.18646
1.20314
1.21668
1.23003
1.24206
1.25428
1.26709
1.28097
1.29657
1.3143
1.33467
1.35732
1.38272
1.40999
1.43961
1.47051
1.50001
1.53144
1.56297
1.59537
1.6242
1.65406
1.68427
1.71183
1.73889
1.7647
1.79134
1.81788
1.84519
1.8712
1.89695
1.9212
1.94418
1.96559
1.98945
2.01341
2.02221
2.02728
2.02698
2.01374
1.97377
1.91108
1.80958
1.69757
1.58281
1.57977
1.58513
1.5974
1.61423
1.61775
1.61747
1.61867
1.62017
1.62459
1.62931
1.63464
1.63847
1.64105
1.64432
1.64775
1.65227
1.65791
1.66463
1.67167
1.67842
1.68524
1.69128
1.69727
1.70338
1.70964
1.71643
1.72438
1.73523
1.74711
1.38125
1.34425
1.34368
1.3608
1.3816
1.41101
1.43758
1.46608
1.47854
1.4875
1.50209
1.52115
1.53537
1.54718
1.56739
1.58729
1.6122
1.60132
1.55967
1.46606
1.30672
1.1496
1.11635
1.13638
1.1574
1.18004
1.195
1.2107
1.22731
1.24305
1.25732
1.27073
1.28441
1.29874
1.31423
1.33133
1.35038
1.37163
1.39495
1.42038
1.44741
1.47583
1.5055
1.53629
1.56741
1.59888
1.62975
1.65862
1.68756
1.71343
1.73976
1.76554
1.79127
1.81735
1.84402
1.86941
1.89475
1.9197
1.94149
1.96414
1.98288
2.00357
2.02186
2.04111
2.06321
2.06128
2.05064
2.0278
1.98764
1.90931
1.78262
1.692
1.59971
1.60928
1.62579
1.63554
1.646
1.64536
1.64559
1.64641
1.6499
1.65425
1.6594
1.66395
1.667
1.67057
1.67447
1.6796
1.6863
1.69381
1.70104
1.70838
1.71462
1.7208
1.72693
1.73337
1.74037
1.7485
1.75952
1.77178
1.48275
1.3891
1.36879
1.38165
1.39739
1.4205
1.44701
1.47156
1.49398
1.50081
1.51456
1.53217
1.55338
1.56254
1.57921
1.5955
1.58746
1.55084
1.4659
1.30999
1.15978
1.10401
1.12606
1.14908
1.17355
1.18964
1.20663
1.22429
1.24277
1.26058
1.27743
1.29421
1.30979
1.32558
1.34169
1.35856
1.37659
1.39606
1.41711
1.43985
1.4641
1.48987
1.51666
1.54452
1.57331
1.60228
1.63186
1.66041
1.68838
1.71445
1.7394
1.76402
1.78951
1.81509
1.84123
1.86682
1.8918
1.91662
1.93742
1.95873
1.97739
1.99701
2.01421
2.03425
2.05661
2.07455
2.09061
2.08894
2.08509
2.04546
1.986
1.89833
1.77481
1.66645
1.63314
1.63637
1.65282
1.66524
1.67749
1.67723
1.67752
1.67911
1.6828
1.68696
1.69082
1.69451
1.69874
1.70392
1.71023
1.71829
1.72573
1.7334
1.73942
1.74527
1.7512
1.75749
1.76444
1.77264
1.7837
1.7965
1.80249
1.43923
1.40959
1.39708
1.4095
1.42632
1.45234
1.47595
1.5055
1.51399
1.526
1.5425
1.56044
1.57823
1.59321
1.5834
1.54683
1.46661
1.31286
1.17978
1.09326
1.11696
1.14263
1.16871
1.18663
1.20526
1.22446
1.24405
1.26348
1.2831
1.30183
1.31976
1.33694
1.35319
1.3694
1.38569
1.40254
1.4202
1.43901
1.45906
1.48051
1.50325
1.52741
1.55265
1.57909
1.60622
1.63394
1.66141
1.68828
1.71429
1.73875
1.76279
1.78786
1.81329
1.83979
1.86552
1.89156
1.91533
1.93465
1.95453
1.975
1.99186
2.00947
2.02888
2.05275
2.07776
2.10355
2.12323
2.12215
2.12047
2.09469
2.04694
1.97604
1.85208
1.76297
1.65905
1.66588
1.67567
1.68732
1.69933
1.7094
1.71062
1.7116
1.71394
1.71575
1.71813
1.72167
1.72768
1.73438
1.74253
1.75045
1.75826
1.76424
1.76999
1.77583
1.78199
1.78886
1.79705
1.80807
1.82085
2.07108
1.63304
1.46913
1.43258
1.42971
1.44132
1.45899
1.48264
1.50856
1.52741
1.5394
1.55685
1.5742
1.59059
1.58035
1.5453
1.4682
1.3197
1.19641
1.08403
1.11148
1.14097
1.16986
1.18658
1.20469
1.22392
1.24407
1.26421
1.28405
1.30397
1.32348
1.34209
1.36024
1.37714
1.39361
1.40967
1.42597
1.44267
1.45998
1.47816
1.49737
1.51777
1.53933
1.56218
1.58614
1.6113
1.63708
1.66293
1.68859
1.71383
1.73763
1.76167
1.78525
1.80973
1.8366
1.86369
1.8909
1.91296
1.9332
1.95234
1.97032
1.98901
2.00856
2.02895
2.05032
2.07275
2.10041
2.1212
2.14494
2.14547
2.14209
2.12903
2.10382
2.04748
1.96398
1.84225
1.74157
1.68943
1.6929
1.71162
1.7248
1.73988
1.74047
1.74086
1.74208
1.7439
1.74646
1.75261
1.76015
1.76821
1.77669
1.78316
1.78938
1.79531
1.80126
1.80708
1.81385
1.82213
1.83316
1.84595
2.3585
2.00993
1.55794
1.47256
1.45153
1.46031
1.47157
1.49045
1.51111
1.53816
1.5523
1.56713
1.58754
1.5784
1.54387
1.46748
1.32295
1.1893
1.07113
1.1005
1.13386
1.16645
1.18358
1.20169
1.22074
1.24068
1.26117
1.28186
1.30221
1.32215
1.34192
1.3612
1.37991
1.39787
1.41511
1.43184
1.44827
1.46467
1.48113
1.49805
1.5156
1.53412
1.55376
1.57464
1.59672
1.6198
1.64385
1.66817
1.69274
1.71763
1.74064
1.76416
1.78834
1.81333
1.83931
1.86615
1.89177
1.91482
1.93629
1.9545
1.97278
1.99164
2.01116
2.02988
2.05082
2.07285
2.09612
2.11814
2.13996
2.15928
2.16755
2.16824
2.17004
2.14859
2.10532
2.04222
1.92349
1.83379
1.72932
1.73311
1.73729
1.75218
1.76308
1.77431
1.77374
1.77404
1.774
1.77771
1.78728
1.79568
1.80527
1.81059
1.81617
1.8219
1.82807
1.83366
1.83991
1.84771
1.85856
1.87084
2.80578
2.2704
1.8834
1.53304
1.49579
1.47478
1.48453
1.49896
1.51747
1.54079
1.56304
1.58058
1.5721
1.53977
1.46451
1.32085
1.18335
1.05804
1.08601
1.12104
1.15555
1.17582
1.19544
1.21564
1.23604
1.25643
1.27691
1.29744
1.31786
1.33798
1.35808
1.37773
1.39715
1.4159
1.43416
1.45178
1.46874
1.48486
1.50089
1.51711
1.53377
1.5511
1.56923
1.58838
1.60853
1.62971
1.65171
1.67433
1.69741
1.7207
1.7441
1.76743
1.79092
1.8152
1.8402
1.86684
1.89236
1.91653
1.93682
1.95693
1.9748
1.99228
2.0095
2.02926
2.05285
2.07543
2.09475
2.11507
2.13158
2.14927
2.16871
2.18337
2.19871
2.19678
2.18758
2.16212
2.12531
2.04441
1.92312
1.8322
1.75919
1.76508
1.78006
1.79075
1.80201
1.80681
1.80778
1.80862
1.81503
1.82285
1.83187
1.83979
1.84565
1.85143
1.85768
1.86346
1.8686
1.87533
1.88554
1.89697
2.83397
2.64278
2.13071
1.71628
1.54913
1.51139
1.50431
1.51547
1.53251
1.55145
1.57661
1.56812
1.5339
1.45715
1.30987
1.1713
1.04311
1.07085
1.10655
1.14113
1.16262
1.18322
1.20457
1.22616
1.2479
1.26874
1.28967
1.31066
1.3315
1.35211
1.37252
1.39259
1.41254
1.43201
1.45135
1.47026
1.48864
1.50572
1.52212
1.53817
1.55453
1.57138
1.58887
1.60707
1.6261
1.64586
1.66629
1.68722
1.70852
1.73014
1.75205
1.77429
1.79709
1.8207
1.84581
1.87056
1.8962
1.92022
1.94155
1.96079
1.97734
1.9948
2.01311
2.03233
2.05407
2.07652
2.09868
2.11627
2.13348
2.15202
2.17044
2.19201
2.21236
2.22236
2.23001
2.22744
2.22618
2.18665
2.12379
2.0136
1.92066
1.81859
1.80919
1.80581
1.81854
1.829
1.84364
1.84743
1.8512
1.85664
1.86273
1.86935
1.87525
1.88114
1.8874
1.89247
1.89723
1.90328
1.91302
1.92351
2.94559
2.78258
2.40888
2.09077
1.66835
1.57643
1.54364
1.54054
1.55855
1.5731
1.56928
1.53224
1.45153
1.30013
1.15638
1.02739
1.05697
1.09489
1.12972
1.15149
1.17112
1.19202
1.21411
1.23642
1.25894
1.28035
1.30176
1.32308
1.34427
1.36539
1.38637
1.40714
1.4278
1.44835
1.4685
1.48884
1.50836
1.52693
1.544
1.56022
1.57657
1.59321
1.61019
1.62765
1.64554
1.66377
1.68231
1.70116
1.72035
1.73992
1.76011
1.78105
1.80294
1.82625
1.85092
1.87512
1.89869
1.92088
1.94271
1.96192
1.98068
1.9988
2.01711
2.03611
2.05721
2.07771
2.09887
2.12
2.13667
2.15277
2.16941
2.18632
2.20389
2.22519
2.24469
2.25959
2.26762
2.27246
2.23742
2.18751
2.11744
2.00498
1.92641
1.83996
1.84613
1.8489
1.86808
1.87898
1.89292
1.89516
1.898
1.90153
1.90618
1.91204
1.91809
1.92198
1.92597
1.93067
1.93974
1.94932
3.00204
2.90458
2.84116
2.31769
1.99968
1.62766
1.58565
1.56365
1.57468
1.56632
1.52795
1.44423
1.28801
1.14224
1.011
1.04182
1.08284
1.11984
1.14165
1.15943
1.17904
1.20057
1.22373
1.24676
1.26986
1.29239
1.31477
1.33684
1.35874
1.38055
1.40205
1.42348
1.44473
1.46603
1.48687
1.50788
1.52841
1.54796
1.56609
1.58268
1.59896
1.61553
1.63248
1.64959
1.66671
1.68405
1.70117
1.71857
1.73634
1.75464
1.77362
1.79353
1.81449
1.83713
1.86028
1.88348
1.90655
1.92912
1.9499
1.97033
1.98918
2.00763
2.02638
2.04607
2.06663
2.08673
2.10748
2.12802
2.14519
2.16284
2.18073
2.19857
2.21668
2.2343
2.25255
2.26927
2.28402
2.29416
2.2858
2.28055
2.24102
2.19462
2.1047
2.00857
1.91299
1.87122
1.87982
1.89158
1.90762
1.9253
1.93312
1.93631
1.93921
1.94262
1.94816
1.95313
1.9571
1.96176
1.96904
1.97832
3.00706
3.00636
2.84362
2.77561
2.27821
1.87574
1.64381
1.60332
1.58775
1.53716
1.4381
1.26361
1.12096
1.00549
1.03497
1.07514
1.11142
1.13491
1.15236
1.17126
1.19215
1.21452
1.23716
1.25983
1.28283
1.30606
1.32944
1.35268
1.37554
1.3981
1.42017
1.44219
1.46389
1.4856
1.50706
1.52839
1.54984
1.57023
1.58942
1.60697
1.62359
1.64054
1.6583
1.67569
1.69347
1.70979
1.72582
1.74202
1.7585
1.77554
1.7933
1.81208
1.83203
1.85364
1.87531
1.89764
1.91966
1.94098
1.96185
1.98218
2.00201
2.0211
2.04022
2.0598
2.07876
2.09823
2.11734
2.13506
2.15241
2.16774
2.18327
2.19787
2.21201
2.22579
2.23828
2.24988
2.2632
2.2775
2.28675
2.29441
2.28599
2.26666
2.23531
2.16825
2.06058
1.9829
1.88927
1.89738
1.90364
1.92571
1.94213
1.96209
1.9665
1.97029
1.97358
1.97846
1.98453
1.99113
1.99991
2.00989
3.01124
3.00926
2.96069
2.84546
2.55196
2.15462
1.77353
1.66511
1.56252
1.4403
1.24616
1.06252
1.00523
1.03701
1.07732
1.11295
1.13704
1.15221
1.16897
1.188
1.209
1.23119
1.25401
1.27733
1.30114
1.32497
1.34883
1.37227
1.39519
1.41783
1.44019
1.46241
1.48426
1.50594
1.5274
1.54877
1.5706
1.5914
1.612
1.63051
1.64822
1.6662
1.68536
1.7039
1.72255
1.7384
1.75366
1.76924
1.78525
1.8019
1.81927
1.83755
1.85719
1.87743
1.89782
1.91844
1.93847
1.95837
1.97744
1.99645
2.01478
2.0316
2.04796
2.06353
2.079
2.09408
2.10845
2.12224
2.13527
2.1467
2.15808
2.17033
2.18318
2.19523
2.20679
2.21896
2.23094
2.244
2.25852
2.27206
2.28525
2.28842
2.27858
2.25901
2.19391
2.09322
2.02281
1.93287
1.90234
1.91456
1.9282
1.94601
1.96232
1.98017
1.98828
1.99611
2.00289
2.0105
2.02307
2.03438
3.01236
3.01182
3.00292
2.93772
2.78948
2.45089
2.13699
1.80368
1.49194
1.2545
1.00008
0.988455
1.0226
1.06565
1.10452
1.12669
1.14424
1.16239
1.18146
1.20141
1.2223
1.24389
1.26624
1.28952
1.31339
1.33748
1.36165
1.38573
1.40969
1.43352
1.45726
1.48093
1.50464
1.52827
1.55197
1.57518
1.59886
1.62157
1.64392
1.66424
1.68331
1.70253
1.72282
1.74298
1.76235
1.77889
1.79243
1.8057
1.81909
1.83294
1.84701
1.86198
1.87801
1.89383
1.90988
1.92515
1.94016
1.95473
1.96863
1.98212
1.99552
2.00898
2.02158
2.03455
2.04818
2.06023
2.07293
2.08586
2.09945
2.11166
2.12376
2.13678
2.15025
2.16461
2.17815
2.19187
2.20515
2.21932
2.23379
2.24933
2.26556
2.28456
2.29027
2.28107
2.25514
2.217
2.16249
2.06198
1.99058
1.91286
1.91967
1.92481
1.94241
1.96025
1.97678
1.99213
2.00928
2.02319
2.03895
2.05224
3.01274
3.01239
3.01024
3.00113
2.90719
2.79051
2.42143
1.96808
1.50612
1.02585
1.03961
1.08348
1.1242
1.16229
1.17423
1.18091
1.19029
1.20395
1.21974
1.23822
1.25858
1.28012
1.30285
1.32677
1.35122
1.37592
1.40089
1.42618
1.45165
1.47703
1.50175
1.52555
1.54841
1.57051
1.5919
1.6128
1.6338
1.65351
1.67261
1.68918
1.70432
1.71957
1.73587
1.75119
1.76651
1.77977
1.78937
1.79899
1.8093
1.81991
1.83143
1.84429
1.85747
1.87133
1.8839
1.89649
1.90886
1.92145
1.93439
1.94767
1.96125
1.97441
1.98732
2.0006
2.01432
2.02706
2.04066
2.05443
2.06886
2.08261
2.09568
2.11018
2.12487
2.1388
2.15342
2.16545
2.17815
2.19122
2.20427
2.21652
2.22848
2.24427
2.25834
2.26483
2.25509
2.23906
2.21025
2.16903
2.07231
2.01151
1.92989
1.90838
1.91281
1.92897
1.95067
1.96907
1.98492
2.00292
2.02085
2.03117
3.01267
3.0127
3.01531
3.00854
2.99229
2.7654
2.36586
1.54063
0.892003
0.851271
0.935751
1.02633
1.10572
1.13186
1.15428
1.1746
1.19355
1.21287
1.23237
1.2539
1.2772
1.30047
1.3242
1.34782
1.37175
1.39491
1.41726
1.43906
1.46061
1.48171
1.50203
1.52177
1.54067
1.55906
1.57698
1.59487
1.61301
1.63052
1.64794
1.66333
1.6779
1.69274
1.70835
1.72473
1.7399
1.75409
1.76379
1.77339
1.78355
1.79424
1.80582
1.81789
1.83014
1.84246
1.8535
1.86469
1.87622
1.8876
1.89949
1.91176
1.92453
1.9363
1.94819
1.96022
1.97291
1.9844
1.99599
2.00771
2.02042
2.03186
2.04241
2.05455
2.06651
2.07822
2.08666
2.09543
2.10485
2.1148
2.12525
2.13445
2.14412
2.15475
2.16538
2.17888
2.18944
2.19199
2.18305
2.15247
2.11309
2.03863
1.98035
1.90721
1.86727
1.88181
1.90209
1.92781
1.95166
1.97377
1.98244
1.98325
3.01264
3.01258
3.01198
3.00712
2.96193
2.77401
2.16644
1.23788
0.393799
0.535965
0.681642
0.799464
0.879645
0.939315
0.990255
1.03422
1.07326
1.1057
1.13623
1.16511
1.19381
1.2221
1.24891
1.27459
1.29964
1.32479
1.34934
1.37345
1.39705
1.42015
1.44242
1.46416
1.48492
1.50498
1.52449
1.54327
1.56207
1.57982
1.59684
1.61206
1.62625
1.64048
1.6552
1.67064
1.68473
1.69743
1.70637
1.71479
1.72369
1.73322
1.74381
1.75398
1.76468
1.77344
1.78187
1.79053
1.79861
1.80719
1.81604
1.8245
1.83363
1.84317
1.85199
1.86122
1.87135
1.88054
1.8903
1.90035
1.9102
1.92023
1.93087
1.94242
1.95398
1.96579
1.97772
1.98924
2.00111
2.01343
2.02592
2.03785
2.04937
2.06134
2.07396
2.08763
2.10727
2.12114
2.13477
2.12901
2.10229
2.07457
2.00718
1.93215
1.86641
1.82506
1.84033
1.86424
1.88786
1.90083
1.90953
1.89464
3.01264
3.0126
3.01212
3.00835
2.96768
2.79792
2.19006
1.19368
0.233758
0.405533
0.453337
0.510268
0.577899
0.649249
0.718052
0.780869
0.834144
0.884522
0.930474
0.971714
1.0122
1.0519
1.08593
1.1188
1.1489
1.17749
1.20462
1.23124
1.25635
1.28063
1.30373
1.32589
1.34668
1.36621
1.3846
1.40234
1.41953
1.43604
1.45201
1.4672
1.48162
1.4959
1.51037
1.52531
1.5392
1.55164
1.56151
1.57125
1.58122
1.59207
1.60314
1.61411
1.62451
1.63326
1.64197
1.651
1.66003
1.66967
1.6794
1.68947
1.70032
1.71129
1.72266
1.73462
1.74724
1.75987
1.77325
1.7872
1.80165
1.81659
1.83188
1.84774
1.86396
1.88018
1.89609
1.91181
1.92769
1.9434
1.95846
1.97383
1.98806
2.0029
2.01835
2.0348
2.05281
2.07658
2.09661
2.10789
2.10658
2.08219
2.04772
1.98846
1.90954
1.84844
1.78884
1.79411
1.81027
1.79746
1.77836
1.72575
3.01264
3.01261
3.01201
3.0083
2.96579
2.79361
2.1703
1.16532
0.225909
0.435216
0.459147
0.483009
0.510454
0.541265
0.575899
0.613634
0.652656
0.691771
0.730581
0.768728
0.806361
0.843778
0.880796
0.916205
0.950073
0.981998
1.01298
1.04252
1.07148
1.09972
1.12722
1.15385
1.17953
1.20417
1.22782
1.25052
1.2724
1.29335
1.31368
1.33314
1.35196
1.37075
1.38984
1.40889
1.42692
1.4433
1.45769
1.47098
1.48427
1.49804
1.51145
1.52463
1.53634
1.54694
1.55745
1.56816
1.57906
1.59039
1.60178
1.61363
1.62619
1.63894
1.65231
1.66646
1.68126
1.69676
1.71286
1.72955
1.7467
1.76412
1.78199
1.80029
1.81865
1.83713
1.8551
1.87299
1.89103
1.90873
1.92542
1.94214
1.95793
1.97359
1.98989
2.00692
2.02508
2.04667
2.06987
2.09625
2.10199
2.10404
2.07678
2.04368
1.99458
1.90426
1.81808
1.7828
1.73527
1.68789
1.60528
1.51035
3.01264
3.01261
3.01203
3.00845
2.96683
2.79729
2.18278
1.17103
0.220617
0.438728
0.443956
0.457585
0.483722
0.516847
0.550291
0.583317
0.615879
0.648318
0.680979
0.713737
0.746525
0.779649
0.813459
0.847452
0.881118
0.913867
0.945466
0.976119
1.00599
1.03515
1.06371
1.0918
1.11929
1.14617
1.1721
1.19695
1.22063
1.24313
1.26472
1.28535
1.30579
1.32617
1.34667
1.36686
1.38624
1.40415
1.42001
1.43458
1.44899
1.46369
1.4777
1.49131
1.5029
1.51394
1.52466
1.53557
1.54668
1.55812
1.56986
1.58207
1.59489
1.60826
1.6223
1.63713
1.65271
1.66897
1.6859
1.70342
1.72145
1.73981
1.75851
1.77759
1.7967
1.81591
1.83473
1.8535
1.87236
1.89049
1.90845
1.92526
1.94124
1.95734
1.97404
1.99148
2.00991
2.03084
2.05194
2.07615
2.09913
2.10861
2.10876
2.0814
2.06002
2.0015
1.90661
1.79522
1.68531
1.57171
1.48334
1.38473
3.01264
3.01261
3.01202
3.0084
2.96645
2.79591
2.17777
1.16404
0.216264
0.443175
0.449267
0.46173
0.484146
0.51225
0.541578
0.571928
0.603043
0.634769
0.666893
0.699196
0.731763
0.764874
0.798615
0.83219
0.865408
0.897734
0.929246
0.960012
0.990299
1.01992
1.04883
1.07718
1.10488
1.1318
1.15781
1.18273
1.20664
1.22943
1.25142
1.2726
1.29337
1.31411
1.33471
1.35502
1.37447
1.39245
1.40862
1.42361
1.43847
1.45356
1.46778
1.48131
1.49287
1.50394
1.51455
1.52534
1.53635
1.54768
1.55939
1.57163
1.58447
1.5979
1.61203
1.62693
1.6426
1.65903
1.67617
1.69394
1.71225
1.73091
1.74995
1.7693
1.78877
1.80826
1.82732
1.8463
1.8655
1.88435
1.90182
1.91942
1.93544
1.95168
1.96852
1.98616
2.00522
2.02471
2.04591
2.06756
2.09167
2.11961
2.1144
2.11035
2.07143
2.03756
1.9304
1.79298
1.60871
1.48528
1.35356
1.35701
)
;

boundaryField
{
    inlet
    {
        type            calculated;
        value           uniform 3.01265;
    }
    outlet
    {
        type            calculated;
        value           nonuniform List<scalar> 
40
(
0.97345
1.17182
1.30341
1.39437
1.45109
1.4832
1.50078
1.51126
1.51929
1.52863
1.53953
1.54946
1.5621
1.5796
1.59912
1.62038
1.64437
1.66988
1.69555
1.72115
1.74711
1.77178
1.7965
1.82085
1.84595
1.87084
1.89697
1.92351
1.94932
1.97832
2.00989
2.03438
2.05224
2.03117
1.98325
1.89464
1.72575
1.51035
1.38473
1.35701
)
;
    }
    bottom
    {
        type            symmetryPlane;
    }
    top
    {
        type            symmetryPlane;
    }
    obstacle
    {
        type            calculated;
        value           nonuniform List<scalar> 
110
(
0.0247262
0.0689904
0.113017
0.155322
0.202331
0.251479
0.308026
0.380567
0.468974
0.645201
0.848973
0.375937
0.353397
0.257365
0.356812
0.272325
0.399167
0.589746
0.727695
0.790862
0.805658
0.800434
0.797806
0.80999
0.859066
0.913336
0.952473
0.970607
0.973996
0.968736
0.964778
0.962827
0.964689
0.966785
0.971944
0.97666
0.979994
0.982109
0.982874
0.98063
0.974161
0.957094
0.939358
0.90025
0.852328
0.798515
0.746589
0.693511
0.628482
0.567884
0.511429
0.450928
0.389257
0.328057
0.266775
0.217721
0.181907
0.123917
0.0714704
0.0263849
0.0355694
0.0778018
0.124159
0.16603
0.205904
0.244448
0.280428
0.313667
0.345065
0.375017
0.403333
0.430018
0.455383
0.479613
0.502923
0.525291
0.546602
0.566754
0.586023
0.604514
0.622522
0.640089
0.657346
0.674321
0.690926
0.707264
0.722918
0.738252
0.752701
0.766908
0.780329
0.793558
0.806042
0.818367
0.829985
0.841474
0.852357
0.863128
0.873364
0.883514
0.893241
0.902879
0.912017
0.921038
0.929687
0.938363
0.947279
0.956866
0.965361
0.97345
)
;
    }
    defaultFaces
    {
        type            empty;
    }
}


// ************************************************************************* //
