/*--------------------------------*- C++ -*----------------------------------*\
| =========                 |                                                 |
| \\      /  F ield         | OpenFOAM: The Open Source CFD Toolbox           |
|  \\    /   O peration     | Version:  v2106                                 |
|   \\  /    A nd           | Website:  www.openfoam.com                      |
|    \\/     M anipulation  |                                                 |
\*---------------------------------------------------------------------------*/
FoamFile
{
    version     2.0;
    format      ascii;
    arch        "LSB;label=32;scalar=64";
    class       volScalarField;
    location    "15";
    object      psi;
}
// * * * * * * * * * * * * * * * * * * * * * * * * * * * * * * * * * * * * * //

dimensions      [0 -2 2 0 0 0 0];

internalField   nonuniform List<scalar> 
5250
(
1.40845
1.40845
1.40845
1.40845
1.40845
1.40845
1.40845
1.40845
1.40843
1.40824
1.40659
1.39133
1.28325
0.966143
0.520035
0.518109
0.553281
0.559686
0.550232
0.551762
0.550898
0.548851
0.548893
0.549521
0.550702
1.40845
1.40845
1.40845
1.40845
1.40845
1.40845
1.40845
1.40845
1.40843
1.40823
1.40652
1.39136
1.28789
0.972481
0.527693
0.518313
0.556898
0.563228
0.553186
0.55404
0.552844
0.550503
0.55001
0.550502
0.55154
1.40845
1.40845
1.40845
1.40845
1.40845
1.40845
1.40845
1.40845
1.40843
1.40825
1.4067
1.39297
1.29644
0.986412
0.546937
0.517916
0.565052
0.571061
0.559425
0.559457
0.557551
0.554143
0.552862
0.553079
0.55407
1.40845
1.40845
1.40845
1.40845
1.40845
1.40845
1.40845
1.40845
1.40843
1.40828
1.40691
1.39486
1.30751
1.00895
0.581749
0.516201
0.578085
0.582506
0.569825
0.567248
0.563423
0.558463
0.55603
0.555654
0.556334
1.40845
1.40845
1.40845
1.40845
1.40845
1.40845
1.40845
1.40845
1.40843
1.40831
1.40718
1.39735
1.32271
1.04234
0.644313
0.511914
0.595725
0.598419
0.584735
0.578199
0.571497
0.564954
0.560062
0.559274
0.559835
1.40845
1.40845
1.40845
1.40845
1.40845
1.40845
1.40845
1.40845
1.40844
1.40834
1.40744
1.39974
1.3386
1.08179
0.707434
0.496832
0.6162
0.622922
0.60844
0.59541
0.582799
0.573478
0.565327
0.563686
0.564412
1.40845
1.40845
1.40845
1.40845
1.40845
1.40845
1.40845
1.40845
1.40844
1.40837
1.40769
1.40188
1.35237
1.12085
0.743702
0.473387
0.604905
0.624461
0.616498
0.612082
0.601405
0.585685
0.57389
0.569421
0.570432
1.40845
1.40845
1.40845
1.40845
1.40845
1.40845
1.40845
1.40845
1.40844
1.40839
1.40791
1.40357
1.36444
1.16116
0.786243
0.451143
0.573721
0.613264
0.61185
0.615395
0.611341
0.599249
0.584262
0.576619
0.580773
1.40845
1.40845
1.40845
1.40845
1.40845
1.40845
1.40845
1.40845
1.40845
1.4084
1.40802
1.40456
1.37361
1.19668
0.831612
0.452797
0.554088
0.593363
0.601226
0.612699
0.6201
0.616405
0.603277
0.587992
0.597285
1.40845
1.40845
1.40845
1.40845
1.40845
1.40845
1.40845
1.40845
1.40845
1.40842
1.40813
1.40555
1.38212
1.23434
0.881454
0.469517
0.557262
0.56966
0.581392
0.599498
0.617496
0.623181
0.618714
0.604502
0.638057
1.40845
1.40845
1.40845
1.40845
1.40845
1.40845
1.40845
1.40845
1.40845
1.40843
1.40821
1.40633
1.38904
1.26994
0.939803
0.499773
0.552383
0.571944
0.581482
0.592196
0.610299
0.630381
0.644578
0.650341
0.722907
1.40845
1.40845
1.40845
1.40845
1.40845
1.40845
1.40845
1.40845
1.40845
1.40843
1.40826
1.4068
1.39419
1.3061
1.00581
0.537949
0.543292
0.582613
0.59146
0.591775
0.601189
0.624985
0.652965
0.666682
0.783456
1.40845
1.40845
1.40845
1.40845
1.40845
1.40845
1.40845
1.40845
1.40845
1.40844
1.40835
1.40751
1.4005
1.34292
1.08947
0.679083
0.525287
0.610431
0.607153
0.599062
0.602245
0.617193
0.652207
0.67431
0.782757
1.40845
1.40845
1.40845
1.40845
1.40845
1.40845
1.40845
1.40845
1.40845
1.40844
1.40839
1.40793
1.40384
1.36537
1.16356
0.78738
0.491223
0.614179
0.624072
0.6138
0.608913
0.618284
0.646579
0.678984
0.772124
1.40845
1.40845
1.40845
1.40845
1.40845
1.40845
1.40845
1.40845
1.40845
1.40845
1.40841
1.4081
1.40531
1.38011
1.22532
0.869601
0.483739
0.613451
0.623687
0.625704
0.62073
0.625074
0.64641
0.677317
0.749255
1.40845
1.40845
1.40845
1.40845
1.40845
1.40845
1.40845
1.40845
1.40845
1.40845
1.40843
1.40823
1.40653
1.39098
1.28183
0.957863
0.503879
0.583782
0.633147
0.643088
0.637305
0.636172
0.648392
0.673412
0.723115
1.40845
1.40845
1.40845
1.40845
1.40845
1.40845
1.40845
1.40845
1.40845
1.40845
1.40844
1.40832
1.4073
1.39858
1.33144
1.05995
0.563579
0.546108
0.630257
0.655197
0.65203
0.647869
0.654977
0.674069
0.709496
1.40845
1.40845
1.40845
1.40845
1.40845
1.40845
1.40845
1.40845
1.40845
1.40845
1.40844
1.40839
1.40789
1.40364
1.36606
1.16521
0.781825
0.500431
0.626308
0.64654
0.659221
0.659684
0.665254
0.679009
0.705244
1.40845
1.40845
1.40845
1.40845
1.40845
1.40845
1.40845
1.40845
1.40845
1.40845
1.40845
1.40841
1.40812
1.40561
1.38452
1.25485
0.911675
0.506201
0.604685
0.643069
0.669003
0.67199
0.676805
0.686774
0.706735
1.40845
1.40845
1.40845
1.40845
1.40845
1.40845
1.40845
1.40845
1.40845
1.40845
1.40845
1.40843
1.40833
1.40724
1.39827
1.32525
1.01857
0.553154
0.568591
0.648266
0.682642
0.684285
0.687628
0.695663
0.71102
1.40845
1.40845
1.40845
1.40845
1.40845
1.40845
1.40845
1.40845
1.40845
1.40845
1.40845
1.40844
1.40838
1.40784
1.40342
1.36842
1.1854
0.771548
0.51344
0.642629
0.663219
0.686758
0.69439
0.703383
0.716899
1.40845
1.40845
1.40845
1.40845
1.40845
1.40845
1.40845
1.40845
1.40845
1.40845
1.40845
1.40844
1.40836
1.4084
1.40651
1.39376
1.29401
0.909234
0.532979
0.59978
0.666652
0.695636
0.70387
0.71299
0.724626
1.40845
1.40845
1.40845
1.40845
1.40845
1.40845
1.40845
1.40845
1.40845
1.40845
1.40845
1.40845
1.40844
1.40833
1.40749
1.40064
1.34906
1.11677
0.625039
0.544137
0.659258
0.686516
0.705921
0.718299
0.731431
1.40845
1.40845
1.40845
1.40845
1.40845
1.40845
1.40845
1.40845
1.40845
1.40845
1.40845
1.40845
1.40844
1.40832
1.40836
1.40612
1.39158
1.27537
0.819975
0.523737
0.625779
0.675493
0.709655
0.722756
0.736439
1.40845
1.40845
1.40845
1.40845
1.40845
1.40845
1.40845
1.40845
1.40845
1.40845
1.40845
1.40845
1.40845
1.40843
1.40829
1.40715
1.39802
1.33251
1.07343
0.562554
0.574562
0.669792
0.703411
0.721537
0.736304
1.40845
1.40845
1.40845
1.40845
1.40845
1.40845
1.40845
1.40845
1.40845
1.40845
1.40845
1.40845
1.40845
1.40844
1.40835
1.40839
1.4056
1.38833
1.26351
0.764497
0.518561
0.63662
0.683078
0.720892
0.734881
1.40845
1.40845
1.40845
1.40845
1.40845
1.40845
1.40845
1.40845
1.40845
1.40845
1.40845
1.40845
1.40845
1.40845
1.40843
1.40826
1.40693
1.39663
1.32499
1.05457
0.561551
0.588643
0.684474
0.713489
0.731278
1.40845
1.40845
1.40845
1.40845
1.40845
1.40845
1.40845
1.40845
1.40845
1.40845
1.40845
1.40845
1.40845
1.40845
1.40844
1.4084
1.40803
1.4041
1.38985
1.27414
0.770438
0.527072
0.646726
0.693992
0.728457
1.40845
1.40845
1.40845
1.40845
1.40845
1.40845
1.40845
1.40845
1.40845
1.40845
1.40845
1.40845
1.40845
1.40845
1.40845
1.40843
1.40827
1.40693
1.39712
1.32825
1.0573
0.574548
0.596756
0.693225
0.717069
1.40845
1.40845
1.40845
1.40845
1.40845
1.40845
1.40845
1.40845
1.40845
1.40845
1.40845
1.40845
1.40845
1.40845
1.40845
1.40844
1.40837
1.40823
1.40598
1.39402
1.29028
0.804271
0.535652
0.64628
0.701324
1.40845
1.40845
1.40845
1.40845
1.40845
1.40845
1.40845
1.40845
1.40845
1.40845
1.40845
1.40845
1.40845
1.40845
1.40845
1.40845
1.40843
1.4083
1.40726
1.39917
1.33967
1.075
0.587523
0.592293
0.692819
1.40845
1.40845
1.40845
1.40845
1.40845
1.40845
1.40845
1.40845
1.40845
1.40845
1.40845
1.40845
1.40845
1.40845
1.40845
1.40845
1.40845
1.40841
1.4082
1.4062
1.3926
1.28508
0.858629
0.558049
0.639298
1.40845
1.40845
1.40845
1.40845
1.40845
1.40845
1.40845
1.40845
1.40845
1.40845
1.40845
1.40845
1.40845
1.40845
1.40845
1.40845
1.40845
1.40844
1.40834
1.4075
1.4011
1.35198
1.11649
0.666768
0.581277
1.40845
1.40845
1.40845
1.40845
1.40845
1.40845
1.40845
1.40845
1.40845
1.40845
1.40845
1.40845
1.40845
1.40845
1.40845
1.40845
1.40845
1.40845
1.40842
1.40823
1.40658
1.39534
1.30489
0.947604
0.593517
1.40845
1.40845
1.40845
1.40845
1.40845
1.40845
1.40845
1.40845
1.40845
1.40845
1.40845
1.40845
1.40845
1.40845
1.40845
1.40845
1.40845
1.40845
1.40844
1.40835
1.40773
1.40348
1.37099
1.18829
0.802195
1.40845
1.40845
1.40845
1.40845
1.40845
1.40845
1.40845
1.40845
1.40845
1.40845
1.40845
1.40845
1.40845
1.40845
1.40845
1.40845
1.40845
1.40845
1.40845
1.40843
1.40831
1.40729
1.39973
1.34025
1.07158
1.40845
1.40845
1.40845
1.40845
1.40845
1.40845
1.40845
1.40845
1.40845
1.40845
1.40845
1.40845
1.40845
1.40845
1.40845
1.40845
1.40845
1.40845
1.40845
1.40844
1.40832
1.40835
1.40674
1.39326
1.29989
1.40845
1.40845
1.40845
1.40845
1.40845
1.40845
1.40845
1.40845
1.40845
1.40845
1.40845
1.40845
1.40845
1.40845
1.40845
1.40845
1.40845
1.40845
1.40845
1.40845
1.40843
1.40835
1.40775
1.40351
1.38119
1.40845
1.40845
1.40845
1.40845
1.40845
1.40845
1.40845
1.40845
1.40845
1.40845
1.40845
1.40845
1.40845
1.40845
1.40845
1.40845
1.40845
1.40845
1.40845
1.40845
1.40845
1.40842
1.40829
1.40739
1.40019
1.40845
1.40845
1.40845
1.40845
1.40845
1.40845
1.40845
1.40845
1.40845
1.40845
1.40845
1.40845
1.40845
1.40845
1.40845
1.40845
1.40845
1.40845
1.40845
1.40845
1.40845
1.40844
1.40839
1.40822
1.40696
1.40845
1.40845
1.40845
1.40845
1.40845
1.40845
1.40845
1.40845
1.40845
1.40845
1.40845
1.40845
1.40845
1.40845
1.40845
1.40845
1.40845
1.40845
1.40845
1.40845
1.40845
1.40845
1.40844
1.40837
1.40855
1.40845
1.40845
1.40845
1.40845
1.40845
1.40845
1.40845
1.40845
1.40845
1.40845
1.40845
1.40845
1.40845
1.40845
1.40845
1.40845
1.40845
1.40845
1.40845
1.40845
1.40845
1.40845
1.40845
1.40843
1.40836
1.40845
1.40845
1.40845
1.40845
1.40845
1.40845
1.40845
1.40845
1.40845
1.40845
1.40845
1.40845
1.40845
1.40845
1.40845
1.40845
1.40845
1.40845
1.40845
1.40845
1.40845
1.40845
1.40845
1.40845
1.40843
1.40845
1.40845
1.40845
1.40845
1.40845
1.40845
1.40845
1.40845
1.40845
1.40845
1.40845
1.40845
1.40845
1.40845
1.40845
1.40845
1.40845
1.40845
1.40845
1.40845
1.40845
1.40845
1.40845
1.40845
1.40845
1.40845
1.40845
1.40845
1.40845
1.40845
1.40845
1.40845
1.40845
1.40845
1.40845
1.40845
1.40845
1.40845
1.40845
1.40845
1.40845
1.40845
1.40845
1.40845
1.40845
1.40845
1.40845
1.40845
1.40845
1.40845
1.40845
1.40845
1.40845
1.40845
1.40845
1.40845
1.40845
1.40845
1.40845
1.40845
1.40845
1.40845
1.40845
1.40845
1.40845
1.40845
1.40845
1.40845
1.40845
1.40845
1.40845
1.40845
1.40845
1.40845
1.40845
1.40845
1.40845
1.40845
1.40845
1.40845
1.40845
1.40845
1.40845
1.40845
1.40845
1.40845
1.40845
1.40845
1.40845
1.40845
1.40845
1.40845
1.40845
1.40845
1.40845
1.40845
1.40845
1.40845
1.40845
1.40845
1.40845
1.40845
1.40845
1.40845
1.40845
1.40845
1.40845
1.40845
1.40845
1.40845
1.40845
1.40845
1.40845
1.40845
1.40845
1.40845
1.40845
1.40845
1.40845
1.40845
1.40845
1.40845
1.40845
1.40845
1.40845
1.40845
1.40845
1.40845
1.40845
1.40845
1.40845
1.40845
1.40845
1.40845
1.40845
1.40845
1.40845
1.40845
1.40845
1.40845
1.40845
1.40845
1.40845
1.40845
1.40845
1.40845
1.40845
1.40845
1.40845
1.40845
1.40845
1.40845
1.40845
1.40845
1.40845
1.40845
1.40845
1.40845
1.40845
1.40845
1.40845
1.40845
1.40845
1.40845
1.40845
1.40845
1.40845
1.40845
1.40845
1.40845
1.40845
1.40845
1.40845
1.40845
1.40845
0.649914
0.577081
0.506095
0.513698
0.518352
0.507413
0.499169
0.496641
0.535963
0.552303
0.554531
0.553304
0.552037
0.549126
0.545
0.560168
0.574969
0.582169
0.583496
0.583524
0.581454
0.58074
0.580453
0.580687
0.580536
0.5821
0.58343
0.583733
0.584222
0.584669
0.585043
0.586243
0.584608
0.58396
0.580773
0.5692
0.560342
0.552826
0.546204
0.536078
0.529152
0.523795
0.516561
0.510872
0.503776
0.499876
0.498625
0.497719
0.495788
0.495614
0.492022
0.494334
0.496189
0.498344
0.500968
0.503184
0.50575
0.508383
0.511084
0.513893
0.516567
0.519174
0.521782
0.524431
0.527001
0.52959
0.53209
0.534448
0.536826
0.539219
0.541584
0.54398
0.546402
0.54885
0.551289
0.553697
0.55609
0.558306
0.560525
0.562628
0.564749
0.566789
0.568855
0.570844
0.572866
0.574819
0.576803
0.578724
0.580686
0.582599
0.584553
0.586407
0.588311
0.590099
0.591974
0.593925
0.59593
0.59877
0.599623
0.598561
0.653825
0.59049
0.558504
0.52044
0.50607
0.499701
0.479646
0.454089
0.487478
0.50087
0.502328
0.492353
0.489415
0.48513
0.483543
0.497158
0.504509
0.508543
0.50859
0.508328
0.507198
0.506449
0.506363
0.50659
0.506136
0.507508
0.508636
0.509356
0.510495
0.511007
0.511358
0.512353
0.510822
0.509583
0.509573
0.500875
0.494925
0.491052
0.488208
0.483382
0.480829
0.479848
0.479395
0.475121
0.474492
0.477023
0.479924
0.482532
0.48737
0.491795
0.497484
0.504565
0.510878
0.516013
0.521092
0.526552
0.533014
0.538832
0.543374
0.548011
0.55297
0.557501
0.561414
0.565373
0.569143
0.573024
0.576693
0.580114
0.583451
0.586687
0.589876
0.592956
0.596084
0.599077
0.602121
0.604914
0.607674
0.610156
0.612622
0.614799
0.616937
0.618876
0.620818
0.622628
0.624471
0.626218
0.627999
0.629648
0.631328
0.632884
0.634455
0.635891
0.637261
0.638602
0.640025
0.641534
0.643192
0.645705
0.646312
0.644805
0.732742
0.665141
0.619274
0.559897
0.533417
0.523371
0.517892
0.494994
0.471956
0.46963
0.4659
0.469798
0.479366
0.473351
0.464424
0.456065
0.471698
0.47905
0.480371
0.481317
0.477965
0.476206
0.475503
0.475908
0.476192
0.477347
0.478769
0.478754
0.478562
0.478948
0.478305
0.479686
0.478157
0.477255
0.477133
0.473242
0.46764
0.466683
0.454912
0.457221
0.460907
0.46296
0.468871
0.476709
0.48819
0.502039
0.513832
0.525921
0.535961
0.5464
0.556199
0.56691
0.576455
0.582445
0.587412
0.592495
0.598118
0.603971
0.608735
0.613481
0.618404
0.623225
0.627569
0.631495
0.634995
0.638473
0.641831
0.645231
0.64874
0.652061
0.655124
0.65815
0.661182
0.664202
0.667039
0.66987
0.672783
0.675597
0.678435
0.681022
0.683488
0.685677
0.687751
0.689572
0.691364
0.693019
0.694671
0.696293
0.697956
0.699666
0.701428
0.703195
0.704832
0.706381
0.707945
0.709435
0.711031
0.713727
0.713691
0.711203
0.797063
0.763248
0.718642
0.652774
0.594905
0.560689
0.561876
0.553468
0.528977
0.503311
0.489724
0.479427
0.480618
0.484864
0.486468
0.473843
0.467669
0.466924
0.465264
0.466573
0.468379
0.47505
0.479085
0.477434
0.477121
0.477069
0.477925
0.478884
0.479673
0.480477
0.479544
0.480255
0.474733
0.470341
0.458935
0.455333
0.45695
0.45948
0.467985
0.481628
0.501492
0.519691
0.534846
0.550599
0.561562
0.575474
0.590585
0.600615
0.605014
0.61377
0.620265
0.625972
0.63233
0.638651
0.644666
0.648603
0.653007
0.656995
0.660255
0.663895
0.667826
0.671964
0.6761
0.680013
0.683501
0.686432
0.689224
0.692103
0.695121
0.698228
0.701295
0.704277
0.707264
0.710138
0.713082
0.715739
0.71826
0.720809
0.723424
0.72605
0.728691
0.731158
0.733621
0.735833
0.73795
0.73988
0.74161
0.743183
0.744734
0.746329
0.747951
0.749496
0.751047
0.752686
0.754418
0.756217
0.758164
0.761166
0.761968
0.759185
0.804522
0.801153
0.778647
0.737877
0.688171
0.631564
0.618082
0.62847
0.60384
0.571036
0.5452
0.523317
0.506165
0.506295
0.508177
0.506752
0.49946
0.49091
0.483841
0.476873
0.474145
0.47515
0.476847
0.477839
0.479185
0.479766
0.478824
0.478968
0.479551
0.480198
0.481133
0.477958
0.474103
0.468733
0.469804
0.475947
0.489723
0.509781
0.536039
0.553183
0.575912
0.588883
0.603686
0.620252
0.631286
0.643506
0.653088
0.65785
0.662067
0.669631
0.671317
0.673672
0.677674
0.683503
0.686536
0.689688
0.692109
0.694559
0.697189
0.700471
0.704413
0.708013
0.711584
0.714696
0.717283
0.71984
0.722504
0.725248
0.72811
0.731008
0.733935
0.736868
0.739854
0.742596
0.745005
0.747429
0.749889
0.752433
0.755091
0.75778
0.760417
0.762861
0.765194
0.767476
0.76978
0.771959
0.774026
0.77586
0.777586
0.779345
0.781105
0.782856
0.784399
0.785994
0.787681
0.789457
0.791439
0.794191
0.796034
0.793244
0.787943
0.813911
0.804281
0.784124
0.75485
0.722874
0.692654
0.697745
0.672861
0.638109
0.608571
0.586961
0.563912
0.55346
0.552328
0.548212
0.539209
0.527805
0.518536
0.508781
0.499288
0.49501
0.49055
0.488417
0.486507
0.486311
0.485509
0.485396
0.484852
0.483169
0.482227
0.48018
0.482234
0.489162
0.501833
0.520587
0.547
0.578863
0.608255
0.628269
0.651725
0.659515
0.670735
0.683012
0.692689
0.695228
0.698951
0.702245
0.710542
0.71145
0.706727
0.708527
0.711652
0.714484
0.717758
0.719943
0.721278
0.722633
0.724633
0.727292
0.731407
0.73385
0.735666
0.73797
0.740734
0.743695
0.746938
0.74966
0.751892
0.754076
0.756323
0.758704
0.76123
0.763886
0.766727
0.769758
0.772385
0.774702
0.77701
0.779355
0.781746
0.784216
0.786775
0.78943
0.792054
0.794481
0.796585
0.798419
0.800208
0.802041
0.803884
0.80574
0.807429
0.80917
0.811031
0.813026
0.815268
0.818061
0.820913
0.818188
0.76102
0.802892
0.81747
0.81436
0.799057
0.783734
0.766962
0.769857
0.762448
0.73599
0.700807
0.673535
0.648122
0.627604
0.612513
0.607749
0.59663
0.583023
0.568923
0.557008
0.543933
0.535342
0.526239
0.519266
0.512102
0.508098
0.502508
0.500371
0.497061
0.491411
0.492467
0.495035
0.501528
0.519401
0.553465
0.598892
0.637079
0.676851
0.698009
0.720621
0.731501
0.733125
0.737592
0.736479
0.732054
0.724417
0.72789
0.73236
0.742095
0.741357
0.740196
0.739166
0.735124
0.735376
0.73767
0.739697
0.742138
0.743551
0.744121
0.7449
0.746441
0.749562
0.751528
0.753717
0.756634
0.759285
0.761483
0.763521
0.765456
0.767437
0.769603
0.772062
0.774891
0.778081
0.781004
0.783219
0.785446
0.787773
0.790238
0.792858
0.795598
0.798295
0.800835
0.803305
0.805678
0.807819
0.809783
0.811785
0.813849
0.815992
0.818183
0.820468
0.822551
0.824578
0.826671
0.828841
0.831221
0.834147
0.837264
0.834517
0.740446
0.779824
0.813114
0.816377
0.813761
0.811725
0.807343
0.818156
0.82132
0.811549
0.786571
0.755688
0.731098
0.709202
0.689086
0.686829
0.680217
0.663532
0.642896
0.625975
0.604861
0.593706
0.580941
0.570472
0.558244
0.549483
0.538379
0.532232
0.524019
0.509895
0.510444
0.520428
0.542142
0.582457
0.642994
0.686195
0.726107
0.758998
0.778056
0.799821
0.803683
0.807848
0.812244
0.808771
0.798176
0.784666
0.769507
0.744229
0.745943
0.751971
0.762689
0.762095
0.759044
0.754091
0.748227
0.748958
0.751269
0.754585
0.755008
0.755193
0.755819
0.75761
0.760759
0.762952
0.765193
0.766682
0.768196
0.770011
0.772328
0.774975
0.777937
0.780735
0.782972
0.785229
0.787607
0.790241
0.793051
0.795742
0.798258
0.800773
0.803273
0.805794
0.808328
0.8109
0.813373
0.815716
0.817947
0.82024
0.822547
0.824841
0.827046
0.829298
0.831509
0.833605
0.835769
0.838033
0.840531
0.843619
0.847056
0.844392
0.732875
0.758694
0.795019
0.80579
0.820281
0.820385
0.824434
0.837293
0.853961
0.861407
0.85258
0.833326
0.813308
0.79676
0.779306
0.770675
0.76521
0.751763
0.732142
0.712035
0.692678
0.672723
0.657101
0.64183
0.626844
0.612455
0.596232
0.581911
0.553967
0.539856
0.545979
0.567582
0.605247
0.669249
0.729738
0.7647
0.790494
0.815595
0.832161
0.848939
0.858818
0.866901
0.87384
0.870319
0.860359
0.848859
0.83168
0.807126
0.782001
0.744228
0.749746
0.763659
0.766564
0.76666
0.765445
0.761682
0.757278
0.759185
0.759987
0.761226
0.763325
0.764239
0.76538
0.767149
0.768975
0.771142
0.773249
0.77522
0.777416
0.779987
0.782438
0.784715
0.787143
0.789893
0.793056
0.795939
0.798146
0.800275
0.802504
0.80487
0.807393
0.810064
0.812872
0.815601
0.818115
0.820344
0.822379
0.824481
0.826639
0.828823
0.831049
0.833334
0.835678
0.838069
0.84052
0.843072
0.845827
0.84912
0.852702
0.849929
0.733284
0.752502
0.776198
0.789868
0.812334
0.816563
0.824415
0.838757
0.856034
0.876412
0.882047
0.875261
0.863657
0.853781
0.842064
0.833781
0.833257
0.828848
0.817467
0.799964
0.781361
0.763742
0.74681
0.730136
0.713489
0.695767
0.673526
0.649123
0.598506
0.567818
0.595542
0.628999
0.679881
0.748107
0.782599
0.812102
0.832672
0.852872
0.870185
0.881524
0.89267
0.90367
0.909823
0.908572
0.905007
0.899402
0.885989
0.866134
0.842844
0.809084
0.773529
0.739711
0.750023
0.764312
0.774135
0.772538
0.770286
0.764291
0.763504
0.764637
0.7673
0.770695
0.770788
0.771112
0.771801
0.77337
0.776053
0.779557
0.781947
0.783813
0.785848
0.788217
0.790862
0.793636
0.796647
0.798871
0.800967
0.803199
0.805608
0.808182
0.810851
0.813572
0.816218
0.818718
0.821259
0.823465
0.825443
0.827491
0.829598
0.83175
0.833966
0.836259
0.838648
0.841139
0.843681
0.846247
0.848927
0.852086
0.855475
0.852573
0.73535
0.751735
0.768847
0.77992
0.797982
0.807094
0.818931
0.834254
0.852154
0.871786
0.892897
0.894547
0.889906
0.883761
0.880054
0.875529
0.875437
0.876302
0.876712
0.869746
0.856163
0.840368
0.826393
0.811468
0.794972
0.773819
0.745674
0.698036
0.610175
0.62301
0.650082
0.686514
0.739628
0.784322
0.814324
0.838822
0.858446
0.878296
0.89516
0.906086
0.917744
0.923468
0.925137
0.92777
0.93064
0.927976
0.920613
0.91089
0.896226
0.871805
0.843507
0.806815
0.749053
0.747738
0.764413
0.769368
0.776586
0.775334
0.773998
0.770853
0.771458
0.772098
0.773862
0.774884
0.776156
0.778072
0.780668
0.784069
0.786379
0.787897
0.789809
0.791981
0.794492
0.797205
0.80012
0.802895
0.805018
0.80719
0.809474
0.811866
0.814329
0.816853
0.819438
0.822095
0.824873
0.827115
0.829033
0.830991
0.832977
0.835004
0.837112
0.839311
0.84161
0.844004
0.846484
0.849031
0.851727
0.854915
0.858382
0.855417
0.739892
0.754159
0.769409
0.779085
0.789631
0.798229
0.810783
0.82603
0.844085
0.863598
0.884368
0.897862
0.900318
0.899481
0.895592
0.894831
0.896592
0.902972
0.908958
0.908591
0.902803
0.893316
0.882715
0.871201
0.855103
0.831234
0.789842
0.720753
0.628351
0.672137
0.69728
0.729459
0.772418
0.797319
0.82098
0.842356
0.863069
0.884913
0.899412
0.913252
0.927868
0.935213
0.938224
0.938432
0.939392
0.93724
0.935858
0.936322
0.930716
0.921114
0.903931
0.876938
0.838892
0.797419
0.742129
0.752303
0.772539
0.782538
0.787776
0.78626
0.78187
0.779562
0.781275
0.783228
0.785798
0.789211
0.790971
0.79272
0.795006
0.79767
0.7991
0.800709
0.802624
0.804967
0.807558
0.810486
0.812649
0.814726
0.816888
0.819123
0.821394
0.823673
0.825966
0.828338
0.830674
0.832673
0.834553
0.836471
0.838426
0.840437
0.842515
0.844637
0.846831
0.849097
0.851444
0.853864
0.856456
0.859577
0.862943
0.85976
0.745747
0.757848
0.77073
0.780911
0.788185
0.794256
0.803256
0.815681
0.832429
0.852275
0.872972
0.890858
0.900323
0.903262
0.902061
0.903431
0.906262
0.910928
0.918626
0.929506
0.928864
0.924125
0.914263
0.903649
0.885613
0.849794
0.785074
0.671323
0.678088
0.703536
0.723994
0.750211
0.78007
0.800442
0.819927
0.840973
0.858207
0.872647
0.887219
0.902965
0.909753
0.917155
0.926694
0.936109
0.943625
0.942536
0.943135
0.947722
0.947386
0.946428
0.939787
0.927982
0.907686
0.878983
0.838068
0.790802
0.755478
0.773001
0.783362
0.799423
0.795672
0.794572
0.790894
0.792023
0.793832
0.798417
0.80344
0.802951
0.803208
0.803977
0.8059
0.808441
0.811127
0.814042
0.816451
0.818905
0.821493
0.824063
0.82629
0.82827
0.830136
0.831997
0.833889
0.835843
0.83783
0.839747
0.841665
0.843614
0.845607
0.847653
0.849759
0.85191
0.854116
0.856337
0.858589
0.860888
0.863361
0.866399
0.869661
0.866129
0.750227
0.762583
0.773461
0.785289
0.790924
0.79515
0.80212
0.811756
0.824018
0.839525
0.857397
0.87733
0.89295
0.899115
0.904585
0.905669
0.907892
0.912192
0.919266
0.928014
0.941951
0.937946
0.92973
0.91723
0.887363
0.828825
0.74571
0.679198
0.717612
0.725123
0.739758
0.757965
0.777873
0.793921
0.811318
0.826448
0.841829
0.854871
0.868267
0.879762
0.89003
0.901369
0.914815
0.920467
0.927044
0.93684
0.948292
0.956929
0.955048
0.955592
0.955423
0.958014
0.953621
0.943011
0.916959
0.879799
0.831316
0.762239
0.767516
0.790669
0.795458
0.805956
0.803447
0.802876
0.801272
0.801239
0.80209
0.806208
0.807428
0.807935
0.809282
0.811511
0.814387
0.817427
0.820907
0.823092
0.825249
0.827451
0.829698
0.831974
0.834317
0.836516
0.838644
0.840801
0.842984
0.845242
0.847587
0.850025
0.852591
0.855187
0.85751
0.859797
0.862035
0.864253
0.866503
0.868824
0.871359
0.874509
0.877977
0.874146
0.75182
0.767632
0.777932
0.78877
0.795339
0.798357
0.80369
0.811178
0.820422
0.832334
0.846253
0.860422
0.878018
0.890411
0.897978
0.903971
0.907331
0.911442
0.917198
0.925756
0.939524
0.934045
0.926798
0.907172
0.858547
0.777434
0.679372
0.707035
0.728933
0.738041
0.74926
0.759888
0.771942
0.785373
0.800522
0.814197
0.828196
0.839937
0.852033
0.863403
0.87464
0.886922
0.896967
0.906642
0.918012
0.930442
0.940566
0.947176
0.956136
0.964848
0.968896
0.974489
0.975095
0.976181
0.967153
0.946957
0.912609
0.868038
0.818407
0.758578
0.77361
0.789773
0.814773
0.813387
0.810099
0.806054
0.805986
0.806476
0.808725
0.812481
0.816022
0.81724
0.818735
0.820603
0.823213
0.826885
0.829184
0.83075
0.832502
0.834404
0.836373
0.838383
0.840441
0.842581
0.844784
0.847066
0.849477
0.852094
0.854999
0.857561
0.859931
0.862354
0.864809
0.86731
0.869893
0.872621
0.875639
0.879351
0.883732
0.879901
0.750847
0.768471
0.780655
0.792401
0.800435
0.802948
0.807093
0.812504
0.82046
0.830762
0.84278
0.853896
0.866363
0.881419
0.888399
0.897229
0.902857
0.908828
0.915465
0.924546
0.925878
0.92178
0.911216
0.874359
0.802352
0.687343
0.706537
0.736468
0.740182
0.74534
0.751396
0.758568
0.767301
0.777651
0.789247
0.802044
0.814194
0.82577
0.838016
0.849775
0.861721
0.873943
0.884555
0.896102
0.910219
0.919056
0.928033
0.939029
0.950292
0.962464
0.972811
0.983715
0.984997
0.987345
0.983549
0.979539
0.967892
0.942208
0.904012
0.854158
0.789459
0.77239
0.793782
0.799299
0.819273
0.818111
0.814404
0.811067
0.812229
0.81435
0.817972
0.821226
0.823395
0.825245
0.82704
0.829107
0.831665
0.833806
0.835249
0.83683
0.83857
0.840416
0.842374
0.844479
0.846735
0.849067
0.8515
0.854111
0.856983
0.859558
0.861856
0.864236
0.866726
0.869352
0.872144
0.875178
0.878573
0.882705
0.887681
0.883672
0.748886
0.768077
0.781621
0.791844
0.804173
0.807949
0.811488
0.816306
0.822698
0.831057
0.84078
0.851446
0.861673
0.874215
0.885316
0.889039
0.896182
0.90525
0.910849
0.914248
0.910912
0.904045
0.875228
0.814171
0.706386
0.71318
0.740918
0.741683
0.743873
0.74653
0.750124
0.755278
0.762209
0.771042
0.781207
0.792268
0.803846
0.815519
0.827735
0.839663
0.852263
0.863802
0.87497
0.888521
0.900975
0.909859
0.921441
0.932168
0.943793
0.952543
0.961562
0.969839
0.97779
0.987281
0.992088
0.992498
0.989675
0.981864
0.965799
0.935367
0.893168
0.8427
0.769746
0.778184
0.797936
0.81056
0.827001
0.825279
0.823281
0.821364
0.821729
0.82293
0.825992
0.829603
0.831859
0.833186
0.834827
0.836762
0.83913
0.841079
0.842399
0.843797
0.845311
0.847025
0.848999
0.851208
0.853664
0.856505
0.859438
0.861916
0.864449
0.867033
0.869683
0.872442
0.875371
0.878545
0.882082
0.886403
0.891752
0.887556
0.745464
0.765229
0.780993
0.790379
0.803067
0.809345
0.812227
0.818181
0.825126
0.832217
0.840588
0.850296
0.860602
0.871353
0.884059
0.886494
0.891356
0.904036
0.902432
0.899053
0.893855
0.870263
0.817036
0.715892
0.710162
0.735974
0.738512
0.742483
0.744103
0.74579
0.748432
0.752729
0.759123
0.767272
0.776916
0.786914
0.797661
0.808832
0.82037
0.832254
0.844145
0.855642
0.86832
0.882069
0.891176
0.902722
0.91539
0.923843
0.933289
0.943038
0.95143
0.960837
0.96961
0.978982
0.992039
0.996869
0.997142
0.994275
0.995465
0.985045
0.962822
0.924672
0.874912
0.827143
0.779132
0.794721
0.808628
0.83487
0.834274
0.829578
0.826651
0.826907
0.827422
0.829243
0.833148
0.838055
0.839629
0.84089
0.842425
0.843987
0.845599
0.846784
0.848094
0.849715
0.851595
0.853737
0.856244
0.85921
0.862728
0.865606
0.868402
0.871191
0.874
0.876851
0.879819
0.883015
0.886582
0.890944
0.896351
0.891901
0.737729
0.760662
0.779244
0.789364
0.800604
0.810264
0.81228
0.817888
0.825979
0.833649
0.840522
0.849216
0.859316
0.870804
0.883264
0.887732
0.895853
0.896288
0.893541
0.887654
0.865949
0.817735
0.729608
0.70219
0.730023
0.734384
0.742583
0.745834
0.746955
0.748742
0.751421
0.755327
0.760706
0.767456
0.775647
0.78495
0.795442
0.806041
0.816909
0.827985
0.838673
0.850419
0.863986
0.872759
0.883359
0.895195
0.904672
0.914535
0.923935
0.933335
0.94259
0.951467
0.961302
0.971939
0.981078
0.988846
0.999244
1.00262
1.00471
1.00058
0.995364
0.978837
0.955596
0.915807
0.868483
0.797509
0.794311
0.817841
0.822779
0.838398
0.836723
0.833553
0.831173
0.832096
0.834231
0.837837
0.842688
0.84376
0.844453
0.845541
0.846761
0.8482
0.849782
0.851863
0.854265
0.856727
0.859457
0.862672
0.866502
0.870382
0.873069
0.875698
0.878385
0.881142
0.884041
0.887207
0.890762
0.895128
0.900567
0.89593
0.734941
0.753421
0.773335
0.786838
0.797262
0.811322
0.813655
0.816854
0.824428
0.833784
0.840312
0.847793
0.857252
0.868956
0.882384
0.890621
0.894382
0.8891
0.883576
0.867783
0.822044
0.751414
0.691483
0.72631
0.730018
0.738699
0.748319
0.749865
0.751625
0.754011
0.756863
0.76034
0.764671
0.770201
0.777054
0.78533
0.79483
0.804834
0.815556
0.82579
0.836327
0.848121
0.85763
0.868196
0.880017
0.88835
0.897798
0.908373
0.917638
0.9261
0.935373
0.944951
0.955006
0.965032
0.973284
0.982512
0.989877
0.997105
1.00755
1.00693
1.00567
1.00568
1.00194
0.982757
0.950201
0.906979
0.855769
0.789444
0.800546
0.820108
0.832745
0.846307
0.844945
0.841223
0.839654
0.839846
0.841431
0.844059
0.847537
0.84886
0.849791
0.851018
0.852502
0.854391
0.857147
0.860524
0.863575
0.866845
0.870802
0.874288
0.876714
0.879231
0.881885
0.884675
0.887637
0.890903
0.894581
0.899038
0.904639
0.899914
0.713779
0.74456
0.765908
0.783363
0.794817
0.810035
0.815672
0.815983
0.821962
0.831835
0.839381
0.845556
0.854622
0.866144
0.880571
0.893311
0.888234
0.879609
0.867743
0.829063
0.759911
0.684019
0.717373
0.724643
0.735177
0.747086
0.749332
0.752285
0.755709
0.758877
0.76214
0.765537
0.769384
0.774099
0.779846
0.786713
0.794496
0.803265
0.812379
0.822298
0.833036
0.841876
0.851994
0.864132
0.873524
0.882417
0.892373
0.902521
0.911234
0.920438
0.929842
0.939779
0.949986
0.959591
0.96941
0.977558
0.985068
0.993394
0.99983
1.00738
1.01496
1.01273
1.01592
1.0134
1.0008
0.979051
0.944698
0.895709
0.836122
0.803019
0.824179
0.831634
0.850454
0.850046
0.845936
0.843197
0.843229
0.844254
0.847428
0.851503
0.853276
0.854523
0.855961
0.857796
0.860087
0.863294
0.867089
0.870444
0.874226
0.87779
0.880406
0.882965
0.885625
0.888405
0.891351
0.894613
0.898386
0.902938
0.908588
0.90379
0.716807
0.738644
0.756795
0.774747
0.790525
0.80651
0.817633
0.817175
0.820481
0.828671
0.838895
0.844174
0.850663
0.861299
0.87971
0.884532
0.877216
0.866449
0.833164
0.769781
0.678201
0.702675
0.717412
0.738904
0.745206
0.746577
0.750137
0.754892
0.760139
0.763925
0.767175
0.770438
0.773796
0.777611
0.78212
0.787619
0.794128
0.801568
0.809714
0.818255
0.827337
0.836604
0.84626
0.856262
0.866186
0.876608
0.885334
0.894717
0.902731
0.911616
0.920425
0.92955
0.939186
0.948712
0.957322
0.966921
0.975909
0.983205
0.990684
0.997448
1.00514
1.01392
1.01866
1.02636
1.02326
1.01948
1.00789
0.979245
0.931264
0.878841
0.805029
0.811127
0.831653
0.84214
0.857111
0.855897
0.852205
0.852186
0.852876
0.855293
0.858666
0.860667
0.862636
0.864105
0.865832
0.867967
0.871022
0.874718
0.879223
0.883209
0.885701
0.888193
0.890804
0.89352
0.896416
0.899557
0.903148
0.907567
0.913154
0.908209
0.687975
0.719985
0.755224
0.769715
0.78438
0.799342
0.815783
0.817245
0.818859
0.82598
0.837166
0.844483
0.848742
0.857566
0.872402
0.869438
0.86125
0.83295
0.77438
0.68034
0.69532
0.713533
0.737904
0.744965
0.745753
0.748546
0.752475
0.757316
0.762536
0.766797
0.769826
0.77278
0.775985
0.779487
0.783544
0.7883
0.793892
0.80029
0.807354
0.814933
0.823143
0.831781
0.841081
0.850671
0.860692
0.87048
0.880479
0.889176
0.897165
0.905458
0.914242
0.923675
0.93322
0.94269
0.952107
0.960583
0.969127
0.976045
0.983893
0.99143
0.999508
1.00714
1.01642
1.02938
1.03911
1.03827
1.03399
1.02671
1.00191
0.965176
0.91311
0.861234
0.811619
0.825829
0.840578
0.856473
0.866961
0.864528
0.860027
0.860605
0.862508
0.866344
0.868087
0.869721
0.871662
0.874024
0.87699
0.880568
0.884929
0.890368
0.892905
0.895064
0.897359
0.899839
0.902558
0.905588
0.908991
0.913172
0.918477
0.913171
0.632013
0.724173
0.741669
0.765347
0.777167
0.791195
0.809405
0.81722
0.816959
0.822713
0.8327
0.84328
0.849572
0.856417
0.856477
0.85143
0.828377
0.774977
0.681458
0.687472
0.704913
0.731896
0.739277
0.740799
0.743879
0.747732
0.751991
0.7564
0.761199
0.766465
0.770713
0.774007
0.777397
0.781008
0.78492
0.789261
0.794078
0.799551
0.805716
0.812555
0.819985
0.828073
0.83659
0.845787
0.855466
0.864875
0.874431
0.883435
0.891814
0.900218
0.909088
0.918542
0.929097
0.938359
0.949286
0.957193
0.964024
0.97136
0.980092
0.988205
0.995047
1.00354
1.01354
1.02451
1.03793
1.04492
1.0424
1.04232
1.03867
1.02198
0.994051
0.955278
0.904843
0.825012
0.824196
0.846716
0.853963
0.871995
0.872051
0.87073
0.869238
0.870062
0.871929
0.87306
0.875254
0.878459
0.883478
0.888573
0.892071
0.89609
0.898736
0.900897
0.903178
0.90569
0.908475
0.911693
0.915223
0.919321
0.924405
0.918877
0.578626
0.674704
0.73601
0.761332
0.777571
0.789493
0.804352
0.819073
0.818809
0.821741
0.830222
0.839494
0.8465
0.844659
0.83915
0.81891
0.77116
0.684865
0.676202
0.694002
0.72458
0.732284
0.733706
0.73709
0.74114
0.745766
0.750207
0.754945
0.760016
0.765426
0.770479
0.774535
0.778226
0.782106
0.786212
0.790628
0.795362
0.800451
0.805976
0.812042
0.818708
0.825958
0.833878
0.842351
0.851377
0.860689
0.869778
0.878535
0.887099
0.8956
0.904536
0.913744
0.923696
0.934521
0.946403
0.955362
0.96128
0.968323
0.975959
0.983962
0.992537
1.00128
1.01033
1.01977
1.02964
1.04
1.05269
1.0521
1.0494
1.04733
1.0399
1.02248
0.986593
0.937971
0.886367
0.825584
0.839253
0.856133
0.868267
0.884684
0.883365
0.879189
0.879593
0.8808
0.882381
0.885252
0.889417
0.896402
0.900722
0.902921
0.905108
0.907593
0.909532
0.911725
0.914307
0.917609
0.921331
0.925482
0.930696
0.925067
0.61074
0.62073
0.720289
0.749065
0.777759
0.786901
0.798678
0.814724
0.822192
0.822974
0.831576
0.836356
0.833978
0.827999
0.807611
0.762264
0.684114
0.666847
0.685401
0.715929
0.725642
0.726728
0.730233
0.734663
0.739492
0.744474
0.74948
0.754583
0.759778
0.765075
0.77046
0.775397
0.779821
0.784212
0.78858
0.79304
0.797585
0.802267
0.80722
0.812501
0.818365
0.824873
0.832086
0.839969
0.848388
0.857188
0.866142
0.874626
0.883397
0.891756
0.900783
0.910238
0.919909
0.93071
0.941533
0.951284
0.958549
0.965966
0.972593
0.980404
0.989828
0.998417
1.00655
1.01584
1.02694
1.03621
1.0448
1.05033
1.05415
1.05201
1.05446
1.05202
1.03739
1.01318
0.97612
0.922567
0.844275
0.839571
0.861549
0.867802
0.884488
0.891156
0.890004
0.887408
0.888252
0.890124
0.894823
0.901304
0.908795
0.910563
0.911741
0.913633
0.915781
0.917998
0.920604
0.923932
0.92807
0.932498
0.937406
0.932081
0.933225
0.611014
0.659308
0.750234
0.764318
0.784477
0.794187
0.807514
0.819812
0.826602
0.828691
0.827181
0.819921
0.797807
0.752016
0.676111
0.657384
0.676634
0.705759
0.718196
0.719581
0.723275
0.728069
0.733174
0.738164
0.743331
0.748618
0.753952
0.759345
0.764746
0.770201
0.775428
0.780503
0.785294
0.790196
0.794608
0.799143
0.803872
0.808824
0.814088
0.819774
0.825965
0.832787
0.840161
0.848055
0.856309
0.86484
0.873555
0.88243
0.891421
0.90036
0.909604
0.919333
0.929522
0.939815
0.950615
0.957775
0.964861
0.972169
0.979311
0.986712
0.995026
1.00476
1.01552
1.02696
1.03175
1.03729
1.04298
1.04951
1.05697
1.06203
1.06208
1.05859
1.05155
1.03489
1.00174
0.949559
0.899003
0.83302
0.846802
0.867765
0.880647
0.899092
0.898759
0.896639
0.896623
0.898248
0.903296
0.909142
0.912983
0.915742
0.91877
0.922651
0.925618
0.928418
0.931426
0.935303
0.939786
0.945051
0.940236
1.24865
0.79693
0.583767
0.682499
0.752117
0.776937
0.79357
0.805236
0.821451
0.82684
0.821779
0.813572
0.791795
0.744131
0.665137
0.646327
0.666636
0.695503
0.709198
0.711029
0.715064
0.720153
0.725779
0.730844
0.735983
0.741461
0.747239
0.753171
0.758961
0.764667
0.770342
0.775935
0.781496
0.787098
0.792673
0.798181
0.802995
0.807949
0.813061
0.818413
0.82407
0.830126
0.836627
0.843612
0.850943
0.858559
0.866322
0.874272
0.882405
0.890772
0.899402
0.908402
0.917889
0.927779
0.93867
0.947172
0.956125
0.96288
0.969293
0.975938
0.98342
0.991179
0.999523
1.00881
1.01822
1.02633
1.03002
1.03519
1.04136
1.04823
1.05374
1.06113
1.05956
1.05998
1.05581
1.04603
1.01831
0.9784
0.924404
0.854649
0.848886
0.867385
0.875109
0.885541
0.900987
0.900682
0.900628
0.903438
0.908516
0.912975
0.916949
0.921657
0.925053
0.928608
0.931662
0.935358
0.939801
0.945192
0.951978
0.946971
1.33933
1.07317
0.609436
0.618986
0.715034
0.753354
0.789502
0.807743
0.826921
0.823014
0.812687
0.788582
0.739556
0.659604
0.63685
0.657987
0.686837
0.701684
0.703048
0.706619
0.711562
0.717208
0.723781
0.729366
0.73502
0.740995
0.747295
0.753522
0.759576
0.765638
0.771764
0.77791
0.78406
0.790273
0.79642
0.802697
0.808073
0.813203
0.818563
0.824209
0.830059
0.836085
0.842374
0.848856
0.855455
0.862136
0.868926
0.875908
0.88326
0.891113
0.899454
0.90835
0.917869
0.928012
0.937464
0.945005
0.952555
0.959946
0.966416
0.973108
0.979965
0.987025
0.994392
1.00216
1.01076
1.01591
1.02136
1.02497
1.02935
1.03422
1.03953
1.04493
1.0508
1.05735
1.05585
1.05673
1.04794
1.0225
0.991535
0.951727
0.905401
0.833904
0.842326
0.863503
0.873153
0.890483
0.904603
0.905105
0.905649
0.908334
0.912447
0.917437
0.924172
0.928644
0.931595
0.935052
0.939201
0.944762
0.952878
0.948134
1.39611
1.30373
0.971644
0.646146
0.67944
0.765403
0.784192
0.808593
0.818181
0.811729
0.787301
0.734122
0.653991
0.633694
0.654308
0.68357
0.699978
0.700239
0.702699
0.707027
0.712592
0.719403
0.726445
0.732419
0.738472
0.744671
0.751064
0.757378
0.763629
0.769936
0.776356
0.782817
0.78932
0.795934
0.802452
0.809012
0.814874
0.819841
0.824895
0.830158
0.83565
0.841302
0.847133
0.852923
0.858445
0.864009
0.869829
0.875931
0.882376
0.889224
0.896571
0.904439
0.912969
0.922201
0.930113
0.937152
0.944315
0.950712
0.957259
0.963378
0.969604
0.976001
0.982513
0.989393
0.99576
1.00055
1.00536
1.0086
1.01256
1.01663
1.02132
1.02541
1.02969
1.0324
1.03755
1.03624
1.03236
1.02758
1.01967
0.995625
0.964153
0.914886
0.843845
0.81915
0.835191
0.853689
0.87028
0.894871
0.900496
0.90153
0.904486
0.909086
0.915105
0.922044
0.927088
0.930869
0.935421
0.941073
0.951418
0.947104
1.40509
1.40383
1.3245
0.85952
0.601883
0.675714
0.768768
0.797785
0.79651
0.776052
0.721671
0.633188
0.633457
0.651265
0.680041
0.695907
0.697007
0.699345
0.703411
0.708792
0.714655
0.72127
0.727323
0.73366
0.740181
0.746607
0.753043
0.759506
0.76601
0.772584
0.779191
0.785814
0.79248
0.799217
0.805896
0.812363
0.818754
0.823663
0.828418
0.833372
0.838621
0.844089
0.8498
0.854518
0.859135
0.864006
0.86911
0.874457
0.880141
0.886206
0.892824
0.900011
0.907951
0.916213
0.922843
0.929483
0.935556
0.94138
0.947255
0.952798
0.957461
0.962218
0.967022
0.972001
0.975636
0.979742
0.982418
0.985192
0.987614
0.990172
0.993467
0.995265
0.996768
0.997533
0.998649
1.00046
1.00367
1.00113
0.99739
0.99115
0.9794
0.95341
0.911809
0.859954
0.78841
0.801274
0.82999
0.845441
0.869394
0.885228
0.888661
0.891101
0.896348
0.903363
0.911629
0.918868
0.924734
0.931623
0.94467
0.941599
1.40753
1.40125
1.3615
1.1469
0.730198
0.621563
0.71506
0.766422
0.756553
0.701329
0.609851
0.626415
0.645583
0.67763
0.69232
0.692929
0.694282
0.697556
0.702672
0.708529
0.715112
0.721485
0.728117
0.735015
0.741961
0.748465
0.754867
0.761389
0.768047
0.774658
0.781198
0.787682
0.794167
0.800752
0.807249
0.813582
0.820005
0.824904
0.829386
0.834126
0.839138
0.84436
0.850019
0.853928
0.857003
0.860465
0.864274
0.868324
0.872631
0.87725
0.882407
0.888089
0.894505
0.899981
0.904656
0.909367
0.913775
0.918102
0.922083
0.926231
0.929328
0.932471
0.93566
0.93772
0.939828
0.941858
0.94347
0.943944
0.944547
0.94551
0.946834
0.948933
0.949727
0.950968
0.952721
0.954849
0.957652
0.960562
0.965874
0.965317
0.962909
0.95588
0.937511
0.902161
0.857901
0.782397
0.783166
0.800868
0.821745
0.837287
0.8588
0.867867
0.87241
0.878112
0.886003
0.895104
0.904666
0.914938
0.929907
0.928668
1.40827
1.40692
1.39856
1.33014
1.04912
0.645409
0.637838
0.680685
0.664864
0.595251
0.629322
0.642798
0.674177
0.686569
0.687734
0.690326
0.694095
0.698799
0.704023
0.709586
0.71546
0.721768
0.728509
0.735671
0.742477
0.748879
0.75514
0.761353
0.767647
0.773893
0.780039
0.785934
0.791785
0.797562
0.803485
0.808784
0.814188
0.818117
0.821394
0.824869
0.828596
0.832479
0.836964
0.839857
0.840611
0.841629
0.843083
0.844781
0.846787
0.849184
0.852204
0.855914
0.859805
0.862443
0.865087
0.867758
0.870556
0.872711
0.874899
0.876871
0.8787
0.880538
0.88261
0.884762
0.886907
0.889559
0.89264
0.895091
0.897548
0.90055
0.904286
0.908767
0.912407
0.916034
0.919997
0.92432
0.929193
0.93389
0.939324
0.947474
0.950416
0.948673
0.9437
0.932002
0.910844
0.871594
0.820789
0.772983
0.783425
0.808736
0.817764
0.831965
0.843972
0.852514
0.85916
0.866883
0.87568
0.88579
0.898827
0.903686
1.40851
1.40832
1.4057
1.3922
1.3003
0.967293
0.667379
0.548224
0.483831
0.557468
0.582786
0.62934
0.641358
0.646464
0.652662
0.660206
0.668859
0.678622
0.685896
0.692846
0.700016
0.70692
0.713889
0.720933
0.727554
0.733514
0.738904
0.74411
0.749287
0.754435
0.758996
0.763144
0.766787
0.770408
0.773936
0.77713
0.780407
0.782341
0.783656
0.785189
0.786999
0.789003
0.791632
0.792347
0.791751
0.791798
0.792458
0.793636
0.795345
0.797769
0.800909
0.804699
0.80751
0.810246
0.813224
0.816361
0.819689
0.823231
0.826866
0.830616
0.834113
0.837781
0.84174
0.845627
0.849602
0.854071
0.85949
0.864072
0.868264
0.873149
0.879058
0.885953
0.890806
0.895928
0.901221
0.907176
0.913397
0.919788
0.925929
0.932672
0.939942
0.949997
0.947668
0.945887
0.942469
0.930413
0.896903
0.844921
0.771891
0.774402
0.792267
0.806503
0.81816
0.832408
0.845368
0.850891
0.857169
0.864026
0.867191
0.874002
1.40846
1.40856
1.41039
1.40659
1.36543
1.17623
0.754338
0.41612
0.437957
0.472301
0.529588
0.553949
0.56191
0.572672
0.584571
0.595152
0.605744
0.616382
0.625678
0.635244
0.644527
0.652082
0.659621
0.666658
0.673822
0.68002
0.685043
0.689186
0.692984
0.696772
0.700632
0.704521
0.708186
0.711833
0.715541
0.71926
0.723069
0.726187
0.729211
0.73249
0.736082
0.73995
0.744243
0.748153
0.749787
0.751626
0.754115
0.757092
0.760447
0.764236
0.768507
0.772367
0.775753
0.779256
0.783049
0.787038
0.791247
0.795837
0.800555
0.80543
0.810051
0.815029
0.820559
0.825443
0.83052
0.836338
0.843685
0.849059
0.854536
0.86073
0.86803
0.875803
0.881078
0.886767
0.893137
0.900005
0.907061
0.914128
0.920797
0.927935
0.935428
0.94367
0.950671
0.958366
0.958047
0.953839
0.941851
0.918568
0.866975
0.785164
0.781866
0.795808
0.813685
0.822328
0.834206
0.844925
0.848103
0.846712
0.845033
0.847532
1.40844
1.40838
1.40779
1.40281
1.35998
1.14623
0.769304
0.426175
0.497834
0.547529
0.542158
0.53675
0.538384
0.544091
0.552669
0.56232
0.568549
0.57511
0.581981
0.589778
0.59677
0.603228
0.609543
0.615819
0.62203
0.628427
0.634541
0.640429
0.646233
0.652031
0.657834
0.663698
0.669471
0.675253
0.681129
0.686892
0.692756
0.697915
0.702732
0.707728
0.71295
0.718357
0.723961
0.729498
0.732887
0.736319
0.740113
0.744238
0.748557
0.753023
0.75765
0.761158
0.764562
0.76829
0.772207
0.776377
0.780883
0.785523
0.790342
0.795513
0.800646
0.806078
0.812245
0.817693
0.823559
0.830197
0.837015
0.843343
0.84998
0.856982
0.864304
0.871844
0.878679
0.885633
0.892434
0.899681
0.906709
0.913936
0.920781
0.92787
0.935318
0.943079
0.951307
0.960282
0.971564
0.971399
0.967837
0.959732
0.941698
0.88477
0.811815
0.785296
0.798454
0.817702
0.823413
0.835927
0.835381
0.834209
0.817323
0.820459
1.40844
1.4084
1.40796
1.40398
1.36682
1.1686
0.796431
0.445314
0.527505
0.560032
0.55966
0.557729
0.562617
0.563644
0.564796
0.567335
0.570987
0.57537
0.580421
0.586599
0.592444
0.598195
0.604307
0.610646
0.617228
0.623638
0.629962
0.635855
0.641724
0.647628
0.653581
0.659579
0.665699
0.671983
0.678458
0.684875
0.691014
0.696464
0.701572
0.706774
0.712144
0.717661
0.723289
0.729044
0.733328
0.737547
0.741947
0.746434
0.751
0.755752
0.75974
0.762832
0.766108
0.769748
0.773679
0.77787
0.782381
0.787018
0.792018
0.797321
0.802532
0.808218
0.814238
0.820025
0.826163
0.83291
0.839835
0.846967
0.85433
0.861748
0.869506
0.877395
0.88526
0.892587
0.900057
0.907537
0.915146
0.9223
0.929554
0.936853
0.944646
0.952699
0.961156
0.970309
0.981125
0.993044
0.991662
0.986638
0.97818
0.960326
0.907265
0.834339
0.79992
0.808551
0.83073
0.831949
0.826733
0.817604
0.768296
0.786776
1.40844
1.40839
1.40791
1.40354
1.36508
1.16331
0.790378
0.442109
0.524166
0.566365
0.566924
0.568418
0.571688
0.574487
0.577582
0.581258
0.585375
0.589371
0.593719
0.598593
0.603712
0.608992
0.614527
0.62043
0.626706
0.633158
0.639469
0.645745
0.651912
0.658107
0.664389
0.670801
0.677324
0.683954
0.690364
0.696555
0.702451
0.708033
0.713535
0.719174
0.725006
0.730996
0.737193
0.743112
0.747537
0.751825
0.75623
0.760756
0.765354
0.770134
0.774126
0.777498
0.781025
0.784762
0.788669
0.792698
0.796887
0.801182
0.805833
0.810683
0.815637
0.821114
0.827003
0.833105
0.839527
0.846261
0.85341
0.860576
0.867835
0.875371
0.883049
0.890823
0.898373
0.905827
0.913451
0.921052
0.928737
0.93583
0.942904
0.950088
0.957534
0.965405
0.973526
0.982091
0.991615
1.00479
1.01318
1.00989
1.00471
0.995826
0.980925
0.933656
0.859178
0.814399
0.823785
0.819837
0.809393
0.780621
0.720153
0.75432
1.40844
1.40839
1.40792
1.40368
1.36619
1.16718
0.79561
0.445666
0.530136
0.564191
0.564664
0.566114
0.572134
0.578927
0.582837
0.586892
0.591105
0.595633
0.600674
0.606154
0.611767
0.617714
0.624346
0.630762
0.636943
0.64318
0.649489
0.655861
0.662371
0.669063
0.675937
0.682678
0.689233
0.695513
0.701579
0.707393
0.713114
0.718817
0.724612
0.730548
0.7366
0.742645
0.748668
0.754089
0.758471
0.762747
0.767163
0.771721
0.776327
0.781146
0.785075
0.788345
0.791708
0.795187
0.798818
0.80257
0.806489
0.810596
0.815053
0.819757
0.824721
0.83021
0.836151
0.84231
0.848721
0.85551
0.86266
0.869755
0.876949
0.884365
0.891931
0.899703
0.907275
0.914876
0.922467
0.930041
0.937616
0.944524
0.951268
0.958239
0.965549
0.973259
0.981258
0.989702
0.999004
1.01032
1.0191
1.02549
1.02314
1.01941
1.01371
1.00053
0.949243
0.875695
0.820702
0.773897
0.749381
0.700209
0.704324
0.726271
1.40844
1.40839
1.40792
1.40363
1.36581
1.16579
0.793832
0.445032
0.5295
0.566111
0.566523
0.5678
0.572874
0.578535
0.582511
0.586745
0.591497
0.596612
0.602115
0.607934
0.614003
0.620515
0.627481
0.633954
0.640342
0.646862
0.653511
0.660325
0.667303
0.67446
0.681346
0.687999
0.694479
0.700761
0.70688
0.712941
0.718909
0.724827
0.730708
0.736625
0.742534
0.74849
0.754335
0.759743
0.764347
0.768809
0.7734
0.778135
0.782829
0.787697
0.791441
0.794685
0.79801
0.801458
0.80507
0.808811
0.812727
0.816876
0.821347
0.826039
0.831013
0.836455
0.842312
0.848454
0.854863
0.8616
0.868726
0.87586
0.883095
0.890543
0.898208
0.905888
0.913521
0.920927
0.928533
0.936009
0.943627
0.950399
0.957193
0.964024
0.971253
0.978898
0.986886
0.995314
1.00489
1.01371
1.02284
1.03068
1.03678
1.0303
1.02769
1.01814
0.996362
0.925529
0.841961
0.761894
0.674156
0.681018
0.710756
0.712678
)
;

boundaryField
{
    inlet
    {
        type            calculated;
        value           uniform 1.40845;
    }
    outlet
    {
        type            calculated;
        value           nonuniform List<scalar> 
40
(
0.598561
0.644805
0.711203
0.759185
0.793244
0.818188
0.834517
0.844392
0.849929
0.852573
0.855417
0.85976
0.866129
0.874146
0.879901
0.883672
0.887556
0.891901
0.89593
0.899914
0.90379
0.908209
0.913171
0.918877
0.925067
0.932081
0.940236
0.946971
0.948134
0.947104
0.941599
0.928668
0.903686
0.874002
0.847532
0.820459
0.786776
0.75432
0.726271
0.712678
)
;
    }
    bottom
    {
        type            symmetryPlane;
    }
    top
    {
        type            symmetryPlane;
    }
    obstacle
    {
        type            calculated;
        value           nonuniform List<scalar> 
110
(
0.550702
0.55154
0.55407
0.556334
0.559835
0.564412
0.570432
0.580773
0.597285
0.638057
0.649914
0.577081
0.506095
0.513698
0.518352
0.507413
0.499169
0.496641
0.535963
0.552303
0.554531
0.553304
0.552037
0.549126
0.545
0.560168
0.574969
0.582169
0.583496
0.583524
0.581454
0.58074
0.580453
0.580687
0.580536
0.5821
0.58343
0.583733
0.584222
0.584669
0.585043
0.586243
0.584608
0.58396
0.580773
0.5692
0.560342
0.552826
0.546204
0.536078
0.529152
0.523795
0.516561
0.510872
0.503776
0.499876
0.498625
0.497719
0.495788
0.495614
0.492022
0.494334
0.496189
0.498344
0.500968
0.503184
0.50575
0.508383
0.511084
0.513893
0.516567
0.519174
0.521782
0.524431
0.527001
0.52959
0.53209
0.534448
0.536826
0.539219
0.541584
0.54398
0.546402
0.54885
0.551289
0.553697
0.55609
0.558306
0.560525
0.562628
0.564749
0.566789
0.568855
0.570844
0.572866
0.574819
0.576803
0.578724
0.580686
0.582599
0.584553
0.586407
0.588311
0.590099
0.591974
0.593925
0.59593
0.59877
0.599623
0.598561
)
;
    }
    defaultFaces
    {
        type            empty;
    }
}


// ************************************************************************* //
