/*--------------------------------*- C++ -*----------------------------------*\
| =========                 |                                                 |
| \\      /  F ield         | OpenFOAM: The Open Source CFD Toolbox           |
|  \\    /   O peration     | Version:  v2106                                 |
|   \\  /    A nd           | Website:  www.openfoam.com                      |
|    \\/     M anipulation  |                                                 |
\*---------------------------------------------------------------------------*/
FoamFile
{
    version     2.0;
    format      ascii;
    arch        "LSB;label=32;scalar=64";
    class       volScalarField;
    location    "15";
    object      rho;
}
// * * * * * * * * * * * * * * * * * * * * * * * * * * * * * * * * * * * * * //

dimensions      [1 -3 0 0 0 0 0];

internalField   nonuniform List<scalar> 
5250
(
1.40845
1.40845
1.40845
1.40845
1.40845
1.40845
1.40845
1.40845
1.40845
1.40836
1.40825
1.40307
1.40007
1.56139
1.99535
5.25132
6.53611
6.14193
6.2422
6.38981
6.43407
6.50114
6.5667
6.62368
6.66544
1.40845
1.40845
1.40845
1.40845
1.40845
1.40845
1.40845
1.40845
1.40845
1.4084
1.40808
1.40435
1.39923
1.55373
1.99238
5.19842
6.60426
6.16412
6.27054
6.40953
6.45313
6.51622
6.57145
6.62845
6.66792
1.40845
1.40845
1.40845
1.40845
1.40845
1.40845
1.40845
1.40845
1.40845
1.4084
1.40809
1.40491
1.39704
1.53912
1.98945
5.0589
6.75404
6.20745
6.31266
6.44389
6.47427
6.52049
6.56672
6.61607
6.65104
1.40845
1.40845
1.40845
1.40845
1.40845
1.40845
1.40845
1.40845
1.40845
1.40841
1.40812
1.40542
1.39612
1.51959
1.99257
4.82877
6.99186
6.28914
6.41011
6.49772
6.50648
6.52708
6.56207
6.59437
6.62606
1.40845
1.40845
1.40845
1.40845
1.40845
1.40845
1.40845
1.40845
1.40845
1.40842
1.40817
1.40616
1.39499
1.49431
2.01726
4.49677
7.32128
6.38732
6.53238
6.56438
6.54411
6.54126
6.52858
6.56276
6.5899
1.40845
1.40845
1.40845
1.40845
1.40845
1.40845
1.40845
1.40845
1.40845
1.40843
1.4082
1.40688
1.39487
1.46816
1.99497
3.97954
7.71336
6.58768
6.74183
6.71197
6.61792
6.5577
6.52257
6.51659
6.53574
1.40845
1.40845
1.40845
1.40845
1.40845
1.40845
1.40845
1.40845
1.40845
1.40843
1.40827
1.40723
1.39533
1.44652
1.89277
3.39612
7.59803
6.54496
6.75886
6.81889
6.74328
6.58264
6.48498
6.45515
6.47021
1.40845
1.40845
1.40845
1.40845
1.40845
1.40845
1.40845
1.40845
1.40845
1.40844
1.40829
1.40755
1.39649
1.42972
1.79632
2.87158
7.09854
6.43937
6.62912
6.78279
6.76724
6.64355
6.46642
6.39855
6.36094
1.40845
1.40845
1.40845
1.40845
1.40845
1.40845
1.40845
1.40845
1.40845
1.40845
1.40828
1.40794
1.39828
1.4177
1.72615
2.53666
6.47553
6.24108
6.42355
6.62486
6.72796
6.66407
6.4477
6.25855
6.21266
1.40845
1.40845
1.40845
1.40845
1.40845
1.40845
1.40845
1.40845
1.40845
1.40845
1.40831
1.40813
1.40029
1.40771
1.64679
2.2761
6.00799
5.97468
6.12508
6.36101
6.54823
6.57305
6.34509
6.2335
5.97675
1.40845
1.40845
1.40845
1.40845
1.40845
1.40845
1.40845
1.40845
1.40845
1.40845
1.40834
1.40826
1.40218
1.40202
1.57907
2.05272
5.39149
6.05092
6.02487
6.06508
6.25946
6.41778
6.21741
6.06217
4.94613
1.40845
1.40845
1.40845
1.40845
1.40845
1.40845
1.40845
1.40845
1.40845
1.40845
1.40841
1.40808
1.40556
1.39769
1.51661
1.84862
4.65583
6.18347
5.97901
5.86928
5.94474
6.10547
5.90785
5.66242
5.13729
1.40845
1.40845
1.40845
1.40845
1.40845
1.40845
1.40845
1.40845
1.40845
1.40845
1.40843
1.40823
1.40713
1.39389
1.45922
1.86303
3.81719
6.50157
5.92082
5.79349
5.75665
5.79363
5.70727
5.41147
5.21394
1.40845
1.40845
1.40845
1.40845
1.40845
1.40845
1.40845
1.40845
1.40845
1.40845
1.40844
1.40834
1.40739
1.39669
1.42622
1.78232
2.94594
6.4505
5.99063
5.80336
5.67221
5.61261
5.50269
5.28991
5.13232
1.40845
1.40845
1.40845
1.40845
1.40845
1.40845
1.40845
1.40845
1.40845
1.40845
1.40845
1.40831
1.40808
1.3999
1.40978
1.66278
2.38316
5.89089
5.95314
5.81761
5.64194
5.51056
5.35526
5.14278
4.96449
1.40845
1.40845
1.40845
1.40845
1.40845
1.40845
1.40845
1.40845
1.40845
1.40845
1.40845
1.40836
1.40827
1.40294
1.40103
1.54966
1.96153
4.82981
6.00727
5.8593
5.6277
5.42086
5.22431
5.01313
4.78736
1.40845
1.40845
1.40845
1.40845
1.40845
1.40845
1.40845
1.40845
1.40845
1.40845
1.40845
1.40842
1.40822
1.40645
1.39591
1.4692
1.66554
3.72205
5.90491
5.83198
5.61388
5.39128
5.17538
4.9516
4.69759
1.40845
1.40845
1.40845
1.40845
1.40845
1.40845
1.40845
1.40845
1.40845
1.40845
1.40845
1.40845
1.40821
1.40808
1.39515
1.4315
1.72358
2.6811
5.596
5.69221
5.60706
5.40911
5.18175
4.93647
4.66996
1.40845
1.40845
1.40845
1.40845
1.40845
1.40845
1.40845
1.40845
1.40845
1.40845
1.40845
1.40844
1.40838
1.40793
1.40346
1.4044
1.60637
2.11789
4.80103
5.65966
5.64723
5.41998
5.184
4.93013
4.66477
1.40845
1.40845
1.40845
1.40845
1.40845
1.40845
1.40845
1.40845
1.40845
1.40845
1.40845
1.40843
1.40851
1.40765
1.40933
1.37735
1.51189
1.70762
3.67486
5.57518
5.62657
5.41506
5.1921
4.95317
4.68703
1.40845
1.40845
1.40845
1.40845
1.40845
1.40845
1.40845
1.40845
1.40845
1.40845
1.40845
1.40845
1.40844
1.40833
1.40759
1.40144
1.41839
1.65347
2.53347
5.12314
5.38834
5.3877
5.2032
4.98157
4.72703
1.40845
1.40845
1.40845
1.40845
1.40845
1.40845
1.40845
1.40845
1.40845
1.40845
1.40845
1.40845
1.40842
1.40876
1.40647
1.41407
1.34748
1.59844
1.96877
4.09223
5.42858
5.44302
5.2596
5.04226
4.78883
1.40845
1.40845
1.40845
1.40845
1.40845
1.40845
1.40845
1.40845
1.40845
1.40845
1.40845
1.40845
1.40845
1.40844
1.40825
1.40726
1.39831
1.44384
1.59761
2.94508
5.14395
5.27341
5.22667
5.05672
4.83113
1.40845
1.40845
1.40845
1.40845
1.40845
1.40845
1.40845
1.40845
1.40845
1.40845
1.40845
1.40845
1.40844
1.40841
1.40884
1.40626
1.41534
1.32614
1.56063
2.14277
4.32607
5.22448
5.26482
5.09571
4.88123
1.40845
1.40845
1.40845
1.40845
1.40845
1.40845
1.40845
1.40845
1.40845
1.40845
1.40845
1.40845
1.40845
1.40845
1.40843
1.40819
1.40692
1.39797
1.47412
1.59269
3.18223
5.03751
5.14764
5.05644
4.88031
1.40845
1.40845
1.40845
1.40845
1.40845
1.40845
1.40845
1.40845
1.40845
1.40845
1.40845
1.40845
1.40845
1.40845
1.40844
1.40885
1.40535
1.41655
1.32125
1.51468
2.18462
4.30742
5.02527
5.06529
4.89343
1.40845
1.40845
1.40845
1.40845
1.40845
1.40845
1.40845
1.40845
1.40845
1.40845
1.40845
1.40845
1.40845
1.40845
1.40844
1.40843
1.40814
1.40701
1.39729
1.49046
1.62827
3.17408
4.86693
4.94173
4.85093
1.40845
1.40845
1.40845
1.40845
1.40845
1.40845
1.40845
1.40845
1.40845
1.40845
1.40845
1.40845
1.40845
1.40845
1.40846
1.40844
1.40842
1.4061
1.42355
1.32841
1.49395
2.12337
4.10665
4.81856
4.84655
1.40845
1.40845
1.40845
1.40845
1.40845
1.40845
1.40845
1.40845
1.40845
1.40845
1.40845
1.40845
1.40845
1.40845
1.40845
1.40845
1.40843
1.40813
1.40758
1.39567
1.48393
1.60115
3.01792
4.63395
4.70651
1.40845
1.40845
1.40845
1.40845
1.40845
1.40845
1.40845
1.40845
1.40845
1.40845
1.40845
1.40845
1.40845
1.40845
1.40845
1.40845
1.40842
1.40881
1.40675
1.41846
1.33451
1.46159
1.99744
3.83176
4.64183
1.40845
1.40845
1.40845
1.40845
1.40845
1.40845
1.40845
1.40845
1.40845
1.40845
1.40845
1.40845
1.40845
1.40845
1.40845
1.40845
1.40844
1.40846
1.40808
1.40801
1.39396
1.45348
1.51138
2.77633
4.38266
1.40845
1.40845
1.40845
1.40845
1.40845
1.40845
1.40845
1.40845
1.40845
1.40845
1.40845
1.40845
1.40845
1.40845
1.40845
1.40845
1.40845
1.40844
1.4085
1.40749
1.41056
1.36139
1.48591
1.87335
3.44416
1.40845
1.40845
1.40845
1.40845
1.40845
1.40845
1.40845
1.40845
1.40845
1.40845
1.40845
1.40845
1.40845
1.40845
1.40845
1.40845
1.40845
1.40845
1.40845
1.40818
1.40802
1.39539
1.43746
1.52981
2.4257
1.40845
1.40845
1.40845
1.40845
1.40845
1.40845
1.40845
1.40845
1.40845
1.40845
1.40845
1.40845
1.40845
1.40845
1.40845
1.40845
1.40845
1.40845
1.40844
1.40848
1.40772
1.41007
1.36934
1.50798
1.70816
1.40845
1.40845
1.40845
1.40845
1.40845
1.40845
1.40845
1.40845
1.40845
1.40845
1.40845
1.40845
1.40845
1.40845
1.40845
1.40845
1.40845
1.40845
1.40845
1.40844
1.40836
1.4083
1.40125
1.41473
1.57598
1.40845
1.40845
1.40845
1.40845
1.40845
1.40845
1.40845
1.40845
1.40845
1.40845
1.40845
1.40845
1.40845
1.40845
1.40845
1.40845
1.40845
1.40845
1.40845
1.40845
1.40844
1.40814
1.4079
1.39238
1.44287
1.40845
1.40845
1.40845
1.40845
1.40845
1.40845
1.40845
1.40845
1.40845
1.40845
1.40845
1.40845
1.40845
1.40845
1.40845
1.40845
1.40845
1.40845
1.40845
1.40844
1.40842
1.40886
1.40678
1.41098
1.37151
1.40845
1.40845
1.40845
1.40845
1.40845
1.40845
1.40845
1.40845
1.40845
1.40845
1.40845
1.40845
1.40845
1.40845
1.40845
1.40845
1.40845
1.40845
1.40845
1.40845
1.40845
1.40845
1.40838
1.40778
1.41269
1.40845
1.40845
1.40845
1.40845
1.40845
1.40845
1.40845
1.40845
1.40845
1.40845
1.40845
1.40845
1.40845
1.40845
1.40845
1.40845
1.40845
1.40845
1.40845
1.40845
1.40845
1.40845
1.40844
1.4085
1.40602
1.40845
1.40845
1.40845
1.40845
1.40845
1.40845
1.40845
1.40845
1.40845
1.40845
1.40845
1.40845
1.40845
1.40845
1.40845
1.40845
1.40845
1.40845
1.40845
1.40845
1.40845
1.40845
1.40843
1.40864
1.40827
1.40845
1.40845
1.40845
1.40845
1.40845
1.40845
1.40845
1.40845
1.40845
1.40845
1.40845
1.40845
1.40845
1.40845
1.40845
1.40845
1.40845
1.40845
1.40845
1.40845
1.40845
1.40845
1.40845
1.40843
1.40893
1.40845
1.40845
1.40845
1.40845
1.40845
1.40845
1.40845
1.40845
1.40845
1.40845
1.40845
1.40845
1.40845
1.40845
1.40845
1.40845
1.40845
1.40845
1.40845
1.40845
1.40845
1.40845
1.40845
1.40845
1.4085
1.40845
1.40845
1.40845
1.40845
1.40845
1.40845
1.40845
1.40845
1.40845
1.40845
1.40845
1.40845
1.40845
1.40845
1.40845
1.40845
1.40845
1.40845
1.40845
1.40845
1.40845
1.40845
1.40845
1.40845
1.40846
1.40845
1.40845
1.40845
1.40845
1.40845
1.40845
1.40845
1.40845
1.40845
1.40845
1.40845
1.40845
1.40845
1.40845
1.40845
1.40845
1.40845
1.40845
1.40845
1.40845
1.40845
1.40845
1.40845
1.40845
1.40845
1.40845
1.40845
1.40845
1.40845
1.40845
1.40845
1.40845
1.40845
1.40845
1.40845
1.40845
1.40845
1.40845
1.40845
1.40845
1.40845
1.40845
1.40845
1.40845
1.40845
1.40845
1.40845
1.40845
1.40845
1.40845
1.40845
1.40845
1.40845
1.40845
1.40845
1.40845
1.40845
1.40845
1.40845
1.40845
1.40845
1.40845
1.40845
1.40845
1.40845
1.40845
1.40845
1.40845
1.40845
1.40845
1.40845
1.40845
1.40845
1.40845
1.40845
1.40845
1.40845
1.40845
1.40845
1.40845
1.40845
1.40845
1.40845
1.40845
1.40845
1.40845
1.40845
1.40845
1.40845
1.40845
1.40845
1.40845
1.40845
1.40845
1.40845
1.40845
1.40845
1.40845
1.40845
1.40845
1.40845
1.40845
1.40845
1.40845
1.40845
1.40845
1.40845
1.40845
1.40845
1.40845
1.40845
1.40845
1.40845
1.40845
1.40845
1.40845
1.40845
1.40845
1.40845
1.40845
1.40845
1.40845
1.40845
1.40845
1.40845
1.40845
1.40845
1.40845
1.40845
1.40845
1.40845
1.40845
1.40845
1.40845
1.40845
1.40845
1.40845
1.40845
1.40845
1.40845
1.40845
1.40845
1.40845
1.40845
1.40845
1.40845
1.40845
1.40845
1.40845
1.40845
1.40845
1.40845
1.40845
1.40845
1.40845
1.40845
1.40845
1.40845
1.40845
1.40845
1.40845
1.40845
1.40845
1.40845
1.40845
1.40845
1.40845
1.40845
1.40845
1.40845
1.40845
1.40845
1.40845
1.40845
1.40845
1.7534
1.76717
1.96776
1.698
1.84191
1.81037
1.68503
1.4572
1.39267
1.37379
1.38113
1.38822
1.38785
1.36817
1.30056
1.2445
1.21642
1.21154
1.21769
1.2237
1.22621
1.22676
1.22351
1.22055
1.21327
1.20948
1.20586
1.20474
1.204
1.20775
1.21539
1.23765
1.2612
1.30555
1.37261
1.42635
1.48326
1.54565
1.63649
1.70208
1.769
1.8553
1.932
2.0113
2.0905
2.1506
2.20033
2.25774
2.30014
2.33232
2.35549
2.39488
2.41578
2.43484
2.45001
2.46051
2.46659
2.46809
2.46726
2.46438
2.45821
2.44935
2.43859
2.42621
2.41262
2.39816
2.38281
2.36661
2.35036
2.3338
2.31686
2.29962
2.28202
2.264
2.24565
2.22725
2.20901
2.19043
2.17234
2.15411
2.13638
2.11876
2.10172
2.08485
2.06861
2.05246
2.03687
2.0214
2.00661
1.99199
1.97804
1.96421
1.95117
1.93816
1.92608
1.91377
1.90163
1.89078
1.87373
1.85883
2.6984
2.36221
2.00963
1.71274
1.8622
1.85547
1.71776
1.35407
1.21665
1.18425
1.21106
1.22598
1.22296
1.18367
1.12292
1.09515
1.0725
1.06289
1.0655
1.06961
1.07144
1.07277
1.07038
1.06968
1.06306
1.06015
1.05377
1.05067
1.04927
1.05413
1.06299
1.08448
1.10705
1.13686
1.19445
1.23858
1.28829
1.353
1.44889
1.53546
1.61899
1.70737
1.8006
1.86963
1.95975
2.0381
2.09872
2.17432
2.25129
2.30725
2.37448
2.43742
2.48278
2.5172
2.54462
2.57101
2.59609
2.61173
2.61874
2.62393
2.62761
2.62634
2.62018
2.61235
2.60248
2.59185
2.57975
2.56629
2.55219
2.5371
2.52141
2.50477
2.4877
2.46955
2.45111
2.4316
2.4122
2.39219
2.37265
2.3524
2.33251
2.31235
2.29275
2.27317
2.25425
2.23535
2.21706
2.19874
2.18111
2.16349
2.14646
2.12954
2.11314
2.0973
2.08225
2.06724
2.0523
2.03867
2.01807
2.00012
3.6406
2.89461
2.44536
2.01717
1.93701
1.87991
1.67897
1.33255
1.1584
1.14411
1.16105
1.18774
1.21108
1.18615
1.13619
1.04201
0.994153
0.983216
0.983101
1.00193
1.0047
1.00669
1.00185
0.999264
0.992552
0.989915
0.985843
0.989421
0.985976
0.99015
0.991891
1.00899
1.02667
1.05625
1.11557
1.17946
1.23868
1.28764
1.3461
1.43436
1.51369
1.61074
1.73126
1.85659
2.00364
2.1384
2.24491
2.35399
2.45573
2.54566
2.63098
2.71764
2.78418
2.82196
2.8486
2.8748
2.89665
2.91336
2.92208
2.9275
2.92998
2.9287
2.92224
2.91125
2.89693
2.8815
2.8649
2.84846
2.83243
2.81517
2.7963
2.77653
2.75582
2.73417
2.71133
2.68876
2.66706
2.64566
2.62486
2.60348
2.58208
2.56012
2.53831
2.51616
2.4945
2.47271
2.45147
2.43068
2.41073
2.39146
2.3728
2.35462
2.33692
2.3198
2.30304
2.28596
2.26857
2.25292
2.22655
2.203
4.27004
3.43404
2.89817
2.40639
2.14592
2.00418
1.85851
1.60609
1.38512
1.24544
1.20042
1.19629
1.20265
1.1831
1.11705
1.01273
0.974379
0.968619
0.971052
0.986568
0.99043
1.0098
1.01445
1.01165
1.00321
1.00305
0.987701
0.989161
0.980241
0.986205
0.989874
1.01027
1.02408
1.03375
1.05724
1.10593
1.16485
1.24166
1.35204
1.49374
1.64438
1.78855
1.94453
2.10176
2.24011
2.39776
2.53565
2.63787
2.72809
2.83324
2.89438
2.96302
3.02494
3.07119
3.11013
3.12914
3.14374
3.15082
3.15345
3.15391
3.15073
3.14461
3.13589
3.12379
3.10778
3.08793
3.0674
3.04733
3.02736
3.00717
2.98623
2.9642
2.9413
2.91719
2.89279
2.86716
2.84168
2.81731
2.79396
2.77122
2.749
2.72663
2.70476
2.68246
2.6603
2.63784
2.61525
2.5928
2.57109
2.55019
2.52958
2.50918
2.48973
2.47155
2.45391
2.43647
2.4188
2.40227
2.37553
2.34848
4.43847
3.78232
3.22489
2.82399
2.53803
2.27646
2.09486
1.8524
1.55639
1.40116
1.34084
1.31397
1.26828
1.24347
1.20731
1.14176
1.07403
1.02517
0.999631
0.994899
0.996453
1.0045
1.00507
1.00436
0.998432
0.994396
0.981325
0.988121
0.985357
0.99205
0.994142
0.997132
1.00524
1.02408
1.0704
1.1464
1.24205
1.36024
1.5022
1.64604
1.80974
1.96296
2.1355
2.30626
2.45292
2.60519
2.72913
2.82248
2.92934
3.0354
3.08237
3.14386
3.19725
3.2476
3.2672
3.28723
3.29628
3.30091
3.30443
3.30652
3.30399
3.29638
3.28539
3.26848
3.24717
3.2253
3.20354
3.18198
3.16079
3.13937
3.11732
3.09419
3.06986
3.04334
3.01522
2.98767
2.96106
2.9357
2.91159
2.88824
2.86512
2.84164
2.81821
2.79507
2.77232
2.74953
2.72707
2.70465
2.68285
2.66187
2.64101
2.62032
2.59962
2.58017
2.56141
2.54276
2.524
2.50525
2.47955
2.45022
4.45638
4.00325
3.50329
3.13172
2.85861
2.6516
2.40416
2.16216
1.84924
1.62988
1.52799
1.47908
1.41698
1.35785
1.29447
1.20773
1.13926
1.09616
1.0776
1.07098
1.05538
1.05144
1.03771
1.03362
1.02043
1.02023
1.00358
1.00526
0.991602
0.993911
0.998059
1.00786
1.02962
1.06365
1.11783
1.19625
1.29842
1.43098
1.57361
1.72739
1.89585
2.0547
2.23509
2.41152
2.57645
2.7099
2.84217
2.94294
3.05706
3.10764
3.15883
3.24732
3.30809
3.34957
3.37654
3.38571
3.39204
3.4021
3.4066
3.4097
3.40753
3.39088
3.37317
3.35515
3.33611
3.31694
3.29806
3.27647
3.25244
3.22749
3.20176
3.17528
3.14834
3.12151
3.09537
3.07016
3.04361
3.01659
2.99058
2.96546
2.94087
2.91692
2.89353
2.87079
2.84826
2.82556
2.80262
2.77998
2.75844
2.73774
2.71703
2.6963
2.67535
2.65545
2.63639
2.61754
2.59872
2.57907
2.55484
2.5241
4.40447
4.09243
3.72676
3.39326
3.12419
2.95762
2.73835
2.51965
2.26575
1.97808
1.78299
1.69159
1.62188
1.55108
1.47305
1.39335
1.29605
1.22751
1.18334
1.16294
1.14211
1.13061
1.10913
1.09183
1.07025
1.05811
1.03673
1.0385
1.02586
1.03121
1.04615
1.06112
1.0863
1.14158
1.22046
1.33013
1.44707
1.57455
1.67662
1.79604
1.90343
2.01797
2.15109
2.28319
2.42398
2.59161
2.80095
2.9867
3.14183
3.17058
3.21593
3.26414
3.31031
3.37574
3.43252
3.45253
3.45633
3.45699
3.4546
3.45123
3.44873
3.43868
3.42069
3.40435
3.38895
3.3706
3.34842
3.32363
3.29729
3.27082
3.24473
3.2198
3.19588
3.17216
3.14594
3.11642
3.08801
3.06126
3.03587
3.0117
2.9883
2.96489
2.94084
2.91661
2.89231
2.86786
2.84435
2.82274
2.80245
2.78292
2.7635
2.74415
2.72401
2.7042
2.68502
2.66589
2.64672
2.62662
2.60198
2.57008
4.36325
4.0868
3.83728
3.51594
3.29513
3.13277
2.97707
2.80286
2.58127
2.33175
2.09462
1.9371
1.85468
1.78043
1.69534
1.62004
1.50811
1.4017
1.33128
1.29629
1.2664
1.25863
1.23238
1.20756
1.17042
1.1528
1.1213
1.12255
1.10241
1.10026
1.15071
1.19811
1.25694
1.34088
1.45344
1.52869
1.61758
1.70178
1.77196
1.84829
1.91351
1.9968
2.08933
2.17299
2.27571
2.40976
2.55414
2.70631
2.97578
3.18679
3.32159
3.30808
3.31696
3.34501
3.38067
3.43276
3.46534
3.46982
3.46151
3.45629
3.45485
3.45295
3.44199
3.42222
3.40328
3.38086
3.35943
3.33779
3.31489
3.29099
3.26764
3.24323
3.2164
3.18989
3.16354
3.13743
3.11177
3.08628
3.06106
3.0365
3.012
2.98753
2.96301
2.93874
2.9145
2.89071
2.86846
2.84847
2.82955
2.81092
2.79188
2.77251
2.75257
2.73229
2.7124
2.69265
2.67301
2.65267
2.62819
2.5959
4.36338
4.06077
3.85094
3.57831
3.43433
3.24198
3.12282
2.97861
2.82084
2.61817
2.39312
2.20869
2.09738
2.01879
1.93215
1.84722
1.75542
1.64146
1.54664
1.48651
1.4488
1.41728
1.39284
1.36046
1.32606
1.28804
1.26335
1.23786
1.24988
1.27079
1.39502
1.47844
1.57293
1.68796
1.76219
1.77921
1.80553
1.8504
1.87677
1.92124
1.96372
2.01208
2.05873
2.09591
2.15679
2.23059
2.31621
2.45101
2.61082
2.76408
3.10172
3.32666
3.36158
3.34918
3.35688
3.37364
3.40922
3.44764
3.45434
3.4571
3.44485
3.43674
3.42887
3.4172
3.40277
3.38474
3.36315
3.34037
3.31809
3.2956
3.27131
3.24609
3.22156
3.19804
3.17515
3.15047
3.12263
3.09533
3.06952
3.04468
3.0205
2.99681
2.97347
2.94988
2.92593
2.90221
2.88007
2.86019
2.84116
2.82222
2.80309
2.78366
2.76394
2.74401
2.7242
2.70457
2.68507
2.66478
2.64008
2.60698
4.41013
4.10083
3.8491
3.60773
3.48983
3.30478
3.2001
3.07952
2.93783
2.78833
2.59661
2.40803
2.27595
2.19605
2.11569
2.04128
1.96785
1.88616
1.78942
1.70121
1.64181
1.60178
1.57508
1.53905
1.51394
1.47124
1.46029
1.42844
1.47577
1.56598
1.83231
1.93941
2.03172
2.09032
2.04726
2.02003
2.00017
2.002
2.00473
2.00976
2.02827
2.05152
2.06902
2.08297
2.10811
2.13341
2.17186
2.23835
2.31505
2.44856
2.63579
2.86326
3.20291
3.39057
3.39793
3.36524
3.36859
3.37894
3.41288
3.42906
3.42862
3.42725
3.40997
3.40072
3.39131
3.3801
3.36426
3.34486
3.31919
3.29254
3.26798
3.2458
3.22411
3.20193
3.17854
3.15097
3.12367
3.09799
3.07349
3.04988
3.02662
3.00327
2.97948
2.95539
2.93211
2.90907
2.88747
2.86784
2.84874
2.82957
2.81024
2.79071
2.77099
2.75104
2.73085
2.71043
2.68983
2.66834
2.6423
2.60828
4.45706
4.15845
3.89398
3.65296
3.50192
3.34278
3.24906
3.14448
3.02103
2.88728
2.74571
2.56386
2.41462
2.3165
2.2498
2.18726
2.12208
2.05996
1.98577
1.89958
1.81979
1.76852
1.74043
1.71405
1.68961
1.66936
1.66336
1.69008
1.76357
2.17911
2.36384
2.44519
2.48876
2.45044
2.3786
2.31279
2.25825
2.22597
2.19785
2.16346
2.14299
2.11732
2.09748
2.09659
2.10127
2.10098
2.10737
2.12144
2.15049
2.22015
2.32088
2.47515
2.62734
3.03323
3.3441
3.40942
3.39097
3.36229
3.36103
3.37419
3.39071
3.3957
3.39351
3.38774
3.38236
3.37473
3.36228
3.3436
3.31544
3.28796
3.26655
3.24625
3.22553
3.20358
3.18077
3.15603
3.12923
3.10377
3.07928
3.05513
3.03112
3.00749
2.98448
2.9624
2.9415
2.9197
2.8982
2.87799
2.85798
2.83792
2.81768
2.79723
2.77653
2.75565
2.73459
2.71343
2.69221
2.67023
2.64387
2.60909
4.5206
4.23304
3.97158
3.72636
3.53251
3.37713
3.28281
3.18778
3.07907
2.95354
2.82232
2.67588
2.52823
2.41704
2.32982
2.27497
2.23152
2.17674
2.11719
2.04002
1.95816
1.8947
1.8576
1.83865
1.8265
1.8302
1.85935
1.99454
2.19116
2.8258
2.89057
2.91048
2.88783
2.78352
2.68853
2.60004
2.52822
2.47028
2.4055
2.35531
2.31469
2.26027
2.20771
2.16415
2.13175
2.09979
2.08899
2.09131
2.09974
2.11506
2.14852
2.20722
2.32843
2.51441
2.71477
3.1582
3.43058
3.43548
3.38593
3.3527
3.35383
3.37391
3.40041
3.40252
3.39794
3.38869
3.37079
3.35365
3.33466
3.31379
3.28657
3.26286
3.24064
3.21887
3.19697
3.17408
3.14733
3.12145
3.09694
3.073
3.04915
3.02541
3.00217
2.98005
2.95871
2.93697
2.91557
2.89481
2.87396
2.85292
2.83162
2.81019
2.78867
2.76708
2.74535
2.72347
2.70145
2.67855
2.65087
2.61475
4.576
4.29879
4.03972
3.80275
3.58664
3.41766
3.30448
3.20884
3.11523
3.0078
2.89149
2.76353
2.62313
2.4987
2.40587
2.34689
2.29686
2.24724
2.20069
2.15043
2.07353
1.99696
1.93881
1.92719
1.92998
1.96048
2.06537
2.23455
2.8593
3.23754
3.27395
3.24394
3.167
3.04898
2.93593
2.84167
2.74687
2.65829
2.58544
2.52195
2.43859
2.3719
2.32242
2.27321
2.22457
2.16164
2.12549
2.11127
2.08873
2.08276
2.08377
2.09899
2.14918
2.23133
2.3848
2.59729
2.93278
3.32784
3.4537
3.4326
3.366
3.36617
3.37843
3.39778
3.40166
3.39994
3.39307
3.35905
3.34014
3.32457
3.30708
3.28569
3.26318
3.24133
3.21772
3.19503
3.17203
3.14824
3.12337
3.09823
3.07347
3.04948
3.02627
3.00377
2.9816
2.9595
2.93777
2.91639
2.89484
2.87309
2.85119
2.82926
2.80727
2.78512
2.76272
2.74003
2.71708
2.69306
2.6637
2.62541
4.63623
4.37656
4.11573
3.89091
3.66604
3.4804
3.3536
3.24656
3.14285
3.03821
2.92861
2.82138
2.70506
2.57333
2.48228
2.40513
2.34859
2.30134
2.25337
2.20365
2.16017
2.06667
2.01885
2.00922
2.02365
2.10678
2.36009
2.82098
3.44215
3.4849
3.48286
3.43155
3.353
3.2479
3.1468
3.03291
2.92914
2.82781
2.73718
2.64813
2.5688
2.50515
2.44647
2.36726
2.30702
2.26725
2.23195
2.1881
2.12676
2.09365
2.07392
2.08654
2.10244
2.12172
2.17809
2.27222
2.44815
2.64139
3.12825
3.45656
3.46466
3.41762
3.36207
3.35715
3.36308
3.36159
3.36199
3.35526
3.32794
3.30506
3.29192
3.27947
3.26415
3.24547
3.22479
3.19869
3.17421
3.15052
3.12693
3.10357
3.08106
3.05912
3.03796
3.01735
2.99669
2.97594
2.95515
2.93439
2.91358
2.8926
2.87064
2.84874
2.82667
2.80444
2.78197
2.75917
2.73589
2.71127
2.68083
2.64008
4.66985
4.44586
4.19076
3.95978
3.74594
3.55364
3.41423
3.29743
3.18991
3.082
2.97012
2.85181
2.75656
2.64583
2.53661
2.46206
2.39724
2.34423
2.29511
2.2523
2.20234
2.12219
2.08999
2.08954
2.14285
2.35711
2.68776
3.3607
3.6146
3.62619
3.59997
3.54816
3.4785
3.39393
3.29775
3.18753
3.07945
2.96995
2.87254
2.78201
2.7001
2.62648
2.54963
2.48191
2.4288
2.38162
2.32401
2.266
2.2249
2.18644
2.14709
2.12558
2.10501
2.10362
2.0995
2.11486
2.18071
2.31479
2.51948
2.77269
3.23768
3.45001
3.46786
3.36516
3.31555
3.31788
3.32409
3.32839
3.32512
3.31388
3.29365
3.27091
3.25331
3.23659
3.21902
3.19999
3.17321
3.14646
3.12341
3.1016
3.07985
3.05849
3.03777
3.01768
2.99765
2.97765
2.95769
2.93751
2.91707
2.89506
2.87284
2.85131
2.8298
2.80816
2.78633
2.76424
2.7417
2.71769
2.68815
2.64555
4.70132
4.50227
4.26558
4.03792
3.83106
3.6339
3.48388
3.35718
3.2523
3.14667
3.03813
2.9185
2.80572
2.71206
2.59384
2.50408
2.43533
2.38657
2.3347
2.28591
2.22291
2.183
2.17601
2.20738
2.36696
2.60381
3.29935
3.69329
3.69989
3.68739
3.65858
3.61632
3.55984
3.4884
3.40397
3.3086
3.20513
3.1001
3.003
2.90913
2.82266
2.74555
2.66881
2.60163
2.54715
2.47227
2.41155
2.36896
2.32668
2.28897
2.24923
2.21125
2.1568
2.12142
2.07526
2.07861
2.08353
2.1192
2.19941
2.36536
2.56796
3.00404
3.38117
3.43517
3.42282
3.32832
3.27311
3.28096
3.29416
3.29634
3.28833
3.27209
3.25406
3.23585
3.21715
3.19745
3.17492
3.14913
3.12255
3.10006
3.07977
3.05995
3.04027
3.02057
3.00046
2.98002
2.95947
2.93878
2.91815
2.89579
2.87272
2.85051
2.82872
2.8071
2.78562
2.76406
2.74198
2.71811
2.68849
2.64366
4.70555
4.53474
4.31994
4.08722
3.90734
3.71339
3.55347
3.42895
3.31666
3.20714
3.09951
2.9876
2.87144
2.77018
2.67029
2.55008
2.4778
2.4247
2.35885
2.30441
2.26224
2.25566
2.28331
2.41707
2.62159
3.2941
3.73114
3.73408
3.72709
3.71227
3.68981
3.65755
3.61381
3.55565
3.48367
3.40022
3.30977
3.21615
3.1231
3.03127
2.9473
2.86309
2.78361
2.72252
2.65135
2.57754
2.52994
2.47501
2.42619
2.37099
2.31771
2.26389
2.21374
2.17325
2.12586
2.08645
2.05587
2.05644
2.07425
2.13624
2.25201
2.43079
2.63574
3.11729
3.40409
3.40868
3.35434
3.27572
3.24716
3.25407
3.25814
3.25752
3.24649
3.23062
3.20794
3.18404
3.16362
3.14371
3.12463
3.10372
3.0818
3.06167
3.0423
3.02298
3.00317
2.98281
2.96232
2.94168
2.92012
2.8971
2.87478
2.85273
2.83083
2.80893
2.78695
2.76465
2.74175
2.71708
2.68679
2.63983
4.71963
4.57339
4.3818
4.14473
3.96188
3.7816
3.60918
3.4932
3.38411
3.26967
3.16215
3.05788
2.94924
2.84131
2.74412
2.62167
2.53168
2.47885
2.37973
2.33661
2.32764
2.35082
2.46556
2.65442
3.30908
3.76145
3.76809
3.76422
3.74603
3.72878
3.71032
3.68781
3.65574
3.61219
3.55343
3.48463
3.40714
3.32455
3.2364
3.14889
3.06162
2.97635
2.90439
2.83579
2.7518
2.69443
2.63349
2.56266
2.50435
2.4443
2.38165
2.33124
2.27781
2.2297
2.19317
2.1354
2.08417
2.04884
2.05162
2.05611
2.07368
2.13852
2.29262
2.50847
2.81414
3.23144
3.39726
3.40803
3.29163
3.22186
3.2158
3.22363
3.22325
3.21999
3.20813
3.18871
3.16019
3.13802
3.12217
3.10556
3.08675
3.06583
3.04545
3.02546
3.00573
2.9862
2.96659
2.94638
2.92544
2.90158
2.87852
2.85593
2.83344
2.81084
2.78814
2.76507
2.74128
2.71563
2.68412
2.63543
4.67126
4.58445
4.4362
4.22012
4.02112
3.85975
3.67411
3.54634
3.4478
3.33886
3.22239
3.12115
3.02346
2.92354
2.82262
2.70337
2.60677
2.49142
2.43264
2.40089
2.41781
2.51574
2.7272
3.32474
3.8331
3.84558
3.84546
3.81092
3.78079
3.76341
3.747
3.72792
3.70213
3.66728
3.62119
3.56455
3.49516
3.41825
3.33376
3.25063
3.16617
3.08998
3.01448
2.92186
2.85283
2.7863
2.70474
2.63708
2.57281
2.51253
2.45528
2.39934
2.35016
2.30179
2.25019
2.19875
2.15997
2.11037
2.06995
2.03012
2.02377
2.04776
2.08951
2.1877
2.35948
2.53707
3.00415
3.35209
3.36438
3.31604
3.23077
3.18396
3.18309
3.1927
3.19309
3.18453
3.16761
3.13779
3.11419
3.09727
3.08074
3.06302
3.04507
3.02676
3.00718
2.98782
2.96891
2.94984
2.93011
2.90849
2.8829
2.85807
2.83419
2.8106
2.78704
2.76312
2.73838
2.71171
2.67903
2.62896
4.67571
4.58212
4.46254
4.28267
4.07629
3.93365
3.74329
3.58899
3.49315
3.39853
3.28145
3.17614
3.08425
2.99754
2.9037
2.78877
2.65691
2.54516
2.50659
2.5013
2.57143
2.82558
3.29779
3.94937
3.97072
3.96316
3.93249
3.87406
3.8393
3.81795
3.79719
3.77492
3.74923
3.71781
3.679
3.63076
3.57139
3.50297
3.42816
3.34621
3.26333
3.18303
3.0894
3.0099
2.93434
2.84838
2.77615
2.71024
2.63918
2.57483
2.51798
2.46136
2.40912
2.35804
2.30409
2.25789
2.20969
2.16445
2.12878
2.07144
2.03933
2.03254
2.03145
2.04709
2.10692
2.21842
2.40634
2.62011
3.07272
3.32451
3.31953
3.26538
3.19373
3.15212
3.15453
3.15609
3.15214
3.13995
3.12315
3.09744
3.07556
3.05834
3.04162
3.02617
3.01036
2.99233
2.97239
2.95269
2.93261
2.90837
2.88038
2.85398
2.82887
2.80429
2.77997
2.75554
2.73036
2.70349
2.67075
2.62005
4.54502
4.57787
4.50214
4.362
4.16086
4.001
3.82256
3.63877
3.53361
3.45214
3.34206
3.22706
3.13788
3.05895
2.97671
2.87227
2.71952
2.63833
2.62006
2.66228
2.8869
3.2781
4.02374
4.11372
4.10598
4.06379
3.98456
3.93647
3.90128
3.87066
3.84406
3.8174
3.79029
3.76075
3.72646
3.68465
3.6347
3.57409
3.50512
3.42766
3.34776
3.25505
3.17658
3.1
3.01103
2.92876
2.86173
2.79189
2.72111
2.65672
2.59764
2.54395
2.48918
2.43377
2.38028
2.32499
2.27307
2.22712
2.17921
2.13905
2.1003
2.05071
2.03453
2.00558
2.01203
2.04378
2.11879
2.2727
2.46394
2.85404
3.23366
3.30227
3.29643
3.20126
3.1372
3.12009
3.12407
3.12483
3.11714
3.10212
3.07632
3.05315
3.03514
3.0209
3.00809
2.99348
2.97422
2.95137
2.92832
2.90307
2.87487
2.84774
2.82207
2.79694
2.77211
2.74748
2.72203
2.6946
2.66116
2.60986
4.51663
4.54278
4.47571
4.37092
4.21905
4.05787
3.90753
3.70863
3.57347
3.4918
3.40303
3.27894
3.1732
3.10276
3.04144
2.91521
2.80921
2.76222
2.78035
2.96201
3.2658
4.05638
4.29521
4.30544
4.19943
4.10725
4.06031
4.01895
3.97922
3.93768
3.90082
3.86704
3.83353
3.79915
3.76292
3.72277
3.67671
3.62296
3.5605
3.49118
3.41548
3.33669
3.25682
3.17334
3.0915
3.01382
2.9325
2.86107
2.78929
2.72728
2.66435
2.60397
2.54776
2.49097
2.4321
2.3782
2.32274
2.26843
2.22368
2.17934
2.14106
2.10585
2.06573
2.04003
1.99299
1.99937
2.01346
2.04686
2.14909
2.33278
2.52528
3.00554
3.27408
3.2803
3.23421
3.1607
3.11482
3.10904
3.10662
3.1009
3.08711
3.0628
3.04198
3.0227
3.00745
2.99298
2.97616
2.95557
2.93259
2.90482
2.8733
2.84445
2.81778
2.79177
2.76568
2.73956
2.71292
2.68466
2.65058
2.5987
4.00235
4.46322
4.50762
4.39489
4.25484
4.10469
3.97794
3.7863
3.624
3.53435
3.45768
3.34429
3.2192
3.13861
3.07368
2.96765
2.91488
2.92289
3.07327
3.33598
4.13718
4.46464
4.48581
4.36763
4.26062
4.20176
4.14829
4.09534
4.04547
3.99561
3.94563
3.90184
3.86243
3.82411
3.78597
3.74664
3.70426
3.65648
3.6016
3.53994
3.47142
3.39836
3.32068
3.24191
3.16219
3.08095
3.00182
2.92296
2.84845
2.78156
2.71931
2.66037
2.60126
2.54371
2.48598
2.42858
2.37613
2.32297
2.27842
2.23513
2.19683
2.15716
2.12821
2.10213
2.06015
2.01369
1.98347
1.97178
1.99316
2.05274
2.19334
2.42063
2.72257
3.10679
3.25753
3.25826
3.20478
3.12416
3.07907
3.08043
3.08107
3.07044
3.04901
3.02858
3.01086
2.9933
2.9745
2.95453
2.93253
2.90815
2.87356
2.84172
2.81348
2.78687
2.7604
2.73352
2.70586
2.67662
2.64094
2.58765
3.0302
4.35458
4.43059
4.40255
4.2862
4.15084
4.03214
3.87005
3.67868
3.57209
3.49394
3.40358
3.29377
3.18939
3.1005
3.05967
3.0657
3.20121
3.43247
4.24501
4.66326
4.67511
4.53376
4.41893
4.35342
4.28977
4.22537
4.16244
4.10485
4.0525
3.99845
3.94466
3.89739
3.85356
3.81143
3.76916
3.72569
3.67935
3.62904
3.57336
3.5123
3.44571
3.37575
3.30241
3.22684
3.14837
3.07098
2.99373
2.91852
2.84892
2.78603
2.72577
2.66668
2.60176
2.54531
2.48113
2.42118
2.37084
2.3284
2.28471
2.24222
2.20983
2.17661
2.1403
2.1017
2.05086
1.99206
1.97094
1.95766
1.97019
2.02196
2.11888
2.28081
2.44591
2.91269
3.21819
3.23941
3.2219
3.13954
3.08071
3.05164
3.04769
3.03661
3.02317
3.00933
2.99658
2.98174
2.95935
2.93017
2.90082
2.86621
2.83348
2.8047
2.77815
2.75202
2.72524
2.69696
2.66676
2.63012
2.57627
2.0847
3.61497
4.42574
4.44969
4.34651
4.22038
4.09688
3.97183
3.77224
3.6197
3.53365
3.43526
3.33705
3.23325
3.18688
3.20028
3.33718
3.57225
4.3588
4.87934
4.88402
4.69886
4.56128
4.49205
4.42686
4.35952
4.2894
4.22299
4.15955
4.09944
4.04043
3.9807
3.92524
3.87602
3.82997
3.78589
3.74172
3.69652
3.64889
3.59803
3.54308
3.48389
3.42003
3.35216
3.28056
3.20662
3.13049
3.05435
2.98085
2.91189
2.84767
2.78503
2.72688
2.66653
2.6089
2.54193
2.4747
2.42468
2.38192
2.34039
2.30189
2.26406
2.22476
2.18473
2.14444
2.10535
2.06609
2.01058
1.9775
1.96833
1.97327
1.98591
2.04181
2.16982
2.37363
2.62425
3.03967
3.2238
3.22014
3.17789
3.08723
3.03279
3.02682
3.01878
3.0096
2.99723
2.98299
2.96357
2.92969
2.89094
2.85658
2.82702
2.79616
2.76791
2.74133
2.7144
2.68587
2.65579
2.61959
2.56536
1.51958
2.57593
3.97686
4.35523
4.35926
4.24124
4.1273
4.02728
3.87369
3.68738
3.58419
3.47701
3.36748
3.31613
3.32825
3.47128
3.74263
4.5345
5.1121
5.10914
4.90631
4.74001
4.65953
4.58604
4.51412
4.44092
4.36833
4.29696
4.22756
4.1606
4.09637
4.03291
3.97121
3.91469
3.86212
3.81295
3.76493
3.71747
3.66895
3.61892
3.56643
3.51108
3.45244
3.39037
3.32506
3.25604
3.18612
3.11307
3.043
2.97393
2.91115
2.84934
2.78665
2.72919
2.66268
2.59803
2.53468
2.48081
2.4309
2.39175
2.35306
2.3091
2.26667
2.22959
2.19232
2.14631
2.10229
2.05537
2.01328
1.97685
1.97012
1.95576
1.96862
2.01072
2.08848
2.24299
2.39587
2.83944
3.13655
3.16336
3.15456
3.08473
3.02347
2.98514
2.98071
2.97871
2.97282
2.95439
2.92774
2.88163
2.84174
2.81168
2.78241
2.75375
2.72779
2.7024
2.67455
2.6435
2.60649
2.55421
1.48535
1.73458
3.00564
4.20176
4.30654
4.28285
4.17538
4.0698
3.9491
3.78362
3.61458
3.5131
3.45538
3.46203
3.60286
3.88733
4.71361
5.33367
5.32038
5.12041
4.93188
4.83627
4.75355
4.66993
4.58766
4.50996
4.4344
4.35997
4.28704
4.21548
4.14556
4.07671
4.01034
3.94673
3.88786
3.83082
3.77879
3.72934
3.68085
3.63216
3.5825
3.53134
3.47765
3.42092
3.36084
3.29801
3.23261
3.16655
3.09952
3.03297
2.96731
2.90367
2.84158
2.77942
2.71578
2.65334
2.5842
2.52587
2.47634
2.43237
2.39182
2.35522
2.31731
2.27874
2.23714
2.18483
2.14353
2.10455
2.07158
2.04024
2.00501
1.9739
1.94852
1.94949
1.96119
1.99461
2.10471
2.28131
2.49822
2.9071
3.11852
3.1241
3.09626
3.01357
2.96013
2.94035
2.93553
2.92092
2.89421
2.85723
2.8192
2.7884
2.76544
2.73902
2.71301
2.68795
2.6609
2.63072
2.5959
2.54607
1.36173
1.49247
2.03142
3.45414
4.2854
4.32536
4.25102
4.14519
4.03899
3.84396
3.68491
3.60605
3.60672
3.75096
4.04175
4.92434
5.59921
5.57423
5.36182
5.15204
5.04466
4.95351
4.86322
4.76679
4.67571
4.59162
4.51139
4.43345
4.35621
4.28011
4.2055
4.13221
4.06136
3.99376
3.92922
3.86832
3.80918
3.75613
3.70587
3.65711
3.60824
3.55865
3.50772
3.45456
3.39893
3.34068
3.28049
3.2189
3.15653
3.09382
3.03134
2.96941
2.90796
2.84407
2.78307
2.71306
2.6494
2.58667
2.53146
2.48334
2.44169
2.39954
2.36052
2.31804
2.27514
2.23036
2.1803
2.1439
2.10821
2.07335
2.03524
2.00321
1.95966
1.93846
1.91443
1.90673
1.92414
1.98166
2.1256
2.30113
2.69814
2.98013
3.03408
3.0269
2.99951
2.92397
2.87888
2.86383
2.84579
2.82044
2.79195
2.76489
2.73386
2.70695
2.68049
2.66004
2.63933
2.61517
2.58571
2.53467
1.39574
1.4339
1.50564
2.4977
3.77774
4.21732
4.29095
4.21264
4.11444
3.91168
3.78694
3.77637
3.91725
4.21825
5.1283
5.86322
5.83363
5.6045
5.36462
5.24294
5.14563
5.05266
4.95628
4.85326
4.75663
4.66803
4.58421
4.50216
4.42103
4.34187
4.26461
4.18902
4.11529
4.04406
3.9752
3.90942
3.84441
3.7853
3.73274
3.6833
3.63421
3.58477
3.53415
3.48178
3.42751
3.3718
3.31496
3.2573
3.19915
3.1402
3.08031
3.01927
2.95668
2.89183
2.82394
2.75387
2.68996
2.63031
2.57347
2.52342
2.4776
2.43437
2.39265
2.35039
2.30881
2.2586
2.21408
2.17073
2.1348
2.10078
2.06746
2.03295
1.99799
1.9623
1.91713
1.89619
1.8481
1.86189
1.90863
2.00488
2.16042
2.32448
2.68093
2.90817
2.93185
2.92471
2.87852
2.8139
2.77073
2.74945
2.72985
2.71248
2.69582
2.66748
2.64006
2.61891
2.60227
2.58257
2.55741
2.50573
1.40797
1.37258
1.50178
1.70915
2.81429
3.96031
4.16863
4.17911
4.07903
3.98698
3.96819
4.13651
4.46162
5.43295
6.19168
6.15597
5.91304
5.6381
5.50021
5.39947
5.30095
5.20142
5.09376
4.98399
4.87994
4.7812
4.68723
4.59677
4.50957
4.42537
4.34378
4.26409
4.18645
4.1112
4.03763
3.96603
3.89484
3.82662
3.76665
3.71198
3.65928
3.60651
3.55349
3.49963
3.44437
3.38945
3.33542
3.28126
3.22648
3.17074
3.11349
3.05456
2.99347
2.93018
2.86214
2.79404
2.73051
2.66921
2.61346
2.56079
2.51232
2.46666
2.42204
2.37826
2.33277
2.28525
2.23995
2.19435
2.15557
2.11601
2.07912
2.04008
2.00203
1.9604
1.92622
1.87354
1.83387
1.81403
1.80054
1.81268
1.84991
1.94673
2.08423
2.35398
2.63581
2.76366
2.79146
2.7938
2.73124
2.67601
2.64878
2.63141
2.62052
2.60723
2.58845
2.56601
2.54852
2.533
2.51653
2.46497
1.40395
1.43024
1.32785
1.40597
1.80216
3.05598
4.05411
4.1751
4.10402
4.11537
4.34003
4.66474
5.81931
6.50787
6.44781
6.18489
5.89829
5.74476
5.63837
5.52956
5.42137
5.30886
5.19652
5.0906
4.98556
4.88027
4.77808
4.68107
4.58883
4.5002
4.41378
4.32935
4.24715
4.16703
4.08858
4.01046
3.93464
3.85747
3.78882
3.72776
3.67056
3.61399
3.55755
3.498
3.44162
3.38909
3.33782
3.28652
3.23468
3.18191
3.12736
3.07067
3.01116
2.94892
2.88091
2.81546
2.7517
2.69115
2.6341
2.57961
2.52594
2.47602
2.4281
2.38159
2.33217
2.28621
2.23805
2.19315
2.1495
2.10744
2.06731
2.02236
1.97945
1.93453
1.89262
1.84973
1.81063
1.75845
1.72444
1.70096
1.6965
1.70849
1.76695
1.87682
2.01873
2.33881
2.57748
2.62705
2.64508
2.61043
2.55572
2.51996
2.51164
2.50923
2.5064
2.49542
2.48074
2.4666
2.45544
2.40617
1.40794
1.40929
1.39834
1.42243
1.51967
2.19489
3.44132
4.00848
4.1461
4.48123
4.963
6.28775
6.83289
6.77618
6.46457
6.15487
5.99487
5.89444
5.78944
5.67705
5.56034
5.44012
5.32351
5.20902
5.09434
4.97837
4.86665
4.76139
4.66194
4.56619
4.47295
4.38218
4.2943
4.20929
4.12615
4.0439
3.96386
3.881
3.80514
3.73848
3.67593
3.6145
3.55382
3.48756
3.42534
3.37165
3.32085
3.26995
3.21805
3.16516
3.11044
3.05333
2.99435
2.93027
2.86478
2.80173
2.74024
2.68092
2.62263
2.56698
2.51078
2.45811
2.40741
2.35456
2.30374
2.25385
2.20459
2.15379
2.10588
2.06038
2.01556
1.97169
1.92404
1.88104
1.84001
1.79988
1.76191
1.72228
1.69052
1.64383
1.61358
1.58891
1.58716
1.6274
1.72024
1.82713
2.08266
2.32498
2.44125
2.46964
2.47648
2.44219
2.40458
2.38537
2.38037
2.37952
2.37753
2.37007
2.36426
2.3243
1.40832
1.40846
1.40669
1.39319
1.44936
1.55274
2.42214
3.48827
4.27609
5.19981
6.85259
7.19605
7.11384
6.73315
6.41392
6.2622
6.14631
6.0292
5.90417
5.78445
5.66562
5.55032
5.43453
5.31665
5.19459
5.07187
4.95258
4.83849
4.73004
4.62548
4.5234
4.42268
4.32509
4.23042
4.13937
4.0475
3.95842
3.86672
3.78078
3.70438
3.63294
3.56272
3.49438
3.42004
3.34615
3.28512
3.23079
3.17696
3.12286
3.0681
3.01191
2.95427
2.89458
2.83102
2.7699
2.71056
2.6527
2.59386
2.53696
2.48072
2.42531
2.37146
2.32039
2.27035
2.22152
2.17619
2.13147
2.08509
2.04065
1.99956
1.96017
1.91998
1.87813
1.83727
1.79856
1.76068
1.72417
1.6864
1.65256
1.62065
1.57763
1.54222
1.5196
1.52378
1.54344
1.61201
1.72734
1.87799
2.11918
2.30487
2.33478
2.33492
2.31091
2.28533
2.26166
2.24787
2.2403
2.23782
2.23702
2.22678
1.40849
1.40782
1.40758
1.41011
1.38305
1.48468
1.73275
2.59894
4.3169
6.89133
7.11601
7.05132
6.57746
6.28268
6.18844
6.1463
6.09099
6.01349
5.89833
5.78106
5.66489
5.54395
5.42155
5.29653
5.17086
5.04314
4.91477
4.79004
4.67064
4.55654
4.44391
4.33385
4.22546
4.12102
4.01912
3.91809
3.82042
3.72108
3.62752
3.54344
3.46417
3.38642
3.31126
3.22991
3.15171
3.08874
3.03437
2.98239
2.9321
2.88244
2.83239
2.78204
2.72785
2.67591
2.62716
2.57926
2.53218
2.48487
2.43722
2.38998
2.34238
2.29695
2.2536
2.21013
2.16784
2.12797
2.08928
2.04678
2.00508
1.96754
1.93105
1.89364
1.85187
1.81292
1.77543
1.74083
1.70618
1.67202
1.63849
1.60803
1.57796
1.55096
1.50424
1.48628
1.48812
1.49099
1.53595
1.61402
1.71523
1.93356
2.1331
2.21444
2.22308
2.2181
2.20454
2.17658
2.15903
2.1446
2.13306
2.14719
1.40846
1.40843
1.40981
1.39486
1.39927
1.38416
1.72778
2.254
5.35737
6.40236
6.46967
6.02573
5.70996
5.66214
5.64501
5.61266
5.58493
5.54797
5.48731
5.4125
5.32249
5.21515
5.10855
4.99764
4.88698
4.77031
4.64649
4.51893
4.39302
4.27206
4.15674
4.04682
3.94091
3.83983
3.74286
3.6489
3.55824
3.46886
3.38632
3.31177
3.24184
3.17409
3.10836
3.04194
2.97308
2.9176
2.87244
2.83004
2.78853
2.74695
2.70559
2.662
2.61817
2.57726
2.53887
2.50045
2.46267
2.42397
2.38467
2.34503
2.30438
2.26583
2.22842
2.18742
2.1487
2.11329
2.07748
2.03506
1.99545
1.95974
1.92415
1.88703
1.84518
1.80856
1.77563
1.74352
1.71098
1.67851
1.64609
1.6159
1.58553
1.55592
1.52127
1.49457
1.46428
1.44378
1.4501
1.47243
1.53091
1.60255
1.80704
2.02068
2.14008
2.14864
2.14597
2.12802
2.09632
2.06973
2.07706
2.11528
1.40845
1.40843
1.40829
1.40738
1.39708
1.43245
1.8359
2.70416
6.57873
6.36902
5.82902
5.63567
5.62816
5.61727
5.57068
5.49932
5.39932
5.3094
5.22005
5.12644
5.01655
4.9021
4.78874
4.67665
4.56464
4.45457
4.34518
4.23681
4.13045
4.02724
3.92793
3.83319
3.74308
3.65772
3.57632
3.49741
3.42116
3.34545
3.27402
3.20905
3.14774
3.08784
3.02872
2.97033
2.90896
2.85852
2.81664
2.77769
2.73901
2.70013
2.66142
2.62001
2.5819
2.54798
2.51463
2.4823
2.4494
2.41587
2.38254
2.34812
2.31255
2.27827
2.24287
2.20402
2.16788
2.13198
2.09352
2.05443
2.0163
1.97854
1.94009
1.90189
1.86259
1.82496
1.7881
1.7536
1.71866
1.6852
1.65226
1.62152
1.59221
1.56332
1.53495
1.5067
1.4792
1.44208
1.42172
1.42503
1.42417
1.47428
1.55818
1.72327
1.94353
2.06707
2.07703
2.08225
2.05659
2.05471
2.06246
2.16637
1.40845
1.40844
1.40831
1.40748
1.39678
1.42478
1.79094
2.7262
7.06962
6.30289
6.21635
6.1089
5.9858
5.80624
5.65023
5.53318
5.43649
5.34351
5.25223
5.1552
5.0442
4.93187
4.82069
4.70838
4.59834
4.48667
4.37403
4.26016
4.1502
4.04422
3.94263
3.84593
3.75475
3.66892
3.58758
3.5092
3.4325
3.35614
3.28311
3.21521
3.15112
3.08908
3.02865
2.97056
2.91192
2.86172
2.8184
2.77782
2.73863
2.70005
2.65955
2.61949
2.5849
2.55395
2.52388
2.49435
2.46416
2.43391
2.40331
2.37032
2.33717
2.30364
2.26726
2.23022
2.19376
2.15593
2.11794
2.07955
2.04103
2.00191
1.96363
1.92496
1.88653
1.84767
1.8107
1.77504
1.74083
1.70718
1.67531
1.64481
1.61638
1.58774
1.5595
1.5309
1.50225
1.47113
1.43009
1.40573
1.40602
1.41021
1.46063
1.54014
1.68272
1.88914
2.04388
2.0367
2.05949
2.05997
2.10114
2.36795
1.40845
1.40845
1.40826
1.40765
1.3968
1.42818
1.80001
2.77428
7.14946
6.21166
6.11197
6.06242
5.99833
5.91945
5.836
5.74162
5.63619
5.52405
5.40945
5.29031
5.16788
5.04328
4.92059
4.80188
4.68674
4.57229
4.45705
4.34274
4.23002
4.12163
4.01812
3.92013
3.82755
3.73994
3.65539
3.57373
3.49449
3.41773
3.34512
3.27734
3.21332
3.15158
3.09187
3.03308
2.97311
2.92034
2.8737
2.83041
2.78877
2.74867
2.70794
2.66965
2.63664
2.60652
2.57731
2.54799
2.51799
2.48774
2.45647
2.42367
2.39043
2.35628
2.32067
2.28399
2.24631
2.20796
2.16869
2.12829
2.08747
2.04718
2.0064
1.96558
1.92462
1.88445
1.84581
1.80806
1.77165
1.73592
1.70222
1.67038
1.64016
1.61102
1.58146
1.55246
1.52303
1.49489
1.45672
1.411
1.38913
1.39358
1.40261
1.43888
1.518
1.65487
1.87246
1.98381
2.06316
2.16157
2.27917
2.69068
1.40845
1.40845
1.40826
1.40769
1.39696
1.42647
1.79364
2.75298
7.22503
6.1188
6.10549
6.10699
6.05712
5.97831
5.87505
5.77802
5.67948
5.57955
5.47646
5.36655
5.25186
5.13774
5.02488
4.90681
4.78651
4.6671
4.54849
4.43127
4.31752
4.20878
4.10524
4.00554
3.90922
3.81586
3.72582
3.63873
3.55568
3.47705
3.40316
3.33377
3.26762
3.20366
3.14129
3.07876
3.01691
2.96168
2.9125
2.86692
2.82332
2.78231
2.74135
2.70323
2.67028
2.64005
2.61106
2.58194
2.55232
2.52233
2.49126
2.45887
2.42574
2.39152
2.35558
2.31819
2.27982
2.24053
2.2
2.15838
2.11619
2.07421
2.03208
1.99036
1.94851
1.90772
1.86791
1.82912
1.79164
1.7547
1.72002
1.688
1.65769
1.62819
1.59851
1.56917
1.53946
1.51003
1.47391
1.43552
1.39632
1.37926
1.38215
1.38253
1.41648
1.50054
1.65627
1.86342
2.07989
2.29335
2.67555
2.95789
1.40845
1.40845
1.40826
1.40768
1.3969
1.42705
1.79622
2.76564
7.25221
6.10709
6.0834
6.07747
6.03218
5.96506
5.88276
5.79789
5.70605
5.60821
5.50482
5.39586
5.28401
5.17164
5.05805
4.93848
4.81853
4.69992
4.58247
4.46711
4.35489
4.2471
4.14192
4.03983
3.94138
3.84645
3.7553
3.66851
3.58592
3.50765
3.43354
3.36329
3.29584
3.2305
3.16669
3.10358
3.04192
2.98624
2.93647
2.89042
2.84613
2.80465
2.763
2.72498
2.69195
2.66175
2.63289
2.60394
2.57468
2.54497
2.51409
2.48188
2.44872
2.41433
2.37833
2.34078
2.30193
2.26198
2.22079
2.17835
2.13538
2.09254
2.04981
2.00699
1.96462
1.92263
1.88231
1.84254
1.80431
1.7665
1.73127
1.69815
1.66732
1.63731
1.60724
1.57729
1.54787
1.51552
1.48341
1.44553
1.40897
1.36891
1.36393
1.37075
1.37607
1.44535
1.59086
1.83257
2.08026
2.59882
2.97471
2.95841
)
;

boundaryField
{
    inlet
    {
        type            calculated;
        value           uniform 1.40845;
    }
    outlet
    {
        type            calculated;
        value           nonuniform List<scalar> 
40
(
1.85883
2.00012
2.203
2.34848
2.45022
2.5241
2.57008
2.5959
2.60698
2.60828
2.60909
2.61475
2.62541
2.64008
2.64555
2.64366
2.63983
2.63543
2.62896
2.62005
2.60986
2.5987
2.58765
2.57627
2.56536
2.55421
2.54607
2.53467
2.50573
2.46497
2.40617
2.3243
2.22678
2.14719
2.11528
2.16637
2.36795
2.69068
2.95789
2.95841
)
;
    }
    bottom
    {
        type            symmetryPlane;
    }
    top
    {
        type            symmetryPlane;
    }
    obstacle
    {
        type            calculated;
        value           nonuniform List<scalar> 
110
(
6.66544
6.66792
6.65104
6.62606
6.5899
6.53574
6.47021
6.36094
6.21266
5.97675
1.7534
1.76717
1.96776
1.698
1.84191
1.81037
1.68503
1.4572
1.39267
1.37379
1.38113
1.38822
1.38785
1.36817
1.30056
1.2445
1.21642
1.21154
1.21769
1.2237
1.22621
1.22676
1.22351
1.22055
1.21327
1.20948
1.20586
1.20474
1.204
1.20775
1.21539
1.23765
1.2612
1.30555
1.37261
1.42635
1.48326
1.54565
1.63649
1.70208
1.769
1.8553
1.932
2.0113
2.0905
2.1506
2.20033
2.25774
2.30014
2.33232
2.35549
2.39488
2.41578
2.43484
2.45001
2.46051
2.46659
2.46809
2.46726
2.46438
2.45821
2.44935
2.43859
2.42621
2.41262
2.39816
2.38281
2.36661
2.35036
2.3338
2.31686
2.29962
2.28202
2.264
2.24565
2.22725
2.20901
2.19043
2.17234
2.15411
2.13638
2.11876
2.10172
2.08485
2.06861
2.05246
2.03687
2.0214
2.00661
1.99199
1.97804
1.96421
1.95117
1.93816
1.92608
1.91377
1.90163
1.89078
1.87373
1.85883
)
;
    }
    defaultFaces
    {
        type            empty;
    }
}


// ************************************************************************* //
