/*--------------------------------*- C++ -*----------------------------------*\
| =========                 |                                                 |
| \\      /  F ield         | OpenFOAM: The Open Source CFD Toolbox           |
|  \\    /   O peration     | Version:  v2106                                 |
|   \\  /    A nd           | Website:  www.openfoam.com                      |
|    \\/     M anipulation  |                                                 |
\*---------------------------------------------------------------------------*/
FoamFile
{
    version     2.0;
    format      ascii;
    arch        "LSB;label=32;scalar=64";
    class       volScalarField;
    location    "3";
    object      Mo;
}
// * * * * * * * * * * * * * * * * * * * * * * * * * * * * * * * * * * * * * //

dimensions      [0 0 0 0 0 0 0];

internalField   nonuniform List<scalar> 
5250
(
3.01265
3.01265
3.01265
3.01265
3.01265
3.01265
3.01265
3.01264
3.01264
3.01231
3.01075
2.98809
2.87792
2.43644
1.44268
0.378142
0.363098
0.344138
0.30596
0.261682
0.22463
0.177927
0.131559
0.0818532
0.0373705
3.01265
3.01265
3.01265
3.01265
3.01265
3.01265
3.01265
3.01264
3.01264
3.01231
3.0108
2.98869
2.88047
2.44503
1.45289
0.38825
0.360421
0.347793
0.309972
0.264067
0.226761
0.182008
0.141261
0.0990281
0.0709403
3.01265
3.01265
3.01265
3.01265
3.01265
3.01265
3.01265
3.01264
3.01264
3.01233
3.0109
2.99
2.88585
2.46326
1.4737
0.418872
0.351231
0.349129
0.315304
0.271341
0.238656
0.199466
0.163656
0.131049
0.113443
3.01265
3.01265
3.01265
3.01265
3.01265
3.01265
3.01265
3.01264
3.01264
3.01233
3.01116
2.99072
2.89625
2.49345
1.50967
0.472521
0.342041
0.355525
0.324125
0.286173
0.257383
0.223123
0.193498
0.169287
0.157413
3.01265
3.01265
3.01265
3.01265
3.01265
3.01265
3.01265
3.01265
3.01263
3.01242
3.01075
2.995
2.89681
2.53191
1.55533
0.538984
0.32825
0.368716
0.337046
0.301403
0.277961
0.250802
0.228643
0.211455
0.20521
3.01265
3.01265
3.01265
3.01265
3.01265
3.01265
3.01265
3.01265
3.01263
3.01248
3.01108
2.99934
2.911
2.58779
1.65121
0.625359
0.312704
0.379229
0.34796
0.317438
0.301467
0.284577
0.2686
0.260253
0.25752
3.01265
3.01265
3.01265
3.01265
3.01265
3.01265
3.01265
3.01265
3.01263
3.01251
3.01135
3.00194
2.92855
2.65535
1.82782
0.752079
0.295765
0.390709
0.356777
0.334371
0.326214
0.31943
0.312294
0.31047
0.318291
3.01265
3.01265
3.01265
3.01265
3.01265
3.01265
3.01265
3.01265
3.01264
3.01256
3.0116
3.00508
2.94625
2.72172
2.01405
0.94734
0.313849
0.413623
0.376983
0.353038
0.353796
0.354982
0.362605
0.371104
0.392147
3.01265
3.01265
3.01265
3.01265
3.01265
3.01265
3.01265
3.01265
3.01264
3.01258
3.01204
3.00743
2.9616
2.77945
2.13438
1.19982
0.38477
0.456266
0.414915
0.380693
0.388841
0.394971
0.418024
0.433976
0.48915
3.01265
3.01265
3.01265
3.01265
3.01265
3.01265
3.01265
3.01265
3.01264
3.0126
3.01224
3.00886
2.9722
2.81999
2.24145
1.31929
0.501114
0.516018
0.474518
0.426969
0.432941
0.441907
0.478604
0.523409
0.657163
3.01265
3.01265
3.01265
3.01265
3.01265
3.01265
3.01265
3.01265
3.01264
3.01263
3.01222
3.01028
2.98221
2.86027
2.35695
1.42509
0.607821
0.580999
0.541113
0.496212
0.48833
0.502177
0.548088
0.64505
0.875853
3.01265
3.01265
3.01265
3.01265
3.01265
3.01265
3.01265
3.01265
3.01265
3.01263
3.01235
3.01103
2.99093
2.89504
2.48095
1.55141
0.718996
0.582257
0.597968
0.581476
0.556428
0.574563
0.618936
0.747632
0.921173
3.01265
3.01265
3.01265
3.01265
3.01265
3.01265
3.01265
3.01265
3.01265
3.01263
3.01248
3.0109
2.99945
2.91788
2.60995
1.70797
0.881631
0.567032
0.614813
0.639374
0.629028
0.644474
0.679919
0.793298
0.924392
3.01265
3.01265
3.01265
3.01265
3.01265
3.01265
3.01265
3.01265
3.01265
3.01264
3.01256
3.01181
3.00622
2.95167
2.74627
2.07187
1.14523
0.5803
0.629207
0.660649
0.676154
0.703453
0.737508
0.821253
0.937206
3.01265
3.01265
3.01265
3.01265
3.01265
3.01265
3.01265
3.01265
3.01265
3.01265
3.01257
3.01247
3.0083
2.97171
2.81645
2.26413
1.4072
0.671188
0.669603
0.682995
0.705677
0.739981
0.782582
0.851773
0.949407
3.01265
3.01265
3.01265
3.01265
3.01265
3.01265
3.01265
3.01265
3.01265
3.01264
3.01263
3.01225
3.01069
2.98524
2.87759
2.42228
1.57279
0.829262
0.717813
0.72387
0.742579
0.775553
0.818947
0.879197
0.960326
3.01265
3.01265
3.01265
3.01265
3.01265
3.01265
3.01265
3.01265
3.01265
3.01265
3.01263
3.01246
3.01105
2.99797
2.91278
2.58577
1.73805
1.04142
0.738418
0.762355
0.785551
0.815429
0.854371
0.906185
0.972333
3.01265
3.01265
3.01265
3.01265
3.01265
3.01265
3.01265
3.01265
3.01265
3.01265
3.01264
3.01261
3.01177
3.00777
2.95516
2.76553
2.12625
1.3496
0.759383
0.788634
0.81107
0.839848
0.876451
0.925417
0.985725
3.01265
3.01265
3.01265
3.01265
3.01265
3.01265
3.01265
3.01265
3.01265
3.01265
3.01264
3.01262
3.01212
3.00969
2.97736
2.84272
2.36989
1.60711
0.915975
0.824587
0.839302
0.861971
0.897046
0.943475
0.999828
3.01265
3.01265
3.01265
3.01265
3.01265
3.01265
3.01265
3.01265
3.01265
3.01265
3.01265
3.01262
3.01242
3.01075
2.9958
2.89919
2.57007
1.78247
1.15042
0.871099
0.882017
0.898244
0.925851
0.964516
1.01332
3.01265
3.01265
3.01265
3.01265
3.01265
3.01265
3.01265
3.01265
3.01265
3.01265
3.01265
3.01263
3.0126
3.01162
3.00713
2.94755
2.75661
2.06758
1.46941
0.913598
0.916683
0.929252
0.951058
0.984136
1.02667
3.01265
3.01265
3.01265
3.01265
3.01265
3.01265
3.01265
3.01265
3.01265
3.01265
3.01265
3.01264
3.0126
3.0122
3.00907
2.98228
2.83805
2.43811
1.73549
1.10141
0.958334
0.961509
0.97802
1.00547
1.04205
3.01265
3.01265
3.01265
3.01265
3.01265
3.01265
3.01265
3.01265
3.01265
3.01265
3.01265
3.01265
3.01262
3.01259
3.01074
3.00424
2.90596
2.67683
1.92736
1.39262
1.00993
0.99879
1.01114
1.03164
1.06145
3.01265
3.01265
3.01265
3.01265
3.01265
3.01265
3.01265
3.01265
3.01265
3.01265
3.01265
3.01265
3.01264
3.01257
3.01198
3.00755
2.97023
2.79971
2.32291
1.68513
1.13014
1.04438
1.04139
1.05799
1.08295
3.01265
3.01265
3.01265
3.01265
3.01265
3.01265
3.01265
3.01265
3.01265
3.01265
3.01265
3.01265
3.01265
3.0126
3.01261
3.00977
3.00241
2.86814
2.63743
1.92648
1.37804
1.1101
1.0823
1.09209
1.10907
3.01265
3.01265
3.01265
3.01265
3.01265
3.01265
3.01265
3.01265
3.01265
3.01265
3.01265
3.01265
3.01265
3.01264
3.01255
3.01177
3.00624
2.95871
2.7701
2.23257
1.68968
1.18746
1.12656
1.11786
1.13341
3.01265
3.01265
3.01265
3.01265
3.01265
3.01265
3.01265
3.01265
3.01265
3.01265
3.01265
3.01265
3.01265
3.01265
3.01259
3.01267
3.00917
3.00253
2.85372
2.62732
1.97335
1.4366
1.18934
1.15733
1.16658
3.01265
3.01265
3.01265
3.01265
3.01265
3.01265
3.01265
3.01265
3.01265
3.01265
3.01265
3.01265
3.01265
3.01265
3.01263
3.01254
3.01167
3.00593
2.9544
2.77034
2.24675
1.75631
1.26532
1.20149
1.19218
3.01265
3.01265
3.01265
3.01265
3.01265
3.01265
3.01265
3.01265
3.01265
3.01265
3.01265
3.01265
3.01265
3.01265
3.01264
3.01256
3.0125
3.00889
3.00298
2.85926
2.64091
2.02601
1.52208
1.26787
1.23105
3.01265
3.01265
3.01265
3.01265
3.01265
3.01265
3.01265
3.01265
3.01265
3.01265
3.01265
3.01265
3.01265
3.01265
3.01265
3.01263
3.01255
3.0117
3.00655
2.95622
2.78954
2.32004
1.83471
1.36517
1.27445
3.01265
3.01265
3.01265
3.01265
3.01265
3.01265
3.01265
3.01265
3.01265
3.01265
3.01265
3.01265
3.01265
3.01265
3.01265
3.01265
3.01266
3.01311
3.01056
3.00569
2.87583
2.70566
2.08476
1.64387
1.33071
3.01265
3.01265
3.01265
3.01265
3.01265
3.01265
3.01265
3.01265
3.01265
3.01265
3.01265
3.01265
3.01265
3.01265
3.01265
3.01265
3.01264
3.01256
3.01182
3.00703
2.96436
2.78947
2.45092
1.97829
1.49165
3.01265
3.01265
3.01265
3.01265
3.01265
3.01265
3.01265
3.01265
3.01265
3.01265
3.01265
3.01265
3.01265
3.01265
3.01265
3.01265
3.01264
3.01264
3.01255
3.01105
3.00087
2.92649
2.74469
2.2
1.83228
3.01265
3.01265
3.01265
3.01265
3.01265
3.01265
3.01265
3.01265
3.01265
3.01265
3.01265
3.01265
3.01265
3.01265
3.01265
3.01265
3.01265
3.01263
3.01261
3.01167
3.00586
3.00415
2.81951
2.66428
2.11141
3.01265
3.01265
3.01265
3.01265
3.01265
3.01265
3.01265
3.01265
3.01265
3.01265
3.01265
3.01265
3.01265
3.01265
3.01265
3.01265
3.01265
3.01265
3.01263
3.01257
3.01131
3.00749
2.94717
2.792
2.33531
3.01265
3.01265
3.01265
3.01265
3.01265
3.01265
3.01265
3.01265
3.01265
3.01265
3.01265
3.01265
3.01265
3.01265
3.01265
3.01265
3.01265
3.01265
3.01265
3.01259
3.01246
3.01046
3.00611
2.87774
2.74578
3.01265
3.01265
3.01265
3.01265
3.01265
3.01265
3.01265
3.01265
3.01265
3.01265
3.01265
3.01265
3.01265
3.01265
3.01265
3.01265
3.01265
3.01265
3.01265
3.01264
3.01255
3.01186
3.00891
2.96977
2.84661
3.01265
3.01265
3.01265
3.01265
3.01265
3.01265
3.01265
3.01265
3.01265
3.01265
3.01265
3.01265
3.01265
3.01265
3.01265
3.01265
3.01265
3.01265
3.01265
3.01265
3.01263
3.01252
3.01139
3.0065
2.94023
3.01265
3.01265
3.01265
3.01265
3.01265
3.01265
3.01265
3.01265
3.01265
3.01265
3.01265
3.01265
3.01265
3.01265
3.01265
3.01265
3.01265
3.01265
3.01265
3.01265
3.01268
3.01264
3.01264
3.00943
3.00712
3.01265
3.01265
3.01265
3.01265
3.01265
3.01265
3.01265
3.01265
3.01265
3.01265
3.01265
3.01265
3.01265
3.01265
3.01265
3.01265
3.01265
3.01265
3.01265
3.01265
3.01265
3.01264
3.01256
3.01206
3.00834
3.01265
3.01265
3.01265
3.01265
3.01265
3.01265
3.01265
3.01265
3.01265
3.01265
3.01265
3.01265
3.01265
3.01265
3.01265
3.01265
3.01265
3.01265
3.01265
3.01265
3.01265
3.01265
3.01264
3.01249
3.01212
3.01265
3.01265
3.01265
3.01265
3.01265
3.01265
3.01265
3.01265
3.01265
3.01265
3.01265
3.01265
3.01265
3.01265
3.01265
3.01265
3.01265
3.01265
3.01265
3.01265
3.01265
3.01265
3.01264
3.01262
3.01239
3.01265
3.01265
3.01265
3.01265
3.01265
3.01265
3.01265
3.01265
3.01265
3.01265
3.01265
3.01265
3.01265
3.01265
3.01265
3.01265
3.01265
3.01265
3.01265
3.01265
3.01265
3.01265
3.01265
3.01264
3.01252
3.01265
3.01265
3.01265
3.01265
3.01265
3.01265
3.01265
3.01265
3.01265
3.01265
3.01265
3.01265
3.01265
3.01265
3.01265
3.01265
3.01265
3.01265
3.01265
3.01265
3.01265
3.01265
3.01265
3.01265
3.01261
3.01265
3.01265
3.01265
3.01265
3.01265
3.01265
3.01265
3.01265
3.01265
3.01265
3.01265
3.01265
3.01265
3.01265
3.01265
3.01265
3.01265
3.01265
3.01265
3.01265
3.01265
3.01265
3.01265
3.01265
3.01263
3.01265
3.01265
3.01265
3.01265
3.01265
3.01265
3.01265
3.01265
3.01265
3.01265
3.01265
3.01265
3.01265
3.01265
3.01265
3.01265
3.01265
3.01265
3.01265
3.01265
3.01265
3.01265
3.01265
3.01265
3.01264
3.01265
3.01265
3.01265
3.01265
3.01265
3.01265
3.01265
3.01265
3.01265
3.01265
3.01265
3.01265
3.01265
3.01265
3.01265
3.01265
3.01265
3.01265
3.01265
3.01265
3.01265
3.01265
3.01265
3.01265
3.01264
3.01265
3.01265
3.01265
3.01265
3.01265
3.01265
3.01265
3.01265
3.01265
3.01265
3.01265
3.01265
3.01265
3.01265
3.01265
3.01265
3.01265
3.01265
3.01265
3.01265
3.01265
3.01265
3.01265
3.01265
3.01264
3.01265
3.01265
3.01265
3.01265
3.01265
3.01265
3.01265
3.01265
3.01265
3.01265
3.01265
3.01265
3.01265
3.01265
3.01265
3.01265
3.01265
3.01265
3.01265
3.01265
3.01265
3.01265
3.01265
3.01265
3.01264
3.01265
3.01265
3.01265
3.01265
3.01265
3.01265
3.01265
3.01265
3.01265
3.01265
3.01265
3.01265
3.01265
3.01265
3.01265
3.01265
3.01265
3.01265
3.01265
3.01265
3.01265
3.01265
3.01265
3.01265
3.01264
1.09641
0.434307
0.416747
0.300337
0.352473
0.293135
0.328372
0.32803
0.34931
0.382752
0.484147
0.65815
0.804267
0.898704
0.94708
0.967535
0.975767
0.978823
1.00806
1.0374
1.06653
1.08319
1.09147
1.09524
1.09881
1.10344
1.10803
1.11085
1.11238
1.09276
1.06946
1.03467
0.996485
0.948567
0.895926
0.841824
0.788983
0.736257
0.678458
0.619126
0.558624
0.501091
0.446517
0.389244
0.328989
0.272113
0.220205
0.170105
0.119272
0.0588899
0.0219804
0.0694959
0.123869
0.172949
0.217878
0.259476
0.297024
0.331114
0.363142
0.392458
0.418886
0.442882
0.464807
0.484906
0.503042
0.519546
0.534315
0.547483
0.559094
0.569616
0.578906
0.587765
0.595698
0.603198
0.610106
0.615655
0.620878
0.624361
0.627065
0.627457
0.626427
0.623804
0.620253
0.616202
0.613615
0.612391
0.613186
0.614322
0.615582
0.616869
0.618262
0.619759
0.62147
0.623369
0.625126
0.627158
0.628156
0.629324
0.630593
0.633036
1.07016
0.877452
0.570399
0.364538
0.0671829
0.107681
0.225638
0.206158
0.216969
0.249754
0.379903
0.542668
0.658244
0.734266
0.771193
0.784649
0.786597
0.783412
0.787715
0.822296
0.858071
0.881524
0.8914
0.893656
0.894646
0.895897
0.896902
0.895314
0.893783
0.865533
0.835233
0.792912
0.75022
0.697454
0.641834
0.585294
0.534975
0.486267
0.432054
0.376634
0.31913
0.266792
0.22416
0.162009
0.109267
0.0670975
0.0655426
0.10563
0.172252
0.230071
0.278657
0.32352
0.367109
0.407041
0.443379
0.477843
0.507167
0.53333
0.557164
0.578837
0.597981
0.614699
0.629273
0.642255
0.65379
0.663686
0.67253
0.680523
0.687999
0.695046
0.700548
0.705152
0.709242
0.712983
0.716049
0.71787
0.718868
0.718773
0.717435
0.714535
0.710281
0.704764
0.698476
0.691821
0.68732
0.684304
0.684915
0.68613
0.688545
0.691578
0.695537
0.70011
0.705283
0.710365
0.715687
0.720115
0.723915
0.727038
0.729496
0.73268
1.05079
0.999358
0.896352
0.741464
0.506344
0.341384
0.201566
0.0738102
0.0886204
0.18203
0.339066
0.434349
0.501177
0.539278
0.539131
0.526449
0.513263
0.504774
0.504015
0.531888
0.559601
0.578045
0.583478
0.582907
0.584619
0.584657
0.58584
0.582699
0.579072
0.556156
0.530815
0.493068
0.454866
0.40058
0.344872
0.285685
0.245203
0.181082
0.11482
0.0799143
0.118983
0.183836
0.283133
0.359016
0.405677
0.446843
0.478086
0.509524
0.534602
0.551745
0.566781
0.584155
0.605722
0.628063
0.649849
0.670226
0.689034
0.705934
0.720932
0.734715
0.746976
0.75734
0.76576
0.773058
0.77943
0.783893
0.787904
0.791201
0.794013
0.796696
0.799153
0.801613
0.803965
0.805611
0.806529
0.806376
0.805212
0.803049
0.799289
0.793956
0.78733
0.779433
0.770692
0.761958
0.75365
0.749364
0.746987
0.745922
0.745927
0.746635
0.748428
0.750936
0.754112
0.757953
0.762168
0.766586
0.770464
0.774271
0.777874
0.782757
1.04033
1.12324
1.09007
1.02041
0.878269
0.693167
0.49729
0.371017
0.2354
0.250676
0.310831
0.34167
0.295276
0.237655
0.19998
0.135146
0.0948116
0.0588179
0.034728
0.0565752
0.156459
0.241882
0.269651
0.275607
0.281619
0.282792
0.291497
0.291638
0.289733
0.272523
0.243318
0.208581
0.17701
0.115578
0.0895916
0.146807
0.254011
0.378287
0.49238
0.587438
0.653522
0.685894
0.722228
0.742445
0.746441
0.749514
0.751336
0.75362
0.756041
0.758485
0.761652
0.769969
0.781179
0.79223
0.802908
0.813939
0.824494
0.832792
0.841529
0.850026
0.858299
0.865575
0.871086
0.875335
0.879387
0.882282
0.883305
0.884297
0.885297
0.885839
0.886118
0.886158
0.885895
0.885137
0.883831
0.881842
0.879006
0.875236
0.870015
0.863367
0.854903
0.84497
0.834063
0.823041
0.812203
0.8049
0.801045
0.797146
0.79577
0.794995
0.795396
0.795672
0.797101
0.799142
0.801823
0.804703
0.807849
0.810332
0.812554
0.815974
1.04819
1.13991
1.19918
1.1809
1.10836
1.00877
0.865484
0.709102
0.55002
0.454698
0.463449
0.49792
0.513376
0.500319
0.46859
0.41872
0.357006
0.312758
0.289877
0.2723
0.245984
0.223226
0.163374
0.108421
0.052612
0.0175719
0.0178094
0.0447017
0.040413
0.0548371
0.0770728
0.13304
0.256133
0.379348
0.514024
0.637195
0.748218
0.822726
0.891478
0.933778
0.956029
0.960254
0.965942
0.969004
0.967968
0.961246
0.951694
0.940992
0.933295
0.926195
0.918245
0.915748
0.914388
0.912603
0.913628
0.915042
0.917492
0.920848
0.924513
0.928759
0.932837
0.936442
0.939082
0.94132
0.943195
0.944745
0.945534
0.945859
0.94571
0.945424
0.945327
0.945089
0.944264
0.942718
0.940314
0.937295
0.933439
0.928586
0.922695
0.915435
0.906195
0.895437
0.883417
0.87083
0.858665
0.84924
0.843493
0.838726
0.835279
0.833095
0.83187
0.83125
0.831131
0.832218
0.833801
0.83604
0.838326
0.840738
0.842752
0.844679
1.05351
1.13368
1.20566
1.25346
1.21991
1.1724
1.11119
1.02025
0.905482
0.776678
0.716743
0.731971
0.757654
0.748745
0.718785
0.673245
0.617432
0.566341
0.516185
0.496782
0.49476
0.489588
0.461895
0.421083
0.355618
0.314371
0.261912
0.231188
0.24349
0.290531
0.371796
0.489274
0.632719
0.77442
0.896923
0.993949
1.06703
1.1127
1.15533
1.17751
1.17953
1.17363
1.16549
1.1576
1.14699
1.13005
1.10984
1.08753
1.06456
1.04346
1.02494
1.01004
0.999501
0.98895
0.983808
0.979923
0.975526
0.976758
0.977052
0.977402
0.978883
0.980331
0.981371
0.982683
0.983495
0.984192
0.984969
0.98573
0.985703
0.985122
0.984036
0.983327
0.983115
0.982257
0.980121
0.976802
0.972775
0.967879
0.961822
0.954243
0.944916
0.933823
0.921232
0.907679
0.894404
0.884529
0.875967
0.87004
0.864947
0.861774
0.858931
0.858339
0.857476
0.857542
0.858554
0.860176
0.862358
0.864588
0.866645
0.868444
1.05662
1.1332
1.19459
1.25664
1.27732
1.26326
1.23245
1.18757
1.13577
1.08202
1.012
0.994305
0.998658
0.985551
0.961957
0.926205
0.88224
0.835116
0.788845
0.753271
0.750595
0.742933
0.719016
0.682052
0.631073
0.586321
0.530976
0.493914
0.501288
0.554209
0.657122
0.793791
0.938973
1.068
1.17082
1.25515
1.30853
1.35144
1.37773
1.38968
1.38545
1.37194
1.35
1.31993
1.28423
1.24609
1.21268
1.17782
1.14425
1.11158
1.08529
1.06447
1.05068
1.03739
1.02666
1.02145
1.01548
1.01178
1.0092
1.00759
1.00643
1.00792
1.00869
1.00919
1.00974
1.01003
1.00985
1.01012
1.01064
1.01089
1.01053
1.00992
1.00928
1.00871
1.00736
1.00465
1.00101
0.996513
0.990829
0.983508
0.974304
0.963159
0.950349
0.936278
0.922731
0.91193
0.902863
0.894614
0.888896
0.883521
0.880561
0.878414
0.877352
0.876695
0.877424
0.878693
0.880771
0.883156
0.884905
0.886833
1.05972
1.13245
1.19558
1.24493
1.28561
1.29492
1.29736
1.2855
1.25908
1.23628
1.21912
1.22883
1.2352
1.23364
1.21362
1.18269
1.14281
1.09763
1.0533
1.00966
0.991178
0.983835
0.968354
0.94227
0.903034
0.857442
0.799891
0.742995
0.741903
0.797458
0.904876
1.03686
1.16506
1.2753
1.36216
1.42972
1.47557
1.51542
1.53927
1.55228
1.55021
1.53715
1.51166
1.47253
1.41467
1.34525
1.27004
1.22151
1.18523
1.15172
1.12248
1.0973
1.08198
1.06758
1.05687
1.04754
1.04206
1.03588
1.03308
1.03037
1.02813
1.02664
1.02812
1.02841
1.02811
1.02816
1.02863
1.02918
1.02978
1.02999
1.03017
1.03025
1.02978
1.02932
1.02895
1.02718
1.02394
1.0195
1.0138
1.00657
0.997558
0.986553
0.97369
0.95941
0.945888
0.935181
0.925892
0.917109
0.909266
0.903123
0.897944
0.895675
0.89412
0.892747
0.893188
0.893993
0.895417
0.897645
0.899486
0.901206
1.06383
1.13205
1.19606
1.24557
1.27576
1.30182
1.31523
1.32303
1.32488
1.32581
1.32429
1.33688
1.35827
1.39126
1.4092
1.39823
1.37762
1.34916
1.31332
1.28242
1.24678
1.23921
1.22442
1.196
1.15607
1.10521
1.04736
0.964816
0.955332
1.00377
1.09447
1.20193
1.2977
1.39223
1.47357
1.53412
1.5793
1.62104
1.64503
1.65755
1.66027
1.64978
1.63065
1.59937
1.55208
1.48438
1.38493
1.2917
1.19555
1.17291
1.14899
1.12629
1.10547
1.09298
1.08031
1.07024
1.06205
1.05736
1.052
1.04875
1.04607
1.04433
1.04343
1.04449
1.04442
1.04411
1.04456
1.04502
1.04561
1.04637
1.04724
1.04796
1.04794
1.04808
1.04818
1.04674
1.04376
1.03958
1.0341
1.02699
1.01797
1.0068
0.993492
0.979288
0.965685
0.95576
0.946537
0.937598
0.929133
0.922174
0.915847
0.911988
0.909338
0.907848
0.90706
0.907426
0.908305
0.909751
0.911512
0.913111
1.07059
1.13124
1.19439
1.24519
1.27581
1.29993
1.31789
1.33428
1.34858
1.36204
1.37774
1.39499
1.41736
1.44677
1.48091
1.49754
1.51129
1.50117
1.48479
1.47042
1.45554
1.45514
1.45595
1.43663
1.40395
1.35254
1.28089
1.18829
1.12078
1.15346
1.21439
1.2869
1.36947
1.44971
1.52012
1.58336
1.64098
1.68823
1.70549
1.71333
1.71529
1.70984
1.69986
1.68249
1.65482
1.61032
1.54002
1.42058
1.31583
1.18891
1.16634
1.14834
1.13063
1.11494
1.1001
1.09054
1.08064
1.07427
1.07065
1.06662
1.06354
1.06145
1.06038
1.06026
1.0614
1.06142
1.06149
1.06208
1.0626
1.06363
1.06466
1.06565
1.06666
1.06693
1.06689
1.06634
1.06378
1.05968
1.05401
1.04666
1.03746
1.02613
1.01249
0.998474
0.98487
0.975629
0.966602
0.958029
0.949799
0.94208
0.93536
0.929869
0.925706
0.923156
0.921987
0.920838
0.920896
0.921578
0.922956
0.924117
1.07753
1.13228
1.1874
1.2397
1.27547
1.2984
1.31891
1.3369
1.35657
1.37417
1.39816
1.41862
1.44695
1.47989
1.51737
1.54692
1.57098
1.59024
1.58232
1.57399
1.57247
1.57457
1.58172
1.58038
1.55399
1.49928
1.41243
1.29926
1.20134
1.22856
1.2737
1.33715
1.40855
1.48118
1.54731
1.60554
1.63677
1.66418
1.68706
1.70738
1.72569
1.7281
1.72876
1.72722
1.7214
1.70294
1.66277
1.59195
1.46045
1.33182
1.18668
1.16017
1.14654
1.13509
1.12245
1.10978
1.10065
1.09105
1.08779
1.08489
1.08172
1.07916
1.07749
1.07747
1.07798
1.07922
1.07935
1.08008
1.08164
1.0831
1.08437
1.08491
1.086
1.08738
1.08731
1.0868
1.085
1.08151
1.0761
1.06856
1.05886
1.04684
1.03234
1.01812
1.00465
0.99625
0.988097
0.980217
0.972548
0.964994
0.957524
0.95092
0.944936
0.941087
0.937746
0.936009
0.934778
0.934544
0.935201
0.935941
1.08638
1.13639
1.18646
1.23234
1.27481
1.2969
1.31872
1.33754
1.35714
1.37621
1.40198
1.42461
1.45397
1.48767
1.52958
1.56731
1.6019
1.6345
1.63889
1.64023
1.64181
1.64857
1.66248
1.64836
1.61569
1.54486
1.40786
1.30998
1.23293
1.2651
1.30827
1.36274
1.41529
1.46606
1.51253
1.5559
1.59185
1.627
1.65726
1.68484
1.70718
1.73019
1.74616
1.75365
1.75748
1.75243
1.73765
1.70158
1.6316
1.50363
1.34954
1.19269
1.16336
1.15479
1.14724
1.1362
1.12652
1.1165
1.10964
1.10778
1.10574
1.10353
1.10161
1.10017
1.10067
1.10113
1.10272
1.10373
1.10464
1.10544
1.10618
1.1074
1.10851
1.10998
1.11017
1.10884
1.10663
1.10317
1.09796
1.09051
1.08054
1.06785
1.05229
1.03728
1.02423
1.01658
1.00913
1.00223
0.995326
0.988352
0.981287
0.974324
0.967766
0.962089
0.957417
0.953472
0.95183
0.95046
0.950135
0.950622
1.09893
1.14316
1.18919
1.23134
1.27069
1.29663
1.3193
1.33815
1.35747
1.37604
1.3987
1.42016
1.44786
1.48131
1.51895
1.5625
1.60088
1.63877
1.66042
1.67195
1.68479
1.69846
1.70431
1.68274
1.62911
1.53577
1.39705
1.25366
1.26619
1.28479
1.31409
1.3527
1.39196
1.43378
1.47562
1.51778
1.5549
1.59144
1.6241
1.6521
1.67731
1.7045
1.72819
1.75016
1.77183
1.77356
1.76962
1.75952
1.73089
1.66785
1.54836
1.3798
1.21282
1.17576
1.16973
1.16391
1.15455
1.14637
1.13807
1.13322
1.13203
1.13054
1.12889
1.12705
1.12632
1.12719
1.12874
1.12965
1.12996
1.13021
1.13166
1.13327
1.13446
1.13412
1.13354
1.13321
1.13114
1.12722
1.1214
1.11341
1.10286
1.08941
1.07261
1.05679
1.04394
1.03708
1.03068
1.02474
1.0187
1.0125
1.00619
0.99969
0.993184
0.986727
0.98072
0.976133
0.971424
0.970087
0.968624
0.9682
1.11504
1.15292
1.1945
1.23287
1.2703
1.29579
1.32036
1.33926
1.35735
1.37618
1.3973
1.41774
1.4434
1.47461
1.50904
1.54857
1.58817
1.62426
1.65864
1.6799
1.70142
1.71054
1.69525
1.6543
1.57599
1.44312
1.34755
1.25612
1.26878
1.28592
1.3099
1.33831
1.36957
1.40444
1.4418
1.47828
1.51504
1.55142
1.58445
1.61528
1.64758
1.67424
1.70336
1.71917
1.73888
1.75671
1.78098
1.78484
1.78331
1.75975
1.70024
1.58784
1.41635
1.24137
1.18997
1.18818
1.18347
1.17598
1.16926
1.16235
1.15843
1.15755
1.15689
1.15621
1.15563
1.15486
1.1563
1.15772
1.15853
1.15919
1.16039
1.16197
1.16243
1.16237
1.16158
1.15993
1.15741
1.15331
1.14722
1.13851
1.12664
1.11149
1.09285
1.07563
1.06312
1.05718
1.05152
1.04634
1.04103
1.03577
1.03039
1.02481
1.01907
1.01316
1.00726
1.00137
0.996027
0.993005
0.990273
0.989583
1.13542
1.16672
1.20318
1.23737
1.27084
1.29851
1.31942
1.34108
1.35761
1.37586
1.39621
1.41585
1.43976
1.46807
1.49859
1.53494
1.57188
1.60839
1.64526
1.6738
1.69617
1.68325
1.64798
1.57777
1.45317
1.36021
1.26527
1.27003
1.27616
1.28713
1.30252
1.32261
1.34843
1.37858
1.41123
1.44475
1.47973
1.5136
1.54608
1.58039
1.6114
1.64267
1.66484
1.688
1.71291
1.74215
1.76752
1.7983
1.80815
1.80084
1.77961
1.72583
1.62194
1.45344
1.28076
1.20885
1.21071
1.20857
1.20411
1.19855
1.19249
1.18969
1.18852
1.188
1.18742
1.18746
1.188
1.18886
1.18985
1.19061
1.19131
1.19227
1.19289
1.19327
1.19312
1.19077
1.18673
1.18147
1.17455
1.16511
1.1521
1.13513
1.11467
1.09569
1.0833
1.07754
1.07251
1.06802
1.06352
1.0593
1.05498
1.05048
1.0457
1.04059
1.03515
1.02952
1.02382
1.01867
1.01599
1.01448
1.15617
1.18286
1.21568
1.24597
1.27564
1.30375
1.32186
1.34283
1.35949
1.37641
1.39503
1.41665
1.43803
1.46232
1.49076
1.52321
1.55546
1.59638
1.63081
1.66539
1.65595
1.62451
1.56006
1.43972
1.3479
1.26263
1.26843
1.27517
1.28097
1.28854
1.29758
1.31258
1.33348
1.35795
1.38559
1.41621
1.4479
1.48071
1.51549
1.54859
1.57967
1.60906
1.63765
1.66806
1.6977
1.7243
1.74368
1.76901
1.79005
1.81645
1.81413
1.79854
1.75359
1.66005
1.49559
1.34347
1.23655
1.24139
1.24211
1.23935
1.23475
1.23069
1.22618
1.22466
1.22375
1.22363
1.22369
1.22365
1.22416
1.22468
1.22516
1.22608
1.22662
1.22643
1.22559
1.22368
1.21946
1.21334
1.20499
1.19397
1.17927
1.15971
1.13776
1.11667
1.10407
1.09871
1.09364
1.08973
1.08594
1.08249
1.0789
1.07546
1.07188
1.0679
1.06334
1.0582
1.05289
1.04723
1.04333
1.04102
1.18205
1.2023
1.23043
1.2581
1.28464
1.31049
1.3276
1.3466
1.36343
1.37918
1.39617
1.41578
1.43787
1.46301
1.48719
1.51462
1.54806
1.58637
1.62142
1.62341
1.59636
1.53674
1.41838
1.32737
1.24079
1.25745
1.2682
1.27931
1.28288
1.28832
1.29606
1.30817
1.32437
1.34439
1.36827
1.39539
1.42474
1.45687
1.48996
1.52135
1.55311
1.58558
1.61696
1.65165
1.67222
1.69562
1.71936
1.74262
1.77181
1.79695
1.828
1.83002
1.82288
1.78526
1.70364
1.54412
1.41738
1.26862
1.27183
1.27508
1.27281
1.26852
1.2646
1.26069
1.25865
1.25814
1.25768
1.25776
1.25787
1.25759
1.25791
1.2583
1.25926
1.26004
1.25915
1.25671
1.25209
1.24549
1.23648
1.22433
1.20779
1.18511
1.1616
1.13749
1.12599
1.11999
1.1156
1.11223
1.10873
1.10572
1.1031
1.10075
1.09814
1.09505
1.09136
1.08719
1.08258
1.07734
1.07348
1.0702
1.20648
1.22436
1.24723
1.27359
1.29715
1.32078
1.33653
1.35378
1.37062
1.38536
1.39971
1.41715
1.43771
1.46231
1.4887
1.51325
1.54514
1.57243
1.58277
1.55937
1.50489
1.39256
1.30064
1.21295
1.23314
1.24821
1.26475
1.27276
1.27976
1.28679
1.29535
1.30651
1.32009
1.33713
1.35827
1.38267
1.41006
1.4395
1.47025
1.5011
1.53261
1.56513
1.59766
1.62388
1.65175
1.67852
1.70257
1.7277
1.75445
1.78603
1.81448
1.84573
1.8545
1.84787
1.81987
1.74519
1.5943
1.46746
1.3126
1.30497
1.30685
1.30553
1.30242
1.29916
1.29517
1.29398
1.29256
1.29174
1.29134
1.29146
1.29193
1.29168
1.29262
1.29296
1.29263
1.29048
1.28545
1.27813
1.26822
1.25485
1.23642
1.21027
1.18484
1.15755
1.14687
1.14111
1.13764
1.13429
1.13144
1.12932
1.12733
1.12573
1.12384
1.12162
1.11883
1.11545
1.11163
1.10715
1.10351
1.1002
1.23458
1.24803
1.26573
1.28955
1.31112
1.33462
1.34945
1.36493
1.38168
1.39558
1.40699
1.42156
1.43958
1.46139
1.48616
1.51402
1.53812
1.54247
1.5212
1.46961
1.36287
1.26927
1.18015
1.19988
1.21947
1.2389
1.25392
1.26822
1.27774
1.28758
1.29801
1.30917
1.32241
1.338
1.3569
1.37827
1.40275
1.42935
1.45799
1.48822
1.51867
1.54945
1.57885
1.60973
1.63966
1.66481
1.69092
1.71812
1.74616
1.77505
1.80145
1.83303
1.86427
1.87681
1.8765
1.84626
1.78435
1.65429
1.51407
1.36153
1.33851
1.34177
1.3423
1.33999
1.33641
1.33324
1.33034
1.32805
1.32571
1.32555
1.32584
1.32615
1.32761
1.32805
1.32714
1.3254
1.32069
1.31306
1.30224
1.28705
1.26578
1.23541
1.20712
1.17725
1.16703
1.16303
1.15944
1.15695
1.15518
1.15347
1.15228
1.15149
1.1504
1.14866
1.1462
1.14331
1.14021
1.13701
1.13389
1.13133
1.25906
1.27072
1.28608
1.3067
1.3277
1.35054
1.36572
1.38023
1.39569
1.41026
1.41868
1.43011
1.44482
1.46305
1.48552
1.50789
1.51145
1.48951
1.43766
1.33447
1.23713
1.14644
1.16651
1.18849
1.21105
1.22878
1.24632
1.2626
1.27656
1.29005
1.3016
1.31367
1.32679
1.34138
1.35797
1.37726
1.39913
1.42366
1.45151
1.48086
1.50956
1.53937
1.57103
1.60262
1.63006
1.65819
1.68632
1.71441
1.7421
1.76965
1.79677
1.82212
1.85353
1.88037
1.90761
1.89949
1.88086
1.82416
1.71883
1.56677
1.41995
1.37265
1.37699
1.38044
1.3782
1.37412
1.3699
1.36655
1.36323
1.36198
1.36041
1.36045
1.36077
1.36143
1.36012
1.35807
1.35349
1.34605
1.33504
1.31853
1.29445
1.25968
1.22744
1.19575
1.18764
1.18434
1.18187
1.18063
1.17951
1.17845
1.17855
1.17806
1.1767
1.17508
1.17311
1.17157
1.1696
1.167
1.16459
1.16246
1.29662
1.29382
1.30674
1.32349
1.34534
1.36614
1.3876
1.39886
1.41199
1.42701
1.43378
1.44269
1.45403
1.46853
1.48512
1.48519
1.46284
1.40973
1.30582
1.20394
1.11011
1.13133
1.15548
1.18043
1.19955
1.21989
1.24021
1.2605
1.27879
1.29438
1.3073
1.32041
1.33404
1.34863
1.3646
1.38256
1.40262
1.42553
1.45033
1.47707
1.5057
1.53612
1.56685
1.59711
1.62836
1.65864
1.68405
1.70993
1.73759
1.76568
1.7919
1.81957
1.84302
1.87309
1.89883
1.92774
1.92569
1.91217
1.8631
1.77198
1.62416
1.47771
1.4032
1.4089
1.41381
1.41182
1.40824
1.40355
1.39931
1.39569
1.39249
1.39275
1.3929
1.39259
1.39146
1.3893
1.3857
1.37881
1.36743
1.34893
1.32127
1.28217
1.24479
1.21485
1.20917
1.20647
1.20552
1.20467
1.20482
1.20547
1.20499
1.20401
1.20307
1.20261
1.20198
1.20101
1.1996
1.19783
1.19632
1.19489
1.36936
1.33659
1.34083
1.35159
1.3696
1.38692
1.40939
1.42089
1.43293
1.44642
1.45111
1.45822
1.46549
1.47682
1.47102
1.4465
1.3904
1.28306
1.17565
1.07638
1.09802
1.12385
1.15013
1.1715
1.1938
1.21647
1.23967
1.26221
1.28281
1.30109
1.31698
1.33116
1.34574
1.36088
1.37689
1.39404
1.41298
1.43358
1.45656
1.48167
1.50849
1.53638
1.56503
1.59526
1.62512
1.65593
1.68298
1.70894
1.73566
1.76338
1.79176
1.81654
1.84224
1.86773
1.89456
1.92281
1.95372
1.9514
1.94045
1.8961
1.81428
1.67268
1.54938
1.43246
1.43628
1.4407
1.43951
1.43625
1.43198
1.42802
1.42503
1.42361
1.42298
1.42379
1.42334
1.42041
1.41568
1.40843
1.39657
1.37641
1.3446
1.30086
1.25789
1.23359
1.22911
1.2289
1.22855
1.22972
1.23081
1.23094
1.23064
1.22996
1.23014
1.23064
1.23045
1.22999
1.22932
1.22839
1.22758
1.2269
1.40509
1.38281
1.36482
1.37672
1.3924
1.4084
1.42511
1.44157
1.45137
1.46437
1.47081
1.47425
1.47692
1.46937
1.44262
1.38316
1.27399
1.15777
1.04996
1.06928
1.09625
1.12281
1.14533
1.16842
1.19217
1.21686
1.24112
1.26456
1.28681
1.30786
1.32631
1.34421
1.36
1.37611
1.39267
1.41002
1.42837
1.44812
1.46942
1.49227
1.51697
1.5431
1.57057
1.5991
1.62821
1.65736
1.68577
1.71269
1.7396
1.76592
1.79259
1.81714
1.84204
1.86607
1.88969
1.91766
1.94452
1.97612
1.97323
1.96012
1.92959
1.85871
1.72181
1.61314
1.47167
1.46577
1.46859
1.47086
1.46808
1.46398
1.45965
1.45638
1.45339
1.45371
1.45422
1.45213
1.44683
1.43817
1.42385
1.39948
1.35958
1.31428
1.26575
1.24885
1.24905
1.25007
1.25199
1.25395
1.25547
1.25587
1.25629
1.25663
1.25725
1.25751
1.25742
1.25732
1.25751
1.25749
1.25752
1.25751
1.63073
1.43668
1.40106
1.4029
1.41682
1.43078
1.442
1.45756
1.46874
1.48152
1.48821
1.49026
1.4796
1.44965
1.38773
1.27685
1.1517
1.03545
1.05087
1.07683
1.10133
1.1263
1.14968
1.17336
1.19779
1.2232
1.24832
1.27304
1.29686
1.31988
1.34103
1.36059
1.37851
1.39549
1.41271
1.43034
1.44847
1.46751
1.48753
1.50892
1.53138
1.55514
1.5799
1.60566
1.63218
1.65957
1.68706
1.71426
1.7414
1.7668
1.79246
1.81593
1.83965
1.86338
1.8875
1.91157
1.94074
1.96537
1.99376
1.99555
1.98885
1.96475
1.89927
1.76733
1.65491
1.5143
1.4986
1.49897
1.50197
1.49965
1.49536
1.49067
1.48643
1.48427
1.4838
1.48279
1.47754
1.46798
1.45037
1.42058
1.37094
1.32627
1.27265
1.26749
1.26951
1.27331
1.27752
1.27995
1.28007
1.28067
1.28117
1.28164
1.28316
1.28429
1.2849
1.28524
1.28521
1.2854
1.28581
1.28659
1.95072
1.52148
1.4315
1.4174
1.43014
1.44747
1.4617
1.47908
1.48893
1.49816
1.5053
1.49506
1.46419
1.39984
1.28948
1.15167
1.0272
1.04032
1.06316
1.08733
1.11193
1.13468
1.15794
1.18234
1.20778
1.23387
1.25928
1.28397
1.30784
1.33157
1.35429
1.37626
1.39581
1.41431
1.4322
1.45011
1.46831
1.48697
1.50611
1.5259
1.54651
1.5681
1.59069
1.61424
1.63888
1.66444
1.69104
1.71762
1.7442
1.76928
1.79422
1.8175
1.84118
1.86432
1.88781
1.9103
1.9343
1.95915
1.98208
2.00444
2.02221
2.01881
1.99076
1.93217
1.8174
1.69198
1.55932
1.53032
1.52757
1.53042
1.52887
1.52661
1.52355
1.52003
1.51782
1.51447
1.50778
1.49626
1.47387
1.43687
1.37914
1.32327
1.28377
1.28464
1.28695
1.29162
1.29665
1.30019
1.30256
1.30353
1.30398
1.305
1.30616
1.30667
1.30781
1.30897
1.3103
1.31121
1.31219
1.31391
2.19974
1.82256
1.47789
1.44879
1.43879
1.4512
1.46679
1.48431
1.50548
1.51756
1.51252
1.48457
1.42007
1.30807
1.16081
1.02396
1.03406
1.0527
1.07912
1.10376
1.12614
1.14775
1.17064
1.19527
1.22131
1.24722
1.27192
1.29619
1.3206
1.34457
1.36827
1.39099
1.41216
1.4317
1.4508
1.46887
1.48708
1.50547
1.52409
1.54306
1.56245
1.58247
1.60321
1.62488
1.6475
1.67108
1.6957
1.72101
1.74646
1.77133
1.7944
1.8178
1.8407
1.86352
1.88587
1.90897
1.93108
1.95259
1.977
2.00268
2.02978
2.04237
2.04305
2.01501
1.96979
1.87069
1.74175
1.61154
1.56413
1.56175
1.56377
1.56492
1.56241
1.55887
1.55455
1.54868
1.53967
1.52356
1.49399
1.44291
1.38288
1.31705
1.29845
1.30051
1.30373
1.30998
1.31549
1.32149
1.32274
1.32271
1.32308
1.32479
1.32657
1.32869
1.3294
1.33064
1.33234
1.33425
1.33604
1.33875
2.58072
2.07725
1.65404
1.50077
1.46852
1.46641
1.47765
1.49558
1.51307
1.52139
1.49527
1.43487
1.32393
1.17277
1.02758
1.03426
1.0494
1.0749
1.09921
1.12105
1.14061
1.16152
1.18451
1.20952
1.2348
1.26022
1.28474
1.3088
1.33271
1.35646
1.38019
1.40355
1.42571
1.44666
1.46651
1.48552
1.50432
1.52307
1.54161
1.56023
1.57902
1.59808
1.61765
1.63784
1.6589
1.68086
1.70379
1.7274
1.75125
1.77511
1.79846
1.82146
1.84447
1.86753
1.89015
1.91278
1.93414
1.95536
1.97739
2.00133
2.02954
2.05397
2.07547
2.06781
2.05905
2.01269
1.92697
1.79433
1.67329
1.60551
1.60237
1.60469
1.60475
1.60212
1.59679
1.5882
1.57477
1.55061
1.51096
1.44414
1.38551
1.31834
1.31561
1.31854
1.32429
1.33071
1.33675
1.34176
1.34236
1.34309
1.34393
1.34432
1.34609
1.34823
1.35132
1.35278
1.35429
1.35624
1.35854
1.36234
2.77972
2.37661
2.02895
1.58723
1.50427
1.4858
1.49342
1.50777
1.51919
1.49812
1.44185
1.33059
1.17443
1.02253
1.02985
1.04569
1.07223
1.09739
1.11732
1.13533
1.15467
1.17594
1.19917
1.22328
1.24773
1.27223
1.29638
1.32023
1.34385
1.3674
1.39087
1.41419
1.43727
1.45918
1.48006
1.50003
1.51946
1.53871
1.55747
1.57626
1.59466
1.61325
1.63197
1.65128
1.67113
1.69169
1.71289
1.73477
1.75694
1.7794
1.80233
1.82495
1.84794
1.87038
1.89285
1.91449
1.93626
1.95808
1.97909
2.00157
2.02299
2.05032
2.07455
2.10515
2.10393
2.09
2.05647
1.98232
1.85534
1.74835
1.64306
1.64122
1.63904
1.64173
1.63867
1.62943
1.61089
1.57642
1.52063
1.44752
1.37458
1.34173
1.34245
1.34542
1.35171
1.35774
1.36314
1.36567
1.36811
1.36919
1.36911
1.3681
1.36798
1.37024
1.37235
1.37516
1.37819
1.38149
1.38507
1.39053
2.8864
2.81802
2.29268
1.91549
1.56577
1.52231
1.507
1.51709
1.49824
1.4422
1.32839
1.16636
1.0089
1.0187
1.03931
1.06768
1.09504
1.1114
1.12759
1.14532
1.16505
1.18694
1.21
1.23363
1.25766
1.28185
1.30591
1.32995
1.35363
1.37699
1.40046
1.4238
1.44703
1.46955
1.49111
1.51189
1.53223
1.55239
1.57189
1.59133
1.60955
1.6279
1.64635
1.66515
1.68441
1.70424
1.72462
1.74546
1.76664
1.78815
1.81016
1.83273
1.85512
1.87817
1.90066
1.92319
1.94547
1.96761
1.99086
2.0134
2.0367
2.05811
2.08345
2.10686
2.13398
2.13135
2.11567
2.09078
2.01871
1.89023
1.79468
1.67294
1.66259
1.65938
1.66283
1.65435
1.63293
1.58999
1.51511
1.45007
1.37478
1.37156
1.37308
1.37977
1.38661
1.39208
1.39554
1.39849
1.39928
1.39895
1.39782
1.39734
1.39811
1.39883
1.4006
1.40323
1.4068
1.41126
1.41629
1.42394
3.00155
2.82967
2.67592
2.16452
1.75809
1.57062
1.53862
1.51735
1.45385
1.32804
1.15355
0.985997
1.00034
1.02963
1.06105
1.09111
1.10455
1.11853
1.13439
1.15283
1.17372
1.19573
1.21845
1.24174
1.2658
1.29032
1.3148
1.33934
1.36383
1.38731
1.41062
1.43401
1.45713
1.4799
1.50192
1.5233
1.54417
1.56492
1.58519
1.6047
1.62411
1.64242
1.661
1.68007
1.69978
1.71983
1.7402
1.76092
1.78192
1.80338
1.82524
1.84797
1.87064
1.8939
1.91718
1.93983
1.96196
1.98393
2.00339
2.02252
2.04103
2.05834
2.07428
2.09225
2.10939
2.12967
2.1309
2.11871
2.09323
2.02638
1.90062
1.80654
1.68127
1.66768
1.66557
1.64424
1.61434
1.54581
1.48165
1.40619
1.38461
1.3887
1.39441
1.40255
1.41026
1.41735
1.42067
1.42316
1.42432
1.42422
1.42476
1.42654
1.42766
1.4273
1.42782
1.42985
1.433
1.43797
1.44342
1.44963
3.00405
2.94751
2.79084
2.42176
2.11818
1.69546
1.60631
1.49857
1.34469
1.14359
0.958598
0.980031
1.01948
1.05572
1.09013
1.10361
1.1142
1.127
1.14288
1.16188
1.18311
1.20512
1.22783
1.25107
1.27478
1.29889
1.32314
1.34761
1.37222
1.39623
1.41963
1.44281
1.46583
1.48863
1.51104
1.5332
1.55486
1.57618
1.59762
1.61831
1.63843
1.6584
1.6785
1.6994
1.72032
1.74213
1.76396
1.78589
1.80768
1.82924
1.85131
1.87279
1.89324
1.91316
1.93165
1.9494
1.96636
1.98091
1.9954
2.00947
2.02336
2.03766
2.05129
2.06573
2.08074
2.0976
2.11081
2.12671
2.11429
2.09561
2.02569
1.90557
1.80799
1.69583
1.6594
1.62215
1.5687
1.48731
1.41008
1.37223
1.37396
1.37795
1.38383
1.39185
1.40104
1.41085
1.41669
1.42016
1.42249
1.42425
1.42802
1.4312
1.43317
1.4351
1.43544
1.43589
1.43714
1.43947
1.44265
1.44496
3.01073
3.00143
2.91314
2.8199
2.34504
2.02234
1.7115
1.40074
1.15104
0.908437
0.938281
0.991349
1.03752
1.07806
1.09433
1.10483
1.11697
1.13143
1.14855
1.16773
1.18827
1.20978
1.23229
1.25585
1.28029
1.30525
1.33015
1.35506
1.37993
1.40446
1.42815
1.45174
1.47537
1.49889
1.52222
1.54541
1.56852
1.59208
1.61513
1.63886
1.66186
1.68451
1.70709
1.72917
1.75131
1.77249
1.79122
1.80934
1.82657
1.84225
1.85811
1.87305
1.88834
1.90202
1.91585
1.9302
1.94286
1.95599
1.96855
1.9816
1.99599
2.0109
2.02745
2.04089
2.05531
2.07108
2.09131
2.11655
2.118
2.10055
2.05918
2.00091
1.91239
1.80704
1.70364
1.59723
1.49772
1.39925
1.36158
1.35016
1.352
1.35568
1.3611
1.36855
1.37708
1.38571
1.39264
1.39638
1.40016
1.40405
1.40638
1.40896
1.41184
1.41354
1.41574
1.41618
1.41524
1.41533
1.41589
1.41727
3.01253
3.00696
3.00971
2.85523
2.78381
2.25104
1.83517
1.40561
0.928602
0.963916
1.02082
1.07206
1.09165
1.10915
1.11615
1.12531
1.13693
1.15061
1.16641
1.18434
1.2037
1.2248
1.24734
1.27093
1.29538
1.32054
1.34642
1.37201
1.3978
1.42355
1.44933
1.47478
1.50006
1.52543
1.55065
1.57529
1.5999
1.62338
1.64596
1.66721
1.68664
1.70428
1.721
1.73701
1.75254
1.76694
1.7812
1.79558
1.80878
1.82212
1.83564
1.84843
1.8614
1.8754
1.8889
1.90274
1.91683
1.93004
1.94329
1.95669
1.97163
1.98654
2.00271
2.01595
2.02525
2.03397
2.04229
2.0553
2.06622
2.05834
2.03155
1.99355
1.91987
1.81288
1.64983
1.48856
1.32337
1.27168
1.27063
1.27093
1.27361
1.27979
1.28843
1.29918
1.31093
1.32284
1.33356
1.34246
1.35107
1.35592
1.35816
1.36029
1.36266
1.36433
1.36501
1.36486
1.36392
1.36182
1.36119
1.35915
3.01258
3.01088
3.00624
2.92542
2.77985
2.21066
1.45122
0.883917
0.907946
0.976528
1.06069
1.1317
1.1471
1.15569
1.1641
1.17682
1.19086
1.20428
1.21892
1.2348
1.25227
1.27233
1.29366
1.31647
1.33988
1.36418
1.38816
1.41252
1.43637
1.45964
1.48252
1.50464
1.52587
1.54663
1.56588
1.5843
1.6022
1.61905
1.63567
1.65243
1.66681
1.68163
1.69693
1.71253
1.72813
1.74318
1.75724
1.77128
1.78405
1.79704
1.81013
1.82238
1.83515
1.84848
1.86094
1.87241
1.88435
1.89559
1.90558
1.91446
1.92331
1.93104
1.93728
1.94202
1.9457
1.94884
1.9525
1.95881
1.97216
1.98478
1.97552
1.94976
1.88724
1.77226
1.54988
1.35947
1.12709
1.11001
1.11274
1.11779
1.1253
1.13574
1.1491
1.1648
1.1822
1.19969
1.21708
1.23423
1.25018
1.2627
1.27053
1.27599
1.27851
1.27994
1.27999
1.27804
1.27488
1.26986
1.26402
1.25449
3.01257
3.01157
3.00503
2.94036
2.71575
2.0062
1.12354
0.437872
0.616341
0.79253
0.892257
0.967921
1.01246
1.05207
1.081
1.10893
1.1345
1.15695
1.17863
1.20007
1.22171
1.24383
1.26676
1.28999
1.31377
1.33754
1.36185
1.38614
1.40997
1.4329
1.45571
1.47722
1.49831
1.51846
1.53768
1.55601
1.57367
1.59082
1.60724
1.62417
1.63813
1.65301
1.66834
1.68245
1.69427
1.70501
1.71447
1.72186
1.72906
1.73657
1.74448
1.75313
1.76182
1.76985
1.77822
1.78572
1.7928
1.79968
1.80633
1.81264
1.81984
1.82756
1.83538
1.84297
1.85141
1.85997
1.87052
1.88268
1.90292
1.9172
1.9338
1.91258
1.87048
1.75982
1.51265
1.27377
0.998179
0.98993
0.993546
0.997676
1.00166
1.00689
1.01408
1.02407
1.03668
1.05089
1.06621
1.08249
1.10011
1.11792
1.13172
1.14046
1.14536
1.14801
1.14992
1.15144
1.1523
1.15134
1.15026
1.14641
3.01255
3.01171
3.00482
2.94498
2.71937
2.00563
0.948754
0.231786
0.43952
0.520369
0.597788
0.678575
0.755812
0.825667
0.890226
0.943967
0.991618
1.03212
1.06952
1.10246
1.13128
1.15943
1.187
1.21384
1.24012
1.2658
1.2908
1.31558
1.34002
1.36324
1.38624
1.40835
1.42895
1.44913
1.46802
1.48552
1.5017
1.51652
1.52932
1.5406
1.5508
1.55857
1.56574
1.57133
1.57708
1.58325
1.5889
1.59496
1.60176
1.60956
1.61845
1.62838
1.63917
1.6508
1.66288
1.67483
1.6862
1.69806
1.71042
1.72355
1.73738
1.75217
1.76671
1.78158
1.7959
1.81002
1.82479
1.84082
1.86353
1.88203
1.90939
1.89757
1.86045
1.757
1.50586
1.24164
0.938613
0.930883
0.934311
0.937684
0.94103
0.944821
0.949811
0.956141
0.963709
0.972074
0.980635
0.98954
0.999064
1.00982
1.02184
1.03397
1.04399
1.05338
1.06169
1.07105
1.07965
1.08649
1.09243
1.09435
3.01254
3.01162
3.00387
2.93944
2.69328
1.94933
0.762261
0.143005
0.394849
0.421508
0.460617
0.506517
0.552102
0.595089
0.638
0.685694
0.735277
0.784084
0.831445
0.876129
0.916406
0.955511
0.990764
1.02381
1.05505
1.08383
1.11151
1.13844
1.16524
1.19213
1.21869
1.245
1.27026
1.29392
1.31611
1.33637
1.35491
1.37187
1.38792
1.40298
1.41716
1.43026
1.44274
1.45485
1.46722
1.47949
1.49165
1.50397
1.51644
1.52896
1.54193
1.5554
1.56938
1.58392
1.59901
1.61457
1.63051
1.64687
1.66376
1.68142
1.69897
1.71723
1.73513
1.75287
1.76972
1.78618
1.80271
1.82073
1.84286
1.86489
1.89568
1.89028
1.85776
1.76262
1.51982
1.23711
0.917058
0.906037
0.909533
0.91283
0.915237
0.917459
0.921125
0.926311
0.932772
0.940108
0.947275
0.954556
0.962262
0.970954
0.980989
0.992339
1.00461
1.01768
1.03047
1.04326
1.05375
1.06392
1.0703
1.07574
3.01255
3.01171
3.00483
2.945
2.71872
1.99161
0.914061
0.233721
0.447713
0.459462
0.473551
0.49651
0.524507
0.552611
0.579872
0.607855
0.636973
0.667471
0.699457
0.732765
0.766943
0.801455
0.835711
0.869331
0.901799
0.932562
0.961999
0.990548
1.01837
1.04602
1.07368
1.10143
1.12943
1.15764
1.18537
1.21266
1.23883
1.26402
1.28803
1.31119
1.33314
1.35416
1.37425
1.39334
1.41175
1.42926
1.44614
1.46163
1.47666
1.49121
1.50603
1.52151
1.53773
1.55473
1.57243
1.59059
1.60862
1.62727
1.64597
1.66494
1.68456
1.70369
1.72306
1.74214
1.75955
1.77704
1.79444
1.81353
1.83423
1.85885
1.88904
1.89077
1.8596
1.76996
1.53631
1.23911
0.908197
0.893316
0.896763
0.900474
0.903714
0.906503
0.910605
0.915856
0.922021
0.928916
0.935843
0.942989
0.950725
0.959532
0.96961
0.980886
0.993053
1.00617
1.0194
1.03174
1.04331
1.05346
1.06012
1.06536
3.01254
3.01166
3.00426
2.94162
2.70337
1.96292
0.827321
0.204179
0.433964
0.44077
0.455368
0.479988
0.50753
0.534067
0.559964
0.586865
0.615007
0.644047
0.673673
0.704058
0.73525
0.767193
0.799602
0.831957
0.863995
0.894542
0.923854
0.952126
0.979735
1.00708
1.03465
1.06265
1.09099
1.11943
1.14808
1.17691
1.20562
1.23397
1.26141
1.28765
1.31262
1.33613
1.35835
1.37898
1.39848
1.41674
1.43416
1.45065
1.46631
1.48166
1.49727
1.51357
1.53066
1.54856
1.56656
1.58509
1.60365
1.62264
1.64184
1.66112
1.68084
1.70057
1.72006
1.73934
1.75696
1.77429
1.79169
1.81039
1.83039
1.85569
1.88482
1.89175
1.86172
1.77582
1.54936
1.24546
0.907812
0.889034
0.892326
0.895883
0.898918
0.901493
0.905605
0.911126
0.917715
0.925029
0.932561
0.940316
0.948544
0.957759
0.96818
0.979749
0.992092
1.00531
1.01824
1.0309
1.04288
1.05345
1.05948
1.06354
3.01255
3.01169
3.00466
2.94395
2.71384
1.98129
0.88351
0.232068
0.45135
0.461926
0.473834
0.49386
0.517893
0.542111
0.565796
0.590489
0.616435
0.643668
0.672072
0.701578
0.732076
0.763391
0.79518
0.826949
0.858481
0.888585
0.9176
0.945762
0.97342
1.00107
1.02898
1.05723
1.08553
1.11397
1.14262
1.17134
1.20001
1.22848
1.25611
1.28266
1.30781
1.33165
1.354
1.37476
1.39451
1.41304
1.43079
1.44758
1.46352
1.47938
1.4954
1.51212
1.5296
1.5479
1.56621
1.58489
1.60395
1.62301
1.64254
1.662
1.68161
1.70147
1.72101
1.7402
1.75829
1.77558
1.7923
1.81019
1.83023
1.85562
1.88432
1.89342
1.86396
1.77967
1.55666
1.24952
0.908159
0.887241
0.890444
0.893991
0.897208
0.900107
0.904547
0.910386
0.917262
0.924818
0.93268
0.940804
0.949571
0.959209
0.969894
0.98148
0.99367
1.00651
1.01931
1.03201
1.04438
1.05503
1.061
1.06478
)
;

boundaryField
{
    inlet
    {
        type            calculated;
        value           uniform 3.01265;
    }
    outlet
    {
        type            calculated;
        value           nonuniform List<scalar> 
40
(
0.633036
0.73268
0.782757
0.815974
0.844679
0.868444
0.886833
0.901206
0.913111
0.924117
0.935941
0.950622
0.9682
0.989583
1.01448
1.04102
1.0702
1.1002
1.13133
1.16246
1.19489
1.2269
1.25751
1.28659
1.31391
1.33875
1.36234
1.39053
1.42394
1.44963
1.44496
1.41727
1.35915
1.25449
1.14641
1.09435
1.07574
1.06536
1.06354
1.06478
)
;
    }
    bottom
    {
        type            symmetryPlane;
    }
    top
    {
        type            symmetryPlane;
    }
    obstacle
    {
        type            calculated;
        value           nonuniform List<scalar> 
110
(
0.0240261
0.0658124
0.110081
0.155034
0.202822
0.255766
0.315181
0.389371
0.479643
0.653691
0.809934
0.224026
0.409249
0.272054
0.345325
0.293094
0.324946
0.323686
0.347174
0.378954
0.483586
0.658149
0.804202
0.898637
0.946981
0.967486
0.975718
0.978792
1.00805
1.03739
1.06651
1.08317
1.09146
1.09524
1.09881
1.10343
1.10803
1.11084
1.11238
1.09275
1.06946
1.03465
0.996434
0.948496
0.895836
0.841786
0.788967
0.736244
0.678315
0.61865
0.557704
0.499805
0.445602
0.38859
0.32832
0.271693
0.219835
0.169798
0.118602
0.0552181
0.0116411
0.0673962
0.122709
0.172197
0.21732
0.259071
0.29672
0.330876
0.362946
0.392303
0.418761
0.442783
0.464728
0.484843
0.502994
0.519513
0.53429
0.547464
0.559079
0.569607
0.578901
0.587761
0.595694
0.603196
0.610104
0.615654
0.620878
0.624361
0.627065
0.627457
0.626427
0.623803
0.620251
0.6162
0.613612
0.612388
0.613183
0.614318
0.615576
0.616862
0.618256
0.619752
0.621464
0.623364
0.625122
0.627155
0.628153
0.629322
0.630591
0.633034
)
;
    }
    defaultFaces
    {
        type            empty;
    }
}


// ************************************************************************* //
