/*--------------------------------*- C++ -*----------------------------------*\
| =========                 |                                                 |
| \\      /  F ield         | OpenFOAM: The Open Source CFD Toolbox           |
|  \\    /   O peration     | Version:  v2106                                 |
|   \\  /    A nd           | Website:  www.openfoam.com                      |
|    \\/     M anipulation  |                                                 |
\*---------------------------------------------------------------------------*/
FoamFile
{
    version     2.0;
    format      ascii;
    arch        "LSB;label=32;scalar=64";
    class       volScalarField;
    location    "3";
    object      psi;
}
// * * * * * * * * * * * * * * * * * * * * * * * * * * * * * * * * * * * * * //

dimensions      [0 -2 2 0 0 0 0];

internalField   nonuniform List<scalar> 
5250
(
1.40845
1.40845
1.40845
1.40845
1.40845
1.40845
1.40845
1.40845
1.40842
1.40819
1.40608
1.38675
1.2565
0.917248
0.500131
0.555009
0.56152
0.560176
0.550941
0.550593
0.549314
0.548731
0.548934
0.549604
0.552639
1.40845
1.40845
1.40845
1.40845
1.40845
1.40845
1.40845
1.40845
1.40842
1.40819
1.40614
1.3873
1.25943
0.922095
0.502567
0.551308
0.563566
0.562573
0.553236
0.552521
0.550762
0.549708
0.549767
0.550383
0.553454
1.40845
1.40845
1.40845
1.40845
1.40845
1.40845
1.40845
1.40845
1.40843
1.40821
1.40627
1.38843
1.26573
0.932626
0.506922
0.544084
0.566715
0.566056
0.556415
0.555891
0.553916
0.552055
0.551952
0.552527
0.555708
1.40845
1.40845
1.40845
1.40845
1.40845
1.40845
1.40845
1.40845
1.40843
1.40822
1.40641
1.38972
1.27319
0.949972
0.514284
0.535419
0.56764
0.569676
0.560517
0.56063
0.55881
0.555747
0.554836
0.555227
0.558333
1.40845
1.40845
1.40845
1.40845
1.40845
1.40845
1.40845
1.40845
1.40843
1.40823
1.40653
1.39139
1.28841
0.973573
0.524196
0.529489
0.56715
0.573533
0.564531
0.56438
0.562657
0.560014
0.558453
0.558653
0.561785
1.40845
1.40845
1.40845
1.40845
1.40845
1.40845
1.40845
1.40845
1.40843
1.40828
1.40692
1.39511
1.308
1.00466
0.559806
0.523477
0.575292
0.580077
0.569284
0.568763
0.566991
0.564553
0.562875
0.563183
0.566516
1.40845
1.40845
1.40845
1.40845
1.40845
1.40845
1.40845
1.40845
1.40843
1.40831
1.40718
1.39755
1.32513
1.04823
0.641183
0.517081
0.594786
0.593261
0.578417
0.574484
0.572173
0.569681
0.56831
0.568979
0.572958
1.40845
1.40845
1.40845
1.40845
1.40845
1.40845
1.40845
1.40845
1.40844
1.40835
1.40749
1.40035
1.34452
1.09786
0.721647
0.499314
0.622771
0.620361
0.601639
0.584961
0.579034
0.575027
0.574874
0.575359
0.583424
1.40845
1.40845
1.40845
1.40845
1.40845
1.40845
1.40845
1.40845
1.40844
1.40838
1.40785
1.40315
1.36056
1.14734
0.768763
0.469633
0.604004
0.622026
0.614667
0.603809
0.591667
0.582893
0.584602
0.584301
0.599302
1.40845
1.40845
1.40845
1.40845
1.40845
1.40845
1.40845
1.40845
1.40845
1.4084
1.40802
1.40471
1.37168
1.18796
0.82084
0.457916
0.581419
0.613489
0.612526
0.613545
0.608011
0.594485
0.595033
0.596429
0.639403
1.40845
1.40845
1.40845
1.40845
1.40845
1.40845
1.40845
1.40845
1.40845
1.40842
1.40812
1.40549
1.38156
1.232
0.877445
0.468244
0.573349
0.592177
0.602882
0.616855
0.616578
0.610597
0.614535
0.630241
0.71572
1.40845
1.40845
1.40845
1.40845
1.40845
1.40845
1.40845
1.40845
1.40845
1.40843
1.40821
1.40636
1.38946
1.2727
0.943385
0.49636
0.551653
0.589478
0.600252
0.614938
0.626947
0.62928
0.630656
0.640834
0.759969
1.40845
1.40845
1.40845
1.40845
1.40845
1.40845
1.40845
1.40845
1.40845
1.40843
1.40827
1.40679
1.39456
1.31181
1.01792
0.540831
0.538523
0.593312
0.604155
0.611388
0.624213
0.635886
0.649829
0.656172
0.758093
1.40845
1.40845
1.40845
1.40845
1.40845
1.40845
1.40845
1.40845
1.40845
1.40844
1.40837
1.40766
1.40166
1.35076
1.11285
0.716411
0.512014
0.613631
0.613881
0.614739
0.623108
0.636459
0.656531
0.672541
0.7553
1.40845
1.40845
1.40845
1.40845
1.40845
1.40845
1.40845
1.40845
1.40845
1.40845
1.4084
1.40807
1.40506
1.37073
1.18267
0.813272
0.485926
0.613408
0.621335
0.620107
0.625212
0.638673
0.658522
0.683111
0.746912
1.40845
1.40845
1.40845
1.40845
1.40845
1.40845
1.40845
1.40845
1.40845
1.40845
1.40842
1.40815
1.40583
1.38474
1.24782
0.90404
0.490684
0.603373
0.624471
0.631649
0.633699
0.643147
0.659225
0.682825
0.73173
1.40845
1.40845
1.40845
1.40845
1.40845
1.40845
1.40845
1.40845
1.40845
1.40845
1.40843
1.40826
1.40683
1.39418
1.30486
1.00081
0.524481
0.565984
0.636864
0.65446
0.651099
0.652169
0.661042
0.681156
0.717227
1.40845
1.40845
1.40845
1.40845
1.40845
1.40845
1.40845
1.40845
1.40845
1.40845
1.40844
1.40838
1.40776
1.40236
1.35656
1.12549
0.706512
0.51427
0.629559
0.656326
0.654988
0.657123
0.665165
0.682097
0.710846
1.40845
1.40845
1.40845
1.40845
1.40845
1.40845
1.40845
1.40845
1.40845
1.40845
1.40845
1.4084
1.40803
1.40476
1.3764
1.20876
0.850393
0.502791
0.622425
0.645959
0.665169
0.666297
0.672185
0.685465
0.708521
1.40845
1.40845
1.40845
1.40845
1.40845
1.40845
1.40845
1.40845
1.40845
1.40845
1.40845
1.40842
1.40822
1.4065
1.39185
1.29099
0.970986
0.520394
0.582472
0.653728
0.684473
0.686836
0.688348
0.694891
0.711003
1.40845
1.40845
1.40845
1.40845
1.40845
1.40845
1.40845
1.40845
1.40845
1.40845
1.40845
1.40844
1.40836
1.40765
1.40144
1.34968
1.10279
0.638759
0.529268
0.642399
0.679388
0.68696
0.693055
0.701208
0.714931
1.40845
1.40845
1.40845
1.40845
1.40845
1.40845
1.40845
1.40845
1.40845
1.40845
1.40845
1.40844
1.4084
1.40801
1.40476
1.37823
1.22321
0.855917
0.514909
0.622363
0.663169
0.690865
0.69914
0.707738
0.719875
1.40845
1.40845
1.40845
1.40845
1.40845
1.40845
1.40845
1.40845
1.40845
1.40845
1.40845
1.40845
1.40843
1.4083
1.40707
1.39663
1.31553
1.00046
0.545681
0.579641
0.663516
0.696036
0.706928
0.71596
0.726587
1.40845
1.40845
1.40845
1.40845
1.40845
1.40845
1.40845
1.40845
1.40845
1.40845
1.40845
1.40845
1.40844
1.40837
1.40778
1.40308
1.36616
1.17373
0.752015
0.519515
0.650331
0.676838
0.707508
0.719553
0.731774
1.40845
1.40845
1.40845
1.40845
1.40845
1.40845
1.40845
1.40845
1.40845
1.40845
1.40845
1.40845
1.40845
1.40842
1.40824
1.40652
1.39222
1.28746
0.932873
0.539905
0.601967
0.6795
0.708253
0.721127
0.734319
1.40845
1.40845
1.40845
1.40845
1.40845
1.40845
1.40845
1.40845
1.40845
1.40845
1.40845
1.40845
1.40845
1.40844
1.40834
1.40757
1.40157
1.3552
1.13105
0.665941
0.544018
0.667245
0.689203
0.717884
0.732654
1.40845
1.40845
1.40845
1.40845
1.40845
1.40845
1.40845
1.40845
1.40845
1.40845
1.40845
1.40845
1.40845
1.40845
1.40842
1.40822
1.40633
1.39037
1.27812
0.899238
0.547579
0.617645
0.69149
0.719867
0.732858
1.40845
1.40845
1.40845
1.40845
1.40845
1.40845
1.40845
1.40845
1.40845
1.40845
1.40845
1.40845
1.40845
1.40845
1.40844
1.40833
1.40747
1.40105
1.35162
1.11642
0.645731
0.557232
0.678056
0.702698
0.733289
1.40845
1.40845
1.40845
1.40845
1.40845
1.40845
1.40845
1.40845
1.40845
1.40845
1.40845
1.40845
1.40845
1.40845
1.40844
1.40834
1.40834
1.40652
1.38995
1.27926
0.896456
0.555866
0.623644
0.705366
0.731801
1.40845
1.40845
1.40845
1.40845
1.40845
1.40845
1.40845
1.40845
1.40845
1.40845
1.40845
1.40845
1.40845
1.40845
1.40845
1.40843
1.40834
1.40753
1.40146
1.35407
1.12441
0.673237
0.562203
0.680113
0.713226
1.40845
1.40845
1.40845
1.40845
1.40845
1.40845
1.40845
1.40845
1.40845
1.40845
1.40845
1.40845
1.40845
1.40845
1.40845
1.40845
1.40848
1.40881
1.40744
1.3937
1.29433
0.933017
0.566257
0.617261
0.706481
1.40845
1.40845
1.40845
1.40845
1.40845
1.40845
1.40845
1.40845
1.40845
1.40845
1.40845
1.40845
1.40845
1.40845
1.40845
1.40845
1.40844
1.40835
1.40764
1.40222
1.36087
1.13881
0.690185
0.558934
0.669422
1.40845
1.40845
1.40845
1.40845
1.40845
1.40845
1.40845
1.40845
1.40845
1.40845
1.40845
1.40845
1.40845
1.40845
1.40845
1.40845
1.40845
1.40842
1.40834
1.4072
1.39624
1.31665
1.04041
0.602779
0.629653
1.40845
1.40845
1.40845
1.40845
1.40845
1.40845
1.40845
1.40845
1.40845
1.40845
1.40845
1.40845
1.40845
1.40845
1.40845
1.40845
1.40845
1.40844
1.40836
1.40769
1.39986
1.40169
1.30803
0.815848
0.558358
1.40845
1.40845
1.40845
1.40845
1.40845
1.40845
1.40845
1.40845
1.40845
1.40845
1.40845
1.40845
1.40845
1.40845
1.40845
1.40845
1.40845
1.40845
1.40843
1.40832
1.40732
1.40024
1.34921
1.1001
0.635186
1.40845
1.40845
1.40845
1.40845
1.40845
1.40845
1.40845
1.40845
1.40845
1.40845
1.40845
1.40845
1.40845
1.40845
1.40845
1.40845
1.40845
1.40845
1.40844
1.4084
1.40813
1.40628
1.39579
1.30445
0.923564
1.40845
1.40845
1.40845
1.40845
1.40845
1.40845
1.40845
1.40845
1.40845
1.40845
1.40845
1.40845
1.40845
1.40845
1.40845
1.40845
1.40845
1.40845
1.40845
1.40844
1.40834
1.40764
1.40312
1.36835
1.17528
1.40845
1.40845
1.40845
1.40845
1.40845
1.40845
1.40845
1.40845
1.40845
1.40845
1.40845
1.40845
1.40845
1.40845
1.40845
1.40845
1.40845
1.40845
1.40845
1.40845
1.40843
1.40829
1.40721
1.39984
1.34021
1.40845
1.40845
1.40845
1.40845
1.40845
1.40845
1.40845
1.40845
1.40845
1.40845
1.40845
1.40845
1.40845
1.40845
1.40845
1.40845
1.40845
1.40845
1.40845
1.40845
1.40848
1.40845
1.40815
1.40598
1.39252
1.40845
1.40845
1.40845
1.40845
1.40845
1.40845
1.40845
1.40845
1.40845
1.40845
1.40845
1.40845
1.40845
1.40845
1.40845
1.40845
1.40845
1.40845
1.40845
1.40845
1.40845
1.40844
1.40835
1.40779
1.40384
1.40845
1.40845
1.40845
1.40845
1.40845
1.40845
1.40845
1.40845
1.40845
1.40845
1.40845
1.40845
1.40845
1.40845
1.40845
1.40845
1.40845
1.40845
1.40845
1.40845
1.40845
1.40845
1.40843
1.4083
1.4075
1.40845
1.40845
1.40845
1.40845
1.40845
1.40845
1.40845
1.40845
1.40845
1.40845
1.40845
1.40845
1.40845
1.40845
1.40845
1.40845
1.40845
1.40845
1.40845
1.40845
1.40845
1.40845
1.40844
1.40841
1.40819
1.40845
1.40845
1.40845
1.40845
1.40845
1.40845
1.40845
1.40845
1.40845
1.40845
1.40845
1.40845
1.40845
1.40845
1.40845
1.40845
1.40845
1.40845
1.40845
1.40845
1.40845
1.40845
1.40845
1.40844
1.40834
1.40845
1.40845
1.40845
1.40845
1.40845
1.40845
1.40845
1.40845
1.40845
1.40845
1.40845
1.40845
1.40845
1.40845
1.40845
1.40845
1.40845
1.40845
1.40845
1.40845
1.40845
1.40845
1.40845
1.40845
1.40843
1.40845
1.40845
1.40845
1.40845
1.40845
1.40845
1.40845
1.40845
1.40845
1.40845
1.40845
1.40845
1.40845
1.40845
1.40845
1.40845
1.40845
1.40845
1.40845
1.40845
1.40845
1.40845
1.40845
1.40845
1.40844
1.40845
1.40845
1.40845
1.40845
1.40845
1.40845
1.40845
1.40845
1.40845
1.40845
1.40845
1.40845
1.40845
1.40845
1.40845
1.40845
1.40845
1.40845
1.40845
1.40845
1.40845
1.40845
1.40845
1.40845
1.40844
1.40845
1.40845
1.40845
1.40845
1.40845
1.40845
1.40845
1.40845
1.40845
1.40845
1.40845
1.40845
1.40845
1.40845
1.40845
1.40845
1.40845
1.40845
1.40845
1.40845
1.40845
1.40845
1.40845
1.40845
1.40844
1.40845
1.40845
1.40845
1.40845
1.40845
1.40845
1.40845
1.40845
1.40845
1.40845
1.40845
1.40845
1.40845
1.40845
1.40845
1.40845
1.40845
1.40845
1.40845
1.40845
1.40845
1.40845
1.40845
1.40845
1.40844
1.40845
1.40845
1.40845
1.40845
1.40845
1.40845
1.40845
1.40845
1.40845
1.40845
1.40845
1.40845
1.40845
1.40845
1.40845
1.40845
1.40845
1.40845
1.40845
1.40845
1.40845
1.40845
1.40845
1.40845
1.40844
1.40845
1.40845
1.40845
1.40845
1.40845
1.40845
1.40845
1.40845
1.40845
1.40845
1.40845
1.40845
1.40845
1.40845
1.40845
1.40845
1.40845
1.40845
1.40845
1.40845
1.40845
1.40845
1.40845
1.40845
1.40844
0.630385
0.600291
0.687696
0.687648
0.689918
0.677173
0.674067
0.66605
0.660517
0.651331
0.641757
0.633264
0.676365
0.704252
0.720616
0.726268
0.72616
0.721435
0.717626
0.716309
0.729541
0.734966
0.736409
0.735181
0.734126
0.733569
0.7339
0.732842
0.731643
0.7334
0.729585
0.724043
0.715297
0.702667
0.688863
0.674584
0.661864
0.650858
0.640853
0.629681
0.617074
0.606142
0.597923
0.591238
0.58218
0.575499
0.570573
0.566956
0.563846
0.562988
0.564567
0.569036
0.574105
0.579544
0.585352
0.590226
0.594762
0.599854
0.605659
0.611551
0.616931
0.622155
0.627414
0.632809
0.63802
0.643394
0.648135
0.652822
0.657181
0.661296
0.665359
0.669427
0.673547
0.677475
0.681155
0.684472
0.687595
0.691023
0.693279
0.694968
0.696165
0.69621
0.696217
0.696634
0.69756
0.698696
0.699065
0.699351
0.699554
0.699542
0.699417
0.699145
0.69898
0.698957
0.69916
0.699554
0.700397
0.701738
0.703572
0.70744
0.626295
0.584716
0.613177
0.600789
0.645018
0.665451
0.653257
0.648592
0.644377
0.621742
0.60242
0.588666
0.599021
0.614173
0.618869
0.621324
0.614399
0.607366
0.600579
0.594591
0.606339
0.614652
0.618493
0.618628
0.618249
0.617778
0.616893
0.613154
0.610652
0.610467
0.60655
0.602121
0.596238
0.588128
0.576742
0.566408
0.557293
0.550293
0.545041
0.537196
0.52978
0.52172
0.516437
0.512827
0.510625
0.508422
0.505785
0.507301
0.510421
0.516037
0.523627
0.53197
0.539543
0.546053
0.553327
0.560261
0.564769
0.569357
0.574381
0.579941
0.584888
0.589491
0.594026
0.598646
0.603226
0.607853
0.612718
0.617762
0.622896
0.627528
0.631834
0.636098
0.640494
0.644648
0.648711
0.652414
0.656169
0.660197
0.663692
0.666404
0.669122
0.671478
0.674046
0.67724
0.681433
0.686132
0.690748
0.695535
0.700553
0.70579
0.711299
0.716605
0.721831
0.726213
0.730642
0.733912
0.736704
0.739375
0.741547
0.744546
0.707034
0.655116
0.623943
0.596876
0.605389
0.622701
0.635718
0.648318
0.619382
0.58745
0.548216
0.52395
0.54332
0.559109
0.56498
0.565752
0.564646
0.561809
0.555711
0.55312
0.559268
0.563674
0.56587
0.565649
0.565769
0.565457
0.564844
0.562307
0.5595
0.558191
0.556923
0.550947
0.546664
0.542463
0.534043
0.527112
0.519023
0.514448
0.511413
0.51038
0.498959
0.496209
0.495082
0.491222
0.492613
0.495853
0.499818
0.503945
0.509242
0.516821
0.526013
0.536965
0.549843
0.560797
0.569134
0.5793
0.586608
0.591866
0.597159
0.602876
0.60692
0.610192
0.612807
0.615165
0.617445
0.619609
0.621949
0.624481
0.627266
0.630331
0.633787
0.637664
0.641641
0.645242
0.649042
0.652155
0.655133
0.658563
0.660944
0.662538
0.664234
0.665646
0.667194
0.669325
0.672488
0.676055
0.679737
0.683426
0.687235
0.691176
0.695244
0.699362
0.703823
0.708453
0.713165
0.718131
0.723372
0.729018
0.735077
0.744452
0.745288
0.718067
0.678419
0.625724
0.613455
0.609112
0.613143
0.624469
0.628267
0.61902
0.590724
0.546755
0.54707
0.548702
0.550371
0.555225
0.560762
0.560698
0.555387
0.550667
0.549984
0.556342
0.561888
0.558917
0.557406
0.556666
0.556327
0.555632
0.552122
0.55059
0.546627
0.539801
0.532826
0.527457
0.519464
0.507533
0.505238
0.504197
0.502695
0.506214
0.508921
0.516806
0.525488
0.530414
0.53569
0.541107
0.546804
0.552252
0.558265
0.565737
0.575093
0.585253
0.596575
0.605169
0.612769
0.621477
0.62735
0.632319
0.637167
0.642977
0.647424
0.65042
0.652571
0.654968
0.656857
0.658143
0.659585
0.661227
0.663031
0.664322
0.665653
0.667227
0.66879
0.670456
0.672264
0.674159
0.676321
0.678877
0.68065
0.681917
0.682391
0.682341
0.682187
0.6825
0.683652
0.685244
0.68713
0.689062
0.69115
0.693489
0.695951
0.698443
0.701003
0.703898
0.706923
0.709791
0.712833
0.71631
0.720429
0.727723
0.780085
0.767511
0.73861
0.686349
0.646229
0.629582
0.6199
0.619969
0.623909
0.634115
0.648094
0.628596
0.604021
0.58458
0.570453
0.56988
0.567453
0.567747
0.568473
0.565519
0.554954
0.538895
0.53817
0.543152
0.549924
0.562213
0.570836
0.567608
0.562022
0.554456
0.542115
0.534764
0.527583
0.517066
0.518259
0.522779
0.532074
0.543316
0.556674
0.572613
0.571724
0.574293
0.581069
0.58781
0.594082
0.597227
0.600329
0.604139
0.608415
0.613199
0.619457
0.625877
0.632625
0.640292
0.646641
0.652541
0.659003
0.6633
0.667446
0.672402
0.676132
0.678956
0.680968
0.682851
0.684161
0.685031
0.686078
0.686823
0.687838
0.689036
0.690133
0.691015
0.691211
0.691447
0.691905
0.692359
0.693034
0.693916
0.694832
0.6956
0.6956
0.695342
0.694847
0.694324
0.694984
0.695821
0.696747
0.697749
0.698576
0.699575
0.700773
0.702292
0.703947
0.705771
0.708036
0.710469
0.712459
0.714458
0.7166
0.720188
0.778017
0.790195
0.775875
0.745501
0.708981
0.675504
0.648916
0.632336
0.631068
0.639671
0.670385
0.680921
0.673674
0.658134
0.635951
0.623945
0.611161
0.601316
0.596024
0.596802
0.593455
0.578713
0.559602
0.551572
0.544344
0.541345
0.541903
0.543761
0.546408
0.543166
0.538363
0.535613
0.539113
0.54597
0.556798
0.569885
0.584301
0.597575
0.613236
0.627152
0.626258
0.630679
0.641577
0.647768
0.652359
0.653055
0.651001
0.650492
0.652092
0.654542
0.65779
0.66177
0.666262
0.671785
0.676873
0.680723
0.686071
0.69017
0.692973
0.696035
0.700203
0.7023
0.704267
0.706053
0.706863
0.707435
0.708422
0.70869
0.708567
0.708585
0.709007
0.710139
0.710933
0.710423
0.710096
0.709781
0.709571
0.709251
0.708679
0.707909
0.706943
0.705777
0.704414
0.702911
0.703198
0.70332
0.703529
0.703831
0.704237
0.704742
0.705539
0.706333
0.707432
0.708548
0.710075
0.711818
0.713627
0.715225
0.716427
0.71843
0.768422
0.78793
0.794927
0.78527
0.7662
0.741279
0.709352
0.676773
0.657154
0.656625
0.676778
0.696933
0.690293
0.683971
0.673529
0.664864
0.65797
0.650242
0.643197
0.649142
0.647847
0.638445
0.622922
0.606311
0.587719
0.574426
0.561121
0.5548
0.547627
0.547055
0.551419
0.560192
0.57713
0.602165
0.624572
0.641159
0.660336
0.669586
0.684775
0.689127
0.687876
0.690831
0.695276
0.696777
0.696039
0.693975
0.691982
0.689045
0.686747
0.688169
0.690217
0.69246
0.694958
0.697782
0.701669
0.704225
0.706927
0.710208
0.712199
0.714215
0.716888
0.719958
0.721097
0.722041
0.72335
0.723749
0.723869
0.724123
0.724493
0.724276
0.724307
0.724492
0.725148
0.725233
0.724577
0.723982
0.723297
0.722295
0.720848
0.718994
0.716819
0.714497
0.712058
0.709409
0.709097
0.708601
0.708042
0.707889
0.707769
0.708028
0.708295
0.708902
0.709641
0.710594
0.711635
0.712965
0.71473
0.715776
0.716538
0.717959
0.752235
0.781284
0.79512
0.793128
0.787899
0.779587
0.764499
0.742855
0.715214
0.692963
0.701886
0.717038
0.713445
0.706577
0.700414
0.693857
0.68694
0.678337
0.67233
0.677217
0.680614
0.676875
0.670314
0.662317
0.651372
0.636694
0.614732
0.6036
0.586824
0.59169
0.600319
0.61571
0.639313
0.666676
0.691915
0.713026
0.735376
0.74501
0.761001
0.762257
0.762029
0.761122
0.756174
0.744093
0.727684
0.714768
0.717611
0.717473
0.716272
0.714234
0.714276
0.71512
0.716208
0.717793
0.719329
0.721486
0.722705
0.724356
0.725666
0.726583
0.727684
0.729858
0.732369
0.732135
0.732814
0.734504
0.734796
0.734919
0.73488
0.734777
0.735159
0.735018
0.735306
0.735673
0.735065
0.734225
0.733254
0.731953
0.730224
0.727951
0.725112
0.721904
0.718331
0.714624
0.713848
0.712805
0.711705
0.710739
0.710024
0.709584
0.709883
0.710145
0.710673
0.711818
0.712506
0.713397
0.714789
0.716336
0.71672
0.717412
0.737699
0.767894
0.791127
0.792567
0.795242
0.79371
0.789838
0.782463
0.770086
0.751045
0.747607
0.750705
0.75007
0.741056
0.732841
0.724166
0.718245
0.710192
0.701819
0.702335
0.713501
0.711654
0.704718
0.697085
0.686903
0.67428
0.6576
0.643946
0.617331
0.626257
0.637331
0.658594
0.694388
0.72526
0.74775
0.769691
0.791617
0.805794
0.823279
0.829364
0.834339
0.834072
0.827721
0.815651
0.796305
0.768449
0.72527
0.728789
0.73955
0.73732
0.733029
0.731678
0.731777
0.731583
0.731862
0.732008
0.732876
0.732867
0.733183
0.73354
0.733977
0.734725
0.737292
0.738161
0.738482
0.739401
0.740871
0.74115
0.741476
0.741842
0.742098
0.741823
0.741944
0.742423
0.742045
0.741219
0.740163
0.738751
0.736897
0.734441
0.731284
0.727615
0.723136
0.719349
0.718104
0.716526
0.714866
0.713191
0.712055
0.710936
0.710828
0.71107
0.711273
0.712038
0.712948
0.713929
0.714856
0.716249
0.717163
0.717345
0.73303
0.753946
0.778774
0.787686
0.793825
0.796707
0.801242
0.802185
0.8
0.79432
0.791808
0.796384
0.798782
0.792124
0.780608
0.768108
0.7569
0.747942
0.737893
0.733382
0.740578
0.74177
0.734094
0.72536
0.714013
0.697468
0.668568
0.62364
0.630469
0.643787
0.662905
0.695269
0.738493
0.770427
0.797226
0.818786
0.833972
0.849897
0.86813
0.879629
0.889008
0.889438
0.887207
0.880072
0.864786
0.838916
0.800622
0.734351
0.727727
0.748347
0.746977
0.744571
0.740272
0.7394
0.738946
0.737893
0.73785
0.737949
0.737219
0.737141
0.737223
0.737618
0.738392
0.74084
0.741479
0.742425
0.743884
0.744914
0.745434
0.746288
0.746623
0.746657
0.746816
0.74681
0.746803
0.745968
0.745039
0.743479
0.741535
0.739073
0.735905
0.732112
0.727023
0.723566
0.722059
0.720126
0.718118
0.716091
0.714268
0.713073
0.71212
0.711912
0.712268
0.712553
0.713209
0.714572
0.715382
0.71644
0.718011
0.717996
0.733605
0.750543
0.765154
0.778371
0.787099
0.795311
0.800565
0.806306
0.812997
0.814342
0.81621
0.827477
0.840583
0.842656
0.83752
0.829495
0.816703
0.801067
0.789781
0.777609
0.777849
0.780698
0.773514
0.761548
0.744457
0.713762
0.665727
0.617962
0.641053
0.659156
0.687414
0.729827
0.769095
0.800461
0.823997
0.846861
0.869636
0.889973
0.903141
0.911717
0.917172
0.921902
0.927387
0.925449
0.917006
0.899645
0.87006
0.821094
0.743142
0.715776
0.745987
0.750294
0.749142
0.743957
0.741186
0.741127
0.740469
0.740847
0.740469
0.739481
0.739179
0.739423
0.740326
0.741335
0.743398
0.744558
0.745773
0.747047
0.749101
0.750027
0.749712
0.749959
0.75096
0.750502
0.750412
0.749949
0.749202
0.747756
0.745632
0.74295
0.739645
0.735703
0.729983
0.727382
0.725734
0.723636
0.721585
0.719618
0.717623
0.716026
0.714738
0.71372
0.713814
0.714103
0.714507
0.715379
0.716758
0.717972
0.719597
0.719928
0.735506
0.751473
0.763224
0.772542
0.779187
0.789416
0.796971
0.805212
0.813106
0.817749
0.824534
0.839414
0.853667
0.863153
0.874577
0.873577
0.868262
0.856603
0.849837
0.841708
0.833646
0.829273
0.81879
0.805571
0.779121
0.730236
0.639594
0.646361
0.669268
0.695029
0.726672
0.767613
0.794253
0.82276
0.84721
0.869142
0.887846
0.906848
0.918912
0.931493
0.936803
0.941277
0.946951
0.94757
0.943914
0.935355
0.918103
0.887462
0.838154
0.762228
0.706879
0.739778
0.751955
0.751306
0.747313
0.742621
0.742545
0.742762
0.743263
0.742919
0.742172
0.742043
0.742432
0.74367
0.745002
0.746868
0.749032
0.750135
0.751299
0.752493
0.753453
0.754745
0.755275
0.754895
0.754064
0.75342
0.752645
0.751397
0.749418
0.746644
0.743107
0.73887
0.732663
0.731151
0.729678
0.727802
0.725957
0.724102
0.722266
0.720498
0.718832
0.717649
0.717243
0.717097
0.717462
0.718082
0.718942
0.720357
0.721934
0.722638
0.739526
0.753258
0.764592
0.770478
0.776398
0.783294
0.791091
0.800309
0.809472
0.816172
0.824601
0.839058
0.853279
0.869141
0.88387
0.895009
0.8938
0.889977
0.885223
0.882301
0.884116
0.877252
0.866222
0.845671
0.804377
0.7397
0.663876
0.703801
0.717584
0.737769
0.760802
0.789855
0.810537
0.831953
0.852471
0.872475
0.891108
0.908633
0.921196
0.934123
0.944743
0.956974
0.95929
0.95536
0.948903
0.947145
0.942381
0.930297
0.903382
0.852341
0.77745
0.703115
0.734873
0.752385
0.75238
0.749346
0.745464
0.745582
0.74596
0.746801
0.746684
0.746317
0.746377
0.747051
0.748533
0.750512
0.752324
0.753535
0.754946
0.756673
0.759032
0.760055
0.759656
0.759671
0.759632
0.758773
0.75753
0.755981
0.753926
0.751159
0.747508
0.742877
0.736154
0.735382
0.73451
0.733169
0.731676
0.729994
0.728317
0.726601
0.7251
0.723749
0.722737
0.721815
0.721859
0.721705
0.722414
0.723211
0.724399
0.725778
0.744493
0.755906
0.767127
0.771642
0.776521
0.782061
0.787873
0.794835
0.803116
0.811285
0.820885
0.834668
0.849783
0.868057
0.882221
0.896571
0.902211
0.907866
0.906411
0.911139
0.905114
0.896422
0.880438
0.845227
0.786603
0.694552
0.709482
0.736504
0.749035
0.763827
0.778953
0.799067
0.815854
0.833544
0.852096
0.86847
0.885116
0.899962
0.912151
0.924799
0.937716
0.939569
0.941964
0.947141
0.955133
0.954609
0.950768
0.947684
0.937632
0.911742
0.863534
0.792164
0.706354
0.737063
0.757455
0.75786
0.755955
0.752305
0.752397
0.752628
0.753049
0.753263
0.753217
0.753244
0.753734
0.755612
0.757274
0.75872
0.759703
0.761214
0.764165
0.764743
0.765334
0.765351
0.764965
0.76447
0.76346
0.761922
0.759407
0.75606
0.752036
0.747004
0.740168
0.740213
0.739935
0.739037
0.737873
0.736418
0.735105
0.733644
0.732377
0.731045
0.729746
0.728454
0.727429
0.726269
0.726531
0.727135
0.728011
0.729483
0.74887
0.758801
0.769866
0.774199
0.778351
0.782417
0.787811
0.792832
0.799643
0.806756
0.815264
0.827109
0.841501
0.861112
0.878205
0.893888
0.903018
0.9113
0.922723
0.917654
0.906423
0.891112
0.86043
0.809574
0.722706
0.731694
0.756672
0.76151
0.768455
0.775887
0.786222
0.801005
0.813965
0.829952
0.845347
0.858825
0.87205
0.883046
0.894579
0.906381
0.912529
0.91938
0.927458
0.936617
0.944343
0.955997
0.955577
0.950944
0.94853
0.942841
0.924313
0.880168
0.808674
0.713319
0.740511
0.766731
0.766268
0.764759
0.760928
0.759778
0.760166
0.760325
0.76017
0.760201
0.760761
0.761489
0.762583
0.764429
0.765446
0.766591
0.76879
0.769883
0.770926
0.771896
0.771048
0.770033
0.76918
0.767885
0.765553
0.761951
0.757347
0.75127
0.744456
0.7455
0.745695
0.745185
0.744315
0.743114
0.742046
0.740981
0.739975
0.738768
0.737423
0.735959
0.734408
0.732964
0.731578
0.731816
0.732691
0.734148
0.749835
0.761016
0.773316
0.777555
0.78177
0.784257
0.78894
0.792972
0.798297
0.804715
0.811782
0.820358
0.832345
0.849093
0.867102
0.886235
0.901031
0.919304
0.917007
0.907451
0.895143
0.868049
0.818099
0.737551
0.745076
0.769064
0.772552
0.775322
0.776514
0.779805
0.787802
0.797694
0.807327
0.820133
0.832095
0.844595
0.855625
0.86728
0.879007
0.887498
0.896222
0.905719
0.915273
0.924778
0.928982
0.935329
0.944739
0.957934
0.958235
0.955791
0.952339
0.935899
0.8942
0.825569
0.721728
0.736722
0.768718
0.770588
0.769533
0.767208
0.764873
0.765153
0.765106
0.76529
0.765849
0.766266
0.767068
0.768679
0.769978
0.771378
0.773656
0.775296
0.775902
0.776924
0.776731
0.775568
0.774558
0.772898
0.770482
0.766986
0.762171
0.754387
0.748041
0.749821
0.75068
0.750234
0.749628
0.748995
0.74836
0.74759
0.746818
0.745948
0.744909
0.743606
0.74198
0.740171
0.738784
0.737461
0.738162
0.740068
0.74842
0.760958
0.774186
0.781443
0.784266
0.787045
0.791134
0.794749
0.799192
0.804868
0.811211
0.818807
0.829212
0.840704
0.854631
0.872227
0.893269
0.906515
0.899418
0.890653
0.867354
0.820959
0.742605
0.744894
0.762054
0.780136
0.779207
0.777438
0.778535
0.781487
0.787838
0.793613
0.800995
0.810353
0.820194
0.830318
0.841093
0.852544
0.861513
0.87158
0.881894
0.894504
0.901536
0.90817
0.917313
0.926464
0.936499
0.94765
0.963537
0.966646
0.961395
0.958245
0.943784
0.904402
0.839045
0.735034
0.735759
0.767777
0.774427
0.773511
0.772323
0.76941
0.769611
0.770089
0.770636
0.771167
0.772309
0.773267
0.77432
0.77626
0.77791
0.779646
0.782096
0.782724
0.782388
0.781443
0.780408
0.778619
0.775759
0.77162
0.76604
0.756449
0.751564
0.75404
0.754901
0.754647
0.754356
0.753981
0.753555
0.753228
0.752974
0.752522
0.751667
0.750496
0.749186
0.747664
0.746171
0.744107
0.744337
0.746374
0.746473
0.760369
0.772657
0.784812
0.787063
0.789549
0.794029
0.79759
0.801333
0.80558
0.811462
0.818865
0.828099
0.837667
0.847912
0.86111
0.879424
0.878563
0.873494
0.856794
0.814824
0.74051
0.737939
0.754269
0.778092
0.777841
0.777253
0.777824
0.779169
0.781448
0.784335
0.78802
0.794262
0.801972
0.810489
0.820198
0.829448
0.839457
0.849047
0.859827
0.870273
0.880995
0.889337
0.900039
0.909322
0.918401
0.927811
0.937973
0.948852
0.96327
0.96505
0.963395
0.960752
0.948385
0.912999
0.854772
0.754009
0.73533
0.770607
0.778489
0.780094
0.779482
0.777062
0.776877
0.777288
0.777769
0.778823
0.779412
0.780647
0.782265
0.783568
0.785765
0.787481
0.788976
0.788601
0.787221
0.78621
0.784318
0.781229
0.77656
0.769829
0.757556
0.754098
0.756876
0.757939
0.758391
0.758343
0.758291
0.758313
0.758271
0.758167
0.757855
0.757417
0.756627
0.755507
0.753947
0.752748
0.750879
0.751008
0.752973
0.745214
0.758923
0.770596
0.783973
0.789387
0.791555
0.797656
0.802687
0.805047
0.807925
0.812799
0.819442
0.828299
0.836694
0.846
0.856795
0.856334
0.852326
0.838333
0.800158
0.732255
0.724692
0.74081
0.763765
0.769635
0.771093
0.772828
0.773764
0.775484
0.777667
0.780415
0.784333
0.789421
0.796072
0.803594
0.812641
0.821393
0.830781
0.840561
0.850728
0.860309
0.87006
0.880659
0.891604
0.89943
0.908943
0.919069
0.929318
0.939034
0.947113
0.957154
0.969302
0.967139
0.964064
0.953353
0.924289
0.867028
0.78115
0.738944
0.772957
0.78325
0.788606
0.787938
0.787055
0.78534
0.785108
0.784988
0.785441
0.787042
0.787835
0.789007
0.792168
0.792957
0.794251
0.794263
0.793095
0.791966
0.790007
0.786548
0.781284
0.773449
0.758742
0.756658
0.759506
0.761119
0.761337
0.761758
0.762104
0.762195
0.762396
0.762923
0.762946
0.76247
0.761564
0.760567
0.759459
0.758901
0.757912
0.757221
0.758756
0.744943
0.757312
0.770614
0.782407
0.791684
0.793577
0.798186
0.806201
0.809032
0.810892
0.814804
0.820446
0.828292
0.835509
0.843906
0.842179
0.837041
0.823118
0.786855
0.724223
0.710745
0.726292
0.749479
0.756976
0.760547
0.765025
0.769098
0.771816
0.774397
0.777074
0.780266
0.784019
0.788402
0.793846
0.800152
0.807395
0.815862
0.825145
0.83557
0.843773
0.853148
0.863778
0.87448
0.882397
0.891822
0.901115
0.910721
0.919894
0.930321
0.937706
0.946992
0.958284
0.969949
0.972326
0.968038
0.960448
0.93338
0.885521
0.814699
0.741881
0.770686
0.784992
0.794764
0.793439
0.792971
0.790931
0.790712
0.791158
0.792436
0.79337
0.794955
0.796781
0.799455
0.799504
0.799972
0.799021
0.797836
0.795597
0.791656
0.785526
0.776003
0.75876
0.758858
0.762702
0.764042
0.764273
0.764918
0.765305
0.765697
0.766921
0.767079
0.766792
0.766281
0.765963
0.765848
0.7653
0.764541
0.763232
0.762609
0.76398
0.734228
0.755118
0.76859
0.781407
0.794869
0.797071
0.799468
0.808206
0.812328
0.813909
0.817106
0.82214
0.828162
0.834569
0.832865
0.827612
0.813345
0.777495
0.716714
0.700289
0.716045
0.739408
0.747401
0.751464
0.75701
0.763317
0.768332
0.773293
0.775948
0.778705
0.781875
0.785298
0.789024
0.793353
0.798638
0.804853
0.812276
0.820555
0.830154
0.839284
0.84895
0.859433
0.868641
0.878313
0.888231
0.895348
0.904078
0.914479
0.924172
0.933228
0.94215
0.950485
0.960924
0.977236
0.976765
0.975444
0.970892
0.947734
0.89983
0.832289
0.750519
0.773051
0.792668
0.802098
0.799806
0.799379
0.798235
0.797419
0.79794
0.799193
0.801697
0.803115
0.804487
0.805082
0.80587
0.805323
0.803903
0.801226
0.796225
0.788585
0.776778
0.757672
0.759815
0.764838
0.76613
0.766454
0.767099
0.768118
0.769659
0.770233
0.770075
0.77024
0.770498
0.770557
0.770404
0.769893
0.769087
0.768172
0.768063
0.768989
0.713329
0.751484
0.769551
0.782591
0.799218
0.804595
0.804111
0.808222
0.81583
0.816305
0.818971
0.825035
0.827905
0.825529
0.820027
0.806013
0.770097
0.708954
0.690668
0.707328
0.729704
0.738975
0.742955
0.748541
0.754703
0.761128
0.767947
0.772742
0.775856
0.778444
0.781343
0.78482
0.788711
0.793054
0.798031
0.803824
0.81028
0.817716
0.825759
0.834735
0.844697
0.853803
0.863781
0.875123
0.884189
0.891804
0.900291
0.909579
0.919033
0.929357
0.936465
0.944691
0.953811
0.96428
0.974894
0.989331
0.982561
0.976328
0.955429
0.913462
0.852498
0.76435
0.77557
0.801467
0.810659
0.809675
0.808417
0.807028
0.805956
0.80644
0.807611
0.809214
0.811926
0.812573
0.811663
0.811273
0.810333
0.807619
0.801747
0.791872
0.775841
0.756033
0.760843
0.767126
0.76754
0.76811
0.769615
0.771275
0.77205
0.772701
0.772628
0.773172
0.774299
0.774422
0.774349
0.774094
0.773927
0.773662
0.773124
0.773806
0.727132
0.743262
0.768078
0.781543
0.795912
0.807398
0.808865
0.810347
0.81614
0.818485
0.821001
0.82453
0.822787
0.815797
0.799108
0.763861
0.705199
0.680616
0.699193
0.717892
0.731074
0.734563
0.739668
0.745737
0.752349
0.759353
0.765265
0.770478
0.775466
0.778795
0.782079
0.785546
0.789566
0.793968
0.798753
0.803924
0.80974
0.816212
0.82343
0.831424
0.839856
0.848918
0.858665
0.868098
0.877486
0.886906
0.895773
0.904754
0.913662
0.922491
0.931105
0.940358
0.949165
0.958958
0.970013
0.984456
0.990008
0.985293
0.981888
0.966274
0.928702
0.873246
0.782185
0.774675
0.802826
0.810125
0.815724
0.814137
0.812806
0.812584
0.813187
0.814673
0.816888
0.819161
0.818493
0.817273
0.815822
0.812424
0.805567
0.793495
0.770581
0.755984
0.764765
0.768421
0.768675
0.770493
0.771804
0.772495
0.773316
0.773976
0.774702
0.775479
0.776656
0.777051
0.777456
0.777714
0.778008
0.778055
0.777853
0.778248
0.658357
0.73393
0.758488
0.777075
0.787641
0.802094
0.806552
0.808954
0.814434
0.817863
0.819383
0.817827
0.813348
0.797165
0.760134
0.702085
0.67073
0.692115
0.706561
0.723409
0.727606
0.732441
0.737823
0.74366
0.750138
0.756901
0.762636
0.768459
0.77384
0.77836
0.782105
0.785949
0.790027
0.794515
0.799287
0.804326
0.809851
0.815815
0.822448
0.829545
0.837358
0.845558
0.854381
0.86356
0.873116
0.882902
0.891946
0.9006
0.909304
0.918132
0.926971
0.936334
0.945837
0.955818
0.965179
0.975337
0.990776
0.993481
0.990374
0.989919
0.977878
0.943325
0.886677
0.793912
0.775594
0.805914
0.813029
0.82235
0.820381
0.81964
0.81972
0.820333
0.821809
0.82383
0.824382
0.822988
0.821237
0.816416
0.807421
0.791781
0.761326
0.757769
0.767619
0.768858
0.77037
0.773223
0.773166
0.773068
0.773825
0.77465
0.775759
0.777317
0.778571
0.779658
0.780179
0.780349
0.78067
0.781075
0.781416
0.781865
0.595243
0.698755
0.735138
0.772901
0.782706
0.794679
0.802766
0.805893
0.81549
0.815966
0.814002
0.808634
0.793801
0.758867
0.704311
0.661086
0.684923
0.69633
0.712006
0.717775
0.722248
0.727375
0.733107
0.739526
0.746761
0.753737
0.759988
0.765867
0.771768
0.777566
0.782599
0.786708
0.791008
0.795579
0.800487
0.805735
0.811298
0.81702
0.823036
0.829394
0.836232
0.843629
0.85158
0.860113
0.869114
0.87854
0.88806
0.896999
0.905547
0.914298
0.923159
0.932409
0.941739
0.952165
0.960742
0.970635
0.981893
0.991011
0.996877
1.00322
0.99599
0.981239
0.948941
0.896545
0.823314
0.779858
0.811039
0.820974
0.829479
0.828383
0.82713
0.827049
0.827397
0.829314
0.829142
0.828327
0.826612
0.820663
0.808734
0.787317
0.753982
0.759732
0.770169
0.77035
0.771717
0.775573
0.775475
0.775559
0.775861
0.776274
0.777206
0.778689
0.779055
0.780039
0.781557
0.782193
0.782523
0.782969
0.783546
0.78436
0.593336
0.637744
0.73123
0.75183
0.776249
0.788689
0.801383
0.809131
0.812725
0.81175
0.806021
0.790861
0.756014
0.702435
0.652054
0.678686
0.68692
0.69911
0.710399
0.714301
0.718683
0.723918
0.730172
0.737304
0.744434
0.75032
0.756518
0.763033
0.769731
0.775816
0.781571
0.786764
0.791688
0.796699
0.801824
0.807196
0.812753
0.818505
0.82444
0.830543
0.836952
0.843665
0.850972
0.858851
0.867333
0.876316
0.885857
0.895049
0.903369
0.911966
0.921029
0.930165
0.939879
0.949018
0.958478
0.968773
0.976495
0.985257
0.997789
1.00602
1.00422
0.998689
0.985345
0.958857
0.906218
0.834597
0.783129
0.807208
0.820807
0.830469
0.83128
0.82965
0.830105
0.830718
0.83105
0.83071
0.828092
0.820333
0.804335
0.772782
0.751872
0.765412
0.770262
0.770985
0.77393
0.778132
0.778771
0.778104
0.777881
0.778458
0.779856
0.781563
0.781533
0.781459
0.781923
0.782826
0.783423
0.783845
0.784401
0.785481
0.790935
0.580522
0.678891
0.741465
0.768031
0.790098
0.800948
0.815554
0.810878
0.803922
0.790514
0.754247
0.698247
0.643779
0.672077
0.677787
0.68879
0.702121
0.705881
0.709899
0.714754
0.720718
0.727379
0.734829
0.741078
0.747482
0.754017
0.760624
0.76741
0.774102
0.780598
0.786497
0.792234
0.797907
0.803715
0.809705
0.815627
0.821643
0.827373
0.833191
0.839156
0.845437
0.852077
0.859252
0.866944
0.875174
0.883907
0.892392
0.900761
0.909244
0.917909
0.926614
0.935828
0.944033
0.953612
0.9604
0.968234
0.977587
0.985843
0.995202
1.00483
1.00278
0.99676
0.987576
0.957459
0.908806
0.850751
0.778859
0.794413
0.815893
0.825091
0.829748
0.829654
0.829436
0.82905
0.827842
0.823526
0.813417
0.792318
0.752068
0.752687
0.765532
0.767531
0.770188
0.775943
0.778516
0.778462
0.778192
0.778674
0.77919
0.779338
0.780143
0.78199
0.783236
0.782515
0.782635
0.782957
0.783295
0.783702
0.78482
1.06325
0.60798
0.624797
0.723156
0.756691
0.786249
0.797001
0.809597
0.803352
0.79134
0.75408
0.694268
0.633729
0.664832
0.671203
0.683013
0.695845
0.698764
0.702323
0.706694
0.712034
0.718342
0.725571
0.732051
0.738798
0.745622
0.752471
0.759272
0.766166
0.773287
0.780199
0.786827
0.793469
0.799805
0.806283
0.812422
0.818587
0.824334
0.829932
0.835583
0.841353
0.847346
0.853712
0.860385
0.867522
0.875028
0.88291
0.890953
0.899332
0.907914
0.916862
0.925068
0.933602
0.941308
0.949192
0.956187
0.963097
0.970187
0.975162
0.98088
0.988874
1.00159
0.999469
0.991451
0.981962
0.956238
0.91106
0.849551
0.772887
0.785951
0.810027
0.813583
0.822886
0.823427
0.823295
0.820996
0.812754
0.796065
0.765889
0.736872
0.749574
0.758977
0.76116
0.764929
0.770349
0.772014
0.773198
0.775166
0.775855
0.776054
0.775948
0.776657
0.77826
0.780445
0.781281
0.780886
0.780345
0.780341
0.780083
0.780253
1.30017
0.937048
0.618602
0.66516
0.751908
0.769794
0.794297
0.793269
0.787197
0.753477
0.691968
0.626677
0.658859
0.667135
0.682727
0.692463
0.693831
0.696705
0.700628
0.705796
0.712192
0.719366
0.72579
0.732508
0.739734
0.746852
0.753475
0.760117
0.766876
0.773828
0.780972
0.787845
0.794663
0.801284
0.807883
0.814382
0.820482
0.826748
0.832336
0.837787
0.843431
0.849143
0.855081
0.86131
0.86788
0.874705
0.8817
0.888833
0.896214
0.903631
0.911239
0.918838
0.925411
0.932411
0.938187
0.944099
0.949713
0.954701
0.960961
0.964822
0.968907
0.97364
0.982741
0.979977
0.972019
0.963953
0.941816
0.895885
0.840554
0.762304
0.761043
0.785074
0.792647
0.804178
0.806374
0.804385
0.78976
0.764936
0.723755
0.725942
0.740056
0.743014
0.747496
0.754048
0.756015
0.758282
0.761399
0.763926
0.764693
0.765934
0.767747
0.769643
0.769968
0.770714
0.772017
0.772997
0.772478
0.77147
0.76995
0.769118
1.38486
1.2681
0.803169
0.584851
0.676123
0.750575
0.785716
0.777354
0.745016
0.683638
0.617618
0.650578
0.662618
0.684095
0.689945
0.689848
0.691598
0.694727
0.699527
0.705561
0.712581
0.718441
0.724634
0.731337
0.73842
0.745597
0.752344
0.758913
0.765586
0.772484
0.779603
0.786929
0.793927
0.800748
0.807505
0.814455
0.821193
0.827963
0.83387
0.839388
0.844551
0.84998
0.855668
0.861541
0.867605
0.873446
0.879259
0.8853
0.891238
0.897299
0.903554
0.910014
0.915591
0.921055
0.92633
0.929839
0.934147
0.936542
0.939853
0.942567
0.944861
0.946904
0.9488
0.952018
0.950167
0.943133
0.933276
0.914128
0.877107
0.821308
0.733063
0.735368
0.758473
0.773089
0.779649
0.775045
0.751047
0.705922
0.698419
0.710293
0.716953
0.720232
0.72508
0.730766
0.733226
0.735906
0.739665
0.74205
0.744524
0.748021
0.753006
0.754307
0.753642
0.753817
0.754648
0.756097
0.755909
0.754675
0.752252
0.748965
1.40139
1.3433
1.07876
0.614144
0.619868
0.712623
0.752651
0.738623
0.674937
0.604098
0.638354
0.655866
0.681805
0.684644
0.683561
0.684565
0.687004
0.691351
0.697345
0.704179
0.710913
0.717057
0.723463
0.73017
0.737263
0.744558
0.751485
0.758412
0.765311
0.772281
0.779374
0.786635
0.793886
0.800854
0.807643
0.814295
0.821399
0.827834
0.834296
0.839352
0.844374
0.849299
0.854168
0.859456
0.863562
0.867726
0.871369
0.874983
0.878748
0.882599
0.886856
0.889742
0.892878
0.895291
0.89788
0.899882
0.900864
0.902351
0.903689
0.905334
0.906393
0.907003
0.908125
0.909564
0.912781
0.914788
0.918496
0.908456
0.892846
0.853478
0.807757
0.731703
0.718859
0.739449
0.73938
0.730445
0.703819
0.666378
0.676449
0.689364
0.69074
0.692414
0.695676
0.70022
0.703787
0.706673
0.709917
0.713037
0.716867
0.721384
0.726393
0.729141
0.730133
0.729515
0.729249
0.729243
0.729303
0.728837
0.726119
0.721179
1.40646
1.39526
1.30721
0.996285
0.652029
0.660961
0.684477
0.655928
0.593903
0.635843
0.657981
0.688368
0.690457
0.687736
0.687279
0.688563
0.691567
0.696371
0.70181
0.707362
0.712975
0.719008
0.725609
0.732561
0.739572
0.746876
0.753723
0.760156
0.766603
0.77294
0.77944
0.785948
0.79269
0.799215
0.805357
0.811143
0.816681
0.822736
0.827604
0.832663
0.836314
0.839064
0.841581
0.843317
0.845206
0.84605
0.846926
0.84743
0.847846
0.848461
0.849249
0.850342
0.851354
0.852726
0.854261
0.855862
0.857915
0.860366
0.863382
0.86712
0.872105
0.875689
0.878279
0.881964
0.886695
0.893119
0.902017
0.898945
0.892519
0.878796
0.853294
0.807569
0.745355
0.705263
0.692015
0.668249
0.656007
0.665042
0.669517
0.673296
0.674466
0.67594
0.67848
0.682571
0.68559
0.686642
0.68789
0.689585
0.691675
0.693733
0.696146
0.699081
0.701742
0.702199
0.701541
0.700104
0.698392
0.697493
0.696044
0.692498
1.40801
1.40448
1.40618
1.32581
0.867178
0.576577
0.513939
0.492469
0.553318
0.599968
0.642685
0.649351
0.658663
0.663232
0.668902
0.674842
0.681045
0.687603
0.694349
0.701569
0.707969
0.714254
0.720757
0.727354
0.734017
0.740669
0.747668
0.753574
0.75906
0.764038
0.768835
0.773877
0.778713
0.783815
0.788737
0.792637
0.796404
0.798627
0.801002
0.802326
0.803289
0.8036
0.803423
0.802999
0.80231
0.801352
0.800926
0.801147
0.801811
0.80296
0.804665
0.807078
0.810149
0.813389
0.817034
0.820972
0.825095
0.829919
0.835481
0.842026
0.849919
0.8557
0.86077
0.866603
0.873375
0.881101
0.89148
0.902101
0.898923
0.893434
0.881019
0.849494
0.804689
0.740734
0.659174
0.613238
0.640628
0.655576
0.654459
0.654237
0.65562
0.657141
0.658981
0.661412
0.663242
0.663519
0.664056
0.664971
0.665616
0.666294
0.667407
0.669132
0.670758
0.671139
0.671389
0.671306
0.671679
0.67356
0.674876
0.67497
1.40827
1.40703
1.39809
1.33232
1.05097
0.680023
0.388218
0.448599
0.474307
0.530017
0.560294
0.568464
0.578252
0.589465
0.601287
0.613732
0.626234
0.635861
0.645572
0.655158
0.664493
0.67396
0.681668
0.688533
0.69457
0.700803
0.706182
0.711677
0.716335
0.720222
0.723613
0.726881
0.730299
0.733146
0.736171
0.738829
0.740867
0.742965
0.744883
0.746832
0.74929
0.75208
0.754925
0.757911
0.760733
0.763384
0.766152
0.769095
0.772316
0.775755
0.779487
0.783711
0.788219
0.792967
0.798197
0.803872
0.809803
0.816249
0.823343
0.831232
0.838738
0.846369
0.854099
0.861785
0.869344
0.877442
0.886727
0.900797
0.907945
0.90446
0.900177
0.883769
0.843851
0.76357
0.637206
0.60342
0.644697
0.650229
0.650443
0.650228
0.649949
0.649732
0.649815
0.650395
0.651866
0.652348
0.652099
0.651985
0.652162
0.652654
0.653535
0.654619
0.656073
0.657667
0.659756
0.663083
0.668384
0.676065
0.677904
0.676636
1.40834
1.40749
1.40014
1.34018
1.08252
0.703205
0.392143
0.467172
0.526624
0.529323
0.532714
0.537956
0.545042
0.55211
0.560521
0.569198
0.576131
0.583188
0.590442
0.597395
0.604582
0.612086
0.619611
0.626551
0.633
0.63861
0.644298
0.649648
0.654949
0.660268
0.665609
0.67104
0.67645
0.68197
0.687303
0.692689
0.697886
0.70296
0.70812
0.713164
0.718887
0.724812
0.730378
0.736103
0.742052
0.747207
0.751737
0.756336
0.761041
0.765751
0.770605
0.775446
0.780625
0.786284
0.79229
0.798619
0.80549
0.812803
0.820614
0.829175
0.837945
0.846074
0.854196
0.862796
0.871398
0.88047
0.8902
0.901906
0.918316
0.917918
0.913463
0.904901
0.866483
0.787937
0.650551
0.603169
0.650306
0.654727
0.655812
0.655369
0.654052
0.653767
0.653517
0.653838
0.654605
0.654448
0.653969
0.653645
0.653776
0.654393
0.655587
0.657547
0.659936
0.662912
0.667046
0.672627
0.679817
0.683618
0.683296
0.682102
1.40834
1.40752
1.40051
1.34311
1.09465
0.721179
0.439863
0.545722
0.580603
0.572617
0.564024
0.566443
0.570639
0.570428
0.57172
0.574459
0.57817
0.582503
0.587036
0.591726
0.597015
0.602789
0.608681
0.614783
0.620885
0.627257
0.632932
0.638476
0.643578
0.648359
0.653129
0.658003
0.663
0.668144
0.673494
0.679085
0.684959
0.691118
0.697471
0.704166
0.711018
0.718163
0.725672
0.732373
0.739052
0.745
0.749948
0.754871
0.759901
0.765074
0.770427
0.776038
0.782006
0.788298
0.794982
0.802182
0.810033
0.818455
0.827484
0.837205
0.847206
0.857262
0.866536
0.876069
0.884817
0.892975
0.901345
0.910795
0.926811
0.928234
0.922817
0.915177
0.883484
0.807833
0.662031
0.599727
0.654578
0.657932
0.65968
0.659741
0.659773
0.660208
0.660899
0.661983
0.663523
0.664919
0.665511
0.666177
0.667153
0.668419
0.670115
0.672253
0.674839
0.677926
0.68194
0.686581
0.690766
0.693085
0.693117
0.694341
1.40834
1.40744
1.39962
1.33707
1.07751
0.709119
0.463818
0.591646
0.617892
0.613629
0.609876
0.607176
0.603489
0.600547
0.597501
0.597687
0.59784
0.598258
0.599534
0.601792
0.605266
0.609655
0.61472
0.620445
0.625881
0.631361
0.636423
0.640997
0.645557
0.650088
0.654703
0.659534
0.664708
0.670302
0.676403
0.68306
0.690257
0.698009
0.706126
0.714915
0.722124
0.729197
0.73573
0.741373
0.746873
0.7522
0.757268
0.762398
0.767744
0.773433
0.779498
0.785992
0.792976
0.800451
0.80842
0.816824
0.825589
0.834642
0.843937
0.853609
0.862429
0.871105
0.878646
0.885665
0.892775
0.899362
0.906132
0.913595
0.926528
0.932726
0.926953
0.918695
0.891603
0.819821
0.677436
0.593895
0.654764
0.658976
0.660887
0.661418
0.661755
0.663032
0.665035
0.66771
0.671131
0.674556
0.676683
0.67851
0.680186
0.681812
0.683553
0.685479
0.687336
0.689055
0.69105
0.69351
0.696405
0.698119
0.700463
0.701419
1.40835
1.40753
1.40051
1.34313
1.09494
0.721585
0.434612
0.539823
0.591539
0.598617
0.601792
0.60631
0.6093
0.608579
0.607648
0.607636
0.608177
0.609316
0.611129
0.613723
0.617072
0.621007
0.625357
0.63
0.634586
0.639232
0.643958
0.6488
0.653876
0.659305
0.665121
0.671388
0.678094
0.685214
0.692729
0.700531
0.708151
0.715235
0.721763
0.727545
0.73282
0.737706
0.742523
0.747315
0.752065
0.756756
0.761503
0.766516
0.771953
0.77799
0.784705
0.792112
0.800134
0.808619
0.817446
0.826452
0.83488
0.843508
0.851774
0.859866
0.868155
0.87522
0.882152
0.888105
0.894336
0.900749
0.90691
0.913465
0.923766
0.93375
0.928271
0.919613
0.895592
0.826739
0.690212
0.587535
0.652712
0.657479
0.659391
0.660207
0.661014
0.662807
0.665371
0.668619
0.672355
0.676141
0.67888
0.681148
0.683066
0.684764
0.686442
0.68791
0.689257
0.690743
0.692561
0.69472
0.697169
0.699489
0.701654
0.700286
1.40834
1.40747
1.39999
1.33946
1.08427
0.713415
0.446719
0.567222
0.610041
0.609405
0.605859
0.607324
0.606722
0.604849
0.603968
0.604506
0.605881
0.607655
0.609844
0.612585
0.615973
0.619925
0.624402
0.629186
0.633958
0.63901
0.644423
0.650301
0.656733
0.663827
0.671565
0.679807
0.688132
0.695781
0.702741
0.709182
0.715085
0.720523
0.725464
0.730089
0.734414
0.738625
0.742871
0.747194
0.751626
0.756217
0.761044
0.766277
0.772086
0.778565
0.785778
0.793704
0.802219
0.811208
0.819857
0.82854
0.836765
0.844976
0.853001
0.860652
0.868286
0.875372
0.881663
0.887129
0.892806
0.898641
0.904554
0.910789
0.919671
0.931278
0.926451
0.918006
0.89601
0.829697
0.69759
0.583238
0.650549
0.655889
0.657611
0.658326
0.659047
0.660858
0.66355
0.666893
0.670646
0.674238
0.677013
0.679282
0.68117
0.68292
0.684837
0.68644
0.68784
0.6893
0.691118
0.693272
0.69572
0.696956
0.698194
0.696253
1.40835
1.40751
1.40036
1.34202
1.09157
0.719072
0.436503
0.545714
0.597953
0.599672
0.599994
0.603523
0.60463
0.603456
0.602383
0.602569
0.603513
0.605081
0.607197
0.609974
0.613419
0.617453
0.62203
0.626949
0.631998
0.637404
0.64324
0.649584
0.656531
0.664108
0.672203
0.68064
0.688604
0.695847
0.702428
0.708304
0.713679
0.718739
0.72346
0.727885
0.732109
0.736278
0.740526
0.744906
0.749452
0.754201
0.759207
0.764645
0.770669
0.77732
0.784692
0.792718
0.801238
0.8102
0.818665
0.826945
0.83513
0.842965
0.85096
0.858585
0.866043
0.873358
0.879759
0.88557
0.891035
0.896768
0.90286
0.909312
0.917971
0.930315
0.925754
0.91745
0.896333
0.831305
0.701383
0.581235
0.649378
0.654989
0.656585
0.657084
0.657637
0.65923
0.661681
0.664772
0.668221
0.67149
0.674155
0.676329
0.678385
0.680241
0.68223
0.683865
0.68537
0.686964
0.688907
0.691112
0.693449
0.694796
0.69567
0.693355
)
;

boundaryField
{
    inlet
    {
        type            calculated;
        value           uniform 1.40845;
    }
    outlet
    {
        type            calculated;
        value           nonuniform List<scalar> 
40
(
0.70744
0.744546
0.744452
0.727723
0.720188
0.71843
0.717959
0.717412
0.717345
0.717996
0.719928
0.722638
0.725778
0.729483
0.734148
0.740068
0.746374
0.752973
0.758756
0.76398
0.768989
0.773806
0.778248
0.781865
0.78436
0.785481
0.78482
0.780253
0.769118
0.748965
0.721179
0.692498
0.67497
0.676636
0.682102
0.694341
0.701419
0.700286
0.696253
0.693355
)
;
    }
    bottom
    {
        type            symmetryPlane;
    }
    top
    {
        type            symmetryPlane;
    }
    obstacle
    {
        type            calculated;
        value           nonuniform List<scalar> 
110
(
0.552639
0.553454
0.555708
0.558333
0.561785
0.566516
0.572958
0.583424
0.599302
0.639403
0.630385
0.600291
0.687696
0.687648
0.689918
0.677173
0.674067
0.66605
0.660517
0.651331
0.641757
0.633264
0.676365
0.704252
0.720616
0.726268
0.72616
0.721435
0.717626
0.716309
0.729541
0.734966
0.736409
0.735181
0.734126
0.733569
0.7339
0.732842
0.731643
0.7334
0.729585
0.724043
0.715297
0.702667
0.688863
0.674584
0.661864
0.650858
0.640853
0.629681
0.617074
0.606142
0.597923
0.591238
0.58218
0.575499
0.570573
0.566956
0.563846
0.562988
0.564567
0.569036
0.574105
0.579544
0.585352
0.590226
0.594762
0.599854
0.605659
0.611551
0.616931
0.622155
0.627414
0.632809
0.63802
0.643394
0.648135
0.652822
0.657181
0.661296
0.665359
0.669427
0.673547
0.677475
0.681155
0.684472
0.687595
0.691023
0.693279
0.694968
0.696165
0.69621
0.696217
0.696634
0.69756
0.698696
0.699065
0.699351
0.699554
0.699542
0.699417
0.699145
0.69898
0.698957
0.69916
0.699554
0.700397
0.701738
0.703572
0.70744
)
;
    }
    defaultFaces
    {
        type            empty;
    }
}


// ************************************************************************* //
