/*--------------------------------*- C++ -*----------------------------------*\
| =========                 |                                                 |
| \\      /  F ield         | OpenFOAM: The Open Source CFD Toolbox           |
|  \\    /   O peration     | Version:  v2106                                 |
|   \\  /    A nd           | Website:  www.openfoam.com                      |
|    \\/     M anipulation  |                                                 |
\*---------------------------------------------------------------------------*/
FoamFile
{
    version     2.0;
    format      ascii;
    arch        "LSB;label=32;scalar=64";
    class       volScalarField;
    location    "3";
    object      rho;
}
// * * * * * * * * * * * * * * * * * * * * * * * * * * * * * * * * * * * * * //

dimensions      [1 -3 0 0 0 0 0];

internalField   nonuniform List<scalar> 
5250
(
1.40845
1.40845
1.40845
1.40845
1.40845
1.40845
1.40845
1.40845
1.40845
1.40834
1.40818
1.40165
1.40174
1.61224
2.18547
6.10021
6.28561
6.24761
6.28122
6.40219
6.46432
6.54343
6.61017
6.66591
6.72805
1.40845
1.40845
1.40845
1.40845
1.40845
1.40845
1.40845
1.40845
1.40845
1.40834
1.40819
1.4018
1.40134
1.6066
2.16746
6.0067
6.33161
6.25088
6.29606
6.41597
6.47249
6.54793
6.6116
6.66739
6.73008
1.40845
1.40845
1.40845
1.40845
1.40845
1.40845
1.40845
1.40845
1.40845
1.40835
1.40821
1.40217
1.40054
1.59447
2.12503
5.81522
6.38953
6.25815
6.30098
6.43077
6.48355
6.54281
6.60333
6.65568
6.71688
1.40845
1.40845
1.40845
1.40845
1.40845
1.40845
1.40845
1.40845
1.40845
1.40834
1.40831
1.40209
1.40209
1.5782
2.05873
5.54157
6.4477
6.24907
6.31044
6.44056
6.48592
6.53321
6.58309
6.63162
6.69153
1.40845
1.40845
1.40845
1.40845
1.40845
1.40845
1.40845
1.40845
1.40845
1.4084
1.40807
1.40436
1.39938
1.55166
1.97082
5.22635
6.54159
6.20938
6.29485
6.41409
6.46779
6.51119
6.55405
6.5963
6.65402
1.40845
1.40845
1.40845
1.40845
1.40845
1.40845
1.40845
1.40845
1.40845
1.40842
1.40809
1.40576
1.39367
1.51919
1.9351
4.84506
6.716
6.18243
6.28128
6.3982
6.43597
6.48254
6.50927
6.54801
6.59627
1.40845
1.40845
1.40845
1.40845
1.40845
1.40845
1.40845
1.40845
1.40845
1.40842
1.40815
1.40641
1.39505
1.48943
1.97157
4.39678
7.08472
6.22871
6.30618
6.36133
6.39941
6.40882
6.4502
6.46569
6.52168
1.40845
1.40845
1.40845
1.40845
1.40845
1.40845
1.40845
1.40845
1.40845
1.40844
1.40817
1.40734
1.39529
1.45783
1.94864
3.76963
7.5328
6.43758
6.5064
6.39349
6.37267
6.35894
6.37304
6.38733
6.39819
1.40845
1.40845
1.40845
1.40845
1.40845
1.40845
1.40845
1.40845
1.40845
1.40844
1.40831
1.40734
1.39588
1.43427
1.81952
3.10275
7.31678
6.39725
6.53732
6.51984
6.36602
6.28772
6.24894
6.21111
6.23417
1.40845
1.40845
1.40845
1.40845
1.40845
1.40845
1.40845
1.40845
1.40845
1.40844
1.40838
1.40757
1.39736
1.41978
1.74342
2.63546
6.66201
6.33837
6.44486
6.5352
6.3629
6.26286
6.11727
6.13562
5.97046
1.40845
1.40845
1.40845
1.40845
1.40845
1.40845
1.40845
1.40845
1.40845
1.40845
1.40831
1.40812
1.40008
1.40871
1.64758
2.30049
6.00337
6.10835
6.24863
6.44828
6.28076
6.19472
5.93881
5.87991
4.91379
1.40845
1.40845
1.40845
1.40845
1.40845
1.40845
1.40845
1.40845
1.40845
1.40845
1.40835
1.40826
1.40238
1.40185
1.57081
2.02053
5.19311
6.15165
6.07342
6.19653
6.22289
6.12187
5.74373
5.4916
5.04704
1.40845
1.40845
1.40845
1.40845
1.40845
1.40845
1.40845
1.40845
1.40845
1.40844
1.40842
1.408
1.40636
1.39797
1.50553
1.79769
4.39121
6.21179
5.97866
5.96484
5.98712
5.93603
5.69899
5.32922
5.10685
1.40845
1.40845
1.40845
1.40845
1.40845
1.40845
1.40845
1.40845
1.40845
1.40845
1.40844
1.40824
1.40729
1.39453
1.44678
1.84443
3.48736
6.40996
5.90642
5.86667
5.82132
5.75348
5.58683
5.29093
5.10371
1.40845
1.40845
1.40845
1.40845
1.40845
1.40845
1.40845
1.40845
1.40845
1.40845
1.40842
1.40849
1.40709
1.39683
1.41896
1.74835
2.71389
6.14845
5.90253
5.79336
5.72378
5.62016
5.47053
5.23783
5.02602
1.40845
1.40845
1.40845
1.40845
1.40845
1.40845
1.40845
1.40845
1.40845
1.40845
1.40845
1.40832
1.40826
1.40071
1.40696
1.61303
2.19666
5.40013
5.93006
5.80951
5.65545
5.49545
5.33252
5.11845
4.90071
1.40845
1.40845
1.40845
1.40845
1.40845
1.40845
1.40845
1.40845
1.40845
1.40845
1.40845
1.40841
1.40813
1.40511
1.39832
1.51076
1.81405
4.25151
6.00093
5.87476
5.63618
5.42066
5.23024
5.03433
4.79963
1.40845
1.40845
1.40845
1.40845
1.40845
1.40845
1.40845
1.40845
1.40845
1.40845
1.40845
1.40846
1.40817
1.40779
1.39398
1.43563
1.74784
3.14425
5.84215
5.76213
5.54639
5.37138
5.1878
4.98657
4.74567
1.40845
1.40845
1.40845
1.40845
1.40845
1.40845
1.40845
1.40845
1.40845
1.40845
1.40845
1.40845
1.40829
1.40806
1.39936
1.4125
1.69605
2.40208
5.29983
5.69136
5.62167
5.4001
5.18527
4.96673
4.72133
1.40845
1.40845
1.40845
1.40845
1.40845
1.40845
1.40845
1.40845
1.40845
1.40845
1.40845
1.40845
1.4084
1.4081
1.40488
1.39745
1.535
1.88189
4.19634
5.69644
5.71408
5.46771
5.2163
4.96932
4.71635
1.40845
1.40845
1.40845
1.40845
1.40845
1.40845
1.40845
1.40845
1.40845
1.40845
1.40845
1.40844
1.40846
1.40812
1.40778
1.39222
1.44756
1.64716
3.04326
5.40752
5.53486
5.37812
5.18337
4.96929
4.73081
1.40845
1.40845
1.40845
1.40845
1.40845
1.40845
1.40845
1.40845
1.40845
1.40845
1.40845
1.40845
1.40844
1.40836
1.40782
1.40259
1.40605
1.64751
2.22934
4.71258
5.40416
5.41005
5.2128
4.99974
4.76749
1.40845
1.40845
1.40845
1.40845
1.40845
1.40845
1.40845
1.40845
1.40845
1.40845
1.40845
1.40845
1.40844
1.40848
1.4078
1.40792
1.38283
1.50942
1.73377
3.60584
5.32104
5.38791
5.23648
5.03661
4.81066
1.40845
1.40845
1.40845
1.40845
1.40845
1.40845
1.40845
1.40845
1.40845
1.40845
1.40845
1.40845
1.40845
1.40844
1.40832
1.40766
1.40067
1.4192
1.63328
2.4727
4.84467
5.18663
5.21433
5.04653
4.84465
1.40845
1.40845
1.40845
1.40845
1.40845
1.40845
1.40845
1.40845
1.40845
1.40845
1.40845
1.40845
1.40845
1.40843
1.40851
1.40741
1.40859
1.37406
1.56966
1.88826
3.80451
5.16353
5.19594
5.05945
4.88073
1.40845
1.40845
1.40845
1.40845
1.40845
1.40845
1.40845
1.40845
1.40845
1.40845
1.40845
1.40845
1.40845
1.40845
1.40844
1.40827
1.4076
1.39839
1.43142
1.58774
2.66261
4.75669
4.99906
5.01413
4.88048
1.40845
1.40845
1.40845
1.40845
1.40845
1.40845
1.40845
1.40845
1.40845
1.40845
1.40845
1.40845
1.40845
1.40846
1.40842
1.40856
1.40712
1.40935
1.37031
1.56877
1.94219
3.77409
5.02873
5.03749
4.89572
1.40845
1.40845
1.40845
1.40845
1.40845
1.40845
1.40845
1.40845
1.40845
1.40845
1.40845
1.40845
1.40845
1.40845
1.40845
1.40844
1.40826
1.40775
1.39708
1.43545
1.55816
2.64548
4.62192
4.89408
4.899
1.40845
1.40845
1.40845
1.40845
1.40845
1.40845
1.40845
1.40845
1.40845
1.40845
1.40845
1.40845
1.40845
1.40845
1.40845
1.40841
1.40881
1.40682
1.40942
1.37254
1.54652
1.8931
3.60316
4.85979
4.8888
1.40845
1.40845
1.40845
1.40845
1.40845
1.40845
1.40845
1.40845
1.40845
1.40845
1.40845
1.40845
1.40845
1.40845
1.40845
1.40845
1.40844
1.40825
1.4079
1.39651
1.43464
1.56106
2.50496
4.35116
4.77636
1.40845
1.40845
1.40845
1.40845
1.40845
1.40845
1.40845
1.40845
1.40845
1.40845
1.40845
1.40845
1.40845
1.40845
1.40845
1.40846
1.40845
1.40868
1.40539
1.40753
1.3703
1.53215
1.77078
3.31765
4.67445
1.40845
1.40845
1.40845
1.40845
1.40845
1.40845
1.40845
1.40845
1.40845
1.40845
1.40845
1.40845
1.40845
1.40845
1.40845
1.40845
1.40845
1.40844
1.40827
1.40787
1.39918
1.40825
1.57772
2.32909
4.02975
1.40845
1.40845
1.40845
1.40845
1.40845
1.40845
1.40845
1.40845
1.40845
1.40845
1.40845
1.40845
1.40845
1.40845
1.40845
1.40845
1.40845
1.40846
1.40845
1.40791
1.40612
1.39355
1.49748
1.649
2.9574
1.40845
1.40845
1.40845
1.40845
1.40845
1.40845
1.40845
1.40845
1.40845
1.40845
1.40845
1.40845
1.40845
1.40845
1.40845
1.40845
1.40845
1.40844
1.40846
1.40814
1.40583
1.43688
1.31688
1.42267
1.93079
1.40845
1.40845
1.40845
1.40845
1.40845
1.40845
1.40845
1.40845
1.40845
1.40845
1.40845
1.40845
1.40845
1.40845
1.40845
1.40845
1.40845
1.40845
1.40844
1.40846
1.40807
1.40872
1.39438
1.43893
1.50477
1.40845
1.40845
1.40845
1.40845
1.40845
1.40845
1.40845
1.40845
1.40845
1.40845
1.40845
1.40845
1.40845
1.40845
1.40845
1.40845
1.40845
1.40845
1.40845
1.40844
1.40848
1.40806
1.41059
1.36565
1.48303
1.40845
1.40845
1.40845
1.40845
1.40845
1.40845
1.40845
1.40845
1.40845
1.40845
1.40845
1.40845
1.40845
1.40845
1.40845
1.40845
1.40845
1.40845
1.40845
1.40845
1.40844
1.40832
1.40853
1.39885
1.41597
1.40845
1.40845
1.40845
1.40845
1.40845
1.40845
1.40845
1.40845
1.40845
1.40845
1.40845
1.40845
1.40845
1.40845
1.40845
1.40845
1.40845
1.40845
1.40845
1.40845
1.40845
1.40845
1.4082
1.40838
1.38938
1.40845
1.40845
1.40845
1.40845
1.40845
1.40845
1.40845
1.40845
1.40845
1.40845
1.40845
1.40845
1.40845
1.40845
1.40845
1.40845
1.40845
1.40845
1.40845
1.40845
1.40847
1.4083
1.40843
1.40733
1.41171
1.40845
1.40845
1.40845
1.40845
1.40845
1.40845
1.40845
1.40845
1.40845
1.40845
1.40845
1.40845
1.40845
1.40845
1.40845
1.40845
1.40845
1.40845
1.40845
1.40845
1.40845
1.40845
1.40844
1.4084
1.4076
1.40845
1.40845
1.40845
1.40845
1.40845
1.40845
1.40845
1.40845
1.40845
1.40845
1.40845
1.40845
1.40845
1.40845
1.40845
1.40845
1.40845
1.40845
1.40845
1.40845
1.40845
1.40845
1.40845
1.4084
1.40872
1.40845
1.40845
1.40845
1.40845
1.40845
1.40845
1.40845
1.40845
1.40845
1.40845
1.40845
1.40845
1.40845
1.40845
1.40845
1.40845
1.40845
1.40845
1.40845
1.40845
1.40845
1.40845
1.40845
1.40845
1.40844
1.40845
1.40845
1.40845
1.40845
1.40845
1.40845
1.40845
1.40845
1.40845
1.40845
1.40845
1.40845
1.40845
1.40845
1.40845
1.40845
1.40845
1.40845
1.40845
1.40845
1.40845
1.40845
1.40845
1.40845
1.40842
1.40845
1.40845
1.40845
1.40845
1.40845
1.40845
1.40845
1.40845
1.40845
1.40845
1.40845
1.40845
1.40845
1.40845
1.40845
1.40845
1.40845
1.40845
1.40845
1.40845
1.40845
1.40845
1.40845
1.40845
1.40844
1.40845
1.40845
1.40845
1.40845
1.40845
1.40845
1.40845
1.40845
1.40845
1.40845
1.40845
1.40845
1.40845
1.40845
1.40845
1.40845
1.40845
1.40845
1.40845
1.40845
1.40845
1.40845
1.40845
1.40845
1.40845
1.40845
1.40845
1.40845
1.40845
1.40845
1.40845
1.40845
1.40845
1.40845
1.40845
1.40845
1.40845
1.40845
1.40845
1.40845
1.40845
1.40845
1.40845
1.40845
1.40845
1.40845
1.40845
1.40845
1.40845
1.40845
1.40845
1.40845
1.40845
1.40845
1.40845
1.40845
1.40845
1.40845
1.40845
1.40845
1.40845
1.40845
1.40845
1.40845
1.40845
1.40845
1.40845
1.40845
1.40845
1.40845
1.40845
1.40845
1.40845
1.40845
1.40845
1.40845
1.40845
1.40845
1.40845
1.40845
1.40845
1.40845
1.40845
1.40845
1.40845
1.40845
1.40845
1.40845
1.40845
1.40845
1.40845
1.40845
1.40845
1.40845
1.40845
1.40845
1.40845
1.40845
1.40845
1.40845
1.40845
1.40845
1.40845
1.40845
1.40845
1.40845
1.40845
1.40845
1.40845
1.40845
1.40845
1.40845
1.40845
1.40845
1.40845
1.40845
1.40845
1.40845
1.40845
1.40845
1.40845
1.40845
1.40845
1.40845
1.40845
1.40845
1.40845
1.40845
1.40845
1.40845
1.40845
1.40845
1.40845
1.40845
1.40845
1.40845
1.40845
1.40845
1.40845
1.40845
1.40845
1.40845
1.40845
1.40845
1.40845
1.40845
1.40845
1.40845
1.40845
1.40845
1.80324
2.09189
2.82684
2.41785
2.64542
2.52695
2.531
2.49038
2.45073
2.37434
2.21939
1.91724
1.78182
1.68977
1.65077
1.63999
1.64259
1.64178
1.60886
1.5385
1.51086
1.49229
1.48203
1.4727
1.46161
1.44994
1.44032
1.433
1.43121
1.45784
1.49431
1.53949
1.59075
1.64778
1.71605
1.79134
1.85915
1.93287
2.01921
2.10641
2.19256
2.27325
2.35098
2.44678
2.5357
2.6164
2.69436
2.7723
2.85341
2.93611
3.02479
3.11537
3.18842
3.25039
3.30216
3.34107
3.36784
3.39451
3.42097
3.44399
3.46287
3.48004
3.49761
3.51625
3.53428
3.55347
3.57012
3.58665
3.60111
3.61355
3.62504
3.63584
3.64587
3.6555
3.66448
3.6747
3.68769
3.70521
3.72095
3.74095
3.76331
3.78577
3.81108
3.83916
3.86328
3.87685
3.8793
3.87911
3.87643
3.87117
3.8641
3.85553
3.84753
3.8402
3.8357
3.834
3.8377
3.845
3.85605
3.87817
2.72005
2.49557
2.27912
2.19238
2.60878
2.5606
2.46633
2.42054
2.39552
2.24105
2.01806
1.74038
1.56564
1.46935
1.43196
1.41071
1.39181
1.38054
1.36149
1.30294
1.26526
1.24078
1.23173
1.22946
1.22434
1.22046
1.21415
1.20465
1.19883
1.2183
1.2491
1.28996
1.33494
1.38411
1.43254
1.49269
1.54583
1.60707
1.6897
1.77239
1.86765
1.96326
2.04476
2.12633
2.22477
2.3054
2.38187
2.46415
2.55794
2.67859
2.79585
2.90165
2.98748
3.05365
3.11402
3.16515
3.19283
3.21673
3.24025
3.26253
3.27962
3.29356
3.30736
3.32219
3.33726
3.3527
3.37095
3.38982
3.40918
3.42528
3.43763
3.45042
3.46307
3.47475
3.48723
3.49935
3.51537
3.5369
3.55999
3.58478
3.61514
3.64991
3.68914
3.73286
3.77628
3.81007
3.83645
3.86151
3.88573
3.91003
3.93492
3.95613
3.97682
3.99317
4.01066
4.02368
4.03687
4.05167
4.06377
4.08128
3.65833
3.05265
2.58419
2.31325
2.33661
2.29788
2.35776
2.44937
2.32298
2.18389
1.89388
1.50937
1.34622
1.28659
1.26597
1.26326
1.26061
1.24617
1.21875
1.18444
1.15107
1.13297
1.12521
1.12372
1.12153
1.12033
1.11542
1.1087
1.10141
1.11119
1.13866
1.16533
1.20576
1.26231
1.3199
1.39789
1.46064
1.51858
1.6076
1.69555
1.75363
1.83108
1.91373
2.00817
2.12241
2.23602
2.34345
2.44277
2.55043
2.6717
2.79077
2.91038
3.0246
3.11892
3.18326
3.25429
3.29947
3.3277
3.3541
3.37601
3.38859
3.39583
3.39928
3.40178
3.40516
3.40561
3.41018
3.41646
3.42348
3.43168
3.44112
3.45127
3.46083
3.46912
3.48102
3.49025
3.50234
3.52059
3.53768
3.55707
3.5827
3.61317
3.64836
3.68842
3.72832
3.75774
3.78058
3.80008
3.81856
3.8366
3.85256
3.87022
3.88701
3.90369
3.92103
3.94234
3.96709
3.9964
4.02909
4.08076
4.05352
3.39873
2.9009
2.46924
2.38986
2.33998
2.33637
2.34937
2.34837
2.22599
1.87718
1.47542
1.34903
1.27243
1.24183
1.26572
1.26986
1.26728
1.24866
1.22383
1.17039
1.12039
1.09682
1.09642
1.0942
1.0977
1.09286
1.09371
1.08569
1.0966
1.12169
1.15345
1.18571
1.23014
1.27214
1.3094
1.38421
1.45124
1.53218
1.64288
1.76474
1.91409
2.03811
2.15735
2.28923
2.41383
2.53698
2.65099
2.76605
2.8939
3.02651
3.14487
3.25525
3.3367
3.4006
3.46714
3.50149
3.5321
3.55968
3.58243
3.59754
3.60145
3.60204
3.6056
3.60588
3.60206
3.60117
3.60244
3.60293
3.60017
3.59876
3.59605
3.5921
3.59022
3.5909
3.59446
3.60308
3.6173
3.63189
3.65041
3.67123
3.69593
3.72504
3.75872
3.79134
3.81403
3.83023
3.84157
3.85199
3.86122
3.86918
3.87572
3.8839
3.89109
3.89717
3.90348
3.91406
3.92983
3.95039
3.9888
4.41734
3.76951
3.23059
2.80805
2.59078
2.45831
2.36106
2.32136
2.30951
2.25841
2.11629
1.78412
1.54478
1.38278
1.29635
1.2876
1.27207
1.26623
1.25231
1.2136
1.12765
1.05814
1.06024
1.07622
1.08745
1.11462
1.12557
1.11807
1.10644
1.10007
1.10129
1.1199
1.14643
1.18566
1.25582
1.34284
1.46079
1.5682
1.69726
1.82834
1.92726
2.06553
2.19637
2.33187
2.47492
2.6109
2.74683
2.88
3.0028
3.11802
3.2352
3.33003
3.41442
3.49279
3.5525
3.60068
3.6454
3.66932
3.69282
3.71421
3.72536
3.72853
3.7294
3.73278
3.7316
3.72944
3.7222
3.7153
3.71193
3.71062
3.70803
3.70162
3.68953
3.67978
3.67532
3.67251
3.67398
3.67992
3.69072
3.70752
3.72745
3.75323
3.78349
3.81688
3.85138
3.87455
3.89045
3.90083
3.90565
3.90916
3.91193
3.91337
3.91379
3.91625
3.91776
3.91961
3.92066
3.92535
3.93384
3.95242
4.50002
4.01333
3.5424
3.16586
2.91301
2.6969
2.51167
2.38447
2.32797
2.26704
2.15185
1.94128
1.7202
1.56738
1.46287
1.42733
1.38719
1.35493
1.3319
1.30603
1.24186
1.15817
1.09507
1.07874
1.06569
1.06794
1.06456
1.0718
1.07662
1.08202
1.09796
1.12762
1.1726
1.2311
1.30663
1.39933
1.50981
1.62686
1.76703
1.90079
2.03343
2.20241
2.38156
2.52158
2.65816
2.78199
2.90582
3.04313
3.17594
3.28889
3.38885
3.4775
3.55403
3.62404
3.67895
3.71525
3.763
3.78291
3.79322
3.81269
3.82285
3.82477
3.82791
3.83104
3.82411
3.82261
3.81612
3.80502
3.79339
3.78395
3.78034
3.77819
3.76967
3.75208
3.74276
3.73833
3.73615
3.73657
3.74092
3.7511
3.7679
3.79109
3.82014
3.85239
3.8893
3.91408
3.9326
3.94545
3.95275
3.95645
3.95668
3.95614
3.95098
3.94923
3.94635
3.94295
3.94025
3.93891
3.93995
3.94989
4.53448
4.11258
3.76462
3.44916
3.21542
3.01652
2.79733
2.59736
2.4367
2.3456
2.20929
2.02867
1.79837
1.67251
1.57848
1.52711
1.49219
1.45575
1.42492
1.39583
1.33267
1.27152
1.22527
1.196
1.16052
1.14093
1.11293
1.10387
1.09944
1.11515
1.13925
1.17913
1.24059
1.3154
1.39518
1.47936
1.57976
1.68341
1.80237
1.91076
2.04669
2.20949
2.38289
2.55823
2.73345
2.88995
3.02839
3.15373
3.28442
3.41426
3.51543
3.5944
3.65965
3.71481
3.76749
3.79771
3.82402
3.84984
3.85802
3.87108
3.88168
3.8867
3.88366
3.87979
3.87919
3.86931
3.86498
3.85868
3.84748
3.83271
3.82291
3.81302
3.80897
3.79645
3.78435
3.7798
3.77698
3.77502
3.77585
3.78164
3.7942
3.81374
3.84011
3.87005
3.90764
3.9334
3.95379
3.97145
3.98304
3.9901
3.99121
3.98961
3.98593
3.98012
3.97378
3.96791
3.96365
3.95557
3.95107
3.95696
4.48951
4.1762
3.85763
3.57234
3.38817
3.23384
3.06363
2.88851
2.68565
2.5074
2.36077
2.15634
1.94039
1.77335
1.68193
1.61754
1.56882
1.52536
1.49696
1.47317
1.42472
1.37082
1.32996
1.3051
1.28593
1.26813
1.24591
1.24254
1.24309
1.29105
1.32079
1.36303
1.41167
1.46023
1.51706
1.58167
1.65858
1.73002
1.8186
1.89765
1.99929
2.11457
2.24142
2.39149
2.56675
2.7978
3.05628
3.2322
3.35485
3.4726
3.57999
3.66175
3.72112
3.77229
3.81273
3.8494
3.86818
3.88463
3.89327
3.89485
3.90248
3.90934
3.90782
3.89371
3.89583
3.8936
3.88425
3.8768
3.86388
3.85412
3.84303
3.82711
3.8196
3.81246
3.80015
3.79242
3.78914
3.78786
3.78932
3.7946
3.80549
3.82265
3.84628
3.87409
3.91215
3.93805
3.96064
3.98089
3.99757
4.00899
4.017
4.01648
4.01473
4.00889
3.99865
3.99296
3.98537
3.97859
3.96763
3.9668
4.44664
4.18007
3.92841
3.66013
3.50012
3.35814
3.23636
3.09602
2.93702
2.75412
2.57878
2.37257
2.16639
1.94526
1.80836
1.71768
1.66409
1.61314
1.57128
1.54813
1.51714
1.44534
1.39202
1.36587
1.35928
1.35722
1.38411
1.39362
1.45091
1.53605
1.5645
1.60088
1.63993
1.65542
1.67089
1.70937
1.75798
1.80728
1.8698
1.92315
1.99447
2.0621
2.14414
2.24715
2.379
2.55363
2.75808
3.15771
3.44955
3.52563
3.60173
3.68504
3.75077
3.79221
3.82711
3.85322
3.87801
3.88506
3.89073
3.89334
3.89221
3.89652
3.90105
3.88828
3.87991
3.88253
3.8764
3.86707
3.85968
3.85008
3.83855
3.82417
3.81444
3.80712
3.79243
3.78272
3.78027
3.78033
3.78309
3.78916
3.8003
3.81734
3.83927
3.86984
3.90655
3.93113
3.95347
3.97455
3.99635
4.01265
4.0273
4.03531
4.0351
4.03098
4.0254
4.01629
4.00904
4.00112
3.99135
3.98405
4.44591
4.16614
3.94261
3.72061
3.56675
3.44181
3.34695
3.23544
3.10931
2.97022
2.80402
2.64249
2.43442
2.21516
2.01821
1.8771
1.78281
1.72045
1.66723
1.63266
1.60068
1.5377
1.4707
1.43945
1.43212
1.43506
1.47662
1.52696
1.73311
1.82022
1.86434
1.90207
1.92367
1.91205
1.90399
1.89565
1.88645
1.90533
1.94448
1.98173
2.02236
2.05591
2.10071
2.15773
2.23393
2.3445
2.5091
2.68159
3.1578
3.57341
3.63304
3.67962
3.7273
3.77849
3.81463
3.83512
3.8565
3.87078
3.869
3.87115
3.87208
3.86992
3.87163
3.87258
3.85697
3.85393
3.85425
3.84619
3.83803
3.83216
3.8199
3.80978
3.79413
3.78312
3.77513
3.76187
3.75799
3.75809
3.7621
3.76982
3.78261
3.80108
3.82291
3.85779
3.8933
3.91561
3.93649
3.95802
3.98051
4.00437
4.02386
4.03981
4.05072
4.05026
4.04877
4.04256
4.03294
4.02628
4.02178
4.01033
4.47616
4.20512
3.94679
3.75213
3.60363
3.50129
3.39812
3.30917
3.21632
3.09711
2.97735
2.84815
2.68813
2.48817
2.28783
2.12472
1.983
1.87795
1.81553
1.75494
1.71196
1.65898
1.5883
1.53766
1.52646
1.54262
1.63641
1.80501
2.08392
2.15992
2.20267
2.227
2.20461
2.16369
2.1183
2.09748
2.09304
2.0893
2.07901
2.06993
2.07037
2.08593
2.11227
2.13292
2.16385
2.21164
2.27588
2.41068
2.58411
3.05622
3.59093
3.6832
3.70105
3.72711
3.7629
3.80205
3.82161
3.84064
3.84396
3.83853
3.83847
3.84149
3.83955
3.83806
3.83714
3.82512
3.82264
3.82077
3.81871
3.80684
3.78947
3.78197
3.77355
3.75789
3.74905
3.7407
3.73453
3.73314
3.73614
3.74427
3.75845
3.77856
3.80063
3.84186
3.87497
3.8946
3.91422
3.93515
3.95796
3.98297
4.00829
4.02991
4.05068
4.06286
4.06629
4.06667
4.06332
4.05633
4.05515
4.0467
4.51702
4.26419
4.00658
3.79216
3.63043
3.53568
3.43854
3.35793
3.27153
3.1663
3.08061
2.9714
2.83066
2.66522
2.51057
2.3328
2.18407
2.06653
1.99879
1.92955
1.86112
1.78657
1.72598
1.68895
1.68096
1.7328
1.82719
2.2481
2.48731
2.54382
2.56456
2.56386
2.50226
2.45535
2.40256
2.3576
2.319
2.28672
2.24521
2.21553
2.17566
2.15307
2.15215
2.14312
2.14424
2.1467
2.16565
2.22136
2.34278
2.53627
2.95423
3.56077
3.70572
3.70702
3.72159
3.73859
3.77679
3.80038
3.81448
3.81546
3.80951
3.81025
3.81221
3.81141
3.81023
3.80717
3.80229
3.79397
3.79013
3.77914
3.77036
3.7638
3.75155
3.73654
3.72024
3.71324
3.70821
3.70627
3.70828
3.71604
3.7309
3.753
3.77714
3.82555
3.857
3.87516
3.89282
3.91207
3.93374
3.9578
3.98367
4.01141
4.03952
4.06201
4.07925
4.08776
4.09125
4.09091
4.08837
4.0833
4.56452
4.31694
4.07147
3.84038
3.67671
3.55858
3.46356
3.38562
3.30738
3.21736
3.1456
3.04998
2.92986
2.80178
2.65881
2.50745
2.34329
2.22223
2.13367
2.06597
2.01163
1.93524
1.88779
1.87951
1.90872
2.05623
2.2754
2.81748
2.8843
2.90527
2.89824
2.87384
2.80724
2.74232
2.67044
2.59793
2.53335
2.47597
2.41873
2.37501
2.33277
2.30098
2.24759
2.18847
2.14688
2.13393
2.14146
2.15842
2.19366
2.28486
2.49077
2.85153
3.50323
3.70118
3.6974
3.70932
3.72699
3.75977
3.77864
3.79099
3.79105
3.78631
3.78652
3.78788
3.78854
3.78698
3.78439
3.77461
3.77272
3.77084
3.76339
3.7491
3.73026
3.71869
3.70984
3.69609
3.68598
3.68338
3.68635
3.69548
3.71114
3.73449
3.76085
3.81474
3.84662
3.86406
3.87969
3.89617
3.91477
3.93632
3.96181
3.98964
4.01987
4.0477
4.07648
4.09465
4.11071
4.11545
4.11689
4.1168
4.6144
4.37082
4.1399
3.905
3.7319
3.60353
3.4988
3.41111
3.33352
3.24903
3.18364
3.10494
3.00937
2.89929
2.75873
2.62309
2.46902
2.35592
2.25028
2.18273
2.08643
2.04781
2.0346
2.05718
2.18661
2.35319
2.84373
3.15195
3.17733
3.1653
3.14361
3.10285
3.03318
2.96018
2.88022
2.79789
2.72449
2.65155
2.58194
2.52313
2.4666
2.38445
2.32066
2.27634
2.24272
2.19337
2.15656
2.147
2.14296
2.16747
2.25289
2.45765
2.77404
3.46417
3.71138
3.70473
3.71024
3.72798
3.75758
3.77264
3.77995
3.78048
3.77906
3.77455
3.77683
3.77704
3.77321
3.76467
3.7555
3.75434
3.7518
3.73319
3.72221
3.70504
3.69166
3.68268
3.67401
3.66928
3.66887
3.67652
3.69311
3.71953
3.75139
3.81114
3.84353
3.85952
3.87294
3.8867
3.90216
3.92053
3.94268
3.96809
3.99616
4.02512
4.05584
4.08195
4.10971
4.1283
4.13793
4.14005
4.67458
4.43071
4.20888
3.97782
3.79538
3.65353
3.55005
3.44883
3.36988
3.28337
3.21079
3.13177
3.05482
2.96719
2.8511
2.72401
2.58258
2.4579
2.36216
2.24087
2.17397
2.16052
2.19269
2.31787
2.48449
2.97395
3.30224
3.32545
3.32742
3.31824
3.30409
3.26356
3.20587
3.14178
3.06114
2.97322
2.8833
2.79158
2.71048
2.63339
2.54725
2.48123
2.42961
2.38793
2.34123
2.29976
2.22502
2.16431
2.14218
2.14992
2.17373
2.24398
2.43712
2.7193
3.4321
3.7562
3.73222
3.72781
3.73316
3.75199
3.76903
3.77364
3.77204
3.7723
3.77048
3.76646
3.76337
3.7612
3.74963
3.742
3.73734
3.72174
3.7102
3.69978
3.67665
3.66452
3.66218
3.66017
3.66007
3.66659
3.68261
3.71011
3.7494
3.81692
3.84939
3.86437
3.87534
3.88595
3.89851
3.91366
3.93103
3.95112
3.97433
4.00071
4.02944
4.06091
4.08892
4.12019
4.14274
4.15247
4.71364
4.49044
4.28267
4.0528
3.86547
3.70974
3.60286
3.49511
3.40599
3.32364
3.2409
3.15832
3.07788
2.99496
2.90314
2.80735
2.68974
2.57405
2.41314
2.32038
2.30834
2.32637
2.44338
2.61485
3.12584
3.43175
3.43626
3.42832
3.41426
3.41914
3.40844
3.37193
3.32543
3.26364
3.18489
3.10057
3.00762
2.92027
2.83354
2.74246
2.66412
2.59763
2.53701
2.4759
2.40482
2.35226
2.31138
2.27264
2.21178
2.17494
2.17447
2.19171
2.25497
2.41853
2.64932
3.34209
3.76782
3.74359
3.72684
3.72583
3.73442
3.75045
3.75556
3.75977
3.7553
3.75099
3.74969
3.74549
3.73704
3.73063
3.7249
3.71352
3.69474
3.68317
3.66646
3.65008
3.64454
3.64258
3.64515
3.65488
3.67303
3.69873
3.74922
3.82442
3.85851
3.87064
3.88082
3.89078
3.90063
3.91152
3.92434
3.93983
3.95808
3.97905
4.00349
4.03164
4.06349
4.09328
4.12721
4.14985
4.73706
4.54011
4.34249
4.13376
3.92935
3.77251
3.65807
3.55062
3.45441
3.36775
3.28537
3.20557
3.11811
3.01641
2.92879
2.84228
2.75554
2.6224
2.49831
2.4573
2.46783
2.57636
2.73492
3.26516
3.56112
3.58287
3.52336
3.48987
3.48745
3.48874
3.47222
3.44218
3.40294
3.34838
3.28093
3.20531
3.12093
3.03525
2.9382
2.85515
2.7756
2.70914
2.62298
2.55053
2.50388
2.45561
2.4153
2.3712
2.33732
2.27015
2.20981
2.19997
2.20358
2.25098
2.39837
2.58562
3.22844
3.72889
3.74058
3.71213
3.71012
3.71426
3.73095
3.74048
3.73897
3.73699
3.73511
3.72564
3.7225
3.71609
3.70766
3.70101
3.6922
3.67121
3.6541
3.64099
3.63474
3.63184
3.63341
3.64314
3.66336
3.68993
3.75839
3.84166
3.87332
3.88457
3.89371
3.90088
3.908
3.91673
3.92611
3.93575
3.94756
3.96367
3.98399
4.00877
4.03592
4.0622
4.09719
4.12831
4.75234
4.58122
4.39
4.21476
4.00339
3.83426
3.71718
3.60592
3.50238
3.40667
3.32804
3.25051
3.16226
3.06145
2.95664
2.86581
2.77329
2.65929
2.60976
2.61275
2.70868
2.86465
3.3975
3.71719
3.74073
3.64037
3.58671
3.56265
3.55006
3.5343
3.51236
3.48967
3.45759
3.41204
3.35532
3.28595
3.20906
3.12626
3.04196
2.96414
2.88432
2.8055
2.726
2.67253
2.60933
2.5547
2.50544
2.45799
2.40712
2.35653
2.27869
2.22687
2.20637
2.2094
2.25879
2.38628
2.54337
3.11924
3.68098
3.73408
3.71093
3.70558
3.7043
3.71874
3.72721
3.73112
3.72569
3.72028
3.7186
3.70644
3.69958
3.69042
3.67891
3.66967
3.64654
3.62796
3.62264
3.62075
3.62376
3.63432
3.65582
3.6819
3.7707
3.85997
3.8902
3.90359
3.9109
3.91703
3.92345
3.92831
3.93177
3.93739
3.94558
3.95655
3.97005
3.98752
4.00928
4.03217
4.06609
4.09945
4.7723
4.62079
4.43905
4.27025
4.08004
3.89548
3.77857
3.67163
3.55408
3.44958
3.36796
3.29165
3.2071
3.11399
3.01199
2.90526
2.79923
2.75345
2.75403
2.84844
3.0049
3.5211
3.86514
3.87881
3.78767
3.711
3.66097
3.61894
3.59381
3.57012
3.54908
3.52662
3.50002
3.46357
3.41797
3.35866
3.2917
3.21479
3.14165
3.06282
2.9819
2.9047
2.83873
2.77195
2.69866
2.64486
2.58642
2.53267
2.47466
2.41663
2.36657
2.31873
2.25125
2.21992
2.22503
2.24857
2.36193
2.55245
3.02309
3.61429
3.72873
3.72046
3.70507
3.70222
3.70629
3.71065
3.71011
3.71059
3.70778
3.69666
3.69309
3.68555
3.66518
3.65412
3.63995
3.62028
3.61243
3.60975
3.61331
3.62651
3.65318
3.68407
3.79537
3.88854
3.91872
3.92781
3.93586
3.94062
3.94206
3.94551
3.94776
3.94771
3.94995
3.95567
3.96477
3.97822
3.99611
4.0158
4.03959
4.06865
4.80051
4.66834
4.50649
4.32669
4.15501
3.95643
3.81495
3.72093
3.60244
3.48911
3.40503
3.32815
3.24622
3.15664
3.06426
2.95624
2.90662
2.90335
2.99531
3.16345
3.66682
4.03563
4.04035
3.93575
3.85233
3.79709
3.74212
3.69037
3.65047
3.61844
3.59344
3.56911
3.54396
3.51338
3.47467
3.4273
3.36929
3.30198
3.23127
3.14387
3.07408
3.00244
2.92547
2.84695
2.78487
2.72074
2.6596
2.59768
2.54358
2.47976
2.43381
2.38469
2.33177
2.27501
2.2255
2.22196
2.25929
2.35817
2.56188
2.89753
3.51104
3.7078
3.71791
3.68297
3.67899
3.67686
3.68388
3.69121
3.68818
3.68368
3.67917
3.67228
3.6606
3.63603
3.62659
3.60943
3.60081
3.59828
3.60276
3.61773
3.64984
3.6905
3.82968
3.92822
3.9531
3.95914
3.96679
3.96384
3.96654
3.96867
3.96328
3.95772
3.9591
3.96595
3.97326
3.98187
3.992
4.00298
4.02159
4.04588
4.75353
4.68962
4.54782
4.39846
4.24208
4.03204
3.85353
3.76013
3.6485
3.53257
3.44555
3.3709
3.28295
3.20561
3.10483
3.05538
3.05269
3.14703
3.33125
3.85526
4.25422
4.2507
4.12816
4.03131
3.97034
3.91243
3.84742
3.78782
3.72915
3.68651
3.65377
3.62246
3.59156
3.55966
3.5238
3.48231
3.43227
3.37476
3.30686
3.2341
3.1611
3.08199
3.00225
2.92829
2.85587
2.78378
2.72731
2.66986
2.60737
2.54835
2.49615
2.4426
2.40028
2.3645
2.28862
2.24978
2.24553
2.26082
2.3335
2.52692
2.80733
3.42403
3.70277
3.70653
3.66052
3.65633
3.65647
3.66182
3.66888
3.67065
3.66531
3.65684
3.64097
3.62546
3.614
3.60335
3.59218
3.58684
3.5907
3.60876
3.65027
3.70734
3.87268
3.97289
3.99241
3.99699
3.99715
3.9965
3.99482
3.98598
3.98037
3.98211
3.98531
3.98647
3.98759
3.99004
3.99483
4.0032
4.01784
4.03509
4.65666
4.73372
4.58894
4.44743
4.3158
4.12226
3.91171
3.77748
3.69104
3.56832
3.48342
3.41902
3.33225
3.24305
3.20257
3.19315
3.28359
3.48363
4.04057
4.48034
4.47363
4.34458
4.23195
4.15836
4.08503
4.01415
3.94696
3.87256
3.80361
3.74728
3.70389
3.66812
3.634
3.60047
3.56602
3.52779
3.48477
3.43396
3.37667
3.31303
3.24009
3.16406
3.09412
3.02038
2.9424
2.86551
2.80209
2.74424
2.68711
2.63454
2.57101
2.51998
2.47282
2.42751
2.37494
2.34088
2.26413
2.25043
2.26199
2.3309
2.50104
2.72303
3.31427
3.68583
3.70323
3.6618
3.64869
3.64115
3.64369
3.65112
3.64853
3.64268
3.63778
3.61472
3.59234
3.58843
3.58508
3.58107
3.58434
3.60362
3.65232
3.73796
3.9287
4.02421
4.03493
4.03511
4.02676
4.02475
4.01446
4.01179
4.00575
4.00771
4.01164
4.00801
4.00623
4.0076
4.0109
4.01512
4.02137
4.03404
4.42795
4.57214
4.55713
4.4276
4.3034
4.17439
3.9817
3.82047
3.72465
3.61874
3.52632
3.45933
3.38469
3.32754
3.32904
3.42319
3.64001
4.20368
4.70147
4.69025
4.58598
4.45324
4.36402
4.28267
4.20369
4.12453
4.04198
3.96485
3.89456
3.82614
3.77043
3.72427
3.68559
3.6482
3.61056
3.5716
3.52937
3.48266
3.43039
3.37152
3.30845
3.24162
3.17165
3.09763
3.02378
2.95222
2.88271
2.81739
2.75387
2.69292
2.6347
2.58265
2.52978
2.4827
2.4364
2.38961
2.32446
2.26302
2.26165
2.27115
2.3335
2.47553
2.63533
3.17618
3.63783
3.67961
3.6624
3.62815
3.61435
3.61967
3.62636
3.62491
3.61801
3.60857
3.58359
3.5676
3.56428
3.56486
3.57493
3.6036
3.65509
3.79988
4.01498
4.07832
4.0776
4.07474
4.06305
4.05015
4.04095
4.03797
4.0332
4.03026
4.02734
4.02555
4.02731
4.02911
4.03156
4.03326
4.0361
4.04371
3.52003
4.50411
4.54505
4.45592
4.31214
4.20344
4.04506
3.88699
3.77802
3.67031
3.57509
3.49582
3.46005
3.45604
3.54684
3.78644
4.35661
4.92405
4.90858
4.84032
4.69593
4.58912
4.49595
4.40633
4.32093
4.23143
4.14129
4.0585
3.98041
3.90659
3.83966
3.78405
3.73659
3.69419
3.65261
3.61137
3.5686
3.52354
3.47441
3.42171
3.36364
3.30151
3.23562
3.16739
3.09702
3.02575
2.9525
2.88244
2.81786
2.7576
2.70125
2.6495
2.59896
2.55043
2.50041
2.45315
2.41509
2.33889
2.2865
2.27203
2.2694
2.3035
2.41494
2.56964
3.07147
3.56469
3.63608
3.63999
3.59646
3.58323
3.58574
3.59322
3.59133
3.58827
3.57059
3.55054
3.54313
3.54362
3.55888
3.60406
3.66365
3.89208
4.09813
4.12088
4.12121
4.11613
4.09177
4.07265
4.06788
4.05931
4.05856
4.0563
4.04937
4.04701
4.04645
4.04374
4.04611
4.04963
4.05271
4.05683
2.50082
4.00618
4.46083
4.51238
4.38389
4.24739
4.10925
3.95576
3.86083
3.71674
3.62471
3.5705
3.57351
3.66614
3.93822
4.49344
5.14585
5.13602
5.07557
4.9268
4.80497
4.70533
4.61187
4.5217
4.42727
4.3331
4.2414
4.1542
4.07279
3.99559
3.92165
3.85339
3.7964
3.74639
3.70036
3.65637
3.6114
3.56492
3.51598
3.4642
3.4095
3.35218
3.29218
3.22923
3.16419
3.09639
3.02786
2.9588
2.89204
2.82968
2.77055
2.71532
2.66092
2.61199
2.55628
2.51108
2.4568
2.40169
2.34803
2.30778
2.24564
2.24423
2.28596
2.41563
2.58805
2.96544
3.47826
3.59712
3.60762
3.57146
3.55605
3.55161
3.55874
3.55726
3.545
3.53581
3.53021
3.53423
3.55571
3.62154
3.71668
4.00353
4.16843
4.16965
4.17014
4.16465
4.1305
4.10837
4.0967
4.08498
4.08271
4.07646
4.06592
4.06369
4.06686
4.06437
4.06235
4.06308
4.06616
4.07104
1.72735
3.03844
4.32128
4.41517
4.41316
4.31826
4.20179
4.05407
3.88782
3.77455
3.69258
3.69126
3.78071
4.06917
4.61374
5.36821
5.36464
5.2941
5.17421
5.03022
4.92126
4.82889
4.73437
4.63807
4.53583
4.43186
4.33807
4.25075
4.16724
4.08383
4.0036
3.92939
3.8634
3.80518
3.75197
3.70221
3.65309
3.60404
3.55412
3.50311
3.45036
3.39599
3.33962
3.2812
3.22033
3.15692
3.09145
3.02324
2.95381
2.88969
2.8304
2.77252
2.71875
2.66474
2.61303
2.5658
2.51136
2.46519
2.42268
2.36369
2.29704
2.24788
2.25304
2.26997
2.35216
2.52395
2.87358
3.37183
3.54616
3.56109
3.52735
3.49788
3.49793
3.49976
3.50124
3.50054
3.50054
3.51044
3.5488
3.62638
3.82928
4.1405
4.22091
4.22422
4.2166
4.20084
4.16834
4.13872
4.12314
4.11722
4.11533
4.10986
4.09444
4.08242
4.0782
4.07948
4.07668
4.07388
4.07388
4.07934
1.57745
2.10314
3.60517
4.38926
4.44547
4.3901
4.27389
4.16227
3.95144
3.84257
3.81413
3.88987
4.18847
4.74764
5.58488
5.58875
5.52127
5.41023
5.24956
5.13563
5.04555
4.95113
4.85179
4.74668
4.63671
4.5352
4.43908
4.3467
4.25867
4.17336
4.08993
4.00893
3.93563
3.86983
3.81057
3.75605
3.70281
3.65099
3.59797
3.54513
3.49217
3.43847
3.3839
3.32769
3.26962
3.2095
3.14753
3.08289
3.01829
2.95625
2.89656
2.83822
2.78251
2.72363
2.67248
2.61137
2.5618
2.51029
2.45221
2.3968
2.33994
2.26862
2.22019
2.20065
2.21309
2.3056
2.48322
2.72018
3.21112
3.45779
3.4694
3.45546
3.43317
3.42454
3.42808
3.43441
3.44985
3.48066
3.55412
3.64819
3.98229
4.23073
4.25111
4.25661
4.25222
4.21988
4.18229
4.15733
4.14668
4.13893
4.12533
4.12139
4.12527
4.11482
4.09464
4.08751
4.08351
4.07888
4.07681
4.08288
1.44067
1.5282
2.57946
3.92078
4.32768
4.36179
4.27227
4.17088
4.03131
3.97941
4.02739
4.31943
4.8939
5.84473
5.85872
5.78097
5.65027
5.4755
5.36244
5.26927
5.17418
5.07241
4.96562
4.85342
4.74855
4.64647
4.54725
4.45061
4.35771
4.26955
4.18269
4.09765
4.01818
3.94435
3.87762
3.81426
3.7549
3.69572
3.6384
3.58324
3.52885
3.47537
3.42094
3.36582
3.30927
3.25135
3.1918
3.13073
3.07015
3.00878
2.94809
2.88523
2.82513
2.76422
2.70604
2.64758
2.59125
2.5381
2.47995
2.42907
2.37891
2.32944
2.24989
2.18966
2.17043
2.17149
2.21961
2.36679
2.5718
3.06152
3.34721
3.36374
3.37529
3.34579
3.33497
3.3412
3.36565
3.42593
3.54329
3.74958
4.10831
4.2502
4.25302
4.2464
4.23187
4.19899
4.17458
4.16603
4.14887
4.13387
4.11888
4.11796
4.11798
4.12031
4.11084
4.09435
4.08143
4.074
4.06603
4.06597
1.37155
1.48589
1.73378
2.96337
4.1138
4.2803
4.28625
4.16611
4.13852
4.19404
4.49742
5.10032
6.1451
6.1669
6.08216
5.88976
5.69687
5.59217
5.50392
5.41343
5.31311
5.20469
5.08634
4.97538
4.87059
4.76604
4.6602
4.55827
4.46051
4.36703
4.27702
4.18786
4.10237
4.02136
3.94602
3.87529
3.807
3.74324
3.67996
3.62018
3.56419
3.50817
3.45304
3.39732
3.34076
3.28332
3.22496
3.16591
3.10733
3.04741
2.98759
2.92702
2.86334
2.80286
2.73968
2.67946
2.62022
2.56036
2.50618
2.4431
2.38634
2.32811
2.27504
2.19049
2.1288
2.10433
2.08918
2.13059
2.25844
2.38176
2.81554
3.16326
3.22278
3.24582
3.23026
3.2307
3.27442
3.38516
3.52051
3.89604
4.16668
4.19855
4.20107
4.19439
4.15872
4.13778
4.12855
4.11928
4.10542
4.10169
4.10581
4.10217
4.08833
4.08123
4.07802
4.06944
4.05221
4.03587
4.01956
4.01467
1.41543
1.35114
1.46666
1.98323
3.34412
4.22952
4.35074
4.23372
4.30147
4.6495
5.3323
6.47093
6.49142
6.40214
6.13238
5.91983
5.81743
5.73407
5.64738
5.54939
5.44139
5.32022
5.20555
5.0947
4.98536
4.87746
4.76866
4.66161
4.55861
4.46026
4.3652
4.27344
4.18259
4.095
4.01212
3.93494
3.86123
3.79221
3.72329
3.65773
3.59508
3.53661
3.47922
3.42094
3.36294
3.30351
3.24418
3.18598
3.12535
3.0659
3.00354
2.94215
2.87654
2.8119
2.74855
2.68077
2.61999
2.55383
2.49538
2.43326
2.37347
2.31428
2.25125
2.192
2.11409
2.04783
2.00325
1.98732
2.00042
2.08754
2.21069
2.6279
2.96444
3.06084
3.09068
3.0963
3.16955
3.29055
3.64299
3.96415
4.0651
4.07465
4.07186
4.06286
4.03613
4.02102
4.02234
4.01603
4.01658
4.0313
4.04855
4.03285
4.0137
4.00554
4.00654
4.00327
3.98662
3.96403
3.93746
3.91777
1.40616
1.39219
1.42822
1.50006
2.45343
3.68707
4.13266
4.31276
4.73921
5.55672
6.84335
6.84479
6.70434
6.33918
6.09793
5.99713
5.9262
5.85222
5.7625
5.6582
5.54176
5.42279
5.30644
5.19139
5.08059
4.97247
4.86255
4.75487
4.64941
4.54674
4.44703
4.35053
4.25673
4.16441
4.07518
3.98982
3.91202
3.83455
3.76278
3.68965
3.62238
3.55789
3.49455
3.43334
3.36646
3.30176
3.2361
3.1715
3.10861
3.04358
2.9807
2.91148
2.84621
2.7778
2.71197
2.64559
2.57736
2.51477
2.45
2.38785
2.32394
2.26054
2.20216
2.14233
2.09151
2.02705
1.98505
1.91376
1.8864
1.92799
2.03251
2.13628
2.47835
2.81913
2.91494
3.00214
3.13542
3.32389
3.70358
3.88796
3.90594
3.90932
3.90609
3.89718
3.88105
3.86918
3.87027
3.87351
3.88706
3.90504
3.91641
3.92011
3.90898
3.89102
3.87986
3.87509
3.86657
3.84774
3.81315
3.7812
1.4082
1.4078
1.38158
1.49992
1.6789
2.69192
3.68649
4.51444
5.70412
7.39745
7.37382
7.15679
6.69444
6.3925
6.27203
6.18682
6.10711
6.0177
5.91348
5.79914
5.68184
5.566
5.4504
5.33144
5.21205
5.09765
4.98268
4.86662
4.75363
4.64267
4.53583
4.43111
4.33044
4.23151
4.13434
4.03963
3.94828
3.86464
3.77919
3.70075
3.62128
3.54231
3.46632
3.38904
3.31473
3.23883
3.1663
3.09343
3.02115
2.95102
2.88054
2.81184
2.74305
2.67764
2.61273
2.54933
2.48991
2.43208
2.37648
2.3228
2.26992
2.21192
2.15431
2.10508
2.05723
2.01192
1.96382
1.89859
1.85848
1.86224
1.88848
1.96995
2.11563
2.35025
2.6358
2.90038
3.23352
3.5751
3.71204
3.7711
3.7825
3.78912
3.79463
3.79549
3.78536
3.76929
3.76164
3.76036
3.76242
3.76269
3.76842
3.77718
3.78125
3.77121
3.75137
3.73118
3.71114
3.69527
3.67218
3.64487
1.40886
1.40682
1.43108
1.31367
1.39953
1.72191
2.81314
4.83237
7.17067
7.29179
7.06954
6.5575
6.39096
6.27946
6.25225
6.20519
6.1334
6.04463
5.95223
5.8542
5.74109
5.62437
5.50583
5.38661
5.26679
5.14814
5.03423
4.91366
4.79228
4.67033
4.55062
4.43662
4.32349
4.21582
4.11056
4.00353
3.90192
3.79798
3.70149
3.60621
3.5153
3.42519
3.33665
3.25141
3.16847
3.08769
3.01204
2.9414
2.87397
2.80942
2.74779
2.68924
2.63171
2.5743
2.52007
2.46778
2.4174
2.37156
2.32702
2.28251
2.23669
2.18297
2.13163
2.08832
2.04955
2.01147
1.97385
1.9284
1.86696
1.83321
1.82915
1.87397
1.96838
2.12625
2.33306
2.76579
3.4022
3.62558
3.62892
3.65022
3.66961
3.67675
3.67969
3.67781
3.66724
3.65034
3.6401
3.63439
3.6283
3.62386
3.62605
3.62777
3.62706
3.61857
3.60799
3.59209
3.58167
3.57759
3.57088
3.56274
1.40848
1.40797
1.409
1.38818
1.48022
1.87494
2.53324
5.87318
6.44014
6.46575
6.07125
5.73871
5.69407
5.71583
5.73107
5.74315
5.73703
5.69463
5.64381
5.58301
5.50818
5.42238
5.31549
5.20146
5.08279
4.96655
4.84614
4.72848
4.60679
4.48282
4.35955
4.23975
4.12492
4.01086
3.90356
3.79794
3.69236
3.59241
3.4956
3.40414
3.32092
3.24059
3.16181
3.08703
3.01548
2.9478
2.88494
2.82536
2.7687
2.71379
2.66093
2.61078
2.56004
2.51135
2.466
2.42254
2.37988
2.33991
2.30201
2.26289
2.2218
2.18253
2.14463
2.10683
2.06844
2.03196
1.99558
1.96022
1.90476
1.84828
1.82344
1.83375
1.85996
1.97871
2.13746
2.77496
3.5446
3.63152
3.62575
3.61961
3.61605
3.61257
3.61157
3.61061
3.60796
3.59618
3.58198
3.57193
3.5661
3.56332
3.56029
3.55862
3.5578
3.55104
3.55015
3.55947
3.58397
3.6121
3.60354
3.58028
1.40845
1.40818
1.40719
1.3925
1.46753
1.95186
3.01901
6.45829
6.23701
5.74742
5.59561
5.5872
5.56772
5.54956
5.50208
5.44431
5.37403
5.30935
5.23773
5.16167
5.08281
5.00033
4.91454
4.81913
4.71774
4.60899
4.50046
4.39058
4.28234
4.17642
4.07285
3.97236
3.87503
3.7817
3.69074
3.60299
3.51698
3.43338
3.35377
3.27724
3.21001
3.14244
3.07494
3.01308
2.95602
2.89829
2.84164
2.78867
2.73778
2.68753
2.63901
2.5914
2.54712
2.50546
2.46485
2.42535
2.38797
2.35078
2.31421
2.27811
2.24011
2.20022
2.16077
2.1236
2.0869
2.05223
2.01812
1.98179
1.94726
1.88121
1.83914
1.82416
1.83248
1.92656
2.07213
2.73529
3.58637
3.64575
3.64199
3.63433
3.63042
3.63347
3.63334
3.63091
3.62408
3.6085
3.59369
3.58256
3.57588
3.57425
3.57668
3.57828
3.58172
3.58739
3.60249
3.62481
3.65157
3.65551
3.63327
3.61723
1.40843
1.40824
1.40694
1.3947
1.4609
1.96024
3.33798
7.42507
6.44609
6.25038
6.11168
6.03445
5.91877
5.76744
5.65607
5.56503
5.481
5.39715
5.30816
5.21594
5.11921
5.01608
4.91027
4.80385
4.6967
4.59127
4.47971
4.36888
4.25747
4.14667
4.03972
3.93698
3.83814
3.74346
3.65353
3.56818
3.48728
3.4103
3.33647
3.26774
3.20135
3.13917
3.08135
3.0213
2.96267
2.90388
2.84475
2.78993
2.73864
2.68973
2.64278
2.59768
2.555
2.51397
2.47493
2.43831
2.40401
2.37065
2.33829
2.30637
2.27311
2.23907
2.20322
2.16885
2.13265
2.09475
2.0574
2.01789
1.98377
1.90983
1.8524
1.82819
1.82766
1.88987
2.01375
2.66993
3.62007
3.66485
3.66171
3.65623
3.65877
3.66455
3.66932
3.67279
3.67397
3.67099
3.66334
3.65805
3.65701
3.65775
3.65923
3.66082
3.66422
3.66983
3.68423
3.70186
3.71053
3.70421
3.68532
3.68755
1.40843
1.40821
1.40667
1.39466
1.46963
2.0271
3.73604
8.08485
6.71362
6.70962
6.59177
6.4386
6.27004
6.11807
5.96827
5.83587
5.69801
5.56593
5.44554
5.33452
5.22728
5.12055
5.01399
4.90553
4.79277
4.67961
4.562
4.44055
4.32134
4.20435
4.09167
3.98534
3.88547
3.79157
3.70372
3.62156
3.54432
3.47224
3.40355
3.34069
3.27021
3.20429
3.13934
3.07206
3.00639
2.94371
2.88349
2.82695
2.77442
2.72535
2.67902
2.63563
2.5954
2.55797
2.52298
2.48966
2.45741
2.4253
2.39293
2.35983
2.32258
2.28403
2.24225
2.20019
2.15947
2.11723
2.07567
2.03368
1.99556
1.93008
1.86217
1.82894
1.82221
1.86966
1.98804
2.58394
3.60759
3.66149
3.65855
3.65797
3.66513
3.6784
3.69198
3.70476
3.71662
3.72526
3.72681
3.72861
3.73098
3.73375
3.73617
3.73769
3.73762
3.73615
3.73797
3.74038
3.74029
3.73119
3.72912
3.72124
1.40843
1.40823
1.40694
1.39478
1.46163
1.96378
3.35022
7.39482
6.46947
6.48935
6.49293
6.44683
6.34472
6.20113
6.06752
5.94473
5.82359
5.70402
5.58711
5.4726
5.35782
5.24061
5.12121
4.99985
4.87699
4.75441
4.63224
4.5114
4.39404
4.28201
4.17578
4.07615
3.98228
3.89368
3.81013
3.73037
3.65212
3.57307
3.49351
3.4127
3.33283
3.25428
3.17868
3.10569
3.03503
2.96714
2.90321
2.84464
2.79111
2.74252
2.69817
2.6576
2.62015
2.58489
2.55137
2.51901
2.48489
2.45098
2.41534
2.37819
2.3403
2.29771
2.25512
2.21088
2.16918
2.12717
2.08349
2.04067
1.99842
1.94091
1.86746
1.82794
1.8153
1.85173
1.97204
2.50892
3.58956
3.65561
3.65087
3.6512
3.66038
3.67598
3.69187
3.70798
3.72331
3.73628
3.74283
3.74805
3.7521
3.75453
3.75489
3.75294
3.74901
3.74763
3.7466
3.74589
3.74216
3.7374
3.73333
3.71259
1.40843
1.40822
1.40677
1.39469
1.46673
2.00162
3.55232
7.74993
6.58242
6.57647
6.52243
6.43814
6.30567
6.16685
6.0461
5.93151
5.81331
5.69358
5.57866
5.46695
5.35565
5.24318
5.12815
5.00922
4.88865
4.77034
4.65402
4.54109
4.43286
4.33105
4.23572
4.14585
4.05955
3.97167
3.88217
3.79223
3.70203
3.61227
3.52299
3.43534
3.34924
3.26627
3.18703
3.11129
3.03896
2.97045
2.90649
2.84811
2.79541
2.74778
2.70472
2.66558
2.62943
2.59564
2.56164
2.52815
2.49339
2.45841
2.42236
2.38404
2.34449
2.30203
2.25735
2.2119
2.16878
2.12588
2.08178
2.03837
1.99464
1.94194
1.86696
1.82476
1.81013
1.84033
1.96267
2.45112
3.56609
3.64573
3.63898
3.63821
3.64719
3.66382
3.68087
3.69762
3.71329
3.72588
3.73341
3.73894
3.74266
3.74572
3.74759
3.74718
3.74297
3.74172
3.73979
3.73779
3.7338
3.72357
3.71345
3.68866
1.40843
1.40823
1.40689
1.39474
1.46329
1.97676
3.4048
7.47489
6.4904
6.45674
6.45334
6.40153
6.28679
6.15257
6.02827
5.91322
5.79637
5.67937
5.56524
5.45376
5.34263
5.23024
5.11551
4.99775
4.87929
4.76374
4.65073
4.54137
4.43723
4.3391
4.24623
4.15772
4.06898
3.97822
3.88626
3.79305
3.69995
3.60817
3.51769
3.42885
3.34232
3.25914
3.17984
3.10413
3.03188
2.96344
2.8996
2.84161
2.78943
2.74221
2.6999
2.66124
2.62516
2.59132
2.55662
2.52189
2.4872
2.45143
2.41547
2.37762
2.33816
2.29685
2.25273
2.20843
2.16463
2.12279
2.07997
2.03647
1.99288
1.94207
1.86591
1.82261
1.80756
1.83529
1.95961
2.42278
3.55504
3.64228
3.63389
3.631
3.63863
3.65384
3.66937
3.68473
3.69923
3.71093
3.7186
3.72407
3.72874
3.73214
3.73393
3.73333
3.72988
3.72965
3.72839
3.72588
3.72093
3.71208
3.69986
3.67161
)
;

boundaryField
{
    inlet
    {
        type            calculated;
        value           uniform 1.40845;
    }
    outlet
    {
        type            calculated;
        value           nonuniform List<scalar> 
40
(
3.87817
4.08128
4.08076
3.9888
3.95242
3.94989
3.95696
3.9668
3.98405
4.01033
4.0467
4.0833
4.1168
4.14005
4.15247
4.14985
4.12831
4.09945
4.06865
4.04588
4.03509
4.03404
4.04371
4.05683
4.07104
4.07934
4.08288
4.06597
4.01467
3.91777
3.7812
3.64487
3.56274
3.58028
3.61723
3.68755
3.72124
3.71259
3.68866
3.67161
)
;
    }
    bottom
    {
        type            symmetryPlane;
    }
    top
    {
        type            symmetryPlane;
    }
    obstacle
    {
        type            calculated;
        value           nonuniform List<scalar> 
110
(
6.72805
6.73008
6.71688
6.69153
6.65402
6.59627
6.52168
6.39819
6.23417
5.97046
1.80324
2.09189
2.82684
2.41785
2.64542
2.52695
2.531
2.49038
2.45073
2.37434
2.21939
1.91724
1.78182
1.68977
1.65077
1.63999
1.64259
1.64178
1.60886
1.5385
1.51086
1.49229
1.48203
1.4727
1.46161
1.44994
1.44032
1.433
1.43121
1.45784
1.49431
1.53949
1.59075
1.64778
1.71605
1.79134
1.85915
1.93287
2.01921
2.10641
2.19256
2.27325
2.35098
2.44678
2.5357
2.6164
2.69436
2.7723
2.85341
2.93611
3.02479
3.11537
3.18842
3.25039
3.30216
3.34107
3.36784
3.39451
3.42097
3.44399
3.46287
3.48004
3.49761
3.51625
3.53428
3.55347
3.57012
3.58665
3.60111
3.61355
3.62504
3.63584
3.64587
3.6555
3.66448
3.6747
3.68769
3.70521
3.72095
3.74095
3.76331
3.78577
3.81108
3.83916
3.86328
3.87685
3.8793
3.87911
3.87643
3.87117
3.8641
3.85553
3.84753
3.8402
3.8357
3.834
3.8377
3.845
3.85605
3.87817
)
;
    }
    defaultFaces
    {
        type            empty;
    }
}


// ************************************************************************* //
